temperature
5.17076923076923
4.413076923076923
4.344230769230769
4.107692307692307
4.127307692307692
4.085769230769231
4.740384615384615
4.648076923076923
4.192692307692307
4.486153846153846
4.838846153846154
5.160769230769231
4.905769230769231
4.573846153846154
4.500384615384616
4.053846153846154
3.9976923076923074
4.304230769230769
4.496153846153846
3.792692307692308
3.3442307692307693
4.056538461538461
3.746923076923077
3.6434615384615388
4.056538461538461
4.149615384615385
4.576923076923077
4.702692307692308
4.5188461538461535
3.8376923076923077
4.214230769230769
4.414615384615384
4.371153846153846
4.47076923076923
5.368461538461539
5.366923076923077
4.455384615384616
4.077692307692308
4.108846153846153
4.146538461538461
3.82
4.579615384615384
4.5115384615384615
3.8419230769230768
4.527692307692307
5.306538461538461
4.879615384615385
5.31923076923077
4.915
5.3538461538461535
5.496153846153846
6.001538461538461
5.663076923076924
5.668461538461538
5.418461538461538
5.260384615384615
5.270384615384615
4.984615384615385
4.678461538461539
4.739230769230769
4.938461538461539
4.875384615384616
4.495384615384615
5.064230769230769
5.526153846153846
6.042692307692307
6.549230769230769
6.836538461538462
6.880769230769231
6.500769230769231
6.839230769230769
5.987307692307693
7.271923076923077
7.814615384615385
7.696923076923077
7.148076923076923
6.7942307692307695
6.54
6.401538461538461
6.8611538461538455
6.563461538461539
6.839230769230769
7.065384615384615
7.187307692307693
7.005769230769231
7.227307692307692
7.628076923076923
8.077307692307691
8.537692307692307
8.109615384615385
7.830384615384616
8.502692307692307
8.34153846153846
7.881153846153846
8.339230769230769
7.745
7.283461538461538
7.513461538461538
8.357692307692307
8.119615384615384
7.612307692307693
8.04
8.131153846153847
8.482692307692307
8.497307692307693
8.287307692307692
8.599615384615385
8.59
8.750384615384615
8.98076923076923
10.141923076923076
10.478076923076923
10.438076923076922
10.876153846153844
10.18423076923077
9.276538461538461
9.590384615384615
9.906153846153845
9.407692307692308
9.853076923076923
10.227307692307694
10.067692307692308
10.210769230769232
10.183461538461538
10.401153846153846
10.948076923076922
11.549615384615386
11.717307692307692
11.988076923076923
12.316153846153847
11.839230769230769
11.275769230769232
11.529615384615385
11.043461538461539
11.522307692307692
12.340384615384616
12.083461538461538
12.131153846153847
12.334999999999999
12.511923076923077
12.520384615384614
12.483461538461539
12.680384615384614
12.91
13.359230769230768
13.414615384615384
13.419230769230769
12.926923076923076
13.038461538461538
13.402692307692309
13.143846153846154
14.456153846153846
14.47653846153846
13.90846153846154
13.702692307692306
13.503846153846155
13.674615384615386
13.552692307692308
13.941153846153847
14.535
14.231153846153846
14.350769230769231
14.38076923076923
14.608846153846153
15.108846153846153
14.962692307692306
15.471153846153847
15.810384615384615
15.631923076923076
15.538461538461538
15.408076923076923
15.226923076923075
14.942692307692308
15.569615384615386
15.800384615384615
15.663076923076924
16.105384615384615
15.958076923076922
15.655
16.299615384615386
15.969615384615384
16.373846153846156
16.488076923076925
15.981538461538461
16.468846153846155
16.951538461538462
16.64346153846154
16.376923076923077
16.62
16.71846153846154
16.599615384615387
16.408461538461538
16.267307692307693
16.43
16.656923076923075
17.072692307692307
17.36692307692308
17.40346153846154
17.87076923076923
18.390384615384615
17.381153846153847
17.048846153846156
17.145769230769233
17.886923076923075
17.909615384615385
18.052307692307693
17.896923076923077
17.546538461538464
17.616153846153846
17.36769230769231
17.067692307692308
17.14115384615385
17.77653846153846
17.31230769230769
17.508846153846154
17.27
17.48384615384615
17.816153846153846
17.50846153846154
18.039615384615384
17.432307692307692
17.42269230769231
18.068461538461538
17.23
17.659615384615385
17.315384615384616
16.861923076923077
16.38076923076923
17.136153846153846
17.103461538461538
16.76423076923077
16.534230769230767
16.79
16.971153846153847
16.66
16.207692307692305
17.134999999999998
16.412307692307692
15.73423076923077
15.63576923076923
15.611923076923075
15.153076923076924
15.085384615384616
14.753076923076922
15.621923076923078
15.582692307692309
15.747307692307693
15.970384615384615
15.399999999999999
15.121538461538462
15.471923076923076
15.079615384615384
15.696923076923078
15.539615384615386
14.533846153846154
14.418076923076923
14.113461538461538
14.283076923076923
14.05423076923077
13.508076923076924
14.237692307692308
14.213461538461539
14.348076923076924
13.90576923076923
13.636923076923077
13.626923076923077
13.253076923076922
13.204615384615384
13.167307692307693
13.349615384615387
13.358846153846153
13.31
13.745384615384616
13.24576923076923
12.281923076923077
12.085384615384616
11.521538461538462
11.896153846153847
11.625384615384615
11.46269230769231
11.95
12.10923076923077
12.406153846153845
11.290384615384616
11.33
11.514615384615384
10.996153846153845
10.845769230769232
11.062307692307693
10.186153846153845
10.454615384615384
10.269615384615385
10.370384615384616
10.540000000000001
10.103846153846153
10.59423076923077
10.602307692307694
10.746153846153845
10.144615384615385
10.202692307692306
9.922307692307694
9.784230769230769
9.685384615384615
9.825
9.237307692307692
9.135384615384616
8.784615384615385
8.130384615384616
8.396923076923077
8.30076923076923
8.148076923076923
7.9119230769230775
7.700769230769231
8.263461538461538
8.192307692307692
7.648076923076923
7.774615384615384
7.129615384615385
7.4788461538461535
7.0588461538461535
6.775384615384615
6.979615384615385
6.266153846153846
6.138076923076923
6.19423076923077
6.321153846153846
5.697692307692308
6.27576923076923
6.171538461538462
6.420384615384616
6.093461538461539
6.269615384615384
5.906923076923078
5.6923076923076925
5.518076923076923
5.144615384615384
5.139615384615384
4.987692307692308
5.243846153846154
5.604615384615385
5.249230769230769
5.28
4.763076923076923
4.928846153846154
4.672692307692308
5.053846153846154
4.591153846153846
4.823076923076924
4.802692307692308
4.429230769230769
4.419615384615384
4.298846153846155
4.048076923076923
4.285384615384616
5.3100000000000005
5.682307692307693
6.492692307692308
6.390769230769231
5.15
5.013076923076923
4.382692307692308
3.714230769230769
4.364615384615385
5.078461538461538
4.688076923076923
