pet
0.3988461538461538
0.34307692307692306
0.3515384615384616
0.32923076923076927
0.3826923076923077
0.3873076923076923
0.5
0.40230769230769237
0.39192307692307693
0.4569230769230769
0.5446153846153846
0.5184615384615385
0.46115384615384614
0.3807692307692308
0.4942307692307692
0.4584615384615385
0.37730769230769234
0.49076923076923074
0.5507692307692308
0.4461538461538461
0.30538461538461537
0.4015384615384615
0.40692307692307694
0.4284615384615385
0.5080769230769231
0.4765384615384616
0.5453846153846154
0.6015384615384616
0.5392307692307692
0.4969230769230769
0.6126923076923076
0.6311538461538462
0.6011538461538461
0.5684615384615385
0.7257692307692308
0.6884615384615385
0.5230769230769231
0.5507692307692308
0.62
0.5403846153846155
0.5211538461538461
0.6715384615384615
0.6419230769230769
0.4926923076923077
0.6046153846153847
0.7853846153846153
0.6934615384615385
0.77
0.676923076923077
0.7876923076923077
0.8673076923076923
0.9015384615384616
0.8442307692307692
0.8988461538461539
0.7846153846153846
0.8465384615384615
0.7646153846153846
0.7784615384615384
0.7373076923076923
0.7473076923076923
0.803076923076923
0.6973076923076923
0.67
0.7292307692307692
0.9176923076923077
1.0726923076923076
1.0611538461538461
1.2534615384615386
1.1846153846153846
1.1953846153846155
1.09
1.0526923076923078
1.323076923076923
1.4646153846153847
1.3707692307692307
1.4126923076923075
1.243846153846154
1.2246153846153847
1.1938461538461538
1.304230769230769
1.2396153846153846
1.338076923076923
1.359230769230769
1.4207692307692308
1.4773076923076922
1.3788461538461538
1.57
1.613076923076923
1.731153846153846
1.7461538461538462
1.6823076923076923
1.7111538461538462
1.7653846153846153
1.669230769230769
1.7792307692307692
1.7342307692307695
1.4519230769230769
1.728846153846154
1.813076923076923
1.6746153846153846
1.6557692307692307
1.6930769230769231
1.8192307692307692
1.9692307692307691
1.9107692307692308
1.865
1.9273076923076924
1.8811538461538464
1.8411538461538464
2.0646153846153847
2.2853846153846153
2.3796153846153847
2.391153846153846
2.4669230769230768
2.248846153846154
2.0665384615384617
2.183846153846154
2.0876923076923077
1.9965384615384614
2.1592307692307693
2.306923076923077
2.3923076923076922
2.4426923076923077
2.39
2.519230769230769
2.483846153846154
2.7776923076923077
2.709230769230769
2.724615384615385
2.7992307692307694
2.6103846153846155
2.5219230769230774
2.540769230769231
2.4246153846153846
2.8046153846153845
2.68
2.6223076923076927
2.6992307692307693
2.8884615384615384
2.8019230769230767
2.7503846153846156
2.7703846153846152
2.8207692307692307
2.7734615384615386
2.8673076923076923
2.838461538461538
2.945
2.861923076923077
2.855769230769231
2.9038461538461537
3.0603846153846153
3.1507692307692308
2.9896153846153846
2.769230769230769
2.573846153846154
2.6665384615384613
2.600769230769231
2.659615384615385
2.7180769230769233
2.891153846153846
2.7719230769230765
2.7626923076923076
2.6765384615384615
2.8207692307692307
2.7676923076923075
2.8376923076923077
3.061923076923077
3.0834615384615387
3.0442307692307695
2.9749999999999996
2.8484615384615384
2.837307692307692
2.8265384615384614
2.9976923076923074
2.886153846153846
2.911923076923077
3.0615384615384613
2.8726923076923074
2.8857692307692306
3.012307692307692
2.9265384615384615
3.0900000000000003
3.0761538461538462
3.038846153846154
3.0353846153846153
3.1584615384615384
3.046923076923077
3.0553846153846154
3.088461538461538
3.0657692307692304
3.0834615384615387
2.928076923076923
2.968461538461538
2.805
2.933076923076923
3.0188461538461535
3.185
3.174615384615384
3.3407692307692307
3.3461538461538463
3.055769230769231
2.8400000000000003
3.0446153846153843
3.1242307692307696
3.012307692307692
3.2388461538461537
3.0896153846153847
2.9723076923076923
2.9899999999999998
2.8534615384615383
2.781538461538461
2.819230769230769
2.963076923076923
2.887307692307692
2.935769230769231
2.8073076923076923
2.8096153846153844
2.9226923076923077
2.825
2.9196153846153843
2.852307692307692
2.667307692307692
2.9130769230769227
2.7119230769230773
2.713846153846154
2.649230769230769
2.521153846153846
2.4765384615384614
2.505769230769231
2.4673076923076924
2.458846153846154
2.4034615384615385
2.411923076923077
2.542692307692308
2.418076923076923
2.193846153846154
2.3184615384615386
2.125384615384615
2.0965384615384615
1.9923076923076921
1.9334615384615383
1.9276923076923076
1.8784615384615386
1.9353846153846155
2.2353846153846155
2.0492307692307694
2.1923076923076925
2.161923076923077
2.0546153846153845
1.9603846153846154
2.0115384615384615
1.933076923076923
2.043461538461538
1.9773076923076922
1.8253846153846154
1.7423076923076921
1.69
1.7007692307692308
1.6099999999999999
1.5680769230769231
1.6388461538461538
1.658076923076923
1.6257692307692309
1.6126923076923076
1.5376923076923075
1.525
1.4223076923076923
1.419230769230769
1.4130769230769231
1.4526923076923077
1.4984615384615385
1.4561538461538461
1.518846153846154
1.3603846153846153
1.2657692307692305
1.208846153846154
1.1846153846153846
1.2353846153846153
1.0896153846153847
1.1296153846153847
1.2876923076923075
1.155
1.2788461538461537
1.0826923076923078
1.126923076923077
1.1215384615384616
1.0457692307692308
0.9623076923076923
1.0173076923076922
0.8480769230769231
0.9007692307692309
0.9065384615384615
0.8673076923076923
0.9369230769230769
0.8373076923076923
0.9626923076923077
0.9815384615384615
0.9473076923076923
0.8465384615384615
0.9234615384615386
0.9242307692307693
0.8253846153846154
0.9084615384615385
0.8326923076923076
0.7946153846153846
0.7553846153846154
0.6880769230769231
0.6523076923076924
0.6726923076923078
0.62
0.5476923076923077
0.5392307692307692
0.566923076923077
0.6034615384615385
0.5753846153846154
0.5561538461538462
0.5403846153846155
0.5323076923076923
0.6611538461538462
0.5
0.5292307692307692
0.4876923076923077
0.42923076923076925
0.3646153846153846
0.38884615384615384
0.3130769230769231
0.31461538461538463
0.35884615384615387
0.3465384615384615
0.46115384615384614
0.4653846153846154
0.445
0.40692307692307694
0.4776923076923077
0.3869230769230769
0.4288461538461539
0.32346153846153847
0.3496153846153846
0.45615384615384613
0.4930769230769231
0.39076923076923076
0.41346153846153844
0.3242307692307692
0.33653846153846156
0.30653846153846154
0.4176923076923077
0.3565384615384615
0.3819230769230769
0.3819230769230769
0.3934615384615385
0.315
0.33615384615384614
0.32346153846153847
0.3638461538461539
0.48538461538461536
0.5265384615384615
0.5869230769230769
0.5223076923076924
0.41500000000000004
0.3915384615384615
0.38384615384615384
0.295
0.4538461538461539
0.5003846153846154
0.5107692307692308
