temperature
4.380769230769231
4.068076923076923
3.7526923076923078
3.8046153846153845
4.0965384615384615
4.15423076923077
4.5734615384615385
4.378846153846154
4.2542307692307695
4.811153846153847
5.066923076923077
5.319615384615385
4.876538461538461
4.3476923076923075
4.673461538461539
4.509615384615385
4.230384615384615
4.653076923076923
4.641538461538461
3.9857692307692307
3.6115384615384616
3.8857692307692306
3.930769230769231
4.085769230769231
4.6207692307692305
4.367307692307692
4.634615384615385
4.835
4.500384615384615
3.972692307692308
4.384230769230769
4.710384615384616
4.393461538461539
4.526538461538461
5.464615384615385
5.051153846153847
4.231923076923077
4.34
4.27423076923077
3.957307692307692
4.001538461538461
4.703076923076923
4.868461538461538
4.158076923076923
4.740769230769231
5.527692307692307
4.976538461538461
5.380769230769231
4.938846153846153
5.246923076923077
5.782307692307692
5.924230769230769
5.625
5.9096153846153845
5.3246153846153845
5.615
5.223461538461539
5.109615384615385
4.601538461538461
4.655
4.836538461538462
4.583846153846154
4.562307692307693
4.7942307692307695
5.377307692307692
6.198076923076924
6.251923076923077
7.135
6.764615384615384
6.772692307692308
6.314615384615385
6.093076923076922
7.308076923076923
7.839615384615384
7.399615384615384
7.383846153846154
6.626153846153846
6.7700000000000005
6.517692307692308
6.9557692307692305
6.7215384615384615
7.127692307692308
7.204615384615384
7.459615384615384
7.596153846153846
7.173076923076923
7.885384615384615
8.015
8.416153846153845
8.432307692307692
8.097307692307693
8.251153846153846
8.432692307692308
7.972307692307693
8.371538461538462
8.225384615384616
7.192692307692307
8.148076923076923
8.381538461538462
7.943076923076924
7.92076923076923
8.057692307692308
8.396153846153847
8.930384615384614
8.75
8.551153846153847
8.782307692307693
8.653461538461539
8.638076923076923
9.373076923076923
10.173076923076923
10.552307692307693
10.626538461538463
10.899615384615384
10.14423076923077
9.54076923076923
9.97923076923077
9.629999999999999
9.308076923076923
9.920384615384616
10.222307692307691
10.443846153846154
10.676538461538463
10.524999999999999
10.921923076923077
10.756153846153847
11.830384615384615
11.731538461538461
11.773846153846154
12.08
11.539615384615384
11.255384615384616
11.425
11.088461538461539
12.365
11.927307692307693
11.871538461538462
12.210769230769232
12.795
12.525384615384617
12.504615384615384
12.581153846153846
12.815384615384614
12.743461538461538
13.075
13.033846153846154
13.271923076923077
13.108461538461539
13.150384615384617
13.403076923076924
13.988846153846152
15.015769230769232
14.743846153846155
14.115384615384615
13.48653846153846
13.89423076923077
13.665384615384616
13.98076923076923
14.23
14.856538461538461
14.521153846153847
14.484615384615385
14.269615384615385
14.868461538461538
14.705384615384615
14.993461538461538
15.763846153846155
15.850769230769231
15.743846153846155
15.551923076923078
15.199615384615385
15.24
15.29653846153846
15.905384615384614
15.583846153846155
15.708076923076922
16.215384615384615
15.656153846153845
15.720384615384615
16.18653846153846
15.957692307692307
16.459230769230768
16.443846153846156
16.367307692307694
16.37423076923077
16.804230769230767
16.48576923076923
16.56923076923077
16.70769230769231
16.670384615384616
16.764615384615386
16.338461538461537
16.513461538461538
16.01423076923077
16.48846153846154
16.811923076923076
17.378461538461536
17.421153846153846
17.992307692307694
18.033846153846152
17.173076923076923
16.561923076923076
17.282692307692308
17.569615384615386
17.232307692307693
18.008846153846154
17.615000000000002
17.290384615384617
17.366153846153846
17.00730769230769
16.83346153846154
17.005384615384614
17.56692307692308
17.398076923076925
17.588461538461537
17.230384615384615
17.256923076923076
17.69423076923077
17.41769230769231
17.73
17.578076923076924
17.01153846153846
17.877307692307692
17.29423076923077
17.337692307692308
17.16653846153846
16.75846153846154
16.638076923076923
16.786923076923078
16.686923076923076
16.658461538461538
16.565384615384616
16.615000000000002
17.11923076923077
16.705384615384613
15.948076923076922
16.370384615384616
15.76
15.702692307692306
15.409615384615384
15.172692307692309
15.093846153846155
14.945384615384615
14.983461538461539
16.033076923076923
15.410769230769231
15.874615384615385
15.82076923076923
15.405384615384616
15.036538461538461
15.302692307692308
15.031538461538462
15.424615384615386
15.158846153846154
14.667692307692308
14.416538461538462
14.248461538461537
14.306923076923077
13.850384615384616
13.764615384615384
14.100384615384616
14.174615384615386
14.033076923076923
13.960384615384614
13.711538461538462
13.581923076923077
13.103461538461538
13.24923076923077
13.131538461538462
13.295
13.404230769230768
13.323846153846155
13.61076923076923
12.631538461538462
11.948076923076922
11.859615384615385
11.533846153846154
12.120384615384616
11.342692307692309
11.563076923076922
12.186153846153845
11.756923076923076
12.10423076923077
11.29076923076923
11.421153846153846
11.291153846153845
11.038076923076924
10.846538461538461
10.922307692307694
10.212307692307691
10.333461538461538
10.28
10.047692307692309
10.391538461538461
9.956538461538461
10.31576923076923
10.244615384615384
10.235384615384616
9.736538461538462
9.885384615384615
9.71923076923077
9.291923076923077
9.653076923076922
9.577307692307691
9.236153846153847
9.031153846153845
8.645384615384616
8.223461538461539
8.436538461538461
8.225769230769231
8.023846153846154
7.53
7.528076923076923
8.135
7.855384615384616
7.696923076923077
7.457307692307692
7.121153846153846
7.897692307692308
7.083846153846154
7.111153846153846
6.621538461538462
6.251153846153846
5.866538461538462
5.648076923076923
5.546538461538462
5.319615384615385
5.922692307692308
5.627307692307692
6.213846153846154
5.984230769230769
5.684230769230769
5.533461538461538
5.541153846153846
5.022692307692308
5.2457692307692305
5.067692307692307
5.080384615384616
5.525
5.440384615384615
5.121923076923077
5.136153846153846
5.005
4.905
4.538846153846154
5.0
4.747307692307692
4.877692307692308
5.086153846153847
4.751153846153846
4.288846153846154
4.098076923076923
3.986923076923077
3.9719230769230767
4.819615384615385
5.300000000000001
5.837307692307693
5.552307692307692
4.791923076923077
4.588846153846154
4.2688461538461535
3.6923076923076925
4.372307692307692
4.728076923076923
4.70423076923077
