temperature
3.5026923076923078
3.5038461538461543
3.31
3.6573076923076924
4.3634615384615385
3.701923076923077
3.674615384615384
4.269615384615385
4.561153846153847
4.4192307692307695
3.395
3.0146153846153845
3.204230769230769
3.8461538461538463
4.003076923076923
3.511923076923077
2.5776923076923075
3.0673076923076925
3.31
3.652307692307692
4.484615384615385
4.241923076923078
4.340769230769231
3.9303846153846154
3.727307692307692
3.290769230769231
3.306923076923077
3.490769230769231
3.5907692307692307
2.8696153846153845
3.3473076923076923
3.2546153846153847
3.4811538461538465
3.9484615384615385
3.871923076923077
4.642307692307693
4.709615384615384
4.078846153846154
3.686153846153846
3.25
3.076923076923077
3.311153846153846
2.9626923076923077
2.411538461538462
2.1626923076923075
2.279230769230769
2.552692307692308
3.164230769230769
3.1061538461538465
2.7615384615384615
2.9903846153846154
3.428076923076923
3.6907692307692304
4.224230769230769
3.941923076923077
3.6980769230769233
3.713461538461538
4.42076923076923
4.458846153846154
4.713846153846154
5.127307692307692
4.67
4.46
5.227692307692308
5.466153846153846
5.691923076923077
5.752692307692308
5.496538461538462
6.266923076923077
5.885769230769231
5.916153846153846
5.545
5.514615384615384
5.430000000000001
5.716153846153846
6.02576923076923
6.55576923076923
5.678461538461539
5.898846153846154
6.045
5.809230769230769
6.673076923076923
6.776153846153846
6.500384615384615
6.355384615384616
5.902692307692307
5.964615384615385
6.096923076923076
6.26
7.482307692307692
7.273846153846154
6.693461538461539
6.087692307692308
5.6826923076923075
6.495384615384615
6.839615384615385
6.941923076923077
6.161153846153846
6.815769230769231
7.775
7.69423076923077
7.729615384615385
7.302692307692308
7.553076923076923
8.22653846153846
8.426538461538462
7.796923076923077
7.868076923076923
8.616923076923076
8.182692307692308
8.766923076923076
9.603846153846153
8.423076923076923
8.31
8.374615384615385
8.370384615384616
8.25423076923077
8.680384615384614
8.77346153846154
9.398846153846154
8.907692307692308
9.383076923076924
9.13923076923077
9.19
9.670384615384616
9.970769230769232
10.518076923076922
10.411538461538461
10.34769230769231
10.496153846153845
10.248076923076923
10.738846153846152
10.601153846153846
10.805384615384614
11.307307692307692
11.177307692307693
10.675
10.954230769230769
11.306923076923077
12.063076923076922
11.506538461538462
12.095384615384615
12.075
12.405384615384616
12.053461538461537
12.382692307692308
11.872307692307693
11.676153846153845
12.381153846153847
12.188076923076922
12.885384615384615
13.362692307692308
13.108461538461539
12.84153846153846
13.036538461538461
13.429615384615385
13.392692307692307
13.622307692307693
13.772307692307692
13.47653846153846
13.379615384615384
13.488076923076923
13.401923076923076
13.816153846153846
13.621923076923078
13.53346153846154
14.441153846153847
13.831923076923077
14.279230769230768
14.528076923076924
14.616923076923078
14.371538461538462
14.143846153846154
14.188846153846153
14.608076923076924
15.018461538461539
15.36923076923077
15.194230769230769
15.231153846153846
15.154615384615385
15.633076923076922
15.785384615384617
15.48653846153846
15.553076923076922
16.506923076923076
16.307307692307692
16.541923076923077
16.662692307692307
17.13923076923077
16.435
16.50307692307692
16.808461538461536
16.426538461538463
16.983076923076922
17.129615384615384
16.634999999999998
16.190384615384616
16.071923076923078
16.129615384615384
16.951923076923077
16.726153846153846
16.58653846153846
16.595769230769232
16.508846153846154
16.299615384615386
16.810384615384613
17.015
17.24192307692308
17.315384615384616
17.654999999999998
18.073461538461537
17.34923076923077
16.758846153846154
17.196538461538463
17.276923076923076
16.86846153846154
16.67192307692308
16.738076923076925
16.57269230769231
16.823461538461537
16.806153846153844
16.531923076923075
16.726153846153846
16.57576923076923
16.886923076923075
17.525
17.353846153846153
16.725384615384616
16.313076923076924
16.57346153846154
17.113846153846154
17.02423076923077
17.077692307692306
16.00576923076923
15.543076923076923
15.541923076923077
15.89423076923077
15.595384615384615
15.174230769230771
15.636538461538462
15.852307692307692
15.342692307692307
15.081923076923077
15.179615384615385
15.093461538461538
14.755384615384616
15.01076923076923
14.61923076923077
14.095
14.904615384615385
14.918076923076923
15.035384615384617
14.196153846153846
14.008076923076922
13.833846153846155
13.227692307692308
13.276538461538461
13.325
13.836538461538462
13.60576923076923
13.616538461538463
13.043461538461539
13.419615384615385
13.509615384615385
13.104615384615386
13.548461538461538
12.684615384615386
12.623461538461537
12.813461538461537
12.467307692307692
12.712307692307691
13.021538461538462
12.572692307692307
12.117307692307692
12.165384615384616
11.92
11.918846153846154
11.696538461538463
11.803076923076922
11.100000000000001
11.844615384615386
12.069230769230769
11.586538461538462
11.371923076923078
11.466153846153846
10.513076923076921
10.002692307692307
10.034230769230769
9.486153846153847
9.924230769230771
10.135769230769231
9.981538461538461
9.232307692307693
8.983846153846155
9.233076923076924
9.563461538461539
9.771538461538462
9.694230769230769
9.412307692307692
9.18
8.786153846153846
8.659230769230769
9.197692307692307
9.08
8.846153846153847
8.80923076923077
8.164615384615384
7.882692307692308
7.227307692307692
7.126153846153846
8.211153846153847
8.054230769230768
7.6557692307692315
8.109615384615385
7.226153846153846
6.622692307692308
6.3342307692307696
6.078076923076923
6.270769230769231
5.9034615384615385
6.126153846153846
6.358461538461539
5.593076923076923
5.117692307692308
5.339230769230769
5.722307692307693
6.0942307692307685
5.854615384615385
5.996153846153846
5.141923076923077
4.741153846153846
4.164230769230769
3.9426923076923073
4.676923076923077
5.128076923076923
5.841923076923076
5.705
5.759230769230769
5.244230769230769
4.556153846153846
4.694615384615385
4.233461538461539
3.8319230769230765
3.9965384615384614
3.9407692307692312
4.2773076923076925
4.3476923076923075
4.374615384615384
4.855384615384615
4.618846153846154
4.679230769230769
4.538461538461538
4.803461538461539
4.997307692307692
5.033846153846154
4.505769230769231
4.385769230769231
4.499615384615384
4.460384615384616
4.835384615384616
4.660384615384616
4.704615384615385
4.058076923076923
3.248076923076923
3.2807692307692307
