pet
0.4945454545454545
0.43727272727272726
0.40318181818181825
0.3731818181818181
0.38181818181818183
0.45999999999999996
0.6445454545454545
0.47363636363636363
0.45999999999999996
0.571304347826087
0.6417391304347826
0.548695652173913
0.4860869565217391
0.48217391304347823
0.5908695652173913
0.5660869565217391
0.4273913043478261
0.5308695652173914
0.6334782608695653
0.5134782608695653
0.4082608695652174
0.5004347826086957
0.4934782608695652
0.5343478260869565
0.6134782608695651
0.6117391304347827
0.6752173913043478
0.7460869565217392
0.6339130434782608
0.5973913043478261
0.7473913043478262
0.7895652173913044
0.7582608695652174
0.6543478260869565
0.7395652173913044
0.7352173913043478
0.5691304347826087
0.7082608695652174
0.7347826086956522
0.5478260869565217
0.49521739130434783
0.6313043478260869
0.6943478260869566
0.5417391304347826
0.678695652173913
0.7921739130434782
0.7495652173913043
0.8117391304347826
0.73
0.8021739130434782
0.8643478260869565
1.0169565217391305
0.966086956521739
0.9708695652173912
0.8534782608695651
0.9169565217391304
0.8252173913043478
0.7878260869565218
0.7169565217391304
0.6782608695652175
0.7843478260869565
0.7369565217391304
0.6756521739130436
0.8208695652173913
1.0165217391304346
1.1860869565217391
1.2460869565217392
1.4434782608695653
1.3682608695652174
1.3221739130434782
1.136086956521739
1.0656521739130433
1.3982608695652172
1.5082608695652173
1.4643478260869565
1.4382608695652173
1.2826086956521738
1.3956521739130436
1.314782608695652
1.4191304347826088
1.3391304347826087
1.392608695652174
1.4930434782608697
1.5321739130434784
1.5226086956521738
1.465217391304348
1.5882608695652174
1.6313043478260871
1.786086956521739
1.7626086956521738
1.647391304347826
1.7143478260869565
1.8334782608695652
1.6456521739130436
1.7973913043478262
1.7508695652173913
1.4717391304347827
1.7291304347826089
1.8321739130434782
1.7434782608695654
1.8778260869565215
1.817826086956522
2.023913043478261
2.0982608695652174
2.0969565217391306
1.9956521739130435
2.137391304347826
1.9878260869565216
1.9317391304347826
2.2443478260869565
2.471304347826087
2.5543478260869565
2.4821739130434786
2.5652173913043477
2.3917391304347824
2.175217391304348
2.177391304347826
2.1434782608695655
2.1078260869565217
2.252173913043478
2.4121739130434783
2.413478260869565
2.529130434782609
2.5760869565217392
2.6513043478260867
2.5656521739130436
2.927826086956522
2.761304347826087
2.9126086956521737
3.0521739130434784
2.7247826086956524
2.6930434782608694
2.661304347826087
2.5652173913043477
2.9082608695652175
2.9165217391304346
2.823478260869565
2.8156521739130436
2.8839130434782607
2.7817391304347825
3.061304347826087
2.9404347826086954
3.0017391304347827
2.9521739130434783
3.0939130434782607
3.1191304347826083
3.14304347826087
3.073478260869565
3.0465217391304344
3.0626086956521736
3.220869565217391
3.4134782608695655
3.1504347826086954
2.851304347826087
2.7504347826086954
2.77
2.61695652173913
2.795217391304348
2.8665217391304343
2.9817391304347827
2.930434782608696
2.863913043478261
2.7939130434782613
2.822608695652174
2.8730434782608696
2.887826086956522
3.2669565217391305
3.1995652173913043
3.1369565217391306
2.9717391304347824
2.890434782608696
2.886086956521739
2.8678260869565215
3.0269565217391308
2.9539130434782606
3.0247826086956517
3.292173913043478
3.0152173913043474
3.023913043478261
3.1652173913043478
3.0526086956521743
3.152608695652174
3.1739130434782608
3.145217391304348
3.0478260869565217
3.1921739130434785
3.0282608695652176
3.037826086956522
2.9565217391304346
3.0204347826086955
3.0308695652173916
2.9378260869565214
2.8682608695652174
2.6891304347826086
2.9830434782608695
3.08
3.103913043478261
3.1643478260869564
3.489130434782609
3.3634782608695653
3.032608695652174
2.8282608695652174
3.1186956521739133
3.2143478260869567
2.9899999999999998
3.2908695652173914
3.109565217391304
3.0469565217391303
2.9321739130434783
2.864347826086956
2.7404347826086957
2.773913043478261
2.9130434782608696
2.8921739130434783
3.026086956521739
2.7882608695652173
2.718695652173913
2.781304347826087
2.63304347826087
2.785217391304348
2.8047826086956524
2.534782608695652
2.884782608695652
2.719130434782609
2.7669565217391305
2.7647826086956524
2.450869565217391
2.5030434782608695
2.4643478260869567
2.497826086956522
2.4347826086956523
2.4282608695652175
2.487391304347826
2.592608695652174
2.3882608695652174
2.187826086956522
2.3460869565217393
2.106521739130435
2.143913043478261
2.0213043478260873
1.8991304347826088
1.933478260869565
1.8143478260869563
1.8769565217391304
2.258260869565217
2.0817391304347828
2.242608695652174
2.216521739130435
2.013913043478261
2.0517391304347825
2.0826086956521737
2.0786956521739133
2.1939130434782608
2.1
2.014782608695652
1.9152173913043478
1.7282608695652173
1.77
1.5969565217391304
1.586521739130435
1.5991304347826087
1.6891304347826088
1.6043478260869564
1.7134782608695651
1.6130434782608696
1.5113043478260868
1.4208695652173913
1.5004347826086957
1.4056521739130434
1.4752173913043478
1.6047826086956523
1.4634782608695651
1.6104347826086955
1.413181818181818
1.4327272727272726
1.2436363636363637
1.26
1.3472727272727274
1.1354545454545455
1.2127272727272727
1.3936363636363636
1.1386363636363637
1.3495454545454544
1.2027272727272729
1.2195454545454545
1.1877272727272727
1.0663636363636364
0.9904545454545454
0.9886363636363636
0.8668181818181818
0.9995454545454546
0.9345454545454547
0.9090909090909091
0.9590909090909091
0.8204545454545454
0.9727272727272727
1.0704545454545455
1.0354545454545454
0.9659090909090909
1.0513636363636363
1.0054545454545456
0.9190909090909091
1.0872727272727272
0.963181818181818
0.8668181818181818
0.8368181818181818
0.69
0.66
0.7154545454545455
0.6690909090909091
0.5686363636363636
0.5836363636363636
0.6772727272727272
0.7877272727272726
0.7286363636363636
0.7172727272727273
0.6749999999999999
0.6509090909090909
0.7909090909090909
0.5590909090909091
0.6295454545454545
0.6245454545454545
0.5509090909090909
0.5345454545454545
0.5559090909090909
0.41500000000000004
0.42772727272727273
0.4372727272727273
0.39681818181818185
0.5499999999999999
0.4977272727272727
0.5127272727272728
0.5377272727272727
0.5136363636363637
0.4777272727272727
0.4754545454545455
0.39272727272727276
0.4477272727272727
0.6204545454545455
0.5704545454545454
0.47409090909090906
0.4509090909090909
0.3709090909090909
0.3804545454545455
0.3018181818181818
0.47590909090909084
0.3768181818181818
0.4318181818181818
0.4622727272727273
0.3918181818181818
0.32636363636363636
0.355
0.3804545454545455
0.505
0.6509090909090909
0.6177272727272727
0.6790909090909091
0.5627272727272727
0.4818181818181818
0.4722727272727273
0.5081818181818182
0.41409090909090907
0.5486363636363637
0.5927272727272728
0.6654545454545455
