temperature
4.651363636363636
4.245
3.713636363636364
3.776818181818182
3.848181818181818
4.141818181818182
4.924545454545455
4.483636363636363
4.351818181818182
5.232173913043479
5.405652173913043
5.141304347826087
4.679565217391304
4.531739130434783
4.990869565217392
4.683913043478261
4.119565217391305
4.591304347826087
4.821304347826087
4.038260869565217
4.0169565217391305
4.263478260869565
4.151739130434783
4.260869565217392
4.873913043478261
4.818260869565218
5.1121739130434785
5.202173913043478
4.611304347826087
4.090869565217392
4.774347826086957
5.071739130434783
4.797391304347826
4.652608695652174
5.142608695652174
4.920869565217392
4.1808695652173915
4.660434782608696
4.5426086956521745
3.8121739130434786
3.7726086956521736
4.424782608695652
4.8539130434782605
4.130869565217392
4.762173913043478
5.156521739130435
4.854782608695652
5.084782608695653
4.7873913043478264
5.039130434782609
5.449130434782608
6.027826086956521
5.714347826086957
5.715217391304347
5.2791304347826085
5.552608695652174
5.049130434782609
4.746086956521739
4.262608695652174
4.004782608695652
4.181739130434783
4.314347826086957
4.153478260869565
4.701739130434783
5.308695652173913
6.058260869565218
6.480434782608696
7.28695652173913
6.907826086956521
6.68
5.9708695652173915
5.59
6.988260869565217
7.374782608695653
7.181304347826088
6.974347826086956
6.237826086956522
6.898260869565218
6.447391304347826
6.843478260869565
6.576521739130435
6.797826086956522
7.186956521739131
7.308260869565218
7.234347826086956
7.00695652173913
7.425217391304348
7.567391304347827
8.040869565217392
7.9799999999999995
7.4513043478260865
7.694782608695652
8.088695652173913
7.40695652173913
7.971304347826087
7.790869565217391
6.834782608695652
7.652608695652174
7.91
7.738695652173914
8.22086956521739
8.0
8.69608695652174
8.886086956521739
8.890434782608695
8.502608695652174
9.066521739130435
8.598260869565218
8.434782608695652
9.48695652173913
10.15913043478261
10.491304347826087
10.311739130434782
10.596521739130434
10.033043478260868
9.363478260869567
9.392173913043479
9.287391304347826
9.15913043478261
9.60086956521739
9.916086956521738
9.851304347826087
10.256521739130434
10.376521739130435
10.598695652173912
10.37217391304348
11.48913043478261
11.12782608695652
11.564347826086957
12.012608695652174
11.13695652173913
11.091739130434782
11.119565217391305
10.838695652173913
11.851304347826087
11.816521739130433
11.661304347826086
11.793478260869565
12.020869565217392
11.820434782608697
12.608695652173912
12.291304347826086
12.589565217391305
12.498260869565216
12.91391304347826
13.049999999999999
13.080434782608695
12.993913043478262
12.947391304347827
13.126086956521737
13.675652173913045
14.938695652173914
14.507391304347827
13.716521739130435
13.496956521739131
13.64608695652174
13.257391304347827
13.848695652173912
14.113478260869567
14.513478260869565
14.419130434782607
14.22391304347826
14.090434782608694
14.299130434782608
14.395652173913044
14.544347826086955
15.661739130434784
15.500869565217391
15.354782608695654
14.912173913043478
14.78086956521739
14.812608695652173
14.864347826086956
15.388260869565217
15.228695652173913
15.381304347826086
16.260434782608694
15.51695652173913
15.619565217391305
16.067391304347826
15.80608695652174
16.088260869565215
16.18565217391304
16.139999999999997
15.92478260869565
16.33695652173913
15.93
16.025652173913045
15.850434782608696
16.057391304347824
16.128695652173914
15.942608695652174
15.796086956521739
15.265652173913043
16.20695652173913
16.475217391304348
16.61391304347826
16.850434782608694
17.80391304347826
17.479565217391304
16.596521739130434
16.090434782608696
16.98
17.26521739130435
16.62304347826087
17.504347826086956
17.083913043478262
16.984347826086957
16.695652173913043
16.536521739130436
16.235652173913046
16.370869565217394
16.88391304347826
16.891304347826086
17.294347826086955
16.659565217391304
16.475652173913044
16.700869565217392
16.307391304347824
16.75913043478261
16.882608695652173
16.119565217391305
17.198260869565217
16.76391304347826
16.95391304347826
16.954782608695652
16.042173913043477
16.219565217391306
16.153478260869566
16.223478260869566
16.038695652173914
16.07913043478261
16.27913043478261
16.61695652173913
16.063913043478262
15.427391304347825
15.906956521739131
15.202608695652172
15.334782608695651
14.998695652173915
14.589130434782609
14.584347826086956
14.204782608695652
14.317826086956522
15.518260869565218
15.021739130434783
15.44
15.436521739130436
14.709565217391305
14.80608695652174
14.926521739130434
14.938695652173912
15.318695652173913
15.093043478260869
14.837826086956522
14.503478260869565
13.911304347826086
14.04304347826087
13.391739130434782
13.428260869565218
13.549999999999999
13.766521739130434
13.481304347826086
13.82391304347826
13.410869565217391
13.034782608695652
12.631739130434784
13.05913043478261
12.64695652173913
12.862173913043478
13.172608695652174
12.887391304347828
13.385652173913044
12.452272727272726
12.15181818181818
11.719999999999999
11.617727272727272
12.268181818181818
11.267727272727273
11.558636363636365
12.219545454545454
11.377727272727272
11.947727272727274
11.44818181818182
11.505
11.31318181818182
10.84909090909091
10.671818181818182
10.475
9.981363636363637
10.368636363636362
10.011818181818182
9.89090909090909
10.292727272727273
9.713181818181818
9.975454545454546
10.281363636363636
10.381818181818183
9.91
10.108636363636363
9.817727272727273
9.253181818181817
9.996818181818183
9.731363636363637
9.115454545454545
9.05318181818182
8.369545454545454
8.17
8.316818181818181
8.134545454545455
7.754545454545454
7.416818181818181
7.706363636363636
8.612272727272726
8.275454545454545
8.084090909090909
7.888636363636365
7.517272727272727
8.164545454545454
7.181363636363637
7.392272727272727
6.984090909090909
6.66090909090909
6.610454545454545
6.203636363636363
5.552727272727273
5.572272727272727
6.09
5.694545454545454
6.288636363636363
5.840909090909091
5.797272727272728
5.699545454545454
5.432727272727273
5.408636363636364
5.339545454545455
5.345909090909091
5.572272727272727
6.240454545454545
5.695
5.338636363636364
5.212272727272727
5.091363636363637
4.965454545454545
4.294545454545455
4.969090909090909
4.654545454545455
5.008181818181818
5.3945454545454545
4.659545454545455
4.038636363636363
4.057272727272727
4.23
4.732272727272727
5.508636363636364
5.453181818181818
6.002272727272728
5.3999999999999995
4.726818181818182
4.742727272727273
4.635909090909091
4.035
4.458636363636364
4.717272727272728
5.035454545454545
