pet
0.5717391304347826
0.5030434782608696
0.4656521739130434
0.43434782608695655
0.4747826086956522
0.5482608695652174
0.6360869565217391
0.5395652173913044
0.5121739130434783
0.5417391304347826
0.6004347826086956
0.6086956521739131
0.5469565217391305
0.4930434782608696
0.6317391304347826
0.5878260869565217
0.45478260869565224
0.5656521739130435
0.6339130434782608
0.5221739130434783
0.5113043478260869
0.49391304347826087
0.48782608695652174
0.4869565217391304
0.6008695652173913
0.5760869565217391
0.6313043478260869
0.6952173913043478
0.6417391304347826
0.6021739130434782
0.7169565217391304
0.7091304347826086
0.7339130434782608
0.6330434782608696
0.7104347826086956
0.7191304347826086
0.6095652173913043
0.7243478260869566
0.6526086956521739
0.5473913043478261
0.5904347826086956
0.7195652173913044
0.7004347826086956
0.6043478260869566
0.7329166666666667
0.8216666666666667
0.7845833333333333
0.8554166666666667
0.78375
0.9208333333333334
0.8620833333333334
0.9616666666666666
0.92875
0.8920833333333333
0.8224999999999999
0.8804166666666666
0.8466666666666667
0.8137500000000001
0.7695833333333333
0.8175
0.8595833333333333
0.8345833333333333
0.7566666666666667
0.7895833333333333
0.9854166666666666
1.1345833333333333
1.3070833333333334
1.38375
1.32
1.3412499999999998
1.2241666666666666
1.1370833333333332
1.3766666666666667
1.5145833333333334
1.3945833333333333
1.4225
1.2979166666666666
1.3075
1.2870833333333334
1.4570833333333333
1.4275
1.4704166666666667
1.47375
1.5533333333333335
1.5966666666666667
1.6275000000000002
1.7504166666666665
1.6883333333333335
1.8370833333333334
1.7704166666666665
1.86
1.91625
1.9329166666666666
1.8608333333333331
1.8554166666666667
1.8975
1.6825
1.8345833333333335
1.9858333333333331
1.9675
1.9654166666666668
2.0920833333333335
2.0575
2.0574999999999997
2.1308333333333334
2.1145833333333335
2.2329166666666667
2.1366666666666667
2.2033333333333336
2.4929166666666664
2.70875
2.5500000000000003
2.57125
2.6525000000000003
2.472916666666667
2.29875
2.3404166666666666
2.4075
2.1566666666666667
2.2725
2.42125
2.5704166666666666
2.629583333333333
2.6320833333333336
2.6970833333333335
2.7887500000000003
3.0704166666666666
3.00375
3.032916666666667
3.172083333333333
3.0812500000000003
2.8470833333333334
2.8033333333333332
2.6929166666666666
2.874166666666667
2.81375
2.8204166666666666
2.7312499999999997
2.7675
2.9233333333333333
3.0629166666666667
3.0354166666666664
3.0895833333333336
3.095416666666667
3.1466666666666665
3.1908333333333334
3.1616666666666666
3.14625
3.1366666666666667
3.105833333333333
3.1658333333333335
3.3800000000000003
3.1374999999999997
3.1033333333333335
2.8874999999999997
2.779583333333333
2.7112499999999997
2.6662500000000002
2.8191666666666664
2.9891666666666663
2.9175
2.9275
2.8220833333333335
2.888333333333333
2.99375
2.9525
3.1620833333333334
3.2220833333333334
3.16
3.0437499999999997
2.9345833333333338
2.9545833333333333
2.890416666666667
2.9908333333333332
3.0087499999999996
3.1245833333333333
3.15625
3.1216666666666666
3.17375
3.1316666666666664
3.12625
3.2274999999999996
3.1466666666666665
3.159166666666667
2.9949999999999997
3.0
3.1333333333333333
3.1824999999999997
3.1787500000000004
3.265
3.1454166666666663
3.122083333333333
3.0454166666666667
3.0233333333333334
3.188333333333333
3.2433333333333336
3.30875
3.3266666666666667
3.4879166666666666
3.4975
3.1808333333333336
3.20875
3.025
3.1341666666666668
3.2420833333333334
3.438333333333333
3.2420833333333334
3.1845833333333338
3.106666666666667
2.9483333333333337
2.8695833333333334
2.9625
2.98875
3.0004166666666667
3.0725
2.955416666666667
2.9233333333333333
2.8979166666666667
2.86
2.924583333333333
2.824583333333333
2.8375
2.9133333333333336
2.85375
2.8699999999999997
2.70125
2.657083333333333
2.5008333333333335
2.5395833333333333
2.505
2.3691666666666666
2.424166666666667
2.53375
2.6545833333333335
2.4883333333333333
2.3541666666666665
2.6675
2.5254166666666666
2.3633333333333333
2.2570833333333336
2.1774999999999998
2.200416666666667
2.0566666666666666
2.125
2.3379166666666666
2.3975
2.433333333333333
2.4787500000000002
2.3279166666666664
2.28125
2.2279166666666668
2.1529166666666666
2.3579166666666667
2.2399999999999998
2.1704166666666667
1.9879166666666668
1.9000000000000001
1.9725000000000001
1.86625
1.7504166666666665
1.8025
1.8854166666666667
1.9616666666666667
1.9233333333333336
1.8120833333333335
1.7545833333333334
1.6283333333333332
1.6308333333333334
1.6133333333333333
1.66125
1.7137499999999999
1.7149999999999999
1.8654166666666665
1.566521739130435
1.557391304347826
1.4747826086956521
1.3521739130434782
1.4200000000000002
1.321304347826087
1.2943478260869565
1.5369565217391306
1.48
1.5917391304347825
1.27
1.28
1.3034782608695652
1.1465217391304348
1.2030434782608694
1.2039130434782608
1.0552173913043479
1.1395652173913045
0.9952173913043478
1.1034782608695652
1.0978260869565217
0.9969565217391304
1.2630434782608695
1.2165217391304348
1.3143478260869565
1.2456521739130435
1.184782608695652
1.2778260869565217
1.1873913043478261
1.2869565217391306
1.211304347826087
1.0165217391304346
0.8860869565217391
0.8143478260869565
0.7843478260869565
0.7656521739130434
0.716086956521739
0.6247826086956522
0.7056521739130435
0.7973913043478261
0.8730434782608695
0.8678260869565217
0.7517391304347826
0.7556521739130434
0.7217391304347827
0.7617391304347826
0.6560869565217391
0.7034782608695652
0.6621739130434783
0.6043478260869566
0.6547826086956522
0.621304347826087
0.5626086956521739
0.5034782608695653
0.561304347826087
0.5439130434782609
0.5430434782608696
0.5978260869565217
0.6578260869565218
0.5452173913043478
0.6034782608695651
0.47652173913043483
0.5091304347826088
0.3982608695652174
0.44173913043478263
0.61
0.6708695652173913
0.5517391304347826
0.4995652173913044
0.4339130434782609
0.4126086956521739
0.43826086956521737
0.56
0.43999999999999995
0.4852173913043478
0.4982608695652174
0.4578260869565217
0.43130434782608695
0.43869565217391304
0.3917391304347826
0.5669565217391304
0.7021739130434782
0.75
0.8491304347826087
0.696086956521739
0.5591304347826087
0.5673913043478261
0.5382608695652175
0.4091304347826087
0.5604347826086957
0.628695652173913
0.63
