temperature
2.0619047619047617
1.2128571428571429
0.8676190476190477
1.2180952380952381
1.3861904761904762
1.0604761904761906
0.7623809523809525
1.2633333333333332
1.0699999999999998
0.9099999999999999
0.927142857142857
1.1285714285714286
1.9771428571428569
1.7099999999999997
1.5461904761904761
1.8323809523809527
1.6880952380952383
1.7866666666666664
1.6528571428571428
1.9728571428571429
2.032380952380952
1.4414285714285715
1.4133333333333333
0.6647619047619048
0.06714285714285714
0.5314285714285715
0.7038095238095238
1.4914285714285715
1.5342857142857143
1.4733333333333334
1.672857142857143
1.9838095238095237
2.1166666666666667
2.141904761904762
2.382857142857143
2.9223809523809523
1.7104761904761905
0.5614285714285715
0.8228571428571427
0.9223809523809524
0.9485714285714285
1.3842857142857143
1.349047619047619
0.93
1.216190476190476
0.8371428571428571
0.6428571428571429
1.2685714285714287
1.2795238095238095
1.2961904761904761
1.0676190476190475
1.3685714285714288
1.65
1.562857142857143
1.3133333333333332
1.0838095238095238
1.0890476190476188
1.389047619047619
0.6366666666666666
0.5542857142857143
0.8161904761904762
1.3757142857142857
1.927142857142857
2.294761904761905
3.1547619047619047
3.34952380952381
2.797142857142857
3.1704761904761902
2.808095238095238
2.835238095238095
3.322380952380952
3.243333333333333
2.589047619047619
2.2952380952380955
2.974285714285714
2.9899999999999998
1.890952380952381
2.139047619047619
2.334761904761905
2.33
2.723809523809524
2.777142857142857
2.75
2.742857142857143
2.9604761904761907
2.526190476190476
2.6642857142857146
3.4395238095238096
4.122857142857143
4.553809523809524
4.164761904761905
3.1666666666666665
2.6142857142857143
3.1104761904761906
3.63952380952381
3.971904761904762
3.9442857142857144
4.286190476190477
4.266190476190476
4.463809523809523
3.743333333333333
3.5276190476190474
3.4142857142857146
4.254761904761905
4.142380952380952
4.1761904761904765
4.22047619047619
4.267142857142857
4.137142857142857
4.815714285714286
5.525714285714285
5.077619047619048
5.443333333333333
6.222380952380953
5.658571428571428
6.034761904761905
6.5980952380952385
6.618095238095238
6.746666666666667
7.062380952380953
7.083333333333333
6.747142857142857
7.424761904761904
7.014285714285715
6.461428571428572
7.33952380952381
7.467619047619047
6.812380952380953
6.878571428571428
7.188571428571429
7.218571428571429
7.717619047619047
7.89047619047619
8.615238095238094
8.455238095238096
7.85
7.5485
7.476999999999999
7.628
8.509
8.284
8.218
9.623999999999999
9.415000000000001
8.836
8.812000000000001
8.8765
8.9735
9.006
9.7655
9.8465
9.4115
9.4375
9.0155
9.119
8.914
9.258
9.1955
9.7135
10.256
9.9195
9.248000000000001
9.5455
10.062999999999999
9.8025
10.001999999999999
10.6275
10.8575
10.619
11.871500000000001
11.34
10.478
10.264
10.469
11.252500000000001
11.477
11.601
11.2785
11.8125
11.916
11.359
10.7685
11.2315
11.8835
12.193999999999999
12.3115
12.735499999999998
12.578
12.201
12.331
12.17
12.267
11.414
11.854000000000001
11.7655
11.0585
11.4745
11.344
12.497
13.513499999999999
13.121
12.7645
13.266
13.1885
12.963
12.719
12.872
12.823500000000001
12.681999999999999
12.404
12.7
12.468
12.7605
12.693
12.116
11.991
12.197
12.591
11.99
12.4305
11.980500000000001
12.022
12.0015
11.8895
12.0925
12.0685
11.823
11.504
11.5355
12.057500000000001
12.4375
11.911
11.687999999999999
11.1785
11.102500000000001
11.317499999999999
11.336
10.994
11.0045
11.49
10.9145
11.1095
11.2235
10.8565
11.122
10.4075
10.3275
10.0295
9.7425
9.977500000000001
9.937999999999999
9.7035
9.736500000000001
9.538
9.049
8.4175
8.7895
8.905
9.298
9.3255
9.317
9.542
9.811
9.3405
9.09
9.3295
8.4785
8.4565
8.5485
8.5355
8.995000000000001
9.0955
9.183
8.2515
8.513
7.889
7.85
7.6659999999999995
7.662999999999999
7.327
7.555
7.5545
6.622
7.0840000000000005
7.3
7.6275
7.478
6.9159999999999995
6.983
6.544499999999999
6.2935
5.938000000000001
5.838
5.965
6.042
6.0495
5.863
6.1315
5.755
5.2795000000000005
5.343999999999999
5.1525
5.1695
4.9605
5.093
4.65
4.5435
4.2555
4.3275
4.818
4.993
4.0634999999999994
4.273000000000001
4.336
4.3225
3.723
3.2269999999999994
3.6729999999999996
4.379
3.7195
3.2060000000000004
3.2630000000000003
2.431
2.651
2.3685
2.0255
3.1535
3.3045
3.0324999999999998
2.5940000000000003
3.122
2.9335
2.8600000000000003
3.78
3.493
4.0329999999999995
3.2195
2.3685
2.378
1.763
1.9605000000000001
2.4234999999999998
2.0815
2.324
2.6345
1.9899999999999998
1.69
2.333
2.5814999999999997
2.7335000000000003
1.6544999999999999
1.343
0.8530000000000001
0.578
1.5755000000000001
1.559
2.1025
2.5575
1.177
0.49549999999999994
0.2245
0.23249999999999993
0.19299999999999998
1.0485
1.7570000000000001
