pet
0.38461538461538464
0.20884615384615385
0.17807692307692308
0.34923076923076923
0.3880769230769231
0.4330769230769231
0.40807692307692306
0.38269230769230766
0.34615384615384615
0.3688461538461538
0.38038461538461543
0.29230769230769227
0.4115384615384615
0.3688461538461538
0.4103846153846154
0.3269230769230769
0.26692307692307693
0.3157692307692308
0.38038461538461543
0.4219230769230769
0.4
0.33615384615384614
0.33269230769230773
0.36538461538461536
0.23576923076923076
0.29692307692307696
0.18769230769230769
0.28076923076923077
0.38999999999999996
0.3284615384615384
0.36846153846153845
0.375
0.46076923076923076
0.43884615384615383
0.4626923076923077
0.5865384615384616
0.46923076923076923
0.33
0.24307692307692308
0.30346153846153845
0.23269230769230773
0.2234615384615385
0.3119230769230769
0.23961538461538462
0.2603846153846154
0.27115384615384613
0.3080769230769231
0.3319230769230769
0.3373076923076923
0.3676923076923077
0.3565384615384615
0.3826923076923077
0.51
0.545
0.47538461538461535
0.4523076923076923
0.47423076923076923
0.5542307692307692
0.4626923076923077
0.5096153846153846
0.5619230769230769
0.5215384615384615
0.5953846153846154
0.7607692307692309
0.8257692307692307
0.8992307692307692
0.7019230769230769
0.7219230769230769
0.7911538461538462
0.788076923076923
0.8007692307692308
0.6503846153846153
0.573076923076923
0.5461538461538461
0.6234615384615385
0.6392307692307693
0.536923076923077
0.5142307692307693
0.5453846153846154
0.5811538461538461
0.6903846153846154
0.6973076923076923
0.7326923076923078
0.7026923076923077
0.7196153846153847
0.7207692307692307
0.7511538461538462
0.8357692307692308
1.005
1.023076923076923
0.9369230769230769
0.7634615384615385
0.7792307692307693
1.0061538461538462
0.9569230769230769
1.0023076923076923
0.9276923076923077
1.0642307692307693
1.1688461538461539
1.353076923076923
1.2669230769230768
1.0996153846153847
1.1315384615384614
1.419230769230769
1.5334615384615384
1.4361538461538461
1.5453846153846154
1.53
1.3611538461538462
1.406923076923077
1.5676923076923077
1.4303846153846154
1.4657692307692307
1.6253846153846152
1.5715384615384616
1.6984615384615382
1.6719230769230768
1.6342307692307694
1.661153846153846
1.6315384615384616
1.6846153846153844
1.7561538461538464
1.8942307692307692
1.8557692307692308
1.8838461538461537
2.129230769230769
2.1403846153846153
1.8988461538461539
1.9249999999999998
1.9861538461538462
1.996923076923077
2.140769230769231
2.1084615384615386
2.2242307692307692
2.158846153846154
1.8603846153846153
2.213846153846154
2.143846153846154
2.1380769230769228
2.381153846153846
2.375384615384615
2.1957692307692307
2.5988461538461536
2.522692307692308
2.6253846153846156
2.4853846153846155
2.4899999999999998
2.436153846153846
2.398846153846154
2.5076923076923077
2.4996153846153844
2.4165384615384613
2.246153846153846
2.208846153846154
2.189230769230769
2.1303846153846155
2.2580769230769233
2.167307692307692
2.2634615384615384
2.213461538461538
2.180769230769231
2.106153846153846
2.0696153846153846
2.0676923076923077
2.0973076923076923
2.1534615384615385
2.273076923076923
2.2153846153846155
2.246923076923077
2.508846153846154
2.117692307692308
2.041153846153846
2.1107692307692307
2.036923076923077
2.121538461538462
2.207307692307692
2.0915384615384616
2.08
2.165769230769231
2.3284615384615384
2.1965384615384616
2.015
2.021923076923077
2.2611538461538463
2.338076923076923
2.264615384615385
2.4365384615384618
2.4930769230769227
2.228846153846154
2.202692307692308
2.210384615384615
2.295769230769231
2.063846153846154
2.202692307692308
2.0723076923076924
1.8542307692307693
1.7607692307692309
1.8519230769230768
2.0834615384615387
2.2934615384615387
2.0923076923076924
1.998076923076923
1.9623076923076925
1.9661538461538461
2.0088461538461537
2.1403846153846153
2.165769230769231
2.1684615384615387
2.073076923076923
2.0357692307692306
1.9934615384615384
1.8984615384615384
1.9496153846153845
1.8880769230769232
1.7038461538461538
1.751923076923077
1.8061538461538462
1.7638461538461538
1.6338461538461537
1.7003846153846154
1.6584615384615387
1.591923076923077
1.735769230769231
1.7307692307692308
1.6634615384615385
1.6834615384615386
1.708076923076923
1.5203846153846154
1.6573076923076924
1.6176923076923078
1.691153846153846
1.764230769230769
1.544230769230769
1.5150000000000001
1.6257692307692309
1.5765384615384617
1.5015384615384615
1.4849999999999999
1.5176923076923077
1.6296153846153845
1.3615384615384616
1.3334615384615385
1.3823076923076922
1.3473076923076923
1.338076923076923
1.4219230769230768
1.3396153846153847
1.1688461538461539
1.2376923076923076
1.294230769230769
1.213076923076923
1.071923076923077
1.0534615384615384
1.0153846153846153
1.0203846153846154
0.9242307692307693
0.946923076923077
0.966923076923077
1.169230769230769
1.1426923076923077
1.018076923076923
1.0557692307692308
1.1046153846153846
1.0711538461538461
0.9715384615384616
0.9696153846153847
0.745
0.6888461538461539
0.7569230769230769
0.8303846153846154
0.9192307692307692
0.9746153846153847
1.0223076923076924
0.9507692307692307
0.9626923076923077
0.91
0.8323076923076923
0.8369230769230769
0.7565384615384616
0.73
0.8688461538461538
0.7403846153846154
0.6799999999999999
0.7469230769230768
0.6480769230769231
0.7084615384615385
0.7415384615384616
0.6315384615384616
0.6384615384615385
0.5826923076923077
0.5473076923076923
0.49923076923076926
0.4853846153846154
0.5073076923076922
0.565
0.6407692307692308
0.5930769230769231
0.5692307692307692
0.5826923076923077
0.5265384615384615
0.6611538461538462
0.6161538461538462
0.6753846153846154
0.5534615384615384
0.5423076923076923
0.585
0.6026923076923076
0.51
0.45884615384615385
0.5757692307692308
0.6192307692307693
0.5442307692307693
0.583076923076923
0.5015384615384615
0.46307692307692305
0.37884615384615383
0.41346153846153844
0.4273076923076923
0.38923076923076927
0.34307692307692306
0.35038461538461535
0.3246153846153846
0.20384615384615384
0.23115384615384615
0.5473076923076923
0.4984615384615385
0.46269230769230774
0.39923076923076917
0.42923076923076925
0.3807692307692308
0.3792307692307692
0.3934615384615385
0.3542307692307692
0.40269230769230774
0.4019230769230769
0.5311538461538462
0.5080769230769231
0.44153846153846155
0.3173076923076923
0.22192307692307692
0.20615384615384616
0.22730769230769232
0.35423076923076924
0.43153846153846154
0.4103846153846154
0.40115384615384614
0.36
0.40692307692307694
0.3984615384615384
0.315
0.25346153846153846
0.3269230769230769
0.24153846153846154
0.28
0.2915384615384615
0.29038461538461535
0.35615384615384615
0.39115384615384613
0.4284615384615385
0.31884615384615383
0.3384615384615384
0.32923076923076927
0.3046153846153846
0.315
0.4046153846153846
