temperature
0.8053846153846153
0.019230769230769214
-0.2642307692307692
0.49961538461538463
0.9903846153846154
0.9873076923076922
0.6665384615384616
0.9392307692307692
0.4515384615384615
0.336923076923077
0.016923076923076853
-0.5246153846153846
0.7103846153846154
0.8823076923076923
0.8076923076923077
0.20769230769230773
0.0938461538461539
0.21230769230769236
0.6061538461538462
1.0076923076923077
1.016923076923077
0.7434615384615385
0.5338461538461539
0.305
-0.6365384615384616
-0.3323076923076923
-0.6473076923076923
0.01769230769230776
0.15692307692307692
-0.41576923076923084
-0.2557692307692307
0.11423076923076922
1.0542307692307693
0.696923076923077
0.7811538461538462
1.3134615384615385
0.5765384615384617
-0.0553846153846154
-0.476923076923077
-0.3215384615384615
-0.6203846153846153
-0.5703846153846154
-0.32038461538461543
-0.7926923076923077
-1.1388461538461538
-1.1819230769230769
-0.9107692307692308
-0.2338461538461538
-0.09461538461538463
0.0
0.19000000000000006
0.4096153846153846
0.8973076923076924
0.9142307692307692
0.8061538461538462
0.4238461538461538
0.4457692307692308
1.0215384615384617
0.5384615384615384
0.5803846153846154
0.7811538461538461
0.6703846153846154
1.2415384615384615
1.9596153846153848
2.395769230769231
2.608846153846154
1.8796153846153847
1.9246153846153846
2.2376923076923076
2.006923076923077
2.151153846153846
1.4565384615384613
0.7326923076923078
0.8042307692307692
1.1534615384615385
1.298846153846154
0.6865384615384614
0.7915384615384615
0.7011538461538461
0.7192307692307692
1.4515384615384617
1.4476923076923076
1.8684615384615384
1.7076923076923076
1.7396153846153848
1.5469230769230768
1.6773076923076924
2.125384615384615
2.873846153846154
2.9515384615384614
2.5788461538461536
1.7023076923076923
1.853846153846154
2.8061538461538458
2.507307692307692
2.8453846153846154
2.4026923076923077
2.713846153846154
3.118846153846154
3.8169230769230773
3.5969230769230767
3.123076923076923
2.9253846153846155
4.239615384615385
4.712307692307692
4.332692307692308
4.538846153846154
4.689615384615385
4.111923076923077
4.354615384615385
4.896923076923077
4.331538461538462
4.415
4.810384615384615
4.729615384615385
5.175000000000001
5.064615384615385
4.9253846153846155
5.109615384615385
5.005769230769231
4.791538461538462
5.028076923076923
5.5407692307692304
5.468076923076922
5.71
6.453076923076923
6.473461538461539
5.83
5.904230769230769
6.152692307692307
6.231153846153846
6.613461538461538
6.485
6.823076923076924
6.730769230769231
6.042692307692307
7.0942307692307685
6.910769230769231
7.006153846153846
7.766538461538461
7.8684615384615375
7.408076923076924
8.56576923076923
8.377307692307692
8.676538461538462
8.261923076923077
8.359615384615385
8.350769230769231
8.184615384615386
8.614615384615384
8.56
9.158846153846154
8.865384615384615
8.962692307692308
8.952692307692308
8.736538461538462
9.171923076923077
9.013076923076923
9.44923076923077
9.318461538461538
9.228461538461538
9.187307692307693
9.088076923076922
9.093461538461538
9.347307692307693
9.686153846153847
10.028076923076924
9.975000000000001
10.123076923076923
10.933846153846153
9.911923076923076
9.761538461538462
9.986153846153845
9.926923076923078
10.21269230769231
10.516923076923076
10.217692307692309
10.203846153846154
10.489230769230769
11.099615384615383
10.929615384615385
10.394615384615385
10.460769230769232
11.349230769230768
11.565
11.441538461538462
12.01423076923077
12.159230769230769
11.544230769230769
11.597307692307691
11.619615384615384
11.861923076923079
11.243076923076924
11.795384615384616
11.579230769230769
10.963461538461539
10.766153846153847
11.156538461538462
11.807307692307692
12.353461538461538
11.896153846153847
11.59423076923077
11.411153846153846
11.397692307692306
11.667692307692308
12.206153846153846
12.307692307692308
12.48
12.224230769230768
12.114615384615385
11.903461538461539
11.611923076923079
11.878846153846155
11.758846153846154
11.227692307692308
11.35423076923077
11.466923076923077
11.436538461538463
11.152692307692309
11.303076923076922
11.30923076923077
11.045769230769231
11.463846153846154
11.524230769230769
11.336923076923076
11.357692307692307
11.447307692307692
10.799230769230768
11.226923076923075
11.167307692307693
11.36923076923077
11.562692307692307
10.951538461538462
10.654615384615385
11.23076923076923
11.12076923076923
10.891153846153847
10.77346153846154
10.78076923076923
11.19923076923077
10.323846153846155
10.101923076923075
10.371923076923078
10.222307692307691
10.058076923076923
10.11076923076923
9.909230769230769
9.190384615384614
9.492692307692307
9.721538461538461
9.30923076923077
8.778461538461539
8.534230769230769
8.438461538461539
8.657692307692308
8.13423076923077
8.198076923076924
8.337692307692308
9.055
8.892692307692307
8.67423076923077
8.72653846153846
8.563076923076922
8.27076923076923
8.105
8.095
7.302692307692308
6.999615384615385
7.091153846153846
7.206153846153845
7.764615384615384
7.97423076923077
8.09153846153846
7.6534615384615385
7.631923076923077
7.44423076923077
7.189615384615385
7.18923076923077
6.987692307692308
6.720384615384615
7.113461538461538
6.755769230769231
6.017692307692308
6.266923076923077
5.625384615384615
5.834615384615384
6.000769230769231
5.700384615384616
5.483846153846153
5.332307692307692
5.2930769230769235
4.846153846153846
4.386923076923077
4.813461538461538
5.320769230769231
5.609230769230769
5.400384615384615
5.064615384615385
4.978461538461539
4.75
4.997307692307692
4.828461538461538
4.900769230769231
4.323076923076924
4.388846153846154
4.546153846153846
4.393461538461539
3.914615384615385
3.629230769230769
3.9423076923076925
4.210384615384616
3.8173076923076925
3.7157692307692307
3.678076923076923
3.286538461538462
2.5846153846153848
2.3646153846153846
2.5865384615384617
2.536923076923077
1.8476923076923077
1.916153846153846
2.041923076923077
1.2873076923076923
1.3615384615384616
2.328076923076923
2.5015384615384613
2.3815384615384616
2.139615384615385
2.0673076923076925
1.505
1.6276923076923078
1.4088461538461539
1.261923076923077
1.4688461538461537
1.8226923076923076
2.4273076923076924
2.3876923076923076
2.168076923076923
1.9173076923076924
1.0196153846153846
0.2853846153846154
0.6226923076923077
1.1415384615384616
1.51
1.304230769230769
1.4615384615384615
1.393076923076923
1.468076923076923
1.7507692307692309
1.173076923076923
0.7865384615384615
1.1857692307692307
0.8153846153846154
0.5549999999999999
0.6346153846153846
0.841923076923077
1.1565384615384615
1.4265384615384613
1.3476923076923077
0.5546153846153845
0.15807692307692298
0.3226923076923077
-0.0799999999999999
0.4765384615384616
0.7630769230769231
