pet
0.4492307692307692
0.42230769230769233
0.38884615384615384
0.36846153846153845
0.41807692307692307
0.4288461538461539
0.5630769230769231
0.45615384615384613
0.43769230769230766
0.53
0.6034615384615385
0.568076923076923
0.4923076923076923
0.47269230769230763
0.558076923076923
0.5092307692307693
0.43538461538461537
0.5323076923076923
0.5903846153846154
0.46
0.35884615384615387
0.42461538461538456
0.4538461538461539
0.5080769230769231
0.5592307692307693
0.566923076923077
0.6288461538461539
0.6784615384615384
0.5719230769230769
0.5676923076923077
0.6692307692307692
0.6957692307692308
0.6734615384615383
0.6538461538461539
0.7403846153846154
0.7188461538461539
0.5780769230769232
0.6296153846153847
0.7026923076923077
0.6065384615384615
0.5442307692307693
0.7057692307692308
0.7403846153846154
0.5850000000000001
0.6838461538461539
0.8311538461538461
0.7484615384615385
0.8246153846153846
0.7492307692307693
0.8526923076923077
0.9038461538461539
0.9846153846153847
0.9142307692307692
0.9553846153846154
0.8261538461538461
0.9346153846153846
0.8276923076923077
0.8007692307692308
0.7557692307692307
0.7796153846153846
0.8515384615384616
0.7569230769230769
0.6719230769230768
0.7711538461538462
1.0096153846153846
1.1403846153846153
1.1642307692307692
1.3023076923076924
1.2334615384615384
1.238846153846154
1.1307692307692307
1.1211538461538462
1.386153846153846
1.518076923076923
1.4826923076923075
1.4715384615384615
1.2765384615384614
1.3273076923076923
1.276923076923077
1.334230769230769
1.3365384615384615
1.3953846153846154
1.478076923076923
1.5069230769230768
1.5688461538461538
1.4903846153846154
1.585
1.6853846153846155
1.7634615384615384
1.7873076923076923
1.6923076923076923
1.7030769230769232
1.7888461538461538
1.688076923076923
1.8134615384615385
1.7534615384615386
1.4807692307692308
1.7465384615384614
1.8176923076923077
1.705769230769231
1.7596153846153846
1.6996153846153845
1.863076923076923
1.9553846153846155
1.9265384615384613
1.9134615384615385
1.9911538461538463
1.8634615384615385
1.8311538461538461
2.1119230769230772
2.3657692307692306
2.4423076923076925
2.4050000000000002
2.4626923076923077
2.3096153846153844
2.1173076923076923
2.2011538461538462
2.145
2.123076923076923
2.251153846153846
2.4257692307692307
2.4584615384615387
2.5403846153846152
2.5546153846153845
2.579615384615385
2.480384615384615
2.774230769230769
2.7169230769230768
2.8034615384615384
2.92
2.6496153846153847
2.665
2.668461538461538
2.5726923076923076
2.8753846153846156
2.835
2.7484615384615387
2.8173076923076925
2.9376923076923074
2.8096153846153844
2.8865384615384615
2.8380769230769234
2.8784615384615386
2.8046153846153845
2.963461538461538
2.995
3.0596153846153844
2.9396153846153847
2.9711538461538463
2.995
3.159615384615385
3.269230769230769
2.9899999999999998
2.7607692307692306
2.6580769230769232
2.724615384615385
2.666153846153846
2.766538461538462
2.7473076923076922
2.876923076923077
2.8546153846153848
2.769230769230769
2.688076923076923
2.753846153846154
2.741153846153846
2.7757692307692308
3.089230769230769
3.0334615384615384
3.088846153846154
2.9123076923076923
2.8207692307692307
2.745769230769231
2.8
2.931923076923077
2.855769230769231
2.891923076923077
3.0757692307692306
2.828076923076923
2.868076923076923
2.9742307692307692
2.917307692307692
3.051153846153846
3.0949999999999998
3.003846153846154
2.9915384615384615
3.1123076923076924
3.019615384615385
2.9896153846153846
2.996153846153846
3.020769230769231
3.004230769230769
2.950384615384615
2.881923076923077
2.6784615384615384
2.861923076923077
2.991153846153846
3.0546153846153845
3.039230769230769
3.3415384615384616
3.2834615384615384
3.001153846153846
2.7796153846153846
3.022307692307692
3.148076923076923
2.9438461538461542
3.165769230769231
2.9457692307692307
2.961153846153846
2.8546153846153848
2.862692307692308
2.7384615384615385
2.7484615384615383
2.86
2.879230769230769
2.8726923076923074
2.7684615384615388
2.6826923076923075
2.776923076923077
2.6165384615384615
2.771153846153846
2.7403846153846154
2.5453846153846156
2.796923076923077
2.6619230769230766
2.6546153846153846
2.667692307692308
2.4103846153846153
2.4749999999999996
2.4280769230769232
2.4365384615384618
2.423076923076923
2.373076923076923
2.351153846153846
2.448846153846154
2.3438461538461537
2.088846153846154
2.2242307692307692
2.0353846153846153
2.0538461538461537
1.9761538461538461
1.830769230769231
1.9146153846153846
1.811923076923077
1.8746153846153848
2.2438461538461536
1.9930769230769232
2.1796153846153845
2.154230769230769
2.036538461538462
1.9953846153846155
2.0057692307692307
1.9207692307692308
2.05
1.958076923076923
1.8076923076923077
1.7019230769230769
1.6199999999999999
1.7046153846153846
1.5311538461538463
1.5280769230769229
1.5996153846153844
1.6011538461538461
1.5676923076923077
1.6096153846153847
1.5307692307692307
1.4607692307692306
1.426153846153846
1.4892307692307691
1.4215384615384616
1.4415384615384614
1.5569230769230769
1.4661538461538461
1.5215384615384617
1.3484615384615386
1.268846153846154
1.208076923076923
1.1923076923076923
1.2638461538461538
1.0953846153846154
1.178076923076923
1.3269230769230769
1.1642307692307692
1.2788461538461537
1.0976923076923077
1.141923076923077
1.1584615384615384
1.0461538461538462
0.9826923076923078
1.018076923076923
0.8349999999999999
0.9346153846153846
0.9123076923076923
0.9073076923076923
0.9834615384615385
0.8999999999999999
0.9507692307692307
1.035
0.9992307692307693
0.905
1.033076923076923
0.9546153846153846
0.8807692307692307
0.9865384615384615
0.885
0.8388461538461538
0.8407692307692307
0.7265384615384616
0.7123076923076923
0.7357692307692307
0.6638461538461539
0.6107692307692307
0.5973076923076923
0.6169230769230769
0.6796153846153845
0.6473076923076924
0.6407692307692308
0.5765384615384616
0.5973076923076923
0.7519230769230769
0.5711538461538461
0.6119230769230769
0.556923076923077
0.4926923076923077
0.4626923076923077
0.45615384615384613
0.365
0.41500000000000004
0.4157692307692308
0.4123076923076923
0.5365384615384615
0.5026923076923077
0.5092307692307693
0.49192307692307696
0.5153846153846154
0.445
0.47692307692307695
0.3638461538461539
0.3976923076923077
0.5426923076923077
0.5396153846153846
0.4807692307692308
0.4653846153846154
0.4146153846153846
0.4215384615384616
0.34730769230769226
0.4480769230769231
0.37884615384615383
0.41192307692307695
0.41923076923076924
0.4453846153846154
0.34153846153846157
0.3396153846153846
0.35884615384615387
0.41346153846153844
0.5280769230769231
0.5596153846153846
0.6561538461538461
0.583076923076923
0.4776923076923077
0.4330769230769231
0.41115384615384615
0.3507692307692307
0.5046153846153847
0.5711538461538461
0.591923076923077
