pet
0.2976923076923077
0.32346153846153847
0.2996153846153846
0.2784615384615385
0.33615384615384614
0.3796153846153846
0.42230769230769233
0.3
0.29115384615384615
0.3988461538461539
0.42192307692307696
0.3915384615384615
0.3515384615384616
0.3088461538461538
0.4015384615384615
0.3342307692307692
0.2726923076923077
0.3353846153846154
0.32
0.2519230769230769
0.29653846153846153
0.36615384615384616
0.36961538461538457
0.4326923076923077
0.4269230769230769
0.47115384615384615
0.4511538461538462
0.4492307692307692
0.3096153846153846
0.35
0.4676923076923077
0.49
0.4688461538461538
0.4734615384615385
0.4496153846153846
0.4003846153846154
0.36115384615384616
0.3903846153846154
0.5184615384615385
0.3873076923076923
0.3542307692307692
0.45615384615384613
0.5226923076923077
0.48115384615384615
0.5549999999999999
0.6646153846153846
0.5753846153846154
0.5853846153846154
0.543076923076923
0.7061538461538461
0.6480769230769231
0.7038461538461539
0.661923076923077
0.73
0.5811538461538461
0.7242307692307691
0.5884615384615385
0.6038461538461538
0.5769230769230769
0.5253846153846153
0.5834615384615385
0.541923076923077
0.5130769230769231
0.5573076923076923
0.745
0.8346153846153845
0.9161538461538462
0.9242307692307693
0.8915384615384615
0.9253846153846154
0.8726923076923078
0.9942307692307693
1.156923076923077
1.169230769230769
1.138076923076923
1.1738461538461538
1.0953846153846154
1.1542307692307692
1.1115384615384616
1.161923076923077
1.1453846153846154
1.1142307692307691
1.228076923076923
1.3061538461538462
1.2442307692307693
1.363076923076923
1.3288461538461538
1.3757692307692309
1.3453846153846152
1.4311538461538462
1.2392307692307691
1.4123076923076923
1.4426923076923077
1.4773076923076922
1.5726923076923076
1.4849999999999999
1.2926923076923076
1.5450000000000002
1.6157692307692306
1.544230769230769
1.4642307692307692
1.411153846153846
1.5238461538461539
1.6334615384615385
1.6688461538461539
1.5953846153846152
1.5923076923076922
1.5476923076923077
1.7515384615384615
1.9311538461538462
2.091153846153846
2.106923076923077
2.1346153846153846
2.081923076923077
1.9200000000000002
1.7496153846153848
1.7542307692307693
1.783076923076923
1.8473076923076923
1.8061538461538462
1.9642307692307692
2.1342307692307694
2.1157692307692306
2.328076923076923
2.184230769230769
2.1665384615384613
2.392692307692308
2.296923076923077
2.381153846153846
2.4892307692307694
2.3219230769230768
2.3023076923076924
2.2765384615384616
2.358076923076923
2.6146153846153846
2.476923076923077
2.5773076923076923
2.443076923076923
2.7053846153846157
2.5138461538461536
2.5707692307692307
2.4811538461538465
2.5373076923076923
2.518076923076923
2.7473076923076927
2.7196153846153845
2.5565384615384614
2.5969230769230767
2.694230769230769
2.5292307692307694
2.7803846153846155
2.7765384615384616
2.582692307692308
2.439230769230769
2.2115384615384617
2.254230769230769
2.344230769230769
2.4346153846153844
2.4326923076923075
2.4511538461538462
2.4984615384615383
2.1684615384615387
2.181153846153846
2.170769230769231
2.1107692307692307
2.3223076923076924
2.5219230769230765
2.5876923076923077
2.5280769230769233
2.33
2.496153846153846
2.3334615384615387
2.351153846153846
2.4661538461538464
2.3207692307692307
2.315
2.33
2.3426923076923076
2.404230769230769
2.3469230769230767
2.3242307692307693
2.437692307692308
2.4965384615384614
2.5003846153846156
2.481923076923077
2.4630769230769234
2.3696153846153845
2.316538461538461
2.363076923076923
2.4615384615384617
2.4234615384615386
2.358846153846154
2.1684615384615387
2.254230769230769
2.2657692307692305
2.4057692307692307
2.480769230769231
2.4484615384615385
2.5865384615384617
2.573846153846154
2.3807692307692307
2.2953846153846156
2.501153846153846
2.4923076923076923
2.3592307692307695
2.344230769230769
2.3053846153846154
2.352307692307692
2.251153846153846
2.231153846153846
2.109230769230769
2.265
2.335
2.2369230769230772
2.319230769230769
2.228846153846154
2.228076923076923
2.188076923076923
1.94
2.1534615384615385
2.1307692307692307
2.0892307692307694
1.9934615384615384
2.0876923076923077
2.1607692307692306
2.0300000000000002
1.8784615384615386
1.9184615384615387
1.9688461538461537
1.8511538461538461
1.9042307692307692
1.8519230769230768
1.7865384615384616
1.7511538461538463
1.786153846153846
1.7349999999999999
1.776923076923077
1.5203846153846154
1.5938461538461537
1.6411538461538462
1.4738461538461538
1.514230769230769
1.603076923076923
1.5846153846153848
1.8015384615384618
1.633076923076923
1.7411538461538463
1.8326923076923076
1.6165384615384615
1.5984615384615386
1.6834615384615383
1.4534615384615384
1.5796153846153846
1.6073076923076923
1.448076923076923
1.3773076923076923
1.2742307692307693
1.2488461538461537
1.2065384615384616
1.121923076923077
1.198076923076923
1.2176923076923076
1.3126923076923078
1.311923076923077
1.2626923076923076
1.1223076923076922
1.1484615384615384
1.1623076923076923
1.133846153846154
1.036923076923077
1.2796153846153848
1.1146153846153846
1.156923076923077
1.0196153846153846
1.0073076923076925
0.9180769230769231
0.8773076923076922
0.8884615384615385
0.841923076923077
0.9526923076923077
0.9584615384615384
0.9019230769230769
0.8711538461538461
0.7826923076923078
0.7946153846153846
0.8834615384615384
0.8415384615384615
0.7050000000000001
0.713076923076923
0.7011538461538461
0.675
0.6607692307692308
0.6815384615384615
0.7584615384615384
0.6492307692307692
0.6942307692307692
0.7457692307692307
0.6746153846153846
0.7076923076923076
0.786923076923077
0.6330769230769231
0.5903846153846154
0.6626923076923077
0.7026923076923077
0.6092307692307692
0.5423076923076923
0.5515384615384615
0.5292307692307692
0.47307692307692306
0.45653846153846156
0.475
0.4146153846153846
0.41615384615384615
0.43653846153846154
0.4453846153846154
0.41192307692307695
0.385
0.4642307692307692
0.5888461538461539
0.44346153846153846
0.4573076923076923
0.4230769230769231
0.37576923076923074
0.34769230769230774
0.3342307692307692
0.19884615384615384
0.3119230769230769
0.30230769230769233
0.24846153846153846
0.37307692307692314
0.3761538461538461
0.33192307692307693
0.33461538461538465
0.3646153846153846
0.2826923076923077
0.31346153846153846
0.18730769230769231
0.2692307692307692
0.35730769230769227
0.36653846153846154
0.3173076923076923
0.31846153846153846
0.3619230769230769
0.3915384615384615
0.22499999999999998
0.29
0.2865384615384615
0.2946153846153846
0.3257692307692308
0.3169230769230769
0.29346153846153844
0.27884615384615385
0.3169230769230769
0.28423076923076923
0.3619230769230769
0.37269230769230766
0.49038461538461536
0.3915384615384615
0.29230769230769227
0.27115384615384613
0.2573076923076923
0.2253846153846154
0.31846153846153846
0.39
0.4523076923076923
