temperature
2.8492307692307692
2.704230769230769
2.688846153846154
3.6773076923076924
3.808076923076923
3.015
3.1957692307692307
3.6096153846153842
3.5473076923076925
3.099615384615385
2.3015384615384615
1.6726923076923077
2.063846153846154
2.870769230769231
2.9426923076923077
2.376153846153846
1.9876923076923076
2.356923076923077
2.786538461538462
3.1149999999999998
3.305
3.1953846153846155
3.060769230769231
3.218461538461539
2.707692307692308
2.536153846153846
2.3838461538461537
2.6957692307692307
2.4319230769230766
1.7803846153846155
2.223846153846154
2.5023076923076926
3.0584615384615383
3.289230769230769
3.1599999999999997
3.688076923076923
3.3246153846153845
3.072307692307692
2.6346153846153846
2.4546153846153844
2.015769230769231
2.325
2.2026923076923075
1.4319230769230769
1.0776923076923077
1.2738461538461539
1.6307692307692307
2.183846153846154
1.698076923076923
2.065769230769231
1.9353846153846155
2.3534615384615383
2.9365384615384613
2.984615384615385
2.4996153846153844
2.2953846153846156
3.0446153846153843
3.2023076923076923
3.2838461538461536
3.4873076923076924
3.766538461538462
3.5157692307692305
3.651923076923077
4.427307692307692
4.606923076923077
4.462307692307692
4.245384615384615
4.390384615384615
4.971923076923077
4.703846153846154
4.648076923076923
4.52
4.212307692307692
4.3161538461538465
4.145769230769231
4.200384615384615
4.533461538461538
4.061538461538461
4.147307692307693
4.167307692307692
4.234615384615385
4.899615384615385
5.045
4.987692307692308
4.892307692307693
4.713076923076923
4.54
5.121153846153846
5.390384615384615
5.725
5.275384615384615
4.512307692307692
4.289230769230769
4.686153846153847
4.9569230769230765
5.373846153846154
5.4096153846153845
4.772307692307693
5.469615384615385
6.173461538461538
6.5976923076923075
6.435384615384615
5.896923076923077
6.231153846153846
7.2773076923076925
7.116538461538462
6.701153846153845
7.236538461538462
6.678846153846154
6.851923076923077
7.331538461538462
7.671153846153846
7.016538461538461
7.095
6.9411538461538465
7.092692307692308
7.111538461538462
7.454615384615384
7.735384615384616
7.656923076923078
6.916538461538462
7.324999999999999
7.704615384615384
7.936923076923078
8.350384615384614
8.595384615384615
9.040384615384616
8.560384615384615
8.149230769230769
8.715384615384615
9.035
9.14846153846154
9.151153846153846
9.218846153846155
9.415
8.942307692307692
9.138076923076923
9.248076923076923
9.895
10.28076923076923
10.141153846153847
10.611153846153845
10.528846153846153
11.045384615384616
10.304615384615385
10.757307692307693
10.391538461538461
10.209615384615384
10.85423076923077
10.280384615384616
10.958846153846155
11.343846153846155
11.036923076923076
11.122307692307693
10.873846153846156
11.35923076923077
11.248461538461537
11.372692307692308
11.575769230769232
11.46653846153846
11.339615384615383
11.562692307692307
11.425
11.345769230769232
11.366923076923078
11.973461538461539
12.611923076923079
12.487692307692308
12.374615384615385
12.572307692307692
12.871538461538462
12.376923076923077
12.498076923076923
12.46923076923077
12.675
13.023846153846154
13.209615384615384
13.015769230769232
13.287307692307694
13.457307692307692
13.601923076923075
13.437307692307693
13.497692307692308
14.007307692307693
14.42923076923077
14.218461538461538
14.18423076923077
14.726153846153846
14.695384615384615
14.691153846153847
14.603076923076923
14.766153846153847
14.492307692307692
14.836153846153847
14.688461538461537
14.517307692307693
14.041923076923077
13.895
14.058846153846153
14.741538461538461
14.55076923076923
14.421153846153846
14.409999999999998
14.581538461538461
14.193846153846154
15.02346153846154
14.918076923076923
15.073846153846155
14.901538461538461
15.083461538461538
15.40230769230769
14.27346153846154
14.320384615384615
14.781538461538462
14.448076923076922
14.38076923076923
14.435384615384615
14.054615384615385
13.518076923076924
14.312692307692307
13.78076923076923
14.078076923076923
14.459615384615384
14.075769230769229
14.288846153846153
14.610000000000001
14.364615384615385
13.904615384615385
13.984230769230768
14.09769230769231
14.595769230769232
14.921153846153846
14.736153846153845
14.011923076923077
13.735000000000001
13.848076923076924
13.831923076923077
13.423461538461538
13.32076923076923
13.656923076923077
13.56
13.200769230769229
13.316923076923077
12.861153846153845
12.869615384615384
12.408846153846154
12.509615384615385
12.074615384615385
12.265769230769232
12.844615384615384
12.456538461538461
12.567307692307692
11.466923076923077
11.551153846153845
11.400384615384617
11.317692307692308
11.042692307692308
11.056153846153846
11.825769230769232
11.575769230769232
11.206923076923077
11.220384615384615
11.233461538461539
11.217692307692309
11.011153846153848
11.279615384615385
10.675384615384615
10.614615384615385
10.357692307692307
10.613461538461538
10.86076923076923
10.586923076923076
10.546923076923077
10.049230769230771
10.289615384615384
9.99423076923077
9.708461538461538
9.708461538461538
9.740384615384615
9.464230769230769
10.00076923076923
10.111153846153845
8.99
9.159230769230769
9.091923076923077
8.231153846153846
8.422692307692309
8.192692307692308
7.816538461538461
7.761923076923077
8.243461538461538
8.074615384615385
7.673846153846155
7.30576923076923
7.5503846153846155
7.917692307692307
7.606153846153846
8.055384615384614
7.543846153846155
7.350384615384614
7.208461538461538
7.457307692307692
8.078846153846154
7.5503846153846155
7.44923076923077
7.338461538461538
6.741153846153846
6.51
5.771923076923077
6.140384615384615
7.160384615384615
6.576923076923077
6.346153846153846
6.588846153846154
6.085384615384616
5.272307692307693
5.015384615384615
4.910769230769231
5.043846153846153
4.605769230769231
5.016538461538461
5.314615384615385
4.159230769230769
4.072307692307692
4.059230769230769
4.651538461538461
5.118461538461539
4.932307692307693
4.82423076923077
4.145
3.7765384615384616
3.4434615384615386
3.303846153846154
3.918461538461538
4.291923076923077
5.076538461538462
4.760384615384615
4.742307692307692
4.062692307692307
3.6226923076923074
3.5553846153846154
2.8407692307692307
2.956153846153846
3.3415384615384616
3.290769230769231
3.746923076923077
3.735
3.9296153846153845
4.248846153846154
3.975769230769231
3.4703846153846154
3.483846153846154
3.8288461538461536
4.071538461538461
3.5903846153846155
3.2942307692307695
3.6407692307692305
3.835384615384615
3.9030769230769233
3.9030769230769233
3.7476923076923074
3.8819230769230773
3.013076923076923
2.71
2.9296153846153845
