pet
0.31679999999999997
0.2412
0.1668
0.35600000000000004
0.42839999999999995
0.3468
0.3576
0.3556
0.3336
0.39799999999999996
0.4068
0.37
0.3892
0.39519999999999994
0.408
0.32880000000000004
0.242
0.2732
0.34840000000000004
0.3836
0.4628
0.33399999999999996
0.3208
0.32439999999999997
0.24719999999999998
0.31520000000000004
0.2004
0.2984
0.37439999999999996
0.3558333333333333
0.3870833333333334
0.4008333333333333
0.415
0.4345833333333333
0.4583333333333333
0.5979166666666667
0.54875
0.35958333333333337
0.32125
0.40958333333333335
0.2754166666666667
0.28583333333333333
0.35874999999999996
0.2770833333333333
0.34
0.33375
0.3408333333333333
0.3841666666666667
0.3466666666666667
0.36166666666666664
0.36833333333333335
0.4154166666666667
0.5675
0.5883333333333334
0.5054166666666666
0.5104166666666666
0.5504166666666667
0.65125
0.5741666666666666
0.6316666666666667
0.63625
0.5650000000000001
0.7116666666666668
0.8654166666666666
0.9154166666666667
0.9720833333333334
0.7512500000000001
0.8233333333333334
0.8908333333333333
0.8829166666666666
0.9345833333333333
0.8495833333333334
0.7291666666666666
0.7095833333333333
0.7308333333333333
0.7516666666666666
0.6045833333333334
0.59875
0.5850000000000001
0.6633333333333333
0.7362500000000001
0.6979166666666666
0.7904166666666667
0.7983333333333333
0.855
0.8454166666666666
0.8179166666666666
0.9654166666666667
1.0854166666666667
1.1991666666666667
1.1812500000000001
0.9058333333333334
0.84625
1.0295833333333333
1.0958333333333334
1.1595833333333332
1.09125
0.9983333333333334
1.1616666666666666
1.4633333333333332
1.3929166666666666
1.2779166666666668
1.2241666666666666
1.4749999999999999
1.5066666666666666
1.6070833333333334
1.5054166666666668
1.6633333333333333
1.49875
1.575
1.6033333333333333
1.5333333333333332
1.6995833333333332
1.7874999999999999
1.5808333333333333
1.64875
1.7033333333333334
1.7420833333333334
1.7425
1.83
1.8225
1.8383333333333332
1.9645833333333333
1.98625
1.6937499999999999
2.0541666666666667
2.14875
1.8783333333333332
1.9479166666666667
2.04
2.0816666666666666
2.1245833333333333
2.2329166666666667
2.1954166666666666
2.3558333333333334
2.0470833333333336
2.2816666666666667
2.17875
2.2254166666666664
2.50875
2.34
2.2129166666666666
2.515
2.50125
2.5304166666666665
2.435
2.4225
2.43
2.348333333333333
2.55125
2.686666666666667
2.4092
2.2252
2.2744
2.3076
2.3892
2.234
2.2952
2.3484
2.2984
2.296
2.1188
1.9948
1.9691999999999998
2.0376
2.0616
2.2776
2.1936
2.2424
2.4228
2.1319999999999997
2.1332
2.1672
2.0264
2.1576
2.2356
2.1231999999999998
2.06
2.2444
2.3328
2.38
1.9564
2.0488
2.2816
2.416
2.2936
2.5964
2.5576
2.3192
2.2788
2.3084000000000002
2.4268
2.2880000000000003
2.362
2.2644
1.994
1.758
1.864
2.0448
2.324
2.1035999999999997
2.0296000000000003
2.0408
2.0128
2.1456
2.1848
2.2880000000000003
2.2044
2.1108
2.0396
2.066
1.8692
1.9744
1.996
1.9168
1.7868000000000002
1.9052
1.94
1.7
1.844
1.746
1.8072
1.9516
1.8632
1.8563999999999998
1.8452000000000002
1.8428
1.67
1.7228
1.7852
1.8656
1.8552000000000002
1.7468000000000001
1.6280000000000001
1.6196000000000002
1.6247999999999998
1.5316
1.5104
1.5216
1.7084000000000001
1.4791999999999998
1.3592
1.4212
1.4088
1.436
1.4191999999999998
1.3576
1.1284
1.2551999999999999
1.334
1.2304000000000002
1.1432
1.1992
1.0812
1.1252
0.9956
0.9928
1.0228
1.1652
1.2167999999999999
1.0328
1.0528
1.1148
1.1048
1.0308
1.0868
0.8136
0.8056
0.9131999999999999
0.8804
1.0452
1.0388
1.0772
0.9584
1.0084
0.9896
0.9248000000000001
0.8968
0.8216
0.7672
0.8236
0.7472
0.6315999999999999
0.7188
0.73
0.7267999999999999
0.7336
0.6784
0.5976
0.5932
0.5664
0.5943999999999999
0.5272
0.504
0.5307999999999999
0.5952000000000001
0.6275999999999999
0.628
0.5544
0.5528
0.6252
0.5783999999999999
0.6304
0.5236
0.47200000000000003
0.5307999999999999
0.5924
0.4728
0.46399999999999997
0.4844
0.5296
0.49119999999999997
0.552
0.5356000000000001
0.4396
0.3504
0.36
0.38839999999999997
0.41119999999999995
0.37439999999999996
0.4208
0.3776
0.2412
0.20199999999999999
0.4756
0.5047999999999999
0.41119999999999995
0.348
0.3864
0.2624
0.264
0.3
0.3212
0.3404
0.3736
0.4936
0.4824
0.3748
0.2752
0.222
0.2108
0.22519999999999998
0.3264
0.3804
0.36840000000000006
0.3012
0.3064
0.3012
0.3232
0.22399999999999998
0.2132
0.2188
0.1816
0.3036
0.3
0.2892
0.34600000000000003
0.4132
0.418
0.402
0.3836
0.396
0.332
0.36119999999999997
0.34840000000000004
