temperature
1.2288
0.8196000000000001
0.522
1.3548
2.0191999999999997
1.3052000000000001
1.1416
1.5563999999999998
1.208
1.0119999999999998
0.8987999999999999
0.7631999999999999
1.3496000000000001
1.7092
1.4944
1.0316
0.75
0.9004000000000001
1.0912
1.406
1.7704
1.3068
1.0264
0.9416
0.29439999999999994
0.4036
0.24520000000000003
0.6544
1.0104
0.7120833333333333
0.64
1.2145833333333333
1.52375
1.5283333333333333
1.4783333333333333
2.0570833333333334
1.7666666666666666
0.9275000000000001
0.8370833333333335
0.9587500000000001
0.22499999999999995
0.3675
0.7300000000000001
0.4491666666666667
0.34375
0.3033333333333333
0.21291666666666673
0.8066666666666668
0.6120833333333333
0.6620833333333334
0.8554166666666667
1.05375
1.75125
1.8979166666666665
1.6520833333333333
1.45625
1.4908333333333335
2.2204166666666665
1.8395833333333333
1.7729166666666665
1.7458333333333333
1.6091666666666666
2.3958333333333335
3.0979166666666664
3.4791666666666665
3.5187500000000003
2.8083333333333336
2.9795833333333337
3.2529166666666662
3.2266666666666666
3.5875
3.0887499999999997
2.3379166666666666
2.3808333333333334
2.3295833333333333
2.311666666666667
1.7929166666666667
1.9708333333333332
1.7079166666666667
2.07375
2.3370833333333336
2.32625
2.7808333333333333
2.8570833333333336
3.12625
2.674166666666667
2.6266666666666665
3.419166666666667
3.949583333333333
4.267916666666666
4.08875
2.9891666666666663
2.5683333333333334
3.4625
3.7891666666666666
4.121666666666667
3.7854166666666664
3.214166666666667
3.8166666666666664
4.812083333333333
4.655833333333333
4.437083333333333
3.8854166666666665
5.101666666666667
5.26
5.60625
5.1925
5.721666666666667
5.163333333333333
5.50375
5.55
5.2629166666666665
5.66875
5.94
5.261666666666667
5.749583333333334
5.850416666666667
5.920833333333333
6.201250000000001
6.46375
5.959166666666667
6.0562499999999995
6.387083333333333
6.4745833333333325
5.652083333333334
6.804583333333333
7.097916666666666
6.31375
6.540416666666666
6.850833333333333
7.045833333333333
7.174166666666667
7.515000000000001
7.3425
7.965416666666666
7.314583333333334
7.9054166666666665
7.580000000000001
7.819583333333333
8.748333333333333
8.37375
8.031666666666666
8.953333333333333
9.055
9.15
8.895833333333334
8.96
9.15375
8.870416666666666
9.439583333333333
9.913333333333332
9.9912
9.5964
9.943999999999999
10.0772
10.351199999999999
9.9952
10.229199999999999
10.5304
10.5124
10.536
10.1096
9.7088
9.6896
10.016
10.303199999999999
10.9832
10.851600000000001
10.992
11.53
10.8188
10.9
11.0576
10.7136
11.1752
11.501600000000002
11.2024
11.0
11.743599999999999
12.0328
12.244000000000002
11.056399999999998
11.3628
12.1668
12.6432
12.4248
13.2956
13.156400000000001
12.6008
12.62
12.6784
13.123199999999999
12.8004
13.0752
12.8564
12.1576
11.5404
11.85
12.3896
13.276
12.712
12.5052
12.5124
12.345999999999998
12.921199999999999
13.1352
13.5296
13.3396
13.0988
12.888800000000002
12.9772
12.2072
12.679200000000002
12.806400000000002
12.7096
12.2808
12.611600000000001
12.754000000000001
12.1424
12.6216
12.3464
12.6292
13.0908
12.710799999999999
12.771199999999999
12.856399999999999
12.804
12.2024
12.2952
12.5768
12.8928
12.783199999999999
12.579600000000001
11.9704
11.978399999999999
12.0924
11.872
11.65
11.442
12.2704
11.5304
11.064400000000001
11.3288
11.0556
11.1648
10.905999999999999
10.834000000000001
9.9252
10.2972
10.667200000000001
10.2364
10.0804
9.94
9.624400000000001
9.652000000000001
9.146799999999999
9.1464
9.2448
9.876
9.9476
9.375599999999999
9.4664
9.612400000000001
9.1972
9.2308
9.3724
8.3236
8.2908
8.417200000000001
8.0884
8.9572
9.0692
9.125599999999999
8.5248
8.7656
8.57
8.4468
8.1632
8.1456
7.735600000000001
7.8584000000000005
7.7812
6.8304
6.920800000000001
7.1175999999999995
6.867999999999999
6.8876
6.894400000000001
6.3844
6.1084000000000005
6.4812
6.3824000000000005
5.5904
5.856
5.984400000000001
6.1968
6.3524
6.43
5.9776
5.849600000000001
5.604400000000001
5.4588
5.8568
5.153200000000001
4.9992
5.2424
5.2436
4.7264
4.6796
4.746
4.8936
4.696000000000001
4.814
4.808
4.3452
3.6804
3.1919999999999997
3.5956
3.9819999999999998
3.4012000000000002
3.5328000000000004
3.508
2.6296
2.096
2.9983999999999997
3.2903999999999995
3.092
2.8360000000000003
3.0604
2.062
2.0728
1.9716
1.9304
2.0804
2.3819999999999997
3.2068
3.088
2.7152
2.5956
1.7275999999999998
1.0912
1.2076
2.0772
1.9944
1.8196
1.8319999999999999
1.8328
1.8628
2.356
1.6392000000000002
1.1208
1.4328
1.3288
1.3336
1.5568
1.4364000000000001
2.0776
2.3764
2.2704000000000004
1.736
1.2608000000000001
1.5248000000000002
1.1124
1.5116
1.1656
