pet
0.49038461538461536
0.3892307692307692
0.40384615384615385
0.3584615384615385
0.3526923076923077
0.3584615384615385
0.5257692307692308
0.48730769230769233
0.48423076923076924
0.4215384615384616
0.5038461538461538
0.5215384615384615
0.48115384615384615
0.42461538461538456
0.4757692307692307
0.40692307692307694
0.3719230769230769
0.4730769230769231
0.5873076923076923
0.4834615384615385
0.28846153846153844
0.38038461538461543
0.4253846153846154
0.40653846153846157
0.4403846153846154
0.43846153846153846
0.5003846153846154
0.5588461538461538
0.5623076923076924
0.44307692307692303
0.5734615384615385
0.6161538461538462
0.6138461538461539
0.6
0.7503846153846154
0.7546153846153847
0.6069230769230769
0.5326923076923077
0.6084615384615385
0.5965384615384616
0.5584615384615385
0.696923076923077
0.6173076923076923
0.5307692307692308
0.5930769230769231
0.7603846153846153
0.7015384615384614
0.7607692307692309
0.6499999999999999
0.7792307692307693
0.8526923076923077
0.9196153846153846
0.8757692307692307
0.8961538461538462
0.8573076923076923
0.8776923076923077
0.8438461538461539
0.8126923076923076
0.7511538461538462
0.7653846153846153
0.8384615384615385
0.7926923076923077
0.7161538461538461
0.8265384615384614
0.9242307692307693
1.0973076923076923
1.1476923076923078
1.283076923076923
1.1865384615384615
1.2011538461538462
1.2615384615384615
1.013076923076923
1.3557692307692308
1.493846153846154
1.511923076923077
1.406923076923077
1.3184615384615386
1.264230769230769
1.2019230769230769
1.3061538461538462
1.19
1.3592307692307695
1.3476923076923077
1.4634615384615384
1.4215384615384616
1.4107692307692308
1.5503846153846155
1.7238461538461538
1.8788461538461538
1.7788461538461537
1.7542307692307693
1.8730769230769229
1.7923076923076924
1.7815384615384615
1.9342307692307692
1.706923076923077
1.5846153846153848
1.6523076923076923
1.853846153846154
1.8069230769230769
1.676153846153846
1.7534615384615386
1.9176923076923076
1.9892307692307691
1.923846153846154
1.8888461538461538
1.9619230769230769
1.953846153846154
1.963076923076923
2.0915384615384616
2.3465384615384615
2.522692307692308
2.535769230769231
2.675
2.4280769230769232
2.1196153846153845
2.2342307692307695
2.3576923076923078
2.0984615384615384
2.2546153846153847
2.5046153846153847
2.493846153846154
2.4865384615384616
2.4034615384615385
2.6388461538461536
2.712307692307692
2.8584615384615386
2.9619230769230773
3.186153846153846
3.112692307692308
2.867692307692308
2.730769230769231
2.7849999999999997
2.5623076923076926
2.7373076923076924
2.998076923076923
2.8773076923076926
2.9315384615384614
3.088461538461538
3.0653846153846156
2.9480769230769233
2.958076923076923
3.066923076923077
3.0384615384615383
3.0969230769230767
3.1326923076923077
3.0961538461538463
3.0576923076923075
3.0476923076923077
2.998076923076923
2.943076923076923
3.1711538461538464
3.101923076923077
2.8257692307692306
2.7323076923076925
2.733076923076923
2.7119230769230773
2.786538461538462
2.755769230769231
2.983076923076923
2.8115384615384613
2.835
2.847692307692308
2.9719230769230767
3.021153846153846
3.042307692307692
3.1792307692307693
3.358846153846154
3.1692307692307695
3.146153846153846
3.113076923076923
2.991153846153846
2.9173076923076926
3.099615384615385
3.128846153846154
2.993846153846154
3.0765384615384614
3.1453846153846152
3.0103846153846154
3.120769230769231
2.950384615384615
3.166153846153846
3.2353846153846155
3.106923076923077
3.3226923076923076
3.393076923076923
3.188076923076923
3.0988461538461536
3.141153846153846
3.133076923076923
3.2953846153846156
3.103846153846154
2.9811538461538465
2.986923076923077
3.0334615384615384
3.200384615384615
3.378076923076923
3.3096153846153844
3.526923076923077
3.6765384615384615
3.4084615384615384
3.193076923076923
3.1273076923076926
3.4069230769230767
3.488076923076923
3.460384615384615
3.4253846153846155
3.2811538461538463
3.246153846153846
3.2265384615384614
3.069230769230769
3.072307692307692
3.218461538461539
3.141538461538462
3.137307692307692
3.0330769230769232
3.131153846153846
3.337307692307692
3.1357692307692306
3.237692307692308
3.0300000000000002
3.009230769230769
3.2803846153846155
2.946153846153846
3.0765384615384614
3.0153846153846158
2.8334615384615387
2.6703846153846156
2.9073076923076924
2.869230769230769
2.792692307692308
2.7126923076923077
2.7780769230769233
2.8203846153846155
2.708076923076923
2.481923076923077
2.748076923076923
2.4865384615384616
2.3373076923076925
2.3103846153846153
2.289230769230769
2.103076923076923
2.0926923076923076
2.176153846153846
2.431153846153846
2.3242307692307693
2.332307692307692
2.471538461538462
2.2734615384615386
2.23
2.193846153846154
2.1926923076923077
2.305
2.3438461538461537
2.0715384615384616
1.9200000000000002
1.9276923076923076
1.919230769230769
1.8757692307692309
1.6246153846153848
1.876923076923077
1.8611538461538462
1.8503846153846153
1.8030769230769232
1.8296153846153846
1.738846153846154
1.5561538461538462
1.5826923076923076
1.4873076923076924
1.6503846153846153
1.6688461538461539
1.6080769230769232
1.6257692307692306
1.6026923076923079
1.4403846153846156
1.3846153846153846
1.2965384615384616
1.326153846153846
1.071923076923077
1.1034615384615385
1.2784615384615385
1.3288461538461538
1.371923076923077
1.1761538461538463
1.1588461538461539
1.2011538461538462
1.083076923076923
1.0757692307692308
1.0707692307692307
0.8911538461538461
0.9703846153846154
0.9742307692307691
0.9638461538461538
1.0903846153846155
0.9507692307692307
1.04
1.0996153846153847
1.084230769230769
0.9776923076923077
0.9803846153846153
0.9953846153846153
0.905
0.9780769230769231
0.89
0.8296153846153846
0.8273076923076924
0.745
0.6569230769230769
0.6711538461538461
0.6161538461538462
0.5873076923076923
0.5676923076923077
0.56
0.6630769230769231
0.6038461538461538
0.5503846153846154
0.5226923076923077
0.5315384615384615
0.625
0.5192307692307693
0.48230769230769227
0.46192307692307694
0.36961538461538457
0.38038461538461543
0.46076923076923076
0.4096153846153846
0.3484615384615385
0.4042307692307692
0.38153846153846155
0.42192307692307696
0.4703846153846154
0.4788461538461538
0.40269230769230774
0.43769230769230766
0.37115384615384617
0.435
0.2780769230769231
0.28500000000000003
0.4692307692307693
0.5053846153846154
0.36615384615384616
0.4176923076923077
0.31807692307692303
0.3469230769230769
0.36
0.4330769230769231
0.345
0.33884615384615385
0.4176923076923077
0.3596153846153846
0.3030769230769231
0.3242307692307692
0.3423076923076923
0.385
0.5057692307692307
0.5657692307692307
0.6753846153846154
0.6415384615384615
0.45346153846153847
0.45269230769230767
0.38307692307692304
0.25961538461538464
0.39692307692307693
0.5392307692307692
0.5192307692307693
