temperature
2.7068
2.7960000000000003
2.8156
3.8327999999999998
3.8924000000000003
2.8739999999999997
2.8684
3.4932
3.3744
3.0056
2.6712000000000002
2.1052
2.294
2.8004000000000002
2.8866666666666667
2.4541666666666666
2.129583333333333
2.2758333333333334
2.8229166666666665
3.28375
3.2816666666666667
2.93125
2.856666666666667
2.9141666666666666
2.44875
2.2866666666666666
2.37375
2.5595833333333333
2.374166666666667
2.111666666666667
2.513333333333333
2.517916666666667
2.7779166666666666
3.0825
3.09125
3.5087500000000005
3.3379166666666666
2.922083333333333
2.665
2.4404166666666667
2.0479166666666666
2.2225
2.1041666666666665
1.4770833333333335
1.175
1.4962499999999999
2.0120833333333334
2.2354166666666666
1.71875
1.9508333333333334
1.8254166666666667
2.4579166666666667
3.0366666666666666
3.11
2.8633333333333333
2.6504166666666666
3.155416666666667
3.4945833333333334
3.557916666666667
3.55625
3.67125
3.453333333333333
3.8641666666666663
4.576666666666667
4.902916666666667
4.825
4.1049999999999995
4.08
5.086666666666667
4.691666666666667
4.705416666666667
4.707083333333333
4.380416666666666
4.25375
3.97
4.0575
4.077083333333333
3.615416666666667
3.97
3.8816666666666664
4.20375
4.619583333333334
4.903333333333333
4.880416666666666
4.79625
4.639583333333333
4.473333333333334
4.797916666666667
5.226666666666667
5.763333333333333
5.054166666666666
4.514583333333333
4.042916666666667
4.3566666666666665
4.722916666666666
5.346666666666667
5.29875
5.2179166666666665
5.83625
6.162916666666667
6.43625
6.450833333333333
5.901666666666666
6.294583333333333
7.170000000000001
7.242916666666667
6.52
6.854583333333333
6.68
6.47625
7.236250000000001
7.7058333333333335
7.265833333333333
7.464166666666666
7.2225
7.352916666666666
7.7124999999999995
7.858750000000001
7.77375
8.1525
7.212000000000001
7.8048
7.9624
8.0436
8.087200000000001
8.285599999999999
8.5948
8.3204
8.2528
8.5296
8.7676
8.806799999999999
9.16
9.2164
9.8764
9.3888
9.4716
9.4776
10.0312
10.5132
10.213199999999999
10.4872
10.72
10.9472
10.7536
11.021600000000001
10.814
10.4328
10.800799999999999
10.671600000000002
11.336400000000001
11.3112
11.046
11.116
11.2744
11.774000000000001
11.337200000000001
11.587200000000001
11.710799999999999
11.878800000000002
11.785599999999999
12.1044
11.9444
11.692
11.9176
12.2076
13.2708
12.7652
12.641200000000001
12.815999999999999
13.267999999999999
12.798
13.031200000000002
12.708
12.9192
13.2336
13.2028
13.183599999999998
13.677999999999999
13.812000000000001
13.695599999999999
13.31
13.3104
14.211200000000002
14.632
14.5456
14.5352
14.6512
14.855599999999999
14.8388
14.476400000000002
14.915999999999999
14.788800000000002
14.9144
14.751600000000002
14.403599999999999
14.170399999999999
14.022
14.069600000000001
14.7904
14.712
14.308399999999999
14.361600000000001
14.5628
14.2828
14.7808
14.7204
15.4252
15.0528
15.2212
15.451199999999998
14.3124
14.4596
15.0264
14.5492
14.4692
14.7304
14.054
14.0272
14.650799999999998
14.228
14.5976
14.934000000000001
14.5132
14.456
14.786
14.71
14.526399999999999
14.43
14.582
15.1952
15.223199999999999
14.974
14.315999999999999
13.653599999999999
13.9116
14.0248
13.7784
13.6248
13.789200000000001
13.478800000000001
13.432
13.2492
12.916400000000001
12.9288
12.302
12.427200000000001
12.1264
12.4344
12.8848
12.749600000000001
12.6632
11.7836
11.87
11.6284
11.2732
11.2064
11.57
11.7752
11.6568
11.7996
11.3096
11.3248
11.1204
10.9464
11.0184
10.7744
10.7788
10.748
10.837200000000001
10.975999999999999
10.8356
10.628800000000002
10.1708
10.16
9.9544
9.8596
9.9108
9.7512
9.7228
10.049199999999999
9.9544
9.112
9.1448
9.1664
8.4224
8.826799999999999
8.3724
7.917999999999999
7.852
8.1768
8.5552
8.417200000000001
7.68
7.595600000000001
7.7976
7.6568000000000005
8.0672
7.648
7.2708
7.0196000000000005
7.3672
7.6432
7.473199999999999
7.6048
7.526
6.790800000000001
6.5684000000000005
6.058400000000001
6.561599999999999
7.3412
6.8020000000000005
6.7488
6.6492
6.1776
5.3032
5.1228
5.6084000000000005
5.7352
5.3712
5.734400000000001
5.7924
4.7168
4.2416
4.222799999999999
4.686
5.1196
4.9116
4.9976
4.2544
3.758
3.5792
3.8139999999999996
4.4176
4.4024
4.8776
4.8324
4.5388
3.9304
3.7256
4.1388
3.2236000000000002
3.2708
3.7036000000000002
3.4768
3.7524
3.8416
3.8731999999999998
3.9312
3.718
3.168
3.264
3.8192000000000004
4.010400000000001
3.68
3.5304
3.9988
4.0492
4.0344
4.0288
3.7072000000000003
3.8872000000000004
3.0272
2.9588
2.9792
