pet
0.43
0.47759999999999997
0.3772
0.5004
0.6644
0.3736
0.414
0.5092
0.4824
0.5871999999999999
0.4892
0.4568
0.4728
0.5512
0.5256000000000001
0.4608
0.3804
0.40759999999999996
0.44760000000000005
0.5084000000000001
0.6172
0.514
0.5292
0.5656
0.5176
0.48
0.4964
0.51
0.5608
0.5307999999999999
0.5676
0.5144
0.544
0.6564
0.6288
0.7992
0.8156
0.6548
0.5736
0.6844
0.5672
0.584
0.5524
0.4224
0.39880000000000004
0.46520000000000006
0.5012
0.5952000000000001
0.5432
0.5604
0.5856
0.6468
0.7728
0.7576
0.6312
0.6232
0.75
0.8515999999999999
0.828
0.8304
0.9403846153846154
0.8961538461538462
0.9546153846153846
1.091923076923077
1.116923076923077
1.115
1.1042307692307693
1.0642307692307693
1.2238461538461538
1.0911538461538461
1.1553846153846155
1.1626923076923077
1.073846153846154
1.0961538461538463
1.1238461538461537
1.2003846153846154
1.166153846153846
1.0284615384615383
1.0580769230769231
1.0842307692307693
1.178076923076923
1.313076923076923
1.2396153846153846
1.294230769230769
1.291153846153846
1.2176923076923076
1.1757692307692307
1.3242307692307693
1.3334615384615385
1.5507692307692307
1.4915384615384615
1.271923076923077
1.2092307692307693
1.315
1.3919230769230768
1.4553846153846155
1.4173076923076924
1.3103846153846155
1.4946153846153847
1.7780769230769233
1.781923076923077
1.7449999999999999
1.5942307692307693
1.6938461538461538
1.8888461538461538
1.9365384615384615
1.7365384615384616
1.9761538461538461
1.8473076923076923
1.7888461538461538
2.0326923076923076
2.0946153846153845
1.8853846153846152
1.9476923076923076
1.9553846153846153
1.9976923076923077
2.0546153846153845
2.0453846153846156
2.0673076923076925
2.1557692307692307
2.1226923076923074
2.231153846153846
2.2807692307692307
2.3261538461538462
2.2446153846153845
2.3226923076923076
2.5257692307692308
2.3784615384615386
2.2442307692307693
2.417307692307692
2.4211538461538464
2.5542307692307693
2.516538461538462
2.553846153846154
2.7242307692307692
2.519230769230769
2.631153846153846
2.5157692307692305
2.7626923076923076
2.9165384615384613
2.666153846153846
2.8846153846153846
2.835769230769231
2.9673076923076924
2.8453846153846154
2.9546153846153844
2.7423076923076923
2.689230769230769
2.8673076923076923
2.7392307692307694
2.9538461538461536
2.803846153846154
2.5461538461538464
2.5880769230769234
2.5069230769230773
2.7626923076923076
2.737692307692308
2.7249999999999996
2.736923076923077
2.7096153846153848
2.6946153846153846
2.6553846153846155
2.5492307692307694
2.555769230769231
2.5053846153846155
2.571153846153846
2.8412
2.71
2.7363999999999997
2.7204
2.7944
2.6452
2.6815999999999995
2.5384
2.6239999999999997
2.742
2.7824
2.7004
2.8360000000000003
2.8012
2.8416
2.7607999999999997
2.6892
2.872
3.0592
2.9716000000000005
2.926
3.1283999999999996
3.0176
2.9956
3.0024
2.9992
2.9804000000000004
3.054
3.0416
2.8931999999999998
2.7807999999999997
2.6588
2.7444
3.0636
2.8960000000000004
2.8104
2.8016
2.7960000000000003
2.6988
2.9676
2.8752
2.888
2.908
2.9204000000000003
3.0183999999999997
2.6672000000000002
2.67
2.83
2.7328
2.6327999999999996
2.6524
2.5627999999999997
2.36
2.5772000000000004
2.414
2.5484
2.5944
2.4748
2.5795999999999997
2.6268000000000002
2.5552
2.3819999999999997
2.3324000000000003
2.4212000000000002
2.5596
2.6492
2.5568
2.3436000000000003
2.1744
2.302
2.2403999999999997
2.0648
2.0568
2.1348
2.2148
2.0524
2.0547999999999997
1.9856
2.0168
1.8932
1.9756
1.7892
1.76
2.0312
1.8636000000000001
1.9243999999999999
1.7284
1.7076
1.614
1.5319999999999998
1.5048
1.5075999999999998
1.7328000000000001
1.6008000000000002
1.5284
1.462
1.5368000000000002
1.472
1.3903999999999999
1.4991999999999999
1.3288
1.2896
1.318
1.3024
1.4647999999999999
1.314
1.3032
1.1956
1.3168
1.2944
1.1664
1.2028
1.2304000000000002
1.1384
1.3172
1.3024
0.948
1.0204
1.1159999999999999
0.9052
0.9079999999999999
0.8692
0.7644
0.7556
0.8079999999999999
0.9208
0.8216
0.6956
0.7016
0.8468000000000001
0.8140000000000001
0.9103999999999999
0.7536
0.7356
0.7184
0.7536
0.8664000000000001
0.748
0.7759999999999999
0.7959999999999999
0.7608
0.7023999999999999
0.5816
0.622
0.8484
0.6928
0.7071999999999999
0.7164
0.5704
0.48560000000000003
0.498
0.506
0.47119999999999995
0.42119999999999996
0.4892
0.5539999999999999
0.3996
0.3632
0.4476
0.6152000000000001
0.6487999999999999
0.49920000000000003
0.516
0.3836
0.36560000000000004
0.3464
0.348
0.45
0.5539999999999999
0.6812
0.5871999999999999
0.542
0.354
0.34840000000000004
0.33519999999999994
0.3232
0.2704
0.39039999999999997
0.4108
0.4472
0.42560000000000003
0.4508
0.4316
0.39280000000000004
0.4192
0.36560000000000004
0.4616
0.5
0.4628
0.48
0.5068
0.5276
0.478
0.5888
0.6036
0.7076
0.5236
0.414
0.4696
