temperature
2.2011538461538462
2.1034615384615383
1.885
1.6423076923076922
1.9476923076923076
2.1846153846153844
2.148076923076923
1.6876923076923076
2.045769230769231
2.8184615384615386
2.800769230769231
2.8715384615384614
2.4965384615384614
2.4453846153846155
2.743846153846154
2.071923076923077
2.095769230769231
2.3546153846153848
1.886923076923077
1.4692307692307693
2.05
2.1423076923076922
2.336923076923077
2.7857692307692306
2.8042307692307693
2.981923076923077
2.516153846153846
2.286153846153846
1.5734615384615382
1.7492307692307691
2.335
2.3653846153846154
2.2392307692307694
2.579230769230769
2.4284615384615384
2.0615384615384618
1.9115384615384616
1.8092307692307692
2.101153846153846
1.6842307692307692
1.5834615384615385
2.2180769230769233
2.675769230769231
2.503846153846154
3.0757692307692306
3.4496153846153845
2.92
2.868846153846154
2.643076923076923
3.4315384615384614
3.186153846153846
3.329230769230769
3.0076923076923077
3.116153846153846
2.6692307692307695
3.375
2.7011538461538462
2.493846153846154
1.9315384615384614
1.7673076923076925
2.183076923076923
2.208846153846154
2.0503846153846155
2.101153846153846
3.11
3.5100000000000002
3.773846153846154
3.8530769230769235
3.727307692307692
3.6599999999999997
3.4130769230769227
4.144615384615385
4.820769230769231
4.818846153846154
4.742692307692308
4.763076923076923
4.381153846153846
4.668461538461538
4.403076923076923
4.654615384615385
4.586538461538462
4.455
5.002307692307692
5.140769230769231
5.03423076923077
5.446153846153846
5.070769230769231
5.398846153846154
5.118846153846154
5.471923076923077
4.750384615384615
5.404230769230769
5.371538461538462
5.233076923076923
5.681923076923076
5.479615384615385
4.843846153846154
5.7565384615384625
5.865
5.6461538461538465
5.281923076923078
5.233076923076923
5.49
5.941923076923077
5.958846153846154
5.752692307692308
5.743846153846154
5.697307692307692
6.3876923076923084
7.09923076923077
7.742307692307692
7.760769230769231
7.871153846153846
7.722307692307693
7.116153846153846
6.421153846153846
6.591153846153846
6.737692307692308
6.998461538461539
6.745384615384615
7.014615384615384
7.5976923076923075
7.610384615384616
8.24576923076923
7.509615384615385
7.6049999999999995
8.392307692307693
8.13076923076923
8.49
8.850769230769231
8.361153846153847
8.39423076923077
8.528076923076924
8.716153846153846
9.563846153846153
9.079230769230769
9.407307692307693
8.927692307692308
9.918461538461539
9.362307692307692
9.570384615384615
9.210769230769232
9.626923076923077
9.767692307692307
10.253846153846155
10.276538461538461
9.973846153846154
10.182692307692308
10.535769230769231
10.306923076923077
11.225384615384616
11.741923076923078
11.445384615384615
11.153076923076924
10.47
10.645
11.088846153846154
11.451538461538462
11.423461538461538
11.491538461538463
11.79076923076923
10.691538461538462
10.785769230769231
10.826153846153847
10.768076923076924
11.454615384615384
12.06576923076923
12.428461538461537
12.217307692307692
11.668461538461539
12.358461538461539
11.744615384615384
12.195
12.484230769230768
12.007307692307693
12.168846153846154
12.547692307692309
12.44576923076923
12.646923076923077
12.639615384615384
12.47
12.871538461538462
13.049230769230768
13.120000000000001
13.08
13.068461538461538
12.876153846153844
12.72923076923077
13.107307692307693
13.462307692307691
13.413076923076924
13.152692307692309
12.594999999999999
12.832692307692307
13.036923076923076
13.370000000000001
13.675
13.68
14.19923076923077
14.007307692307693
13.656153846153845
13.447692307692307
14.244615384615384
14.120384615384616
13.846153846153847
13.802692307692308
13.825
13.888076923076921
13.571538461538463
13.529615384615385
13.313461538461537
13.690384615384614
14.01076923076923
13.813461538461537
13.998461538461537
13.774230769230769
13.817307692307692
13.751538461538463
13.051153846153845
13.673461538461538
13.61423076923077
13.491153846153846
13.168846153846154
13.653461538461539
13.979615384615384
13.655
13.07346153846154
13.199615384615385
13.333846153846155
12.905
12.985000000000001
12.908846153846154
12.69
12.63076923076923
12.840384615384616
12.619615384615384
12.913076923076924
11.993461538461538
12.425
12.389615384615384
11.728076923076923
11.88923076923077
12.178076923076922
12.068076923076923
12.69923076923077
12.15846153846154
12.420769230769231
12.759615384615385
11.961923076923076
11.916538461538462
12.320384615384615
11.654615384615385
12.015384615384615
12.103076923076923
11.32423076923077
11.129615384615384
10.821153846153846
10.732692307692307
10.460384615384616
10.327307692307691
10.708846153846155
10.69076923076923
11.162307692307694
11.119615384615384
10.66
10.097307692307693
10.283846153846154
10.263076923076921
9.949615384615385
9.777692307692307
10.518461538461539
10.120000000000001
10.177692307692308
9.335
9.11076923076923
8.853461538461538
8.375769230769231
8.593846153846155
8.392307692307693
9.081923076923077
9.05923076923077
8.769615384615385
8.419615384615385
8.179615384615385
8.289615384615384
8.442307692307692
8.316153846153846
7.741923076923077
7.779615384615385
7.322692307692307
7.43923076923077
7.128846153846154
7.136538461538461
7.586923076923076
7.173846153846155
7.1923076923076925
7.323076923076924
7.207307692307693
7.254615384615385
7.379615384615385
6.632307692307692
6.214615384615385
6.826538461538462
6.994230769230769
6.44423076923077
6.081153846153845
5.898846153846154
5.733846153846154
5.412307692307692
5.640384615384615
5.411538461538461
4.859230769230769
4.84576923076923
5.31423076923077
5.161538461538462
4.943461538461539
4.6134615384615385
5.413846153846153
5.836538461538462
4.848076923076923
4.613846153846153
4.226923076923077
4.033076923076923
3.816923076923077
3.3850000000000002
2.8184615384615386
3.7161538461538464
3.6538461538461537
3.4061538461538463
4.0442307692307695
3.746923076923077
3.2584615384615385
2.9842307692307695
2.7600000000000002
2.6384615384615384
3.0323076923076924
2.338461538461538
2.516538461538462
2.786153846153846
2.6938461538461542
2.8488461538461536
2.938846153846154
3.560769230769231
3.2853846153846153
2.4903846153846154
2.4903846153846154
2.57
2.7473076923076927
2.8369230769230773
2.5673076923076925
2.041153846153846
1.895
2.0473076923076925
1.8265384615384614
2.413846153846154
2.911538461538462
3.54
2.8103846153846157
2.0707692307692307
2.0476923076923077
1.5653846153846156
1.1553846153846155
2.108076923076923
2.573846153846154
2.5807692307692305
