pet
0.43884615384615383
0.47923076923076924
0.4373076923076923
0.52
0.6284615384615384
0.4357692307692308
0.4634615384615385
0.5496153846153846
0.6134615384615384
0.6576923076923078
0.4596153846153846
0.42076923076923073
0.4580769230769231
0.5442307692307693
0.4973076923076923
0.47230769230769226
0.30115384615384616
0.39192307692307693
0.4719230769230769
0.5265384615384615
0.6496153846153846
0.6457692307692308
0.6442307692307693
0.55
0.5557692307692308
0.55
0.5761538461538461
0.5615384615384615
0.5592307692307693
0.43038461538461537
0.565
0.5415384615384615
0.56
0.6365384615384616
0.7030769230769232
0.8215384615384616
0.8273076923076922
0.7215384615384615
0.6461538461538462
0.5673076923076923
0.568076923076923
0.6007692307692308
0.5957692307692308
0.48000000000000004
0.45269230769230767
0.49115384615384616
0.4815384615384615
0.6565384615384615
0.5753846153846154
0.6126923076923076
0.64
0.6246153846153846
0.6946153846153847
0.7892307692307692
0.6665384615384616
0.6238461538461538
0.713076923076923
0.8150000000000001
0.8819230769230769
0.8796153846153847
0.9930769230769231
0.8934615384615385
0.8707692307692307
0.9573076923076923
1.0453846153846154
1.058076923076923
1.021153846153846
0.9896153846153847
1.1642307692307692
1.09
1.1099999999999999
1.115
1.1165384615384615
1.1465384615384615
1.1688461538461539
1.2296153846153846
1.3146153846153845
1.1861538461538461
1.1519230769230768
1.2353846153846153
1.2326923076923075
1.4176923076923076
1.4773076923076922
1.4426923076923077
1.4280769230769232
1.389230769230769
1.4415384615384614
1.3465384615384615
1.4676923076923079
1.6592307692307693
1.6207692307692307
1.5134615384615384
1.4023076923076923
1.463846153846154
1.4853846153846155
1.6734615384615383
1.7980769230769231
1.5373076923076923
1.7061538461538461
1.9226923076923077
1.8946153846153846
1.9976923076923077
1.9153846153846152
1.883076923076923
2.115
2.1053846153846156
1.9503846153846154
2.1226923076923074
2.095769230769231
2.0461538461538464
2.2800000000000002
2.4823076923076925
2.2038461538461536
2.2203846153846154
2.166923076923077
2.0896153846153847
2.2611538461538463
2.149230769230769
2.296923076923077
2.3657692307692306
2.3076923076923075
2.546923076923077
2.491923076923077
2.519615384615385
2.6146153846153846
2.5961538461538463
2.7203846153846154
2.6792307692307693
2.7057692307692305
2.848076923076923
2.834230769230769
2.7657692307692305
2.711153846153846
2.6957692307692307
2.9269230769230767
2.8296153846153844
2.5984615384615384
2.835384615384615
2.9865384615384616
3.073846153846154
2.9053846153846155
3.206153846153846
3.118846153846154
3.2357692307692307
3.2119230769230773
3.2284615384615383
3.0280769230769233
2.917307692307692
3.061153846153846
2.953076923076923
3.043846153846154
2.9553846153846157
2.786153846153846
2.755
2.661923076923077
2.8096153846153844
2.805
2.796538461538461
2.914615384615385
2.851923076923077
2.744230769230769
2.746153846153846
2.649230769230769
2.7849999999999997
2.8426923076923076
2.837307692307692
3.034615384615385
2.8103846153846153
2.819230769230769
2.8926923076923075
2.98
2.964230769230769
2.886153846153846
2.9073076923076924
2.9892307692307694
2.9315384615384614
3.159615384615385
3.0461538461538464
3.061923076923077
3.0234615384615386
3.136923076923077
3.0646153846153847
2.887307692307692
3.121153846153846
3.4780769230769226
3.3261538461538462
3.302692307692308
3.2988461538461538
3.3607692307692307
3.25
3.175
3.1873076923076926
3.1953846153846155
3.286153846153846
3.270769230769231
3.042307692307692
2.9669230769230768
2.900384615384615
3.0280769230769233
3.1453846153846152
3.1388461538461536
2.983846153846154
3.0384615384615383
2.9742307692307692
2.8226923076923076
3.1438461538461535
3.138076923076923
3.154230769230769
3.0334615384615384
3.1542307692307694
3.318076923076923
3.0134615384615384
2.950384615384615
3.1165384615384615
3.009230769230769
2.951923076923077
2.9050000000000002
2.791153846153846
2.666923076923077
2.9796153846153848
2.977307692307692
2.7603846153846154
2.8023076923076924
2.661538461538462
2.8134615384615387
2.9153846153846152
2.8534615384615383
2.741153846153846
2.6196153846153845
2.675
2.8607692307692307
2.8215384615384616
2.8303846153846157
2.6146153846153846
2.371923076923077
2.4646153846153847
2.5076923076923077
2.455769230769231
2.3026923076923076
2.3376923076923077
2.376923076923077
2.2796153846153846
2.226153846153846
2.241153846153846
2.186153846153846
2.039615384615385
2.0726923076923076
1.9830769230769232
1.9484615384615382
2.1053846153846156
2.203076923076923
2.0949999999999998
1.8657692307692306
1.8915384615384616
1.7723076923076921
1.665
1.6969230769230768
1.7326923076923075
1.7542307692307693
1.7730769230769232
1.8103846153846155
1.6365384615384615
1.6180769230769232
1.621923076923077
1.6357692307692309
1.6157692307692306
1.5792307692307692
1.4784615384615383
1.5676923076923077
1.4134615384615385
1.4896153846153846
1.503076923076923
1.4373076923076922
1.383076923076923
1.4253846153846155
1.445
1.4003846153846156
1.248076923076923
1.2557692307692307
1.1657692307692307
1.2884615384615385
1.4215384615384616
1.3103846153846155
1.2453846153846155
1.3084615384615386
1.0480769230769231
1.0026923076923078
0.9884615384615384
0.8876923076923077
0.9384615384615385
1.0242307692307693
0.9546153846153846
0.9496153846153846
0.8003846153846154
0.8457692307692307
0.8869230769230769
0.9003846153846153
1.0065384615384616
0.8907692307692308
0.8484615384615384
0.7569230769230769
0.8919230769230769
0.9923076923076923
0.9419230769230769
0.9703846153846154
0.9442307692307692
0.7688461538461537
0.7111538461538461
0.6257692307692307
0.6888461538461539
0.9030769230769231
0.8546153846153846
0.8061538461538462
0.8015384615384615
0.6638461538461538
0.5957692307692308
0.5615384615384615
0.551923076923077
0.5711538461538461
0.5034615384615384
0.6165384615384616
0.6265384615384615
0.4480769230769231
0.4419230769230769
0.5326923076923077
0.5642307692307692
0.6457692307692308
0.5757692307692308
0.5438461538461539
0.5392307692307692
0.4765384615384616
0.3619230769230769
0.3934615384615385
0.568076923076923
0.5942307692307692
0.6692307692307692
0.5965384615384616
0.5269230769230769
0.45769230769230773
0.4369230769230769
0.53
0.38653846153846155
0.3130769230769231
0.4057692307692307
0.4253846153846154
0.46192307692307694
0.4511538461538462
0.48423076923076924
0.4580769230769231
0.4826923076923077
0.54
0.4330769230769231
0.48384615384615387
0.5930769230769231
0.5884615384615385
0.5780769230769232
0.581923076923077
0.5549999999999999
0.5284615384615384
0.625
0.6323076923076923
0.7192307692307692
0.5438461538461539
0.4253846153846154
0.48538461538461536
