temperature
4.198076923076924
4.280384615384615
4.253461538461538
4.926923076923076
5.306538461538461
4.598461538461539
4.735769230769231
5.1388461538461545
5.323076923076924
5.077692307692308
3.9953846153846153
3.52
3.858846153846154
4.70423076923077
4.59
4.336153846153846
3.4711538461538463
3.936153846153846
4.546153846153846
4.775
5.30076923076923
5.346153846153846
5.259230769230769
4.678076923076923
4.474615384615385
4.264615384615384
4.386923076923077
4.675
4.261923076923077
3.2930769230769235
4.024615384615385
4.203461538461538
4.448846153846154
4.806153846153846
4.863076923076923
5.476538461538462
5.408846153846154
4.8173076923076925
4.586538461538462
3.888461538461539
3.9050000000000002
4.082692307692308
4.047692307692308
3.291923076923077
2.9238461538461538
3.210384615384615
3.4450000000000003
4.166538461538462
3.730769230769231
3.8923076923076922
3.9007692307692308
4.131923076923077
4.582692307692308
4.851923076923077
4.289230769230769
3.9007692307692308
4.532692307692307
5.022307692307693
5.381538461538461
5.243461538461539
5.595769230769231
5.276923076923077
4.931153846153847
5.429615384615384
5.828076923076923
5.825769230769231
5.751923076923077
5.594615384615385
6.314230769230769
6.147692307692308
6.085384615384616
6.093846153846154
6.076538461538462
6.187692307692307
5.957692307692308
6.131153846153846
6.743076923076923
6.20423076923077
6.092307692307693
6.358076923076923
6.240384615384615
6.974615384615385
7.136923076923077
7.026538461538461
6.936153846153847
6.63
6.681153846153847
6.475
6.859615384615385
7.563076923076922
7.177307692307693
6.688076923076922
6.328846153846154
6.351923076923077
6.453076923076923
7.238461538461538
7.624230769230769
6.7192307692307685
7.211153846153847
7.849615384615385
7.9096153846153845
8.208846153846155
7.943461538461539
7.841538461538462
8.616538461538461
8.62923076923077
8.106923076923078
8.57423076923077
8.509615384615385
8.341923076923077
9.172692307692309
9.807307692307692
9.026538461538461
8.967692307692307
8.847307692307693
8.567692307692308
9.18
8.978461538461538
9.433076923076923
9.720384615384615
9.275
9.761923076923077
9.768846153846154
9.813076923076922
10.17923076923077
10.252692307692307
10.536153846153846
10.491923076923078
10.561923076923078
11.016538461538461
11.06423076923077
10.952307692307691
10.904615384615385
10.933846153846153
11.575769230769232
11.352692307692308
10.794230769230769
11.452692307692306
11.89576923076923
12.176923076923078
11.870384615384616
12.657692307692308
12.53346153846154
12.86153846153846
12.83423076923077
12.915384615384616
12.441153846153846
12.248076923076923
12.70923076923077
12.484230769230768
12.813076923076922
13.250384615384615
13.09423076923077
13.035384615384617
12.857307692307693
13.31423076923077
13.357692307692307
13.409615384615384
13.82423076923077
13.716923076923077
13.485000000000001
13.55153846153846
13.350000000000001
13.78730769230769
13.932307692307692
14.053461538461537
14.692307692307692
14.170769230769231
14.253846153846155
14.502307692307692
14.814615384615385
14.787307692307694
14.65846153846154
14.766153846153847
15.071538461538463
15.02730769230769
15.685384615384615
15.441153846153846
15.561153846153847
15.523846153846154
15.85576923076923
15.744615384615384
15.296923076923077
15.973846153846154
17.00807692307692
16.69846153846154
16.679615384615385
16.681923076923077
16.946538461538463
16.723846153846154
16.59846153846154
16.714615384615385
16.765384615384615
17.058461538461536
17.053461538461537
16.45346153846154
16.311153846153847
16.148076923076925
16.55423076923077
16.90346153846154
16.911538461538463
16.48923076923077
16.664615384615384
16.50307692307692
16.183846153846154
17.06692307692308
17.098846153846154
17.177307692307693
16.881153846153847
17.231153846153845
17.681923076923077
16.865000000000002
16.78923076923077
17.230384615384615
16.981923076923074
16.869615384615386
16.76846153846154
16.434615384615384
16.126538461538463
16.943461538461538
16.986538461538462
16.42269230769231
16.573076923076922
16.191153846153846
16.64115384615385
16.970000000000002
16.810384615384613
16.55076923076923
16.205384615384613
16.365384615384617
16.921153846153846
16.834615384615383
16.892692307692307
16.26269230769231
15.547307692307694
15.827307692307691
15.955769230769231
15.900769230769232
15.383846153846154
15.54076923076923
15.687692307692307
15.445
15.283076923076923
15.246153846153845
15.001538461538463
14.555
14.674230769230771
14.379615384615384
14.261538461538462
14.802692307692308
15.034615384615384
14.781153846153845
14.085769230769232
14.173846153846153
13.781538461538462
13.501538461538463
13.463076923076924
13.563461538461537
13.632307692307693
13.68
13.963846153846154
13.404615384615385
13.355
13.225000000000001
13.312307692307693
13.275384615384617
13.141923076923076
12.821923076923078
13.043846153846154
12.597307692307693
12.703846153846154
12.77730769230769
12.578846153846154
12.242307692307692
12.17
12.38423076923077
12.166923076923077
11.586538461538462
11.68923076923077
11.239615384615385
11.725000000000001
12.206923076923077
11.561153846153847
11.48076923076923
11.581923076923077
10.568846153846154
10.443461538461538
10.408846153846154
9.746538461538462
10.084999999999999
10.411923076923076
10.143846153846154
10.084999999999999
9.274230769230769
9.588461538461537
9.638846153846153
9.864615384615385
10.186153846153845
9.788076923076924
9.315
8.923076923076923
9.328461538461537
9.66576923076923
9.502692307692307
9.477692307692307
9.248846153846154
8.462307692307693
8.141538461538461
7.4957692307692305
8.007692307692308
9.014999999999999
8.718076923076923
8.355
8.462692307692308
7.916153846153846
7.2942307692307695
6.966923076923076
6.627307692307692
6.759615384615385
6.667692307692307
7.053076923076923
6.876153846153846
6.113846153846154
6.01
6.095384615384615
6.233076923076923
6.555384615384615
6.5430769230769235
6.18076923076923
5.701153846153845
5.243076923076923
5.044615384615384
5.0965384615384615
5.788461538461538
6.083461538461539
6.72423076923077
6.290384615384616
6.086153846153847
5.7846153846153845
5.633461538461538
5.968076923076922
4.904615384615385
4.367307692307692
4.814230769230769
4.908461538461538
5.223461538461539
5.349615384615385
5.36
5.634230769230769
5.693076923076924
5.584615384615385
5.064615384615385
5.4557692307692305
5.8173076923076925
5.695384615384615
5.152692307692307
5.399615384615384
5.108076923076923
5.143461538461538
5.53923076923077
5.170384615384616
5.377307692307692
4.680769230769231
4.157307692307692
4.3573076923076925
