pet
0.42192307692307696
0.45615384615384613
0.4196153846153846
0.588076923076923
0.6123076923076923
0.3915384615384615
0.48307692307692307
0.5726923076923077
0.5665384615384615
0.5634615384615385
0.4257692307692308
0.38
0.4157692307692308
0.4723076923076924
0.4165384615384615
0.4257692307692308
0.33692307692307694
0.4042307692307692
0.435
0.5134615384615384
0.6234615384615385
0.5711538461538461
0.5769230769230769
0.5561538461538461
0.5226923076923077
0.5461538461538461
0.5207692307692308
0.5261538461538462
0.5111538461538462
0.44846153846153847
0.5353846153846153
0.54
0.5992307692307692
0.6269230769230769
0.7165384615384615
0.7807692307692308
0.7480769230769231
0.7023076923076924
0.6703846153846154
0.5846153846153846
0.5738461538461539
0.5988461538461538
0.5446153846153846
0.4676923076923077
0.46576923076923077
0.4807692307692308
0.49615384615384617
0.5976923076923077
0.546923076923077
0.5911538461538461
0.5792307692307692
0.5557692307692308
0.6946153846153845
0.7588461538461538
0.6480769230769231
0.6688461538461539
0.8115384615384615
0.8311538461538461
0.8023076923076923
0.8484615384615384
0.9915384615384616
0.8865384615384616
0.8876923076923077
0.981923076923077
1.018076923076923
1.0457692307692308
1.0265384615384616
1.0423076923076924
1.138076923076923
1.0580769230769231
1.0542307692307693
1.0642307692307693
0.966923076923077
1.0296153846153846
1.0365384615384614
1.1307692307692307
1.1011538461538461
1.0361538461538462
1.0603846153846155
1.0488461538461538
1.1334615384615385
1.3276923076923077
1.3457692307692308
1.253076923076923
1.268076923076923
1.2538461538461538
1.1973076923076922
1.281923076923077
1.3303846153846155
1.518076923076923
1.3761538461538463
1.25
1.155
1.2265384615384616
1.2723076923076921
1.4219230769230768
1.5357692307692308
1.3988461538461539
1.5199999999999998
1.661153846153846
1.708846153846154
1.7488461538461537
1.6853846153846155
1.713076923076923
1.9238461538461538
1.916153846153846
1.81
1.9711538461538463
1.911153846153846
1.8346153846153848
2.006923076923077
2.1523076923076925
1.9657692307692307
1.9684615384615385
1.9549999999999998
1.9296153846153847
2.08
2.0053846153846155
2.110384615384615
2.0753846153846154
1.9673076923076922
2.249230769230769
2.278076923076923
2.292307692307692
2.3984615384615386
2.325
2.460769230769231
2.3773076923076926
2.3984615384615386
2.3873076923076924
2.537692307692308
2.45
2.4596153846153848
2.4815384615384612
2.633076923076923
2.4953846153846153
2.4365384615384618
2.488846153846154
2.6515384615384616
2.822307692307692
2.7830769230769232
2.8996153846153847
2.8334615384615387
2.9311538461538458
2.8411538461538464
2.796538461538461
2.713846153846154
2.633846153846154
2.708076923076923
2.632307692307692
2.746923076923077
2.6076923076923078
2.4846153846153842
2.4749999999999996
2.4046153846153846
2.5338461538461536
2.4096153846153845
2.4238461538461538
2.519230769230769
2.493846153846154
2.353846153846154
2.4273076923076924
2.4203846153846156
2.4026923076923077
2.4465384615384616
2.505
2.711153846153846
2.5519230769230767
2.546923076923077
2.641923076923077
2.774230769230769
2.6350000000000002
2.5307692307692307
2.5326923076923076
2.5561538461538458
2.6365384615384615
2.753076923076923
2.6303846153846155
2.7150000000000003
2.7188461538461537
2.7357692307692307
2.633076923076923
2.573846153846154
2.7315384615384612
3.004230769230769
2.879230769230769
2.832307692307692
2.8442307692307693
2.991923076923077
2.8499999999999996
2.7576923076923077
2.8534615384615383
2.7853846153846153
2.8646153846153846
2.7988461538461538
2.7026923076923075
2.6146153846153846
2.5846153846153848
2.5773076923076923
2.781538461538461
2.7746153846153847
2.6203846153846153
2.6103846153846155
2.686923076923077
2.5007692307692304
2.695
2.5896153846153847
2.795769230769231
2.7084615384615387
2.832692307692308
2.898846153846154
2.5203846153846152
2.507307692307692
2.6569230769230767
2.5819230769230765
2.4734615384615384
2.4976923076923074
2.353076923076923
2.1999999999999997
2.4403846153846156
2.3934615384615388
2.2976923076923077
2.3865384615384615
2.3642307692307694
2.353076923076923
2.396153846153846
2.393846153846154
2.3030769230769232
2.2623076923076924
2.3273076923076923
2.4742307692307692
2.4680769230769233
2.447307692307692
2.183846153846154
2.0461538461538464
2.1634615384615383
2.126923076923077
2.118846153846154
2.0123076923076924
2.06
2.0111538461538463
1.9257692307692307
1.9838461538461538
1.9100000000000001
1.933076923076923
1.8046153846153847
1.8496153846153847
1.7592307692307694
1.823846153846154
1.9257692307692307
1.933076923076923
1.848076923076923
1.639230769230769
1.6126923076923076
1.603076923076923
1.4726923076923077
1.518076923076923
1.5503846153846155
1.5657692307692308
1.5465384615384616
1.5238461538461539
1.4203846153846154
1.4403846153846156
1.4303846153846154
1.3365384615384615
1.415
1.3946153846153846
1.3403846153846155
1.313076923076923
1.281923076923077
1.3865384615384617
1.2965384615384616
1.2892307692307694
1.2353846153846153
1.3042307692307693
1.2061538461538461
1.2126923076923077
1.1057692307692308
1.115
1.0580769230769231
1.1465384615384615
1.218846153846154
1.0803846153846153
1.0626923076923076
1.1007692307692307
0.8842307692307692
0.9519230769230769
0.9088461538461539
0.8103846153846154
0.8300000000000001
0.9192307692307692
0.8838461538461538
0.8257692307692307
0.7180769230769231
0.7280769230769231
0.8073076923076923
0.7465384615384616
0.8265384615384617
0.7661538461538462
0.8049999999999999
0.7438461538461538
0.8261538461538461
0.916923076923077
0.8442307692307692
0.8692307692307693
0.8465384615384615
0.6838461538461539
0.6723076923076923
0.6107692307692308
0.6857692307692307
0.7949999999999999
0.7384615384615384
0.7361538461538462
0.7423076923076923
0.6319230769230769
0.5323076923076923
0.5407692307692308
0.5123076923076924
0.56
0.49461538461538457
0.5596153846153846
0.6119230769230769
0.4592307692307692
0.45153846153846156
0.47000000000000003
0.5326923076923077
0.6276923076923077
0.5373076923076924
0.551923076923077
0.5315384615384615
0.41384615384615386
0.37153846153846154
0.43884615384615383
0.5596153846153846
0.5584615384615385
0.6073076923076923
0.5342307692307693
0.5153846153846154
0.39961538461538465
0.4073076923076923
0.4573076923076923
0.2957692307692308
0.3161538461538462
0.39653846153846156
0.41307692307692306
0.5042307692307693
0.47230769230769226
0.46115384615384614
0.4653846153846154
0.45576923076923076
0.47692307692307695
0.4176923076923077
0.4788461538461538
0.5634615384615385
0.5457692307692308
0.5480769230769231
0.5403846153846155
0.5369230769230768
0.5207692307692308
0.6084615384615385
0.5907692307692307
0.6346153846153846
0.4676923076923077
0.3865384615384615
0.47423076923076923
