temperature
4.345
4.4715384615384615
4.5976923076923075
5.381923076923077
5.319999999999999
4.544615384615384
4.888846153846154
5.271538461538461
5.172692307692308
4.675
3.8592307692307695
3.4342307692307688
3.849615384615385
4.371538461538462
4.344615384615385
4.132307692307692
3.4946153846153845
3.9407692307692304
4.461153846153846
4.719615384615384
5.034230769230769
4.973076923076923
4.887307692307692
4.747307692307692
4.286153846153846
4.197307692307692
4.286923076923077
4.3938461538461535
3.9688461538461537
3.3653846153846154
3.707307692307692
4.141923076923077
4.563076923076923
4.59576923076923
4.818076923076923
5.147307692307692
5.008461538461538
4.791923076923077
4.572307692307692
3.9257692307692307
3.863076923076923
4.090769230769231
3.795769230769231
3.1734615384615386
2.8853846153846154
2.9057692307692307
3.3126923076923074
3.7946153846153843
3.608461538461538
3.813076923076923
3.5999999999999996
3.8923076923076922
4.541538461538462
4.690384615384615
4.167307692307692
4.155
4.807307692307692
4.938076923076922
5.031153846153846
5.026923076923077
5.410769230769231
5.042692307692308
5.017307692307692
5.491538461538462
5.701923076923077
5.761923076923077
5.690769230769231
5.689615384615385
6.157692307692307
5.983846153846153
5.843076923076922
5.942692307692307
5.548846153846155
5.839615384615385
5.500769230769231
5.804230769230769
6.017307692307692
5.6123076923076916
5.7130769230769225
5.71076923076923
5.894230769230769
6.586153846153847
6.6461538461538465
6.46076923076923
6.424615384615384
6.259230769230769
5.921923076923077
6.378846153846154
6.547307692307692
7.17
6.576538461538462
5.933076923076923
5.6207692307692305
5.751538461538461
5.947692307692307
6.511153846153846
6.850769230769231
6.357692307692308
6.684230769230769
7.088461538461539
7.41423076923077
7.583461538461538
7.339230769230769
7.389615384615384
8.118461538461538
8.116538461538461
7.735
8.218076923076923
8.016923076923076
7.797307692307692
8.411923076923078
8.868076923076924
8.288846153846153
8.198461538461538
8.172692307692309
7.961538461538462
8.562692307692307
8.451923076923077
8.798846153846155
8.831153846153846
8.221538461538461
8.867692307692307
9.058076923076923
9.129615384615384
9.489230769230769
9.366153846153846
9.772692307692308
9.58576923076923
9.653846153846153
9.699615384615385
10.123076923076923
9.928076923076922
10.049615384615386
10.178076923076922
10.62153846153846
10.306538461538462
10.148076923076925
10.399615384615384
10.846923076923076
11.361923076923079
11.396538461538462
11.741538461538463
11.648076923076925
11.944615384615386
11.738461538461538
11.67923076923077
11.561153846153845
11.42653846153846
11.677307692307693
11.546153846153846
11.907692307692308
12.141923076923076
12.106923076923076
12.085384615384614
12.016153846153847
12.426153846153845
12.161538461538461
12.290000000000001
12.628461538461538
12.603846153846153
12.307307692307692
12.580769230769231
12.636538461538462
12.557307692307692
12.73653846153846
13.051923076923078
13.758461538461539
13.393461538461539
13.420384615384616
13.716923076923077
14.165000000000001
13.83076923076923
13.621538461538462
13.668846153846154
13.805384615384614
14.120384615384616
14.496923076923078
14.172307692307694
14.521923076923077
14.588461538461539
14.675
14.473461538461539
14.348461538461539
14.844615384615384
15.636923076923077
15.352307692307694
15.24076923076923
15.336153846153847
15.81576923076923
15.483076923076924
15.291153846153845
15.628461538461538
15.474230769230768
15.744230769230768
15.608461538461539
15.417307692307693
15.230384615384615
15.188076923076922
15.217307692307692
15.82
15.83769230769231
15.428076923076922
15.435
15.728846153846153
15.228846153846153
15.800384615384615
15.558846153846154
16.121153846153845
15.935384615384615
16.30076923076923
16.546923076923076
15.521923076923077
15.513076923076925
15.943846153846154
15.76923076923077
15.52076923076923
15.645384615384614
15.25923076923077
14.856538461538461
15.556923076923077
15.44846153846154
15.17153846153846
15.474230769230768
15.425
15.459615384615384
15.603846153846153
15.593076923076923
15.38076923076923
15.26423076923077
15.484615384615385
15.922692307692309
15.939615384615385
15.88846153846154
15.069230769230769
14.676923076923078
15.008461538461537
14.982692307692307
14.948846153846155
14.570384615384615
14.81076923076923
14.672307692307694
14.428846153846154
14.575769230769232
14.250384615384615
14.253846153846155
13.834999999999999
13.98076923076923
13.660769230769231
13.86076923076923
14.187307692307693
14.23
13.978846153846153
13.33
13.212307692307691
13.187307692307693
12.768076923076924
12.875384615384615
12.954615384615384
12.992307692307692
12.878076923076922
12.986153846153845
12.655000000000001
12.707307692307692
12.50576923076923
12.265384615384615
12.565384615384614
12.490384615384615
12.298076923076923
12.112307692307693
12.021153846153847
12.333461538461538
11.991923076923078
11.961923076923076
11.643076923076924
11.769615384615385
11.412307692307694
11.368461538461538
11.052692307692308
11.079230769230769
10.776153846153846
11.100769230769231
11.40846153846154
10.799615384615386
10.764999999999999
10.725769230769231
9.845769230769232
10.174615384615386
9.994615384615384
9.355384615384615
9.419230769230769
9.89576923076923
9.798461538461538
9.478461538461538
8.982307692307693
9.134615384615385
9.303461538461539
9.223076923076924
9.492307692307692
9.223461538461539
9.097307692307693
8.94
9.071923076923078
9.51576923076923
9.14576923076923
9.082307692307692
8.945384615384615
8.148076923076923
8.056538461538462
7.589615384615385
8.08423076923077
8.641923076923076
8.210384615384616
8.011538461538462
8.133076923076924
7.735384615384616
7.033846153846154
6.875384615384615
6.625
6.983846153846154
6.730384615384616
6.9034615384615385
7.091538461538462
6.2153846153846155
6.154615384615384
5.985
6.1850000000000005
6.738461538461538
6.556153846153847
6.2711538461538465
5.915
5.524230769230769
5.252692307692308
5.537307692307692
5.998461538461539
6.048461538461538
6.500384615384615
6.253461538461538
6.174230769230769
5.7130769230769225
5.726923076923077
5.7942307692307695
4.651923076923077
4.4811538461538465
5.126153846153846
5.2153846153846155
5.631538461538461
5.532307692307692
5.532307692307692
5.7907692307692304
5.69423076923077
5.21076923076923
5.063076923076922
5.558461538461539
5.920384615384616
5.488846153846154
5.1292307692307695
5.436923076923076
5.332692307692308
5.393846153846154
5.505769230769231
5.0200000000000005
5.184615384615385
4.627692307692308
4.238076923076923
4.4957692307692305
