temperature
3.5757692307692306
3.694230769230769
3.488076923076923
3.6469230769230765
4.440384615384615
3.751923076923077
3.8438461538461537
4.453846153846154
4.647692307692308
4.502307692307692
3.5696153846153846
3.2199999999999998
3.4069230769230767
4.019615384615385
4.181923076923077
3.674615384615385
2.7096153846153848
3.2084615384615387
3.3734615384615383
3.793846153846154
4.633846153846154
4.335384615384616
4.3696153846153845
3.9823076923076925
3.833076923076923
3.4373076923076926
3.3484615384615384
3.6303846153846155
3.8042307692307693
3.1957692307692307
3.5411538461538465
3.4615384615384617
3.575
4.018461538461539
4.006538461538462
4.8
4.838461538461538
4.222307692307693
3.7765384615384616
3.439230769230769
3.2515384615384617
3.4457692307692307
3.0707692307692307
2.632307692307692
2.3696153846153845
2.543846153846154
2.666153846153846
3.3246153846153845
3.2696153846153844
2.8573076923076925
3.1765384615384615
3.6273076923076926
3.7819230769230767
4.301923076923076
4.124615384615385
3.833076923076923
3.941153846153846
4.538076923076923
4.454615384615385
4.810769230769231
5.181153846153847
4.752307692307692
4.638846153846154
5.386538461538462
5.621153846153846
5.9180769230769235
5.9630769230769225
5.803461538461538
6.443846153846153
5.998461538461539
6.128076923076923
5.628846153846154
5.57423076923077
5.578076923076923
5.822692307692307
6.103461538461539
6.671538461538462
5.824999999999999
6.124615384615385
6.1657692307692304
5.951538461538462
6.822307692307692
6.84
6.690384615384615
6.5407692307692304
6.061538461538461
6.0200000000000005
6.223076923076923
6.452692307692308
7.651923076923077
7.495
6.890384615384615
6.207307692307692
5.7711538461538465
6.679615384615385
7.066538461538461
6.983461538461539
6.263076923076923
7.023846153846154
8.00576923076923
7.916538461538462
7.86
7.444615384615385
7.729230769230769
8.321153846153846
8.578076923076923
7.9265384615384615
8.055
8.763461538461538
8.370000000000001
8.96
9.629615384615384
8.632692307692308
8.376153846153846
8.521538461538462
8.446538461538461
8.335769230769232
8.81
8.961153846153847
9.538461538461538
9.115
9.501923076923077
9.321923076923078
9.336153846153847
9.833461538461538
10.256923076923076
10.761923076923077
10.74
10.544615384615385
10.607307692307693
10.378846153846155
10.904230769230768
10.866538461538461
11.057307692307692
11.511923076923077
11.39576923076923
10.914230769230768
11.173846153846153
11.59769230769231
12.353846153846153
11.71653846153846
12.235384615384616
12.292692307692308
12.537307692307694
12.258461538461537
12.621923076923078
11.988846153846156
11.984615384615385
12.588461538461539
12.409230769230769
13.067307692307692
13.45923076923077
13.245000000000001
13.059615384615386
13.25
13.561153846153847
13.705
13.864615384615385
13.932692307692308
13.669230769230769
13.572307692307692
13.646538461538462
13.70923076923077
14.070384615384615
13.725384615384616
13.691538461538462
14.49076923076923
14.011153846153848
14.490384615384615
14.737307692307693
14.705769230769231
14.474230769230768
14.284615384615384
14.318846153846154
14.757307692307693
15.256538461538462
15.51076923076923
15.366153846153846
15.353076923076923
15.18153846153846
15.71653846153846
15.936538461538463
15.691538461538462
15.629615384615384
16.478461538461538
16.376538461538463
16.646153846153847
16.71923076923077
17.281153846153845
16.462307692307693
16.71
16.99653846153846
16.476923076923075
17.111923076923077
17.309615384615384
16.765
16.290769230769232
16.286538461538463
16.228846153846153
17.077692307692306
16.815384615384616
16.763076923076923
16.66923076923077
16.64769230769231
16.396538461538462
16.886923076923075
17.107692307692307
17.595384615384617
17.498461538461537
17.944615384615386
18.251538461538463
17.625
17.068076923076923
17.4
17.604230769230767
17.143846153846155
16.926923076923075
17.031923076923075
16.888461538461538
16.986923076923077
17.056538461538462
16.709230769230768
17.058846153846154
16.87
17.224615384615387
17.86692307692308
17.726923076923075
17.041923076923077
16.56269230769231
17.01423076923077
17.321923076923078
17.256923076923076
17.37807692307692
16.25576923076923
15.901538461538461
15.812692307692307
16.09846153846154
15.78346153846154
15.468846153846155
15.992692307692307
16.147692307692306
15.51423076923077
15.349230769230768
15.489230769230769
15.445
15.045
15.316153846153847
14.899615384615384
14.387307692307692
15.236153846153845
15.177692307692308
15.356153846153846
14.51346153846154
14.264615384615384
14.129615384615384
13.606538461538461
13.57423076923077
13.57769230769231
14.17153846153846
13.842692307692309
13.904615384615385
13.345769230769232
13.803846153846154
13.876153846153844
13.418076923076923
13.807692307692308
12.837307692307691
12.91576923076923
13.091153846153846
12.752307692307692
13.052307692307693
13.286153846153846
12.876153846153844
12.404615384615385
12.405
12.121538461538462
12.13423076923077
12.15230769230769
12.133461538461539
11.388076923076921
12.128076923076922
12.23923076923077
11.833846153846155
11.61153846153846
11.620000000000001
10.79653846153846
10.213076923076924
10.266153846153847
9.773076923076923
10.196538461538463
10.38423076923077
10.177692307692308
9.317307692307692
9.106538461538461
9.443461538461538
9.842692307692307
10.113076923076923
9.857307692307693
9.60576923076923
9.434615384615386
9.074615384615385
8.883461538461539
9.512692307692307
9.383846153846154
9.031923076923077
9.024230769230769
8.338846153846154
8.066153846153846
7.492307692307692
7.363846153846154
8.398846153846154
8.17423076923077
7.913846153846153
8.346538461538461
7.429615384615384
6.717692307692308
6.405384615384615
6.249615384615385
6.443846153846153
6.037307692307692
6.336923076923076
6.562692307692307
5.757692307692308
5.236538461538462
5.561923076923078
5.861923076923077
6.217307692307693
5.978076923076923
6.252307692307692
5.426923076923076
5.022307692307693
4.358846153846153
4.112692307692308
4.693846153846154
5.181923076923076
5.870384615384615
5.811538461538461
5.916153846153846
5.361923076923077
4.678846153846154
4.767307692307693
4.504615384615384
4.0115384615384615
4.145
4.14923076923077
4.435384615384615
4.483461538461539
4.570769230769231
4.975384615384616
4.637692307692308
4.740384615384615
4.672307692307692
4.884615384615385
5.064230769230769
5.140384615384615
4.645
4.506538461538462
4.62576923076923
4.497692307692308
4.9
4.775
4.736923076923077
4.241923076923078
3.397307692307692
3.436923076923077
