pet
0.4509090909090909
0.4809090909090909
0.39272727272727276
0.3859090909090909
0.5604545454545454
0.3436363636363637
0.3981818181818182
0.49318181818181817
0.5168181818181818
0.5545454545454546
0.5086363636363637
0.504090909090909
0.4522727272727273
0.5061904761904762
0.5319047619047619
0.41714285714285715
0.36333333333333334
0.4219047619047619
0.4590476190476191
0.5128571428571428
0.5776190476190476
0.40523809523809523
0.4204761904761905
0.45952380952380956
0.35523809523809524
0.3742857142857143
0.3961904761904762
0.5366666666666666
0.6042857142857143
0.6095238095238096
0.6157142857142857
0.5176190476190475
0.5928571428571429
0.7438095238095238
0.8185714285714286
0.9085714285714287
0.860952380952381
0.6523809523809524
0.5966666666666667
0.6404761904761904
0.5061904761904762
0.5885714285714286
0.58
0.5361904761904762
0.5838095238095238
0.5785714285714286
0.44761904761904764
0.5861904761904763
0.62
0.5947619047619048
0.6071428571428571
0.5542857142857143
0.6919047619047619
0.7728571428571429
0.5695238095238095
0.5204761904761904
0.6204761904761905
0.829047619047619
0.7376190476190476
0.7452380952380953
0.7604761904761905
0.7361904761904762
0.8404761904761906
1.0057142857142858
1.0961904761904762
1.1652380952380952
1.0847619047619048
1.0976190476190477
1.1342857142857143
1.0238095238095237
1.1166666666666667
1.2295238095238095
1.1261904761904762
1.122857142857143
1.149047619047619
1.2776190476190474
1.0742857142857143
0.9871428571428572
1.0566666666666666
1.006190476190476
1.1928571428571428
1.178095238095238
1.1323809523809525
1.1176190476190475
1.1261904761904762
1.1623809523809523
1.1557142857142857
1.2514285714285716
1.362857142857143
1.4657142857142857
1.4061904761904762
1.2280952380952381
1.1976190476190476
1.1847619047619047
1.3147619047619048
1.4028571428571428
1.2819047619047619
1.3347619047619048
1.5247619047619045
1.6066666666666667
1.6166666666666667
1.5214285714285714
1.3185714285714285
1.5
1.558095238095238
1.759047619047619
1.4947619047619047
1.7014285714285713
1.6342857142857143
1.6933333333333334
1.8471428571428572
1.9576190476190476
1.8947619047619046
1.9338095238095239
1.783809523809524
1.9314285714285715
2.05
2.0223809523809524
2.124285714285714
2.125238095238095
2.074090909090909
2.1827272727272726
2.215909090909091
2.2095454545454545
2.0563636363636366
2.355
2.4881818181818183
2.314090909090909
2.148181818181818
2.2295454545454545
2.242272727272727
2.394090909090909
2.5177272727272726
2.5954545454545457
2.7586363636363633
2.486818181818182
2.5118181818181817
2.335
2.5431818181818184
2.6972727272727273
2.455909090909091
2.527727272727273
2.5945454545454543
2.690909090909091
2.695
2.5645454545454545
2.319545454545455
2.4181818181818184
2.712727272727273
2.655
2.8868181818181817
2.786363636363636
2.51
2.502727272727273
2.4063636363636363
2.560909090909091
2.4690909090909092
2.277727272727273
2.518181818181818
2.4345454545454546
2.458181818181818
2.265
2.257727272727273
2.5136363636363637
2.2877272727272726
2.337727272727273
2.5936363636363637
2.6645454545454546
2.7154545454545453
2.854545454545455
2.6931818181818183
2.4
2.409090909090909
2.235909090909091
2.3604545454545454
2.360909090909091
2.512272727272727
2.4436363636363634
2.5204545454545455
2.434090909090909
2.513181818181818
2.3318181818181816
2.438181818181818
2.5454545454545454
2.690909090909091
2.6568181818181817
2.8613636363636363
2.8718181818181816
2.889090909090909
2.7554545454545454
2.7972727272727274
2.8745454545454545
2.8290909090909087
2.8313636363636365
2.7427272727272727
2.6999999999999997
2.5713636363636363
2.4440909090909093
2.5509090909090912
2.799545454545455
2.730909090909091
2.6095454545454544
2.5822727272727275
2.6845454545454546
2.675909090909091
2.684545454545454
2.6931818181818183
2.8704545454545456
2.696818181818182
2.83
2.795909090909091
2.5936363636363637
2.579090909090909
2.765
2.679090909090909
2.4777272727272726
2.5113636363636362
2.611818181818182
2.2154545454545453
2.3954545454545455
2.2018181818181817
2.3231818181818182
2.483636363636364
2.275
2.349090909090909
2.3877272727272727
2.395
2.2322727272727274
2.2627272727272727
2.355
2.4204545454545454
2.359090909090909
2.319545454545455
2.0868181818181815
2.001818181818182
1.9481818181818182
1.8954545454545455
1.8009090909090908
1.8536363636363637
1.992727272727273
1.9759090909090908
1.8713636363636363
1.939090909090909
1.924090909090909
2.0731818181818182
1.926363636363636
1.8104545454545453
1.7486363636363635
1.654090909090909
1.8554545454545455
1.6890909090909092
1.755909090909091
1.7477272727272728
1.593181818181818
1.5313636363636363
1.3904545454545454
1.3763636363636365
1.3786363636363637
1.5481818181818183
1.7854545454545454
1.5363636363636362
1.5627272727272727
1.4759090909090908
1.3972727272727274
1.3186363636363636
1.410909090909091
1.2113636363636362
1.2104545454545454
1.333181818181818
1.259090909090909
1.4377272727272727
1.3527272727272728
1.518181818181818
1.3154545454545454
1.258181818181818
1.230909090909091
1.2372727272727273
1.1218181818181818
1.1031818181818183
1.0340909090909092
1.1472727272727272
1.2322727272727272
0.9022727272727273
0.8577272727272728
0.9422727272727273
1.0486363636363636
0.935
0.9104545454545455
0.8304545454545454
0.7081818181818181
0.7599999999999999
0.825
0.6668181818181819
0.7295454545454546
0.7636363636363637
0.7618181818181818
0.7922727272727272
0.7859090909090909
0.754090909090909
0.7677272727272727
0.705
0.6981818181818181
0.7136363636363636
0.705
0.7195454545454546
0.7204545454545455
0.7213636363636363
0.5854545454545454
0.5322727272727273
0.46727272727272723
0.6618181818181819
0.5827272727272728
0.5604545454545454
0.6268181818181818
0.5868181818181818
0.5331818181818182
0.46772727272727277
0.45772727272727276
0.4640909090909091
0.47409090909090906
0.5054545454545455
0.45
0.37227272727272726
0.3377272727272727
0.4240909090909091
0.6168181818181818
0.6027272727272727
0.5236363636363636
0.6404545454545455
0.5540909090909091
0.4486363636363636
0.49454545454545457
0.4872727272727273
0.5513636363636364
0.5895454545454546
0.734090909090909
0.5586363636363636
0.43318181818181817
0.43636363636363634
0.42590909090909096
0.33545454545454545
0.4190909090909091
0.3772727272727273
0.4581818181818182
0.49272727272727274
0.44909090909090904
0.42363636363636364
0.40863636363636363
0.4068181818181818
0.46545454545454545
0.48272727272727267
0.425
0.3654545454545454
0.3781818181818182
0.3759090909090909
0.4359090909090909
0.4709090909090909
0.5913636363636363
0.48772727272727273
0.47454545454545455
0.46636363636363637
0.5390909090909091
0.5354545454545454
0.535
0.46727272727272723
