temperature
4.6866666666666665
4.529166666666667
4.051666666666667
3.9491666666666667
4.399583333333333
4.3675
4.94125
4.361666666666667
4.041250000000001
4.910416666666666
5.025833333333334
5.047916666666667
4.733333333333333
4.670833333333333
5.024166666666667
4.53125
4.065
4.579166666666667
4.9025
4.335416666666666
4.010416666666667
4.129166666666666
4.209583333333334
4.616666666666666
4.930833333333333
4.950833333333333
5.04875
5.00875
4.4991666666666665
4.19625
4.700833333333334
4.831666666666667
4.602083333333334
4.679166666666666
5.1745833333333335
4.87375
4.170416666666667
4.242916666666667
4.1625000000000005
3.7929166666666667
3.8208333333333333
4.265416666666667
4.6499999999999995
4.235833333333333
4.772083333333334
5.402916666666666
4.976666666666667
5.0929166666666665
5.058333333333334
5.312
5.4136
5.8096000000000005
5.37
5.6008000000000004
5.252000000000001
5.7424
5.219600000000001
4.7404
4.3164
4.2984
4.606
4.5032
4.3452
4.6284
5.3716
5.8508000000000004
6.0767999999999995
6.73
6.4352
6.2072
5.8788
5.7048000000000005
6.7756
7.3952
7.2612
6.864400000000001
6.3412
6.9716
6.4304
6.7396
6.7139999999999995
7.053999999999999
7.2972
7.2712
7.5772
7.472799999999999
7.5676
7.8764
8.196800000000001
8.128400000000001
7.7436
7.8424000000000005
8.1752
7.6792
8.0532
7.7276
6.9408
7.833200000000001
8.017999999999999
7.814
7.920800000000001
7.6808000000000005
8.1252
8.258
8.4036
8.4648
8.7268
8.352
8.572799999999999
9.516
10.4024
10.626
10.418399999999998
10.606
9.906799999999999
9.35
9.4524
9.3212
9.346
9.6456
9.9552
9.926
10.308800000000002
10.495999999999999
10.5892
10.502
11.6152
11.5852
11.6632
12.0128
11.403599999999999
11.2392
11.638399999999999
11.0908
11.8012
11.6988
11.74
11.874400000000001
12.279200000000001
11.958
12.5896
12.320799999999998
12.53
12.331199999999999
12.7704
12.702
13.031600000000001
12.7776
12.946
13.0108
13.718399999999999
14.7588
13.946
13.536800000000001
13.0924
13.1844
13.2664
13.7848
13.8648
14.1944
14.3356
13.845999999999998
13.696
13.767999999999999
13.9424
14.252
15.2172
15.102
15.3224
14.918800000000001
14.618
14.3728
14.6512
15.1392
14.9636
15.163599999999999
15.828399999999998
15.2172
15.168
15.7356
15.556
15.863599999999998
16.071199999999997
15.7584
15.9432
15.875599999999999
15.77
15.633199999999999
15.603599999999998
15.753599999999999
15.92
15.7748
15.372
15.1668
15.5808
15.8648
16.2732
16.3916
17.235599999999998
17.0608
16.2652
15.7436
16.546
16.916800000000002
16.4632
16.9912
16.4956
16.6
16.24
16.3024
16.244
16.2884
16.7536
16.804000000000002
16.8788
16.6832
16.4252
16.3552
15.92
16.3328
16.606
15.9268
16.5924
16.3824
16.743199999999998
16.7392
15.782
15.994000000000002
15.974400000000001
15.8828
15.892000000000001
15.7324
15.806399999999998
16.12
15.9876
15.252
15.5548
15.0692
15.2004
14.9124
14.4712
14.72
14.3872
14.641200000000001
15.5648
14.964400000000001
15.466800000000001
15.441200000000002
14.761600000000001
14.7652
14.8212
14.5572
14.942
14.8852
14.341199999999999
13.9892
13.556400000000002
13.7368
13.1044
13.1752
13.4604
13.5472
13.605599999999999
13.73
13.308800000000002
12.9472
12.7656
12.989600000000001
12.653599999999999
12.7724
13.1532
12.8104
13.0576
12.190833333333332
11.73375
11.612083333333333
11.18
11.684583333333334
11.15125
11.513333333333334
11.873750000000001
11.388333333333334
11.794166666666667
11.054583333333333
11.281666666666666
11.32875
10.754166666666668
10.551250000000001
10.65625
9.835833333333333
10.010833333333332
9.77625
9.7975
10.4375
10.107083333333334
10.027083333333334
10.259583333333333
9.957083333333333
9.909583333333334
10.250416666666666
9.493333333333334
9.19125
9.697083333333333
9.4075
9.02875
8.856250000000001
8.259583333333333
8.19875
8.111666666666666
8.079166666666667
7.9383333333333335
7.619166666666666
7.565416666666667
8.3025
8.190416666666666
7.926666666666667
7.662083333333334
7.579583333333333
7.900416666666666
7.109583333333333
7.051666666666667
6.692083333333334
6.461666666666667
6.218333333333334
5.940833333333334
5.526666666666666
5.84875
6.204166666666667
6.017499999999999
6.372083333333333
6.033333333333334
5.8187500000000005
5.64875
5.4383333333333335
5.310416666666667
5.361666666666667
5.037916666666667
5.230833333333334
5.636666666666667
5.43375
5.489166666666667
5.320416666666667
5.372083333333333
5.147916666666666
4.690833333333333
5.1345833333333335
4.795833333333333
4.884166666666666
5.189583333333333
4.735416666666667
4.226666666666667
3.872916666666667
4.09125
4.232083333333333
4.891666666666667
5.464166666666666
5.85125
5.43625
4.6925
4.6049999999999995
4.319583333333333
3.97875
4.418333333333333
4.73625
5.052499999999999
