pet
0.5088461538461538
0.3392307692307692
0.26346153846153847
0.4876923076923077
0.5761538461538461
0.5365384615384616
0.5261538461538462
0.5353846153846153
0.5080769230769231
0.5484615384615384
0.5361538461538461
0.42038461538461536
0.5415384615384615
0.5619230769230769
0.588076923076923
0.45769230769230773
0.38923076923076927
0.46153846153846156
0.5238461538461539
0.5742307692307692
0.643076923076923
0.5284615384615384
0.5292307692307692
0.5242307692307693
0.3923076923076923
0.455
0.35461538461538467
0.4603846153846154
0.5657692307692308
0.4969230769230769
0.5161538461538462
0.55
0.6757692307692308
0.6553846153846153
0.6623076923076923
0.808076923076923
0.7065384615384616
0.5276923076923077
0.4734615384615385
0.5499999999999999
0.43538461538461537
0.415
0.4957692307692308
0.40884615384615386
0.4123076923076923
0.41615384615384615
0.4507692307692307
0.5223076923076924
0.5403846153846154
0.5492307692307692
0.5915384615384616
0.5980769230769231
0.7138461538461538
0.7669230769230769
0.6903846153846154
0.6661538461538462
0.6803846153846155
0.7969230769230768
0.7076923076923076
0.7676923076923077
0.8734615384615385
0.8080769230769231
0.9211538461538461
1.1207692307692307
1.2030769230769232
1.2815384615384615
1.088076923076923
1.0592307692307692
1.1634615384615385
1.146153846153846
1.1723076923076923
1.0799999999999998
0.9207692307692308
0.9400000000000001
1.0011538461538463
1.043076923076923
0.9196153846153846
0.8942307692307693
0.8742307692307693
0.9857692307692307
1.0676923076923077
1.0811538461538461
1.136923076923077
1.0988461538461538
1.121923076923077
1.1188461538461538
1.103846153846154
1.2538461538461538
1.371923076923077
1.426923076923077
1.3973076923076921
1.1646153846153846
1.1549999999999998
1.3423076923076922
1.353846153846154
1.3792307692307693
1.3107692307692307
1.313076923076923
1.4988461538461537
1.7780769230769229
1.7361538461538462
1.5857692307692306
1.5496153846153846
1.768076923076923
1.941153846153846
1.818076923076923
1.8269230769230769
1.9823076923076923
1.8646153846153846
1.9534615384615384
2.0476923076923077
1.9246153846153846
1.9438461538461538
2.060769230769231
1.8865384615384615
1.9815384615384617
1.9461538461538461
1.9665384615384616
2.0065384615384616
2.042692307692308
2.096923076923077
2.1338461538461537
2.226153846153846
2.3496153846153844
2.246153846153846
2.422307692307692
2.5026923076923073
2.373846153846154
2.373076923076923
2.4953846153846153
2.415
2.4857692307692307
2.4784615384615383
2.5673076923076925
2.6542307692307694
2.376153846153846
2.598076923076923
2.553846153846154
2.5596153846153844
2.808846153846154
2.726923076923077
2.6823076923076923
2.9896153846153846
2.893076923076923
2.9453846153846155
2.8084615384615383
2.8457692307692306
2.870769230769231
2.8230769230769233
2.9780769230769235
2.957307692307692
2.882307692307692
2.644615384615385
2.590384615384615
2.5707692307692307
2.6965384615384616
2.597692307692308
2.648076923076923
2.7496153846153844
2.62
2.6603846153846153
2.5415384615384613
2.48
2.504230769230769
2.5646153846153843
2.611923076923077
2.6242307692307696
2.6919230769230773
2.7626923076923076
2.9669230769230768
2.5953846153846154
2.5
2.561153846153846
2.4584615384615387
2.601153846153846
2.753076923076923
2.651923076923077
2.561923076923077
2.615769230769231
2.7365384615384616
2.7807692307692307
2.549615384615385
2.6273076923076926
2.7626923076923076
2.8092307692307696
2.7638461538461536
3.0184615384615388
3.019230769230769
2.803846153846154
2.713461538461538
2.708846153846154
2.7399999999999998
2.6361538461538463
2.7838461538461536
2.725769230769231
2.439230769230769
2.371923076923077
2.458846153846154
2.6123076923076924
2.822307692307692
2.625
2.6599999999999997
2.462307692307692
2.4296153846153845
2.5676923076923077
2.721538461538462
2.738076923076923
2.7446153846153845
2.626153846153846
2.661538461538462
2.601153846153846
2.3876923076923076
2.483846153846154
2.4546153846153844
2.3257692307692306
2.268846153846154
2.3007692307692307
2.3473076923076923
2.1484615384615386
2.2342307692307695
2.231153846153846
2.13
2.272307692307692
2.2388461538461537
2.190769230769231
2.23
2.2526923076923078
2.0315384615384615
2.059230769230769
2.060769230769231
2.191153846153846
2.2373076923076924
2.1169230769230767
1.9584615384615385
2.0973076923076923
2.0665384615384617
1.9657692307692307
1.9138461538461538
1.9188461538461539
2.121923076923077
1.8915384615384616
1.7623076923076924
1.813076923076923
1.8399999999999999
1.794230769230769
1.8276923076923075
1.8084615384615383
1.5280769230769233
1.6630769230769231
1.7123076923076925
1.5823076923076924
1.5338461538461539
1.496923076923077
1.438076923076923
1.4515384615384617
1.3334615384615385
1.3115384615384615
1.3857692307692309
1.5592307692307692
1.5965384615384615
1.4384615384615385
1.3838461538461537
1.459230769230769
1.4315384615384614
1.320769230769231
1.396923076923077
1.1307692307692307
1.0026923076923078
1.1042307692307693
1.1715384615384616
1.23
1.2888461538461538
1.373076923076923
1.2626923076923076
1.306923076923077
1.283076923076923
1.21
1.1500000000000001
1.1180769230769232
1.0215384615384617
1.1934615384615386
1.1296153846153847
0.9569230769230769
1.0426923076923076
0.9038461538461539
0.9007692307692307
0.8946153846153846
0.8619230769230769
0.821923076923077
0.7965384615384615
0.7749999999999999
0.7315384615384615
0.6842307692307692
0.6900000000000001
0.7988461538461539
0.9019230769230769
0.8292307692307692
0.7946153846153846
0.7703846153846154
0.7092307692307693
0.7988461538461539
0.8042307692307692
0.8984615384615384
0.7288461538461538
0.7207692307692308
0.7757692307692309
0.7899999999999999
0.6569230769230768
0.54
0.7038461538461539
0.7857692307692308
0.6653846153846155
0.7476923076923078
0.6984615384615385
0.6330769230769231
0.5180769230769231
0.48653846153846153
0.5565384615384615
0.47576923076923083
0.38769230769230767
0.4288461538461539
0.46807692307692306
0.3038461538461539
0.29307692307692307
0.578076923076923
0.6415384615384615
0.6015384615384616
0.5496153846153846
0.5807692307692307
0.41730769230769227
0.42923076923076925
0.4476923076923077
0.4623076923076923
0.5007692307692307
0.5219230769230769
0.6103846153846153
0.6030769230769231
0.5784615384615385
0.475
0.2980769230769231
0.2753846153846154
0.275
0.3934615384615385
0.5115384615384616
0.5223076923076924
0.4969230769230769
0.46115384615384614
0.5003846153846154
0.5184615384615385
0.4288461538461539
0.41115384615384615
0.43192307692307697
0.34461538461538466
0.4276923076923077
0.45153846153846156
0.4311538461538461
0.5003846153846154
0.565
0.5769230769230769
0.4896153846153846
0.47807692307692307
0.5392307692307692
0.4788461538461538
0.4826923076923077
0.505
