temperature
2.8776190476190475
2.3314285714285714
2.993809523809524
2.4752380952380952
2.5638095238095238
2.679047619047619
2.701428571428571
2.2804761904761905
2.7342857142857144
3.5585714285714287
3.4923809523809526
3.6876190476190476
3.0204761904761903
2.9395238095238096
3.3066666666666666
2.9576190476190476
2.3823809523809523
2.638095238095238
2.395714285714286
2.53
2.821904761904762
2.9252380952380954
2.9176190476190476
3.588095238095238
3.781904761904762
3.8123809523809524
3.3271428571428574
3.0680952380952378
2.0957142857142856
2.2319047619047616
2.910952380952381
2.7114285714285713
2.4452380952380954
2.8823809523809523
2.8823809523809523
2.643809523809524
2.5023809523809524
2.6590476190476187
2.8585714285714285
2.6300000000000003
2.1847619047619045
2.318095238095238
2.801904761904762
3.11952380952381
3.3204761904761906
3.8266666666666667
4.121904761904762
4.1066666666666665
3.3009523809523813
3.604761904761905
3.90047619047619
4.3028571428571425
3.6609523809523807
4.091904761904762
3.6671428571428573
4.288095238095238
3.6414285714285715
3.782857142857143
3.5104761904761905
3.2971428571428567
3.2923809523809524
3.3271428571428574
3.177142857142857
3.301904761904762
4.222380952380952
4.4747619047619045
4.516190476190476
4.24952380952381
4.548095238095238
4.587142857142857
4.243809523809524
4.845238095238095
5.199047619047619
5.56047619047619
5.33952380952381
5.12
5.193181818181818
5.059545454545455
5.092272727272728
5.21
5.38909090909091
5.079090909090909
5.232727272727273
5.694545454545454
5.9422727272727265
6.218636363636364
5.541363636363636
5.9804545454545455
5.7286363636363635
5.790909090909091
5.3945454545454545
5.798181818181818
5.692272727272727
5.950454545454545
6.165454545454545
5.871363636363636
5.552272727272728
6.47
6.6036363636363635
6.614545454545455
6.604090909090909
6.342272727272728
6.528636363636363
7.099545454545455
6.996818181818182
6.791363636363636
6.290909090909091
6.765454545454546
6.884545454545455
7.547727272727273
7.908181818181817
8.157272727272728
8.005
7.781363636363636
7.554545454545454
7.356363636363636
7.011363636363637
7.206363636363636
6.965909090909091
6.984090909090909
7.076818181818182
7.215
7.5672727272727265
8.445
8.517727272727273
8.84909090909091
8.137727272727274
8.72181818181818
8.54
8.826818181818181
8.782272727272728
8.389090909090909
8.645454545454545
8.629999999999999
9.372272727272728
9.213636363636363
9.821363636363635
9.689545454545454
10.313181818181818
10.148181818181818
10.336363636363636
10.18090909090909
10.464545454545455
10.433181818181819
10.766818181818183
10.685454545454546
10.541818181818183
10.748181818181818
10.723181818181818
10.416363636363636
11.084090909090909
11.909090909090908
11.914545454545454
11.443636363636363
11.089545454545455
10.852272727272727
11.135
11.238181818181818
11.475
11.64909090909091
11.97
11.643636363636363
11.47090909090909
11.309545454545455
11.413181818181819
12.11909090909091
12.536818181818182
12.824545454545454
12.45
12.02909090909091
12.513181818181819
12.367727272727272
12.808636363636365
13.389545454545454
12.502272727272727
12.461818181818183
12.575909090909091
13.186818181818182
13.403636363636364
13.47590909090909
13.504545454545456
13.818636363636363
13.70909090909091
13.888636363636364
13.492727272727272
13.498181818181818
13.891363636363637
13.841818181818182
13.57409090909091
14.016363636363637
13.59590909090909
14.034545454545453
13.386818181818182
13.412727272727272
14.114090909090908
14.612727272727273
15.075454545454546
15.443181818181818
14.660454545454543
14.372727272727273
14.053636363636365
13.914545454545454
14.201363636363636
14.602272727272727
14.916818181818183
14.532272727272726
14.960909090909091
14.614999999999998
14.42909090909091
14.174090909090909
14.104545454545455
14.17090909090909
14.155000000000001
14.416818181818183
14.68318181818182
14.475454545454545
14.564090909090908
14.383636363636363
14.014090909090909
13.816818181818183
13.537272727272727
13.67
13.618636363636364
14.089545454545457
14.48
14.181363636363637
13.664545454545454
13.647272727272728
14.22272727272727
13.789545454545454
13.634090909090908
13.94818181818182
13.93
13.65090909090909
13.758636363636363
13.55409090909091
13.305909090909092
12.412727272727272
13.135454545454547
12.88090909090909
12.826363636363636
12.815
12.646818181818183
12.723636363636365
13.206363636363637
12.853181818181817
13.029545454545454
13.120454545454544
13.141363636363637
12.739090909090908
12.757272727272726
12.613181818181818
12.315454545454545
12.765909090909092
12.849545454545455
12.422272727272729
11.775
11.378636363636362
11.424999999999999
11.005454545454546
11.07181818181818
11.158181818181818
12.007727272727273
11.860909090909091
11.548636363636364
10.742272727272727
10.913636363636364
11.017272727272728
11.085
10.793181818181818
11.081818181818182
10.49909090909091
10.707727272727272
10.136666666666667
9.859523809523811
9.67904761904762
9.163333333333334
9.762380952380951
9.86047619047619
10.007619047619048
10.013333333333334
9.678571428571429
9.49904761904762
9.474761904761905
9.535238095238096
9.541904761904762
9.532857142857143
8.767619047619048
8.352857142857143
8.178095238095239
8.24904761904762
8.121428571428572
8.46809523809524
8.302857142857142
7.766190476190476
8.331428571428571
7.716190476190476
7.853809523809524
7.933333333333333
8.183333333333334
7.702857142857143
6.9780952380952375
7.5442857142857145
7.937142857142858
7.161904761904762
7.265238095238095
6.635238095238096
6.156666666666666
6.207142857142857
6.530952380952381
6.002380952380952
5.58952380952381
5.766666666666667
6.083333333333333
6.227142857142858
5.706666666666667
5.902380952380953
6.395238095238096
6.595714285714285
5.457619047619048
5.437619047619047
5.692380952380952
5.29047619047619
4.977142857142857
4.597142857142858
3.746666666666667
4.144285714285714
4.293809523809524
3.891904761904762
4.688095238095237
4.723333333333334
3.9614285714285713
3.3985714285714286
3.2923809523809524
3.4519047619047623
3.6100000000000003
3.1485714285714286
3.569523809523809
3.7547619047619043
3.1114285714285717
3.2509523809523806
3.77952380952381
3.7742857142857145
3.744761904761905
3.236666666666667
3.16
3.6238095238095234
4.185238095238096
3.820952380952381
2.952857142857143
2.564761904761905
2.8
3.06
2.84
2.545714285714286
3.0385714285714287
4.038095238095238
3.1119047619047624
2.619047619047619
2.7966666666666664
2.698571428571429
2.2857142857142856
2.9142857142857146
3.2504761904761907
3.68
