pet
0.44416666666666665
0.4583333333333333
0.35083333333333333
0.49041666666666667
0.5766666666666667
0.34791666666666665
0.42791666666666667
0.56125
0.52375
0.535
0.4466666666666667
0.3858333333333333
0.42041666666666666
0.4483333333333333
0.4283333333333334
0.39083333333333337
0.31875000000000003
0.32958333333333334
0.36916666666666664
0.47500000000000003
0.5287499999999999
0.41083333333333333
0.41958333333333336
0.4608333333333334
0.4079166666666667
0.43333333333333335
0.3875
0.42124999999999996
0.43875
0.41291666666666665
0.4558333333333333
0.4254166666666667
0.46541666666666665
0.57
0.6158333333333333
0.6941666666666667
0.6733333333333333
0.57375
0.5329166666666666
0.5633333333333334
0.48500000000000004
0.555
0.5033333333333333
0.4466666666666667
0.3970833333333333
0.42333333333333334
0.4395833333333334
0.5254166666666666
0.43416666666666665
0.49666666666666665
0.49124999999999996
0.48833333333333334
0.6558333333333334
0.6925
0.62125
0.58375
0.71
0.7637499999999999
0.71125
0.7783333333333333
0.8745833333333333
0.7829166666666666
0.84125
0.9866666666666667
1.05375
1.0325
0.9199999999999999
0.9266666666666666
1.1254166666666667
1.0041666666666667
1.00875
1.0374999999999999
0.9175
0.87125
0.8779166666666667
0.9258333333333333
0.8462500000000001
0.7775
0.8708333333333332
0.82375
0.9129166666666667
0.9883333333333333
1.0979166666666667
1.065
1.0895833333333333
1.0983333333333334
1.07375
1.1320833333333333
1.155
1.3166666666666667
1.1645833333333333
1.0470833333333334
0.9125
1.0170833333333333
1.0966666666666667
1.2258333333333333
1.2541666666666667
1.2154166666666668
1.3641666666666667
1.4887499999999998
1.5258333333333332
1.5320833333333335
1.4154166666666665
1.5091666666666665
1.7066666666666668
1.7529166666666667
1.58375
1.76
1.7070833333333333
1.67
1.8716666666666668
1.9870833333333333
1.8579166666666669
1.9620833333333332
1.8933333333333333
1.9400000000000002
2.0025
2.0241666666666664
2.0541666666666667
2.0566666666666666
2.0212499999999998
2.1845833333333333
2.1329166666666666
2.1683333333333334
2.1679166666666667
2.2829166666666665
2.37375
2.2670833333333333
2.2191666666666667
2.290833333333333
2.3983333333333334
2.3983333333333334
2.57125
2.5558333333333336
2.6374999999999997
2.444166666666667
2.4825
2.4183333333333334
2.62375
2.8179166666666666
2.62625
2.6479166666666667
2.7866666666666666
2.83375
2.7262500000000003
2.6458333333333335
2.56
2.52375
2.59625
2.5987500000000003
2.8166666666666664
2.5608333333333335
2.3783333333333334
2.3629166666666666
2.37625
2.5241666666666664
2.322083333333333
2.3216666666666668
2.3379166666666666
2.41
2.3283333333333336
2.2966666666666664
2.2754166666666666
2.2583333333333333
2.21
2.1991666666666667
2.497916666666667
2.4770833333333333
2.396666666666667
2.5695833333333336
2.642916666666667
2.3016666666666667
2.345833333333333
2.3004166666666666
2.3208333333333333
2.3758333333333335
2.49875
2.441666666666667
2.5520833333333335
2.5158333333333336
2.4945833333333334
2.36
2.35875
2.6154166666666665
2.768333333333333
2.6925000000000003
2.6929166666666666
2.716666666666667
2.7470833333333338
2.7237500000000003
2.643333333333333
2.7258333333333336
2.6662500000000002
2.6845833333333338
2.5870833333333336
2.45125
2.4250000000000003
2.3195833333333336
2.339166666666667
2.5766666666666667
2.5341666666666667
2.3562499999999997
2.4325
2.4891666666666667
2.35875
2.4716666666666667
2.42125
2.65
2.4766666666666666
2.525
2.560416666666667
2.2066666666666666
2.31375
2.5279166666666666
2.34375
2.290833333333333
2.3183333333333334
2.11625
2.07375
2.3133333333333335
2.2070833333333333
2.2904166666666668
2.31375
2.1104166666666666
2.0695833333333336
2.0812500000000003
2.0620833333333333
2.0429166666666667
2.1054166666666667
2.1304166666666666
2.339583333333333
2.3158333333333334
2.263333333333333
2.005
1.8433333333333335
1.8691666666666666
1.8766666666666667
1.81375
1.8216666666666665
1.8533333333333333
1.7625
1.7829166666666667
1.7358333333333331
1.7025
1.6779166666666667
1.4745833333333334
1.5208333333333333
1.4779166666666665
1.5895833333333333
1.7145833333333333
1.6175
1.5683333333333334
1.3499999999999999
1.3833333333333335
1.2604166666666667
1.185
1.15
1.3016666666666667
1.3366666666666667
1.46875
1.4229166666666666
1.3233333333333333
1.3154166666666667
1.3708333333333333
1.2495833333333333
1.2883333333333333
1.1754166666666668
1.1975
1.2220833333333334
1.3141666666666667
1.3479166666666667
1.3079166666666666
1.2854166666666667
1.1170833333333332
1.1179166666666667
1.0658333333333332
1.0374999999999999
1.03875
0.9874999999999999
0.9933333333333333
1.1045833333333335
1.07625
0.9504166666666666
0.9874999999999999
1.0354166666666667
0.9120833333333334
0.8766666666666666
0.7933333333333333
0.7866666666666666
0.7129166666666666
0.7808333333333333
0.8516666666666667
0.82125
0.7341666666666667
0.7154166666666667
0.7529166666666667
0.6891666666666666
0.7720833333333333
0.665
0.7145833333333332
0.6408333333333333
0.7379166666666667
0.7716666666666666
0.6820833333333334
0.7325
0.7104166666666667
0.5991666666666667
0.5758333333333333
0.5579166666666667
0.595
0.7358333333333333
0.68
0.66
0.6304166666666666
0.6
0.4254166666666666
0.43541666666666673
0.4925
0.5195833333333334
0.527391304347826
0.6117391304347827
0.5804347826086956
0.41304347826086957
0.3634782608695652
0.4121739130434783
0.5121739130434783
0.5473913043478261
0.4369565217391304
0.5265217391304348
0.43086956521739134
0.3621739130434783
0.3378260869565218
0.3773913043478261
0.4726086956521739
0.4930434782608696
0.5730434782608695
0.5134782608695653
0.4665217391304348
0.3021739130434783
0.3021739130434783
0.37478260869565216
0.35434782608695653
0.3952173913043478
0.44739130434782604
0.41695652173913045
0.44434782608695655
0.3908695652173913
0.43565217391304345
0.34782608695652173
0.3878260869565217
0.3652173913043478
0.3713043478260869
0.38565217391304346
0.41391304347826086
0.4069565217391304
0.49434782608695654
0.5369565217391304
0.601304347826087
0.5443478260869565
0.5608695652173913
0.5308695652173914
0.5630434782608696
0.44956521739130434
0.43434782608695655
0.4469565217391305
