pet
0.4813636363636364
0.35545454545454547
0.26545454545454544
0.28545454545454546
0.3481818181818182
0.4109090909090909
0.38727272727272727
0.39136363636363636
0.4518181818181818
0.4459090909090909
0.40863636363636363
0.3781818181818182
0.44272727272727275
0.425
0.5272727272727272
0.4840909090909091
0.39590909090909093
0.4313636363636364
0.48863636363636365
0.5909090909090909
0.5340909090909091
0.42136363636363633
0.4268181818181818
0.35954545454545456
0.22545454545454546
0.39681818181818185
0.3195454545454546
0.485
0.6118181818181818
0.520909090909091
0.5631818181818182
0.505909090909091
0.5740909090909091
0.6495454545454545
0.6909090909090909
0.8681818181818183
0.6518181818181819
0.385
0.3963636363636364
0.47363636363636363
0.3795454545454545
0.4645454545454546
0.5504545454545455
0.46090909090909093
0.5345454545454545
0.4668181818181818
0.4127272727272727
0.5227272727272727
0.5131818181818182
0.5009090909090909
0.44
0.4954545454545455
0.6463636363636364
0.6745454545454546
0.5054545454545455
0.5372727272727272
0.5072727272727273
0.6813636363636364
0.5377272727272727
0.5890909090909091
0.5845454545454545
0.6131818181818182
0.7754545454545454
0.9022727272727273
1.065
1.1045454545454545
0.9245454545454546
0.9359090909090909
0.94
1.039090909090909
1.1972727272727273
1.0827272727272728
0.9627272727272728
0.8368181818181818
1.055
1.005
0.6881818181818182
0.7245454545454546
0.7890909090909091
0.8236363636363637
0.7690909090909092
0.7759090909090909
0.769090909090909
0.9109090909090909
0.9113636363636364
0.9004545454545455
0.8318181818181819
1.1186363636363637
1.32
1.319090909090909
1.3486363636363636
0.9900000000000001
0.9249999999999999
1.0513636363636363
1.185
1.215
1.0927272727272728
1.3277272727272729
1.375909090909091
1.5472727272727271
1.425909090909091
1.2236363636363636
1.199090909090909
1.4822727272727272
1.5350000000000001
1.4122727272727273
1.4095454545454547
1.464090909090909
1.2772727272727273
1.444090909090909
1.5677272727272729
1.4013636363636364
1.5031818181818182
1.6759090909090908
1.5822727272727273
1.6904545454545454
1.9922727272727272
2.09
2.0836363636363635
2.0431818181818184
2.190909090909091
2.0313636363636363
2.12
1.9904545454545455
1.8509090909090908
2.123181818181818
2.2195454545454543
2.062272727272727
1.9572727272727273
2.021818181818182
1.9845454545454544
2.35
2.630909090909091
2.7613636363636362
2.4695454545454543
2.1504545454545454
2.3763636363636365
2.178181818181818
2.16
2.5359090909090907
2.2509090909090905
2.1727272727272724
2.458181818181818
2.522727272727273
2.4181818181818184
2.3095454545454546
2.2995454545454543
2.2304545454545455
2.3440909090909092
2.555
2.7322727272727274
2.494090909090909
2.3068181818181817
2.185
2.185
2.12
2.1177272727272727
2.268181818181818
2.1454545454545455
2.2195454545454543
2.097272727272727
2.0595454545454546
2.144090909090909
2.33
2.1722727272727274
2.2054545454545456
2.3581818181818184
2.4986363636363635
2.4927272727272727
2.7113636363636364
2.4886363636363638
2.187727272727273
2.027727272727273
2.0922727272727273
2.132727272727273
2.231363636363636
2.2454545454545456
2.2372727272727273
2.2881818181818185
2.225
1.9436363636363636
1.9381818181818182
2.045
2.275909090909091
2.505
2.351818181818182
2.462727272727273
2.558181818181818
2.4036363636363633
2.274090909090909
2.2827272727272727
2.3986363636363635
2.2540909090909094
2.2413636363636367
2.149090909090909
1.9981818181818183
1.8277272727272729
2.069545454545455
2.149090909090909
2.536363636363636
2.4522727272727276
2.1331818181818183
2.200454545454545
2.352272727272727
2.359090909090909
2.3113636363636365
2.3613636363636363
2.3822727272727273
2.3745454545454545
2.180909090909091
2.2572727272727273
2.06
2.058181818181818
2.18
1.999090909090909
1.960909090909091
2.004090909090909
1.9813636363636364
1.7868181818181819
1.8863636363636365
1.8622727272727273
1.8086363636363636
1.924090909090909
1.8318181818181818
1.8109090909090908
1.8395454545454546
1.8422727272727273
1.6636363636363638
1.7804545454545455
1.8286363636363634
1.8172727272727272
1.8304545454545456
1.6600000000000001
1.3768181818181817
1.455909090909091
1.49
1.3695454545454544
1.520909090909091
1.4813636363636364
1.747272727272727
1.5613636363636365
1.5595454545454546
1.533181818181818
1.4713636363636362
1.5659090909090911
1.5586363636363636
1.468181818181818
1.3722727272727273
1.164090909090909
1.3027272727272727
1.3954545454545455
1.295909090909091
1.2913636363636363
1.0972727272727274
1.009090909090909
0.9036363636363636
0.9436363636363635
0.94
1.2477272727272728
1.2954545454545454
1.1104545454545454
1.209090909090909
1.2695454545454545
1.2436363636363637
1.12
1.1859090909090908
0.9681818181818183
0.990909090909091
1.0313636363636365
1.0154545454545454
1.1736363636363636
1.1409090909090909
1.219090909090909
1.0172727272727273
1.041818181818182
1.0190909090909093
0.9986363636363635
0.8927272727272727
0.7668181818181818
0.75
0.9445454545454546
0.9290909090909092
0.6759090909090909
0.7131818181818181
0.6890909090909091
0.8663636363636363
0.9036363636363636
0.7309090909090908
0.8686363636363637
0.6776190476190477
0.6785714285714286
0.5933333333333333
0.4957142857142857
0.61
0.6171428571428572
0.6823809523809524
0.6676190476190476
0.6404761904761904
0.5728571428571428
0.5514285714285714
0.5876190476190476
0.5123809523809524
0.6138095238095238
0.6314285714285715
0.6081818181818182
0.5972727272727273
0.6468181818181818
0.5563636363636364
0.51
0.6145454545454545
0.6695454545454546
0.5722727272727273
0.6268181818181818
0.48636363636363633
0.4813636363636364
0.4327272727272727
0.51
0.4559090909090909
0.5522727272727272
0.5195454545454545
0.5027272727272728
0.39499999999999996
0.24454545454545454
0.33818181818181814
0.7000000000000001
0.5577272727272727
0.5159090909090909
0.4163636363636364
0.42045454545454547
0.36818181818181817
0.5186363636363637
0.44681818181818184
0.38727272727272727
0.5472727272727272
0.4540909090909091
0.6186363636363637
0.5427272727272727
0.3513636363636363
0.3890909090909091
0.2781818181818182
0.2440909090909091
0.34545454545454546
0.37999999999999995
0.5222727272727273
0.515
0.39045454545454544
0.42363636363636364
0.4540909090909091
0.3686363636363636
0.40318181818181825
0.31636363636363635
0.2790909090909091
0.20318181818181816
0.2204545454545455
0.29863636363636364
0.30272727272727273
0.3940909090909091
0.4936363636363636
0.42045454545454547
0.3409090909090909
0.2831818181818182
0.38727272727272727
0.4395454545454545
0.4540909090909091
0.43454545454545457
