pet
0.43652173913043485
0.4939130434782609
0.4004347826086957
0.3878260869565217
0.5452173913043478
0.34913043478260875
0.3656521739130435
0.47000000000000003
0.5552173913043478
0.5195652173913043
0.3739130434782609
0.41478260869565214
0.44217391304347825
0.43826086956521737
0.5599999999999999
0.4839130434782608
0.30521739130434783
0.3552173913043478
0.4252173913043478
0.4156521739130435
0.5834782608695652
0.4895652173913043
0.44956521739130434
0.5247826086956522
0.5413043478260869
0.3617391304347826
0.46260869565217394
0.5013043478260869
0.5660869565217391
0.47000000000000003
0.5486956521739131
0.48217391304347823
0.4617391304347826
0.5795652173913044
0.7104347826086956
0.8265217391304348
0.92
0.66
0.542608695652174
0.6578260869565218
0.551304347826087
0.6073913043478261
0.5147826086956522
0.46347826086956523
0.4765217391304347
0.5113043478260869
0.42913043478260876
0.6160869565217392
0.6378260869565218
0.6126086956521739
0.6360869565217391
0.5747826086956522
0.657391304347826
0.8221739130434783
0.6839130434782609
0.6473913043478261
0.783913043478261
0.8534782608695651
0.8217391304347825
0.8839130434782608
1.046086956521739
0.8960869565217391
0.8360869565217391
1.047391304347826
1.1395652173913045
1.2608695652173914
1.1830434782608696
1.1021739130434782
1.3708695652173915
1.1930434782608696
1.2469565217391305
1.2152173913043478
1.2086956521739132
1.1343478260869566
1.172608695652174
1.3882608695652174
1.2878260869565217
1.001304347826087
1.1443478260869566
1.1004347826086955
1.1604347826086958
1.3208695652173912
1.2943478260869565
1.381304347826087
1.2808695652173914
1.335217391304348
1.2382608695652173
1.34
1.3865217391304347
1.751304347826087
1.7508695652173913
1.533478260869565
1.3517391304347826
1.2847826086956522
1.498695652173913
1.5447826086956522
1.4447826086956521
1.466521739130435
1.7843478260869565
1.922608695652174
1.858695652173913
1.7952173913043479
1.5482608695652174
1.606086956521739
1.8117391304347827
1.9621739130434783
1.7173913043478262
1.6556521739130434
2.13695652173913
1.943913043478261
2.2169565217391307
2.407391304347826
2.1934782608695653
2.1095652173913044
2.233478260869565
2.069130434782609
2.062173913043478
2.246521739130435
2.2643478260869565
2.3443478260869566
2.4213043478260867
2.593913043478261
2.462608695652174
2.4478260869565216
2.4882608695652175
2.4943478260869565
2.776521739130435
2.747391304347826
2.5386956521739132
2.5456521739130435
2.6847826086956523
2.7934782608695654
2.886086956521739
2.9747826086956524
3.0208695652173914
2.924782608695652
2.7143478260869567
2.7595652173913043
2.9469565217391307
3.216521739130435
2.7934782608695654
2.899130434782609
2.9769565217391305
3.004782608695652
2.88
2.9869565217391307
2.73
2.753478260869565
3.1291304347826085
2.926086956521739
3.2491304347826087
3.0865217391304345
2.8230434782608698
2.798695652173913
2.790434782608696
2.9143478260869564
2.9730434782608692
2.73
2.7669565217391305
2.7026086956521738
2.5791304347826087
2.5569565217391306
2.477826086956522
2.7221739130434783
2.506521739130435
2.5017391304347827
2.6478260869565218
2.6530434782608694
2.6360869565217393
2.832608695652174
2.8417391304347825
2.5004347826086954
2.4630434782608694
2.4586956521739127
2.476086956521739
2.6473913043478263
2.7369565217391307
2.7004347826086956
2.8469565217391306
2.5904347826086958
2.7956521739130435
2.813913043478261
2.7756521739130435
2.7269565217391305
3.0617391304347827
3.0517391304347825
3.1769565217391302
3.2026086956521738
3.36
2.927826086956522
3.0991304347826087
3.2008695652173915
3.006086956521739
3.175652173913043
3.20125
3.095833333333333
2.8679166666666664
2.9754166666666664
2.9620833333333336
3.2825
3.2108333333333334
2.9429166666666666
2.93125
3.1995833333333334
2.997916666666667
3.0258333333333334
3.10875
3.37375
3.3683333333333336
3.3845833333333335
3.445
3.2279166666666668
3.0700000000000003
3.169583333333333
3.1174999999999997
3.0720833333333335
2.932916666666667
3.0679166666666666
2.8679166666666664
2.8512500000000003
2.8466666666666662
2.8970833333333332
3.0749999999999997
2.85875
2.89
3.0887499999999997
3.015833333333333
2.8470833333333334
2.752083333333333
2.8479166666666664
2.9445833333333336
2.954166666666667
3.0187500000000003
2.6269565217391304
2.468695652173913
2.356086956521739
2.40304347826087
2.1030434782608696
2.145217391304348
2.2686956521739132
2.418695652173913
2.2117391304347827
2.2604347826086957
2.258695652173913
2.1921739130434785
2.0626086956521736
2.195217391304348
2.017391304347826
1.8956521739130436
2.1895652173913045
2.1
2.2556521739130435
2.240869565217391
1.9878260869565216
1.7943478260869568
1.6282608695652174
1.755217391304348
1.6856521739130432
1.875217391304348
1.8860869565217393
1.9726086956521738
1.6508695652173913
1.8139130434782609
1.9460869565217391
1.6595652173913045
1.8013043478260868
1.5821739130434782
1.6378260869565218
1.7695652173913046
1.6282608695652174
1.71
1.7773913043478262
1.7560869565217392
1.5847826086956522
1.3882608695652174
1.3608695652173914
1.3878260869565218
1.3978260869565218
1.4934782608695654
1.261304347826087
1.44
1.5639130434782609
1.2682608695652176
1.2082608695652173
1.3234782608695652
1.1430434782608696
1.027391304347826
1.1169565217391304
1.0082608695652173
0.9491304347826087
0.9682608695652174
1.0691304347826087
0.9591304347826086
0.8952173913043479
0.8699999999999999
0.938695652173913
0.93
0.8660869565217391
0.8769565217391303
0.9191304347826087
0.9291304347826087
0.8134782608695652
0.8082608695652174
0.7908695652173914
0.783913043478261
0.7943478260869565
0.8095652173913044
0.6921739130434783
0.6765217391304348
0.5843478260869565
0.8317391304347825
0.6882608695652174
0.74
0.8117391304347826
0.6160869565217392
0.47260869565217395
0.45217391304347826
0.4860869565217391
0.4613043478260869
0.4830434782608695
0.5439130434782609
0.6543478260869565
0.4426086956521739
0.32652173913043475
0.41304347826086957
0.5834782608695652
0.6217391304347827
0.4773913043478261
0.578695652173913
0.552608695652174
0.40391304347826085
0.3939130434782609
0.3682608695652174
0.4752173913043478
0.4965217391304348
0.6047826086956521
0.5521739130434783
0.5165217391304349
0.28043478260869564
0.24391304347826087
0.2882608695652174
0.4613043478260869
0.4221739130434783
0.43913043478260866
0.47695652173913045
0.46565217391304353
0.3678260869565218
0.42043478260869566
0.4121739130434783
0.358695652173913
0.4265217391304348
0.42478260869565215
0.44130434782608696
0.4273913043478261
0.45
0.45826086956521733
0.5752173913043478
0.6443478260869565
0.5165217391304348
0.5065217391304347
0.5391304347826087
0.527391304347826
0.5021739130434782
0.4665217391304348
0.41
