pet
0.4969230769230769
0.39384615384615385
0.39192307692307693
0.35192307692307695
0.3565384615384615
0.36615384615384616
0.49923076923076926
0.49769230769230766
0.4496153846153846
0.4030769230769231
0.4730769230769231
0.4819230769230769
0.4623076923076923
0.3988461538461539
0.46846153846153843
0.41846153846153844
0.3688461538461538
0.49346153846153845
0.5476923076923077
0.4476923076923077
0.3053846153846154
0.4042307692307692
0.42769230769230765
0.36538461538461536
0.43153846153846154
0.45038461538461544
0.5042307692307693
0.5596153846153846
0.5246153846153846
0.4326923076923077
0.5430769230769231
0.595
0.6003846153846154
0.5334615384615385
0.6857692307692307
0.7076923076923076
0.5315384615384615
0.5161538461538462
0.5388461538461539
0.5261538461538462
0.4953846153846154
0.6184615384615385
0.5684615384615385
0.446923076923077
0.5542307692307692
0.7061538461538461
0.6438461538461537
0.7176923076923077
0.6292307692307693
0.7446153846153846
0.7784615384615384
0.87
0.8126923076923076
0.8542307692307692
0.8049999999999999
0.7903846153846155
0.7507692307692307
0.7703846153846154
0.7250000000000001
0.7523076923076922
0.8003846153846154
0.7803846153846153
0.6830769230769231
0.7688461538461537
0.9223076923076923
1.0380769230769231
1.136153846153846
1.1873076923076924
1.1934615384615386
1.1707692307692308
1.2123076923076923
1.0076923076923077
1.3084615384615386
1.4742307692307692
1.4230769230769231
1.3223076923076924
1.2569230769230768
1.1753846153846153
1.1784615384615384
1.2565384615384616
1.1830769230769231
1.316153846153846
1.3565384615384617
1.381153846153846
1.3815384615384616
1.415769230769231
1.5223076923076921
1.6230769230769229
1.7684615384615383
1.6634615384615385
1.658076923076923
1.8134615384615385
1.7596153846153846
1.6515384615384614
1.7696153846153846
1.6507692307692308
1.5488461538461538
1.6211538461538462
1.8276923076923077
1.761153846153846
1.681923076923077
1.7557692307692307
1.804230769230769
1.8980769230769232
1.9249999999999998
1.8496153846153844
1.908076923076923
1.8707692307692307
1.9311538461538462
2.0326923076923076
2.338076923076923
2.4080769230769232
2.4092307692307693
2.4657692307692307
2.27
2.0634615384615382
2.12
2.1996153846153845
2.091153846153846
2.162692307692308
2.297307692307692
2.2857692307692306
2.3073076923076923
2.276923076923077
2.331153846153846
2.539230769230769
2.6738461538461538
2.7096153846153848
2.816153846153846
2.950384615384615
2.7776923076923077
2.5303846153846155
2.5919230769230768
2.417307692307692
2.5688461538461542
2.8369230769230773
2.7011538461538462
2.662692307692308
2.701923076923077
2.7546153846153847
2.709230769230769
2.7057692307692305
2.768076923076923
2.813846153846154
2.977692307692308
2.9415384615384617
2.927692307692308
2.8061538461538458
2.8307692307692305
2.8776923076923073
2.8007692307692307
2.923076923076923
2.896153846153846
2.6803846153846154
2.5942307692307693
2.5250000000000004
2.5465384615384616
2.4873076923076924
2.608076923076923
2.7392307692307694
2.6326923076923077
2.6723076923076925
2.6561538461538463
2.671923076923077
2.8634615384615385
2.766923076923077
2.936923076923077
3.022692307692308
2.9711538461538463
2.9511538461538462
2.868846153846154
2.8123076923076926
2.6796153846153845
2.873076923076923
2.9026923076923077
2.881153846153846
3.0076923076923077
2.9373076923076926
2.8646153846153846
2.9946153846153845
2.916923076923077
3.068076923076923
3.0515384615384615
2.901153846153846
2.9934615384615384
3.13
3.0596153846153844
2.9446153846153846
3.0
3.012307692307692
2.9403846153846156
2.8850000000000002
2.803076923076923
2.8815384615384616
2.9892307692307694
3.0730769230769233
3.1384615384615384
3.116153846153846
3.27
3.4226923076923077
3.0473076923076925
2.9665384615384616
2.9696153846153845
3.168846153846154
3.176153846153846
3.2253846153846153
3.111923076923077
2.996923076923077
2.9765384615384614
2.901923076923077
2.7776923076923077
2.831153846153846
3.0276923076923077
2.8492307692307692
2.880769230769231
2.8034615384615384
2.865769230769231
2.9423076923076925
2.8499999999999996
3.0069230769230773
2.8369230769230773
2.798461538461538
2.9476923076923076
2.744230769230769
2.8019230769230767
2.667307692307692
2.538846153846154
2.4034615384615385
2.566153846153846
2.555
2.4646153846153847
2.398846153846154
2.45
2.4930769230769227
2.3723076923076922
2.2696153846153844
2.5280769230769233
2.33
2.1123076923076924
2.065
2.0434615384615387
1.9603846153846154
1.9026923076923077
1.8403846153846155
2.0896153846153847
2.0776923076923075
2.0926923076923076
2.17
2.0134615384615384
1.968076923076923
2.025
1.9026923076923077
2.0915384615384616
2.0257692307692308
1.7665384615384616
1.7065384615384613
1.610769230769231
1.6734615384615383
1.6776923076923076
1.5042307692307693
1.6211538461538462
1.5973076923076923
1.6773076923076924
1.566923076923077
1.4965384615384616
1.5234615384615384
1.4376923076923078
1.3611538461538462
1.3673076923076921
1.4311538461538462
1.4496153846153845
1.4130769230769231
1.5284615384615385
1.4723076923076923
1.3496153846153847
1.2365384615384616
1.1611538461538462
1.1996153846153847
1.0888461538461538
1.0238461538461539
1.1673076923076924
1.2115384615384615
1.3061538461538462
1.0046153846153847
1.04
1.108076923076923
0.9923076923076923
0.9346153846153846
0.9911538461538462
0.8423076923076922
0.9484615384615385
0.8723076923076923
0.9434615384615385
0.9946153846153846
0.8588461538461538
0.9726923076923076
1.0161538461538462
1.0484615384615386
0.8807692307692307
0.9742307692307693
0.9538461538461539
0.8992307692307692
0.895
0.8961538461538462
0.7838461538461539
0.7996153846153846
0.715
0.6146153846153847
0.6692307692307692
0.6246153846153846
0.575
0.5746153846153846
0.566923076923077
0.6676923076923077
0.6519230769230769
0.5549999999999999
0.5896153846153847
0.525
0.6142307692307692
0.5073076923076923
0.4596153846153846
0.4957692307692308
0.4230769230769231
0.42346153846153844
0.47115384615384615
0.45038461538461544
0.37153846153846154
0.46153846153846156
0.4461538461538461
0.4857692307692308
0.4642307692307692
0.5130769230769231
0.45615384615384613
0.46192307692307694
0.43230769230769234
0.44461538461538463
0.33576923076923076
0.32653846153846156
0.45461538461538464
0.515
0.40384615384615385
0.4496153846153846
0.3376923076923077
0.33653846153846156
0.3469230769230769
0.42038461538461536
0.3330769230769231
0.3734615384615384
0.40538461538461534
0.3688461538461538
0.3630769230769231
0.37
0.36615384615384616
0.4
0.5453846153846154
0.6003846153846154
0.7046153846153846
0.6380769230769231
0.45269230769230767
0.44153846153846155
0.39115384615384613
0.2826923076923077
0.45307692307692304
0.5553846153846154
0.4734615384615385
