temperature
5.351153846153846
4.594615384615384
4.551923076923076
4.2784615384615385
4.282692307692308
4.2480769230769235
4.860384615384616
4.842307692307693
4.370384615384615
4.6365384615384615
4.950769230769231
5.331538461538462
5.024615384615386
4.731538461538461
4.713846153846154
4.342692307692308
4.298076923076923
4.571153846153846
4.64
3.9557692307692305
3.667692307692308
4.319230769230769
4.0284615384615385
3.832692307692308
4.249615384615384
4.306538461538461
4.683076923076923
4.871538461538462
4.6438461538461535
4.000384615384616
4.407307692307692
4.523846153846154
4.466153846153846
4.556923076923077
5.440769230769231
5.403846153846154
4.539615384615384
4.099615384615385
4.194230769230769
4.158076923076923
3.8884615384615384
4.563846153846153
4.565384615384615
3.917692307692308
4.59576923076923
5.366538461538462
5.01
5.386153846153846
5.013076923076923
5.455384615384616
5.53923076923077
6.097307692307693
5.712307692307693
5.775384615384615
5.5065384615384625
5.401923076923077
5.348846153846154
5.036538461538461
4.740384615384615
4.972307692307693
5.106538461538462
5.110769230769231
4.737307692307692
5.243846153846154
5.746923076923077
6.223461538461539
6.828846153846154
7.018076923076923
7.061153846153847
6.783461538461538
7.017307692307692
6.224615384615385
7.426923076923076
8.114615384615385
7.888076923076923
7.311923076923076
6.889230769230769
6.673461538461538
6.648461538461539
7.0442307692307695
6.78923076923077
7.156153846153846
7.304615384615385
7.38
7.351538461538461
7.526923076923078
7.810384615384615
8.248846153846154
8.727692307692307
8.328076923076923
8.264999999999999
8.804230769230768
8.603076923076923
8.188076923076922
8.55923076923077
8.106538461538461
7.673461538461538
7.826153846153845
8.72
8.499230769230769
8.147307692307692
8.421538461538463
8.582307692307692
8.837307692307693
8.899615384615384
8.748846153846154
8.981923076923078
8.878846153846153
9.118846153846153
9.443461538461538
10.55
10.80653846153846
10.830384615384617
11.066923076923077
10.404615384615385
9.661538461538461
9.862307692307693
10.224230769230768
9.842692307692307
10.107692307692307
10.415384615384616
10.266153846153847
10.380384615384616
10.385769230769231
10.612307692307693
11.147692307692308
11.747307692307693
11.895
12.234230769230768
12.680769230769231
12.169230769230769
11.531153846153845
11.778846153846153
11.304615384615385
11.800384615384615
12.646538461538462
12.313076923076922
12.358076923076924
12.497692307692308
12.698076923076922
12.644615384615385
12.673461538461538
12.879615384615384
13.095
13.640384615384615
13.590769230769231
13.549230769230768
13.14846153846154
13.330769230769231
13.618076923076924
13.377692307692307
14.531153846153845
14.67653846153846
14.086538461538462
13.912692307692309
13.736923076923079
13.848076923076924
13.727307692307694
14.188846153846155
14.708461538461538
14.397692307692308
14.508846153846154
14.606923076923078
14.679615384615385
15.316153846153847
15.055384615384614
15.651538461538461
15.93576923076923
15.813076923076922
15.771538461538462
15.585384615384616
15.38076923076923
15.096923076923076
15.783846153846154
15.943846153846154
15.884615384615385
16.244615384615386
16.10923076923077
15.983846153846153
16.41769230769231
16.199615384615385
16.649615384615384
16.658076923076923
16.245
16.56692307692308
17.006153846153843
16.855384615384615
16.533846153846152
16.766538461538463
16.861538461538462
16.664615384615384
16.56576923076923
16.356923076923074
16.62
16.996153846153845
17.309615384615384
17.508846153846154
17.530384615384616
18.053076923076922
18.557692307692307
17.48076923076923
17.28076923076923
17.385384615384616
18.02730769230769
18.09653846153846
18.26615384615385
18.00846153846154
17.696538461538463
17.696153846153848
17.536153846153844
17.197692307692307
17.393076923076926
18.080769230769228
17.65
17.786538461538463
17.596923076923076
17.834615384615383
18.099615384615387
17.851153846153846
18.386153846153846
17.849615384615383
17.817307692307693
18.360384615384614
17.726153846153846
17.96076923076923
17.58230769230769
17.242307692307694
16.831923076923076
17.425384615384615
17.396153846153847
17.10269230769231
16.958846153846153
17.14846153846154
17.326923076923077
16.99692307692308
16.625384615384615
17.459615384615383
16.85884615384615
16.18307692307692
16.048461538461538
16.00923076923077
15.722307692307691
15.514999999999999
15.10923076923077
15.929615384615385
15.912692307692309
15.981538461538461
16.209615384615383
15.678461538461537
15.5
15.744615384615384
15.31076923076923
15.975384615384616
15.754615384615384
14.826923076923077
14.667307692307693
14.292692307692308
14.586923076923076
14.369230769230768
13.861153846153845
14.45
14.373846153846152
14.659615384615384
14.20346153846154
13.946153846153846
13.966923076923077
13.61076923076923
13.450769230769229
13.487692307692308
13.640384615384615
13.597307692307691
13.565
14.135
13.592307692307692
12.765769230769232
12.459615384615384
11.960384615384616
12.371153846153845
12.003846153846155
11.783846153846154
12.385
12.506923076923076
12.733846153846153
11.62076923076923
11.707692307692307
11.851923076923075
11.342307692307692
11.257692307692308
11.507692307692308
10.607692307692307
10.937307692307693
10.660769230769231
10.762307692307692
10.87423076923077
10.568076923076923
10.986923076923079
11.035
11.125384615384615
10.59769230769231
10.610000000000001
10.32346153846154
10.168076923076923
10.055384615384614
10.247307692307693
9.618846153846153
9.57576923076923
9.221538461538461
8.588461538461539
8.763076923076923
8.664615384615384
8.466153846153846
8.263076923076923
8.041538461538462
8.698846153846153
8.613076923076923
7.977692307692308
8.090384615384615
7.571538461538462
7.822307692307692
7.428076923076923
7.115384615384615
7.318461538461539
6.6923076923076925
6.506153846153846
6.557307692307693
6.695769230769231
6.1534615384615385
6.6984615384615385
6.543461538461538
6.794615384615384
6.371153846153846
6.551923076923076
6.264615384615384
5.983461538461539
5.828461538461538
5.501923076923077
5.499615384615385
5.302307692307693
5.663076923076924
6.002307692307692
5.647307692307693
5.606153846153846
5.167307692307692
5.248846153846154
5.009230769230769
5.45423076923077
4.985769230769231
5.243076923076923
5.200384615384616
4.79576923076923
4.837307692307692
4.755
4.435384615384615
4.726923076923077
5.679230769230769
5.985769230769231
6.826538461538462
6.691923076923077
5.507692307692308
5.326923076923077
4.726153846153846
4.146923076923077
4.753461538461538
5.369230769230769
4.885769230769231
