pet
0.42230769230769233
0.445
0.3646153846153846
0.5380769230769231
0.6019230769230769
0.36230769230769233
0.44000000000000006
0.5434615384615384
0.5234615384615384
0.5430769230769231
0.4153846153846154
0.3565384615384615
0.37307692307692303
0.46499999999999997
0.41461538461538466
0.3692307692307692
0.2973076923076923
0.3480769230769231
0.37307692307692314
0.46192307692307694
0.5315384615384615
0.4969230769230769
0.5130769230769231
0.5073076923076922
0.46192307692307694
0.4969230769230769
0.4296153846153846
0.4507692307692308
0.45692307692307693
0.4196153846153846
0.4761538461538462
0.4715384615384615
0.5192307692307693
0.5861538461538461
0.6119230769230769
0.6849999999999999
0.6457692307692308
0.6253846153846154
0.5665384615384615
0.5380769230769231
0.5042307692307693
0.5388461538461539
0.47884615384615387
0.4146153846153846
0.37884615384615383
0.39653846153846156
0.4238461538461538
0.5242307692307692
0.4573076923076923
0.5176923076923077
0.5146153846153847
0.5057692307692307
0.6323076923076923
0.6642307692307692
0.6030769230769231
0.5634615384615385
0.7146153846153845
0.7469230769230768
0.698076923076923
0.7465384615384616
0.8696153846153846
0.803076923076923
0.8453846153846154
0.9569230769230769
0.9811538461538463
1.0107692307692309
0.9292307692307692
0.948076923076923
1.0876923076923077
0.99
0.985
0.9784615384615384
0.8946153846153846
0.9296153846153845
0.9507692307692307
1.0238461538461539
0.981923076923077
0.9373076923076924
0.9846153846153847
0.9342307692307692
0.9907692307692308
1.1203846153846153
1.21
1.1353846153846154
1.1296153846153847
1.1534615384615383
1.1134615384615385
1.1830769230769231
1.264230769230769
1.4065384615384615
1.246923076923077
1.1103846153846155
1.0284615384615383
1.168076923076923
1.1919230769230769
1.3423076923076922
1.3888461538461538
1.3184615384615386
1.4303846153846154
1.6196153846153847
1.646923076923077
1.6857692307692307
1.5134615384615384
1.6207692307692307
1.9207692307692308
1.8726923076923077
1.7592307692307694
1.896923076923077
1.7823076923076924
1.7615384615384615
1.901923076923077
2.0784615384615384
1.863076923076923
1.9226923076923077
1.8646153846153846
1.9542307692307692
2.0092307692307694
1.9530769230769232
2.0330769230769232
1.988846153846154
1.8888461538461538
2.1453846153846152
2.2011538461538462
2.2423076923076923
2.316538461538461
2.35
2.4553846153846157
2.3176923076923077
2.269230769230769
2.301153846153846
2.4126923076923075
2.3615384615384616
2.4257692307692307
2.4365384615384618
2.563076923076923
2.393076923076923
2.4092307692307693
2.436153846153846
2.621153846153846
2.776923076923077
2.688846153846154
2.773076923076923
2.790769230769231
2.911153846153846
2.7434615384615384
2.751153846153846
2.6623076923076923
2.538846153846154
2.616153846153846
2.525384615384615
2.7173076923076924
2.5442307692307695
2.3696153846153845
2.3261538461538462
2.3
2.415
2.295
2.3473076923076923
2.3753846153846156
2.3726923076923074
2.2853846153846153
2.3273076923076923
2.2984615384615386
2.283846153846154
2.356923076923077
2.4238461538461538
2.6653846153846152
2.508846153846154
2.440769230769231
2.5096153846153846
2.6223076923076927
2.428076923076923
2.476923076923077
2.422307692307692
2.458076923076923
2.5292307692307694
2.5807692307692305
2.5026923076923078
2.5953846153846154
2.593461538461539
2.5942307692307693
2.5246153846153847
2.5203846153846152
2.769230769230769
2.8611538461538464
2.751153846153846
2.7253846153846153
2.791153846153846
2.851153846153846
2.7657692307692305
2.6773076923076924
2.769230769230769
2.6576923076923076
2.743846153846154
2.6403846153846158
2.5403846153846152
2.4365384615384618
2.4069230769230767
2.4046153846153846
2.613076923076923
2.56
2.4492307692307693
2.413846153846154
2.5023076923076926
2.4023076923076925
2.546538461538461
2.501153846153846
2.6907692307692312
2.5453846153846156
2.6123076923076924
2.726923076923077
2.3034615384615384
2.3465384615384615
2.495
2.3669230769230767
2.2826923076923076
2.3565384615384617
2.140769230769231
2.0319230769230767
2.2638461538461536
2.145
2.1188461538461536
2.2146153846153847
2.13
2.141153846153846
2.210384615384615
2.1876923076923074
2.101153846153846
2.105769230769231
2.1273076923076926
2.2865384615384614
2.3346153846153848
2.274230769230769
2.0815384615384613
1.929230769230769
2.0453846153846156
2.0173076923076922
1.943076923076923
1.8900000000000001
1.933076923076923
1.81
1.7515384615384615
1.7684615384615385
1.7592307692307694
1.7246153846153847
1.6015384615384616
1.6396153846153847
1.5684615384615386
1.662692307692308
1.7865384615384616
1.7423076923076921
1.6749999999999998
1.3784615384615386
1.4200000000000002
1.4303846153846154
1.2957692307692308
1.3092307692307692
1.4115384615384616
1.4207692307692308
1.4138461538461538
1.3550000000000002
1.3026923076923076
1.3015384615384618
1.3626923076923076
1.2715384615384617
1.281923076923077
1.166153846153846
1.1538461538461537
1.1519230769230768
1.2034615384615384
1.2984615384615383
1.2203846153846154
1.1688461538461539
1.1042307692307693
1.1834615384615383
1.1257692307692309
1.0926923076923076
1.0292307692307694
0.9796153846153846
0.9938461538461538
1.0923076923076922
1.1473076923076921
0.9938461538461538
1.0261538461538462
1.0207692307692307
0.8453846153846154
0.8557692307692307
0.7723076923076923
0.7376923076923076
0.7684615384615385
0.7953846153846154
0.7788461538461539
0.7719230769230769
0.6503846153846153
0.6719230769230768
0.7611538461538461
0.6823076923076923
0.7715384615384615
0.7107692307692308
0.7303846153846153
0.661923076923077
0.7615384615384616
0.8653846153846154
0.8238461538461539
0.8653846153846154
0.821923076923077
0.7069230769230769
0.6615384615384615
0.5603846153846154
0.5892307692307692
0.7976923076923076
0.7273076923076923
0.7030769230769232
0.7219230769230769
0.5973076923076923
0.47846153846153844
0.5088461538461538
0.51
0.48846153846153845
0.4453846153846154
0.5380769230769231
0.5503846153846154
0.3607692307692308
0.3880769230769231
0.4096153846153846
0.5319230769230769
0.6226923076923078
0.51
0.545
0.4880769230769231
0.3961538461538462
0.35038461538461535
0.3565384615384615
0.48615384615384616
0.5007692307692307
0.6092307692307692
0.5380769230769231
0.515
0.3811538461538462
0.35192307692307695
0.40692307692307694
0.31807692307692303
0.3373076923076923
0.3861538461538461
0.415
0.5007692307692307
0.4519230769230769
0.4815384615384615
0.43846153846153846
0.4238461538461538
0.42038461538461536
0.36346153846153845
0.4342307692307692
0.515
0.46653846153846157
0.5015384615384615
0.4730769230769231
0.5215384615384615
0.5307692307692308
0.588076923076923
0.5973076923076923
0.6261538461538461
0.43538461538461537
0.36538461538461536
0.4380769230769231
