pet
0.47384615384615386
0.4930769230769231
0.49615384615384617
0.61
0.6684615384615384
0.44461538461538463
0.5438461538461539
0.6123076923076923
0.6323076923076923
0.6569230769230768
0.48807692307692313
0.44269230769230766
0.4826923076923077
0.5507692307692308
0.4988461538461539
0.49
0.3553846153846154
0.42615384615384616
0.5003846153846154
0.5615384615384615
0.6849999999999999
0.6534615384615384
0.6761538461538462
0.6030769230769231
0.5965384615384616
0.5930769230769231
0.5750000000000001
0.6030769230769231
0.5423076923076923
0.47269230769230763
0.5946153846153845
0.5553846153846154
0.5992307692307692
0.6626923076923077
0.7276923076923077
0.7938461538461539
0.7853846153846155
0.7103846153846154
0.6688461538461539
0.5834615384615385
0.5996153846153847
0.63
0.5865384615384616
0.4984615384615384
0.4696153846153846
0.4969230769230769
0.5130769230769231
0.6373076923076924
0.5642307692307692
0.6115384615384616
0.6284615384615384
0.5792307692307692
0.7023076923076922
0.7673076923076922
0.6519230769230769
0.6326923076923077
0.795
0.8476923076923076
0.8903846153846153
0.8811538461538462
0.9823076923076923
0.9111538461538462
0.9007692307692307
1.0150000000000001
1.0480769230769231
1.0811538461538461
1.0607692307692307
1.0261538461538462
1.1957692307692307
1.1211538461538462
1.093076923076923
1.1215384615384616
1.0869230769230769
1.1115384615384616
1.093076923076923
1.2165384615384616
1.2276923076923079
1.1257692307692309
1.1523076923076923
1.189230769230769
1.1873076923076924
1.448076923076923
1.458846153846154
1.4076923076923078
1.375
1.3884615384615384
1.386153846153846
1.3399999999999999
1.4015384615384614
1.625
1.5450000000000002
1.389230769230769
1.2753846153846156
1.3765384615384615
1.3807692307692307
1.5611538461538461
1.6765384615384618
1.5130769230769232
1.6253846153846152
1.836153846153846
1.8276923076923077
1.9115384615384616
1.8438461538461537
1.85
2.0976923076923075
2.05
1.9115384615384616
2.0715384615384616
2.0415384615384613
1.9834615384615384
2.1792307692307693
2.315
2.1415384615384614
2.1338461538461537
2.0846153846153848
2.0084615384615385
2.2523076923076926
2.13
2.2553846153846155
2.215
2.1626923076923075
2.4103846153846153
2.3992307692307695
2.4073076923076924
2.5203846153846152
2.4496153846153845
2.5523076923076924
2.5676923076923077
2.5988461538461536
2.6273076923076926
2.7084615384615387
2.563846153846154
2.5357692307692306
2.6030769230769235
2.7776923076923077
2.6753846153846155
2.493846153846154
2.685
2.8200000000000003
2.957307692307692
2.8907692307692305
3.063846153846154
2.9719230769230767
3.1073076923076925
3.0096153846153846
3.0276923076923077
2.9569230769230765
2.8573076923076925
2.901923076923077
2.8007692307692307
2.9165384615384613
2.8469230769230767
2.69
2.677692307692308
2.6065384615384612
2.8338461538461535
2.766153846153846
2.7703846153846152
2.8007692307692307
2.8053846153846154
2.707692307692308
2.7788461538461537
2.667307692307692
2.6696153846153843
2.7553846153846155
2.7976923076923077
3.039230769230769
2.810769230769231
2.851923076923077
2.931923076923077
3.022307692307692
2.9253846153846155
2.9211538461538464
2.8400000000000003
2.9657692307692307
2.978846153846154
3.118846153846154
3.006923076923077
3.036538461538462
3.066923076923077
3.082692307692308
3.051153846153846
2.9134615384615383
3.166153846153846
3.420769230769231
3.268076923076923
3.259230769230769
3.2126923076923077
3.358846153846154
3.2253846153846153
3.1346153846153846
3.1423076923076922
3.1496153846153847
3.1996153846153845
3.2430769230769227
3.088846153846154
2.995769230769231
2.936153846153846
3.028461538461538
3.1557692307692307
3.125
2.974615384615385
3.0292307692307694
2.9546153846153844
2.834230769230769
3.0430769230769235
3.088461538461538
3.1423076923076922
3.022692307692308
3.1111538461538464
3.2392307692307694
2.928846153846154
2.8876923076923076
3.0403846153846152
2.9084615384615384
2.8134615384615382
2.83
2.7323076923076925
2.5900000000000003
2.799615384615385
2.8303846153846157
2.696923076923077
2.765
2.6723076923076925
2.670769230769231
2.726153846153846
2.7176923076923076
2.6484615384615386
2.5834615384615387
2.6353846153846154
2.751923076923077
2.721538461538462
2.718461538461539
2.4853846153846155
2.3053846153846154
2.414615384615385
2.4065384615384615
2.4134615384615383
2.276923076923077
2.336923076923077
2.3296153846153844
2.2192307692307693
2.226153846153846
2.2034615384615384
2.2411538461538463
2.104230769230769
2.1357692307692306
1.963076923076923
2.0403846153846152
2.0942307692307693
2.168076923076923
2.085769230769231
1.8819230769230768
1.863846153846154
1.834230769230769
1.7276923076923079
1.713846153846154
1.7596153846153846
1.7846153846153845
1.7453846153846155
1.7661538461538462
1.6588461538461539
1.603076923076923
1.5784615384615384
1.5907692307692307
1.6415384615384616
1.580769230769231
1.526923076923077
1.541153846153846
1.4407692307692308
1.5176923076923077
1.4365384615384615
1.4496153846153845
1.3680769230769232
1.4142307692307694
1.4038461538461537
1.4103846153846153
1.2546153846153845
1.221923076923077
1.2042307692307692
1.291923076923077
1.3584615384615384
1.2746153846153847
1.2134615384615386
1.2242307692307692
0.9896153846153847
1.0246153846153847
1.0465384615384616
0.8830769230769231
0.9384615384615385
1.0269230769230768
0.9750000000000001
0.9461538461538462
0.8142307692307693
0.8461538461538461
0.913076923076923
0.9173076923076924
0.9742307692307691
0.8907692307692308
0.9111538461538462
0.7984615384615386
0.893076923076923
0.9811538461538463
0.9692307692307692
0.9719230769230769
0.9115384615384615
0.755
0.74
0.6484615384615384
0.7307692307692307
0.8703846153846153
0.838076923076923
0.7873076923076923
0.785
0.6807692307692308
0.6273076923076922
0.5557692307692308
0.5257692307692308
0.5715384615384616
0.5415384615384615
0.6188461538461538
0.6561538461538461
0.4919230769230769
0.46961538461538466
0.5007692307692307
0.556923076923077
0.6784615384615384
0.5853846153846154
0.5903846153846154
0.5653846153846154
0.4896153846153846
0.40692307692307694
0.44076923076923075
0.5588461538461539
0.58
0.6738461538461539
0.6115384615384616
0.5584615384615385
0.47000000000000003
0.47846153846153844
0.5603846153846154
0.36615384615384616
0.3315384615384615
0.4419230769230769
0.4642307692307692
0.5646153846153846
0.49538461538461537
0.5334615384615384
0.5169230769230769
0.5399999999999999
0.5738461538461539
0.47384615384615386
0.5265384615384615
0.6253846153846154
0.6061538461538462
0.6107692307692307
0.5734615384615385
0.5534615384615384
0.5273076923076924
0.63
0.6257692307692307
0.7180769230769232
0.5415384615384615
0.44576923076923075
0.4984615384615385
