temperature
4.770384615384615
4.885384615384615
5.041153846153846
5.663846153846153
5.812307692307693
5.006923076923077
5.341153846153846
5.599615384615385
5.65
5.29
4.230769230769231
3.7553846153846155
4.065384615384615
4.839615384615384
4.871538461538462
4.642307692307693
3.906538461538462
4.4180769230769235
4.969615384615385
5.2288461538461535
5.647307692307693
5.558461538461539
5.642692307692308
5.1996153846153845
4.998846153846154
4.703076923076923
4.676923076923077
5.049615384615384
4.437307692307693
3.763076923076923
4.295384615384615
4.452307692307692
4.899230769230769
5.121538461538462
5.265384615384615
5.681538461538461
5.552307692307692
5.122307692307692
4.946538461538462
4.213076923076923
4.365
4.479615384615385
4.208461538461538
3.6350000000000002
3.2007692307692306
3.387307692307692
3.6853846153846153
4.183461538461538
3.916923076923077
4.099615384615385
4.105384615384615
4.218846153846154
4.893461538461539
5.029230769230769
4.382307692307692
4.11923076923077
5.0369230769230775
5.311923076923078
5.7092307692307696
5.501153846153846
5.743076923076923
5.466538461538462
5.392307692307692
5.913846153846153
6.093461538461539
6.208076923076923
6.100769230769231
5.929230769230769
6.677307692307693
6.4653846153846155
6.195769230769231
6.383076923076923
6.225384615384616
6.285
5.975769230769231
6.4788461538461535
6.758846153846154
6.203461538461538
6.266153846153846
6.326153846153845
6.311923076923076
7.275
7.264230769230769
7.153076923076923
6.998076923076923
6.856923076923077
6.712692307692308
6.693461538461539
6.923461538461538
7.686153846153847
7.309615384615385
6.5746153846153845
6.217307692307693
6.445384615384616
6.441923076923077
7.131923076923077
7.531153846153846
6.896538461538461
7.269230769230769
7.806538461538461
7.995
8.274230769230769
8.007692307692308
7.983461538461539
8.862692307692308
8.760769230769231
8.25923076923077
8.699615384615385
8.631538461538462
8.462307692307693
9.19076923076923
9.642692307692307
9.083461538461538
8.922307692307692
8.881538461538462
8.456538461538461
9.454230769230769
9.097307692307693
9.523076923076923
9.491923076923076
9.135769230769231
9.717307692307692
9.816153846153846
9.871538461538462
10.227307692307694
10.095769230769232
10.35423076923077
10.461923076923076
10.561538461538463
10.70346153846154
11.003846153846155
10.656538461538462
10.668461538461539
10.915000000000001
11.447692307692307
11.159230769230769
10.674615384615386
11.267692307692307
11.660384615384617
12.126153846153844
12.06
12.57346153846154
12.418461538461539
12.827692307692306
12.561153846153845
12.627307692307692
12.488076923076923
12.304615384615385
12.483461538461539
12.271923076923077
12.688076923076922
13.135769230769231
12.969999999999999
12.938461538461537
12.82423076923077
13.545
13.416153846153845
13.515384615384615
13.654230769230768
13.727692307692308
13.515384615384615
13.765769230769232
13.518076923076924
13.530384615384616
13.84769230769231
14.088461538461539
14.863846153846152
14.32076923076923
14.463076923076924
14.737307692307693
15.083846153846155
14.80653846153846
14.873846153846156
14.687692307692307
15.111153846153845
15.250384615384615
15.72269230769231
15.443076923076923
15.614615384615385
15.745384615384616
15.840769230769231
15.787307692307694
15.399615384615384
16.175384615384615
16.967692307692307
16.62923076923077
16.615000000000002
16.526923076923076
17.029999999999998
16.721923076923076
16.529615384615383
16.64730769230769
16.698076923076922
16.881923076923076
17.032692307692308
16.656153846153845
16.445384615384615
16.31269230769231
16.63423076923077
17.01423076923077
16.968846153846155
16.549615384615386
16.751538461538463
16.581923076923076
16.306153846153848
16.93
17.09923076923077
17.270769230769233
16.99269230769231
17.303461538461537
17.725384615384616
16.843846153846155
16.77230769230769
17.269615384615385
16.908076923076923
16.715769230769233
16.79576923076923
16.48846153846154
16.078846153846154
16.707692307692305
16.890384615384615
16.52423076923077
16.745384615384616
16.47346153846154
16.554615384615385
16.770384615384614
16.773076923076925
16.57769230769231
16.36692307692308
16.573846153846155
16.99346153846154
16.87576923076923
16.935384615384613
16.22269230769231
15.68
15.995000000000001
16.00423076923077
16.087692307692308
15.62076923076923
15.822692307692307
15.831153846153846
15.491538461538461
15.540384615384616
15.342307692307692
15.397307692307692
14.921923076923076
15.028461538461539
14.51346153846154
14.701923076923077
14.926153846153845
15.146538461538462
14.891153846153847
14.258846153846154
14.218076923076923
14.10153846153846
13.774230769230769
13.681538461538462
13.797692307692309
13.845
13.784615384615384
13.947692307692307
13.590384615384616
13.403846153846153
13.247692307692308
13.317307692307692
13.48576923076923
13.278846153846153
13.09153846153846
13.113461538461538
12.803461538461537
12.989615384615385
12.733846153846153
12.782307692307691
12.337692307692306
12.41576923076923
12.394615384615385
12.316153846153846
11.773846153846154
11.723076923076924
11.53346153846154
11.868846153846155
12.124615384615385
11.732307692307693
11.552692307692308
11.39576923076923
10.541538461538462
10.678846153846154
10.714615384615383
9.865
10.107692307692307
10.495000000000001
10.353846153846153
10.23
9.526153846153846
9.830769230769231
9.915384615384616
10.052692307692308
10.222307692307693
9.876538461538463
9.644615384615385
9.319230769230769
9.572307692307692
9.955769230769231
9.843076923076923
9.793846153846154
9.435
8.671153846153846
8.485000000000001
7.795
8.39076923076923
9.170384615384616
8.944615384615386
8.537692307692307
8.593076923076923
8.246538461538462
7.688846153846153
7.305000000000001
6.833461538461538
7.207692307692308
7.1619230769230775
7.446153846153846
7.382307692307692
6.549615384615384
6.319615384615385
6.203076923076923
6.336153846153847
7.022692307692308
6.928846153846154
6.7226923076923075
6.265
5.687692307692307
5.554615384615384
5.571923076923077
5.95423076923077
6.3161538461538465
7.0673076923076925
6.796538461538462
6.586538461538462
6.121538461538462
6.097307692307693
6.324999999999999
4.990384615384615
4.653846153846154
5.296153846153846
5.377307692307692
5.977692307692307
5.762692307692307
5.878846153846154
6.150384615384615
6.171538461538462
5.989615384615385
5.422307692307692
5.827692307692308
6.263461538461538
5.976923076923077
5.485384615384616
5.783076923076924
5.65076923076923
5.579615384615384
5.769615384615384
5.461153846153847
5.745
5.065384615384615
4.625
4.858461538461539
