pet
0.3119230769230769
0.33192307692307693
0.30076923076923073
0.26076923076923075
0.35
0.3553846153846154
0.4273076923076923
0.29923076923076924
0.3030769230769231
0.41846153846153844
0.44153846153846155
0.4423076923076923
0.3873076923076923
0.3173076923076923
0.3973076923076923
0.3392307692307692
0.275
0.34884615384615386
0.38307692307692304
0.28615384615384615
0.245
0.31653846153846155
0.3515384615384616
0.42923076923076925
0.43846153846153846
0.4703846153846154
0.4511538461538462
0.47807692307692307
0.3496153846153846
0.36115384615384616
0.4453846153846154
0.4834615384615385
0.4480769230769231
0.48230769230769227
0.49961538461538463
0.4346153846153846
0.3896153846153846
0.3692307692307692
0.47230769230769226
0.36576923076923074
0.3515384615384616
0.4715384615384615
0.5180769230769231
0.43961538461538463
0.5253846153846153
0.6565384615384615
0.5426923076923077
0.571923076923077
0.5619230769230769
0.6742307692307693
0.63
0.696923076923077
0.6319230769230769
0.6915384615384615
0.5392307692307693
0.6896153846153846
0.578076923076923
0.5753846153846154
0.5546153846153846
0.4826923076923077
0.5861538461538461
0.46961538461538466
0.45423076923076927
0.5342307692307693
0.6957692307692308
0.7996153846153846
0.8442307692307692
0.9165384615384616
0.9019230769230769
0.9323076923076923
0.8107692307692307
0.9107692307692308
1.06
1.1630769230769231
1.1546153846153846
1.1342307692307692
1.0696153846153846
1.1107692307692307
1.0192307692307692
1.0673076923076923
1.1234615384615385
1.0946153846153845
1.145
1.3284615384615384
1.2292307692307693
1.2603846153846154
1.326153846153846
1.2996153846153846
1.4246153846153846
1.4426923076923077
1.2892307692307694
1.3623076923076924
1.4453846153846153
1.5157692307692305
1.5523076923076924
1.4707692307692308
1.2249999999999999
1.4992307692307691
1.5803846153846153
1.4846153846153847
1.3703846153846155
1.3523076923076922
1.5073076923076922
1.616923076923077
1.6126923076923076
1.6261538461538463
1.6007692307692307
1.5046153846153845
1.6284615384615386
1.833846153846154
2.0257692307692308
2.125384615384615
2.148076923076923
2.116153846153846
1.8699999999999999
1.7276923076923079
1.74
1.753076923076923
1.7142307692307692
1.7634615384615384
1.916153846153846
2.0434615384615387
2.084230769230769
2.193846153846154
2.128846153846154
2.1284615384615386
2.367692307692308
2.2934615384615387
2.4203846153846156
2.4973076923076922
2.2849999999999997
2.3023076923076924
2.268846153846154
2.1946153846153846
2.4899999999999998
2.4365384615384618
2.5100000000000002
2.426923076923077
2.615769230769231
2.4765384615384614
2.574230769230769
2.464230769230769
2.513076923076923
2.421153846153846
2.6634615384615383
2.5957692307692306
2.5561538461538458
2.4953846153846153
2.6530769230769233
2.523846153846154
2.7223076923076923
2.7476923076923074
2.48
2.3626923076923076
2.066153846153846
2.0930769230769233
2.203076923076923
2.3115384615384618
2.3315384615384613
2.4484615384615385
2.426153846153846
2.1723076923076925
2.118076923076923
2.0996153846153844
2.06
2.2084615384615387
2.5203846153846152
2.5615384615384613
2.518076923076923
2.351923076923077
2.3115384615384618
2.297307692307692
2.306153846153846
2.3842307692307694
2.3449999999999998
2.254230769230769
2.308846153846154
2.3423076923076924
2.329230769230769
2.3765384615384617
2.2807692307692307
2.456153846153846
2.5646153846153843
2.4507692307692306
2.5007692307692304
2.5323076923076924
2.4326923076923075
2.3257692307692306
2.4076923076923076
2.475769230769231
2.4976923076923074
2.3784615384615386
2.2011538461538462
2.2253846153846153
2.1984615384615385
2.3665384615384615
2.501923076923077
2.5473076923076925
2.689230769230769
2.6923076923076925
2.463461538461538
2.2811538461538463
2.4861538461538464
2.553076923076923
2.3996153846153847
2.4546153846153844
2.3965384615384617
2.381923076923077
2.2557692307692307
2.2165384615384616
2.1796153846153845
2.27
2.363076923076923
2.2373076923076924
2.3073076923076923
2.24
2.198076923076923
2.2176923076923076
1.9719230769230767
2.166153846153846
2.128846153846154
2.046153846153846
2.163846153846154
2.1342307692307694
2.164230769230769
2.063076923076923
1.8642307692307691
1.9142307692307694
1.908076923076923
1.9042307692307692
1.9761538461538461
1.8392307692307692
1.7776923076923077
1.7507692307692309
1.833076923076923
1.6996153846153845
1.7449999999999999
1.5134615384615384
1.566923076923077
1.6023076923076922
1.386153846153846
1.4653846153846155
1.5169230769230768
1.5169230769230768
1.75
1.6080769230769232
1.7196153846153845
1.7715384615384617
1.5826923076923076
1.616923076923077
1.628076923076923
1.4500000000000002
1.584230769230769
1.5776923076923077
1.408076923076923
1.3288461538461538
1.2538461538461538
1.253076923076923
1.2107692307692308
1.1480769230769232
1.16
1.2534615384615384
1.241923076923077
1.2746153846153847
1.2673076923076925
1.1184615384615386
1.116923076923077
1.1323076923076925
1.0784615384615384
1.066153846153846
1.2742307692307693
1.1076923076923078
1.1834615384615383
1.0634615384615385
0.9653846153846154
0.9273076923076923
0.8665384615384616
0.8684615384615384
0.8315384615384616
0.9534615384615385
0.98
0.9057692307692308
0.908076923076923
0.8361538461538461
0.8157692307692308
0.965
0.8111538461538461
0.7392307692307691
0.7711538461538462
0.7042307692307692
0.7076923076923076
0.693076923076923
0.6900000000000001
0.7792307692307693
0.6838461538461539
0.7265384615384616
0.7811538461538461
0.7253846153846154
0.7330769230769231
0.8676923076923077
0.6846153846153846
0.6296153846153847
0.7107692307692308
0.7523076923076922
0.6873076923076924
0.6019230769230769
0.5630769230769231
0.5723076923076923
0.5280769230769231
0.4765384615384616
0.48423076923076924
0.4434615384615385
0.43346153846153845
0.4688461538461538
0.47692307692307695
0.4407692307692308
0.4146153846153846
0.4553846153846154
0.6088461538461538
0.4519230769230769
0.4553846153846154
0.4288461538461539
0.37115384615384617
0.3273076923076923
0.34076923076923077
0.23307692307692307
0.3288461538461538
0.3173076923076923
0.2580769230769231
0.3484615384615385
0.4003846153846154
0.37884615384615383
0.38461538461538464
0.40230769230769237
0.3076923076923077
0.3226923076923077
0.22230769230769232
0.28846153846153844
0.40076923076923077
0.39538461538461533
0.33384615384615385
0.34153846153846157
0.33269230769230773
0.3853846153846154
0.28500000000000003
0.39538461538461533
0.3315384615384615
0.29115384615384615
0.33807692307692305
0.3230769230769231
0.30115384615384616
0.30846153846153845
0.3446153846153846
0.2926923076923077
0.3792307692307692
0.4573076923076923
0.5607692307692308
0.46615384615384614
0.36038461538461536
0.3261538461538462
0.30423076923076925
0.23961538461538462
0.35076923076923083
0.43884615384615383
0.4788461538461538
