pet
0.3745833333333333
0.3475
0.3358333333333334
0.3016666666666667
0.41500000000000004
0.3970833333333334
0.4920833333333334
0.3179166666666667
0.27958333333333335
0.40125000000000005
0.43416666666666665
0.41208333333333336
0.36625
0.34208333333333335
0.43291666666666667
0.3804166666666667
0.27166666666666667
0.42166666666666663
0.46541666666666665
0.36791666666666667
0.28208333333333335
0.38125000000000003
0.3954166666666667
0.45916666666666667
0.46208333333333335
0.4945833333333334
0.49666666666666665
0.5333333333333333
0.40166666666666667
0.40458333333333335
0.5170833333333333
0.5683333333333334
0.5141666666666667
0.5075
0.575
0.5012500000000001
0.41083333333333333
0.4379166666666667
0.4908333333333334
0.3595833333333333
0.36541666666666667
0.46541666666666665
0.48875
0.42291666666666666
0.5329166666666666
0.6504166666666666
0.5950000000000001
0.6029166666666667
0.6308333333333334
0.6704166666666667
0.62625
0.7358333333333333
0.6245833333333334
0.70375
0.58625
0.7270833333333333
0.61
0.5895833333333333
0.5924999999999999
0.49333333333333335
0.5966666666666667
0.505
0.50125
0.5858333333333333
0.7374999999999999
0.86375
0.8904166666666667
1.0016666666666667
0.9420833333333333
0.9441666666666667
0.8333333333333334
0.8545833333333334
1.0091666666666665
1.1495833333333334
1.1804166666666667
1.12375
1.0741666666666667
1.14875
1.0329166666666667
1.0925
1.07875
1.12125
1.1737499999999998
1.2816666666666665
1.2420833333333332
1.2425
1.2775
1.2833333333333334
1.4816666666666667
1.4441666666666666
1.36625
1.3666666666666665
1.4929166666666667
1.4629166666666666
1.5645833333333332
1.4445833333333333
1.1983333333333333
1.45625
1.58125
1.455
1.4208333333333334
1.4229166666666666
1.555
1.64
1.6725
1.6595833333333332
1.6879166666666665
1.5733333333333333
1.6358333333333333
1.8945833333333333
2.1329166666666666
2.1758333333333333
2.1479166666666667
2.1525000000000003
1.9170833333333333
1.7958333333333334
1.7958333333333334
1.74875
1.7058333333333333
1.7916666666666667
1.91875
1.97875
2.1045833333333333
2.174166666666667
2.23
2.228333333333333
2.497916666666667
2.3337499999999998
2.49625
2.6075999999999997
2.3944
2.3004
2.3076
2.1864000000000003
2.4432
2.4464
2.4184
2.4044
2.56
2.494
2.6188
2.5004
2.5572
2.4716
2.5792
2.5068
2.5568
2.4184
2.5652
2.5088
2.7539999999999996
2.8064
2.4964
2.3616
2.0540000000000003
2.0416
2.1384
2.2896
2.3456
2.424
2.3975999999999997
2.2328
2.1184
2.1268000000000002
2.1519999999999997
2.2403999999999997
2.5924
2.5844
2.5448000000000004
2.4512
2.2496
2.2704
2.338
2.4128
2.4248
2.3756
2.4708
2.4219999999999997
2.3444
2.474
2.3276
2.5016
2.6224000000000003
2.47
2.5164
2.5352
2.4548
2.3452
2.316
2.3975999999999997
2.4492
2.3364
2.1788
2.1804
2.1664
2.3344
2.496
2.5204
2.6660000000000004
2.6807999999999996
2.4252
2.2496
2.4352
2.4816
2.3796
2.498
2.4036
2.3864
2.28
2.2464
2.1848
2.2728
2.3672
2.2744
2.33
2.2336
2.1896
2.1632
1.992
2.0980000000000003
2.1471999999999998
1.9872
2.148
2.0448
2.142
2.1036
1.8556
1.8888
1.8563999999999998
1.89
1.8984
1.7704
1.8352000000000002
1.854
1.8880000000000001
1.7024000000000001
1.7372
1.5548
1.5924
1.5704
1.4043999999999999
1.4696
1.4676
1.5419999999999998
1.7451999999999999
1.626
1.7444
1.7884
1.6163999999999998
1.598
1.6256
1.5356
1.6284
1.5863999999999998
1.4347999999999999
1.3312
1.3035999999999999
1.2192
1.1816
1.1472
1.2068
1.3
1.25
1.3119999999999998
1.3108000000000002
1.1252
1.122
1.1288
1.0612000000000001
1.1152
1.2808000000000002
1.1232
1.1768
1.0829166666666665
0.9995833333333333
0.9079166666666666
0.8091666666666666
0.8708333333333332
0.8537499999999999
0.9370833333333334
0.98875
0.9166666666666666
0.9812500000000001
0.8925000000000001
0.9079166666666666
1.0233333333333334
0.8316666666666667
0.7558333333333334
0.8016666666666666
0.6854166666666667
0.6975000000000001
0.6887500000000001
0.7004166666666666
0.7916666666666666
0.7229166666666668
0.7487499999999999
0.8079166666666667
0.71375
0.7466666666666667
0.8979166666666667
0.67625
0.6891666666666666
0.7858333333333333
0.74625
0.69625
0.6170833333333333
0.5191666666666667
0.5616666666666666
0.5141666666666667
0.4741666666666666
0.5266666666666667
0.46541666666666665
0.4895833333333333
0.5420833333333334
0.5266666666666667
0.5254166666666666
0.47625
0.5120833333333333
0.5870833333333333
0.4220833333333333
0.4466666666666667
0.4395833333333334
0.4083333333333334
0.395
0.3879166666666667
0.28041666666666665
0.35958333333333337
0.3675
0.32208333333333333
0.39083333333333337
0.43333333333333335
0.43250000000000005
0.4283333333333333
0.4495833333333333
0.33625
0.3441666666666667
0.23750000000000002
0.3104166666666667
0.45
0.40958333333333335
0.34375
0.34208333333333335
0.29291666666666666
0.3670833333333334
0.32083333333333336
0.4395833333333334
0.3641666666666667
0.3283333333333333
0.3520833333333333
0.3120833333333333
0.31583333333333335
0.3125
0.33375
0.29750000000000004
0.4141666666666666
0.5141666666666667
0.5629166666666666
0.47625
0.39458333333333334
0.3595833333333333
0.3416666666666666
0.2775
0.38833333333333336
0.46541666666666665
0.5429166666666666
