pet
0.35384615384615387
0.35423076923076924
0.28423076923076923
0.4119230769230769
0.5084615384615385
0.37423076923076926
0.4269230769230769
0.48115384615384615
0.4869230769230769
0.5426923076923077
0.45769230769230773
0.40692307692307694
0.43615384615384617
0.48615384615384616
0.47807692307692307
0.3880769230769231
0.3457692307692308
0.3976923076923077
0.41000000000000003
0.4507692307692308
0.5492307692307692
0.43
0.44692307692307687
0.4761538461538461
0.3692307692307692
0.3703846153846154
0.3261538461538462
0.39653846153846156
0.47576923076923083
0.43346153846153845
0.4696153846153846
0.4623076923076923
0.5388461538461539
0.5788461538461539
0.5907692307692307
0.7046153846153846
0.6307692307692307
0.5273076923076923
0.4896153846153846
0.49807692307692303
0.38653846153846155
0.3930769230769231
0.3973076923076923
0.3480769230769231
0.3765384615384615
0.35884615384615387
0.3553846153846154
0.44461538461538463
0.43038461538461537
0.43038461538461537
0.47000000000000003
0.5076923076923077
0.5869230769230769
0.6396153846153846
0.6153846153846154
0.5661538461538462
0.5807692307692307
0.6996153846153846
0.6092307692307692
0.6799999999999999
0.753076923076923
0.7269230769230769
0.7915384615384615
0.9450000000000001
0.9561538461538461
1.0176923076923077
0.913076923076923
0.9153846153846155
1.0096153846153846
0.9969230769230768
1.0115384615384615
0.9396153846153846
0.7696153846153847
0.7957692307692308
0.8565384615384615
0.9423076923076923
0.8788461538461539
0.8680769230769231
0.8288461538461539
0.8215384615384616
0.9180769230769231
0.985
0.9911538461538462
0.9592307692307693
0.9969230769230768
1.0226923076923078
0.9865384615384615
1.1292307692307693
1.1961538461538461
1.2953846153846154
1.2946153846153847
1.0288461538461537
1.053076923076923
1.1684615384615384
1.2230769230769232
1.241923076923077
1.23
1.1099999999999999
1.2888461538461538
1.5899999999999999
1.6088461538461538
1.5734615384615382
1.396923076923077
1.59
1.7488461538461537
1.776923076923077
1.6665384615384615
1.8703846153846155
1.7038461538461538
1.6826923076923077
1.8203846153846153
1.9615384615384615
1.868846153846154
1.8711538461538462
1.758076923076923
1.8784615384615386
1.8446153846153845
1.8015384615384613
1.8376923076923077
1.805
1.889230769230769
2.0096153846153846
2.187307692307692
2.225
2.103076923076923
2.3438461538461537
2.396923076923077
2.184230769230769
2.1507692307692308
2.270769230769231
2.3507692307692305
2.4242307692307694
2.318846153846154
2.3607692307692307
2.413846153846154
2.2180769230769233
2.461153846153846
2.245
2.4857692307692307
2.6580769230769232
2.6507692307692308
2.693076923076923
2.696923076923077
2.823846153846154
2.7930769230769235
2.678846153846154
2.5546153846153845
2.4857692307692307
2.583076923076923
2.5961538461538463
2.7357692307692307
2.7
2.4888461538461537
2.460384615384615
2.4103846153846153
2.453076923076923
2.4134615384615383
2.355
2.4738461538461536
2.3946153846153844
2.3992307692307695
2.3123076923076926
2.2726923076923073
2.1803846153846154
2.185769230769231
2.3884615384615384
2.5342307692307693
2.371153846153846
2.403076923076923
2.5096153846153846
2.3449999999999998
2.335384615384615
2.3842307692307694
2.3215384615384616
2.36
2.3615384615384616
2.4315384615384614
2.3215384615384616
2.413846153846154
2.493076923076923
2.6453846153846152
2.4092307692307693
2.5015384615384617
2.598076923076923
2.6407692307692305
2.600769230769231
2.7161538461538464
2.7811538461538463
2.6346153846153846
2.6142307692307694
2.5484615384615386
2.666153846153846
2.561923076923077
2.6623076923076923
2.5219230769230765
2.3953846153846152
2.273846153846154
2.1742307692307694
2.243846153846154
2.5338461538461536
2.383846153846154
2.3215384615384616
2.27
2.3030769230769232
2.4319230769230766
2.468461538461539
2.4753846153846153
2.526153846153846
2.4026923076923077
2.431153846153846
2.4811538461538465
2.15
2.3126923076923074
2.390769230769231
2.3
2.0684615384615386
2.1996153846153845
2.1973076923076924
1.8842307692307694
2.0723076923076924
2.014615384615385
2.0015384615384617
2.1184615384615384
2.0138461538461536
2.083846153846154
2.1296153846153847
2.166153846153846
1.9273076923076924
1.981923076923077
2.0680769230769234
2.1165384615384615
2.166923076923077
2.139615384615385
1.9657692307692307
1.936923076923077
1.9765384615384616
1.8253846153846154
1.7284615384615383
1.7646153846153847
1.8853846153846154
1.804230769230769
1.6411538461538462
1.7484615384615385
1.6861538461538463
1.7653846153846153
1.6696153846153845
1.6303846153846153
1.4646153846153847
1.508846153846154
1.6676923076923076
1.580769230769231
1.5826923076923076
1.416153846153846
1.2926923076923076
1.3457692307692308
1.2442307692307693
1.2446153846153847
1.208076923076923
1.4561538461538461
1.4519230769230769
1.2503846153846152
1.3584615384615384
1.3523076923076924
1.3392307692307692
1.2888461538461538
1.3334615384615385
1.061923076923077
0.9857692307692307
1.0473076923076923
1.0673076923076923
1.2511538461538463
1.2376923076923076
1.301153846153846
1.1819230769230769
1.243846153846154
1.2026923076923077
1.1042307692307693
1.0565384615384614
1.0438461538461539
0.9992307692307693
1.1196153846153847
1.0815384615384616
0.9107692307692308
1.0292307692307694
0.9826923076923078
0.8888461538461538
0.8184615384615385
0.7907692307692307
0.6973076923076923
0.6926923076923077
0.7465384615384616
0.7888461538461539
0.6261538461538462
0.6092307692307692
0.7338461538461539
0.8215384615384616
0.7730769230769231
0.7465384615384616
0.6565384615384615
0.7030769230769232
0.7007692307692307
0.7465384615384616
0.8896153846153846
0.7380769230769231
0.6861538461538461
0.7576923076923077
0.7573076923076923
0.6323076923076923
0.5257692307692308
0.5442307692307693
0.713076923076923
0.6361538461538461
0.66
0.7392307692307691
0.5776923076923077
0.49461538461538457
0.4673076923076923
0.4746153846153846
0.44384615384615383
0.3576923076923077
0.3992307692307693
0.4461538461538461
0.3342307692307692
0.3046153846153846
0.4411538461538462
0.5692307692307692
0.5673076923076923
0.4846153846153846
0.568076923076923
0.4357692307692308
0.3830769230769231
0.41115384615384615
0.37461538461538463
0.4107692307692308
0.5057692307692307
0.5742307692307692
0.51
0.47807692307692307
0.37423076923076926
0.2873076923076923
0.23500000000000001
0.3203846153846154
0.33653846153846156
0.42076923076923073
0.41500000000000004
0.39192307692307693
0.4015384615384615
0.3869230769230769
0.43230769230769234
0.365
0.37884615384615383
0.37846153846153846
0.33653846153846156
0.43615384615384617
0.39961538461538465
0.36961538461538457
0.3776923076923077
0.4703846153846154
0.4834615384615385
0.4746153846153846
0.505
0.5507692307692308
0.46615384615384614
0.38846153846153847
0.4061538461538462
