temperature
2.355769230769231
2.2115384615384617
2.1338461538461537
2.7388461538461537
3.141923076923077
2.5023076923076926
2.634230769230769
3.066153846153846
3.0292307692307694
2.840384615384615
2.1965384615384616
1.7046153846153846
2.298076923076923
2.885
2.736923076923077
2.225
1.8834615384615385
2.2003846153846154
2.4469230769230768
2.7403846153846154
3.078461538461539
2.6276923076923078
2.571153846153846
2.6107692307692307
1.906923076923077
1.8146153846153845
1.695
2.061153846153846
2.2415384615384615
1.7434615384615384
1.853076923076923
2.2819230769230767
2.9015384615384616
2.963461538461538
2.9376923076923074
3.4234615384615386
2.8703846153846153
2.5542307692307693
2.3053846153846154
2.1926923076923077
1.6323076923076922
1.776923076923077
1.8707692307692307
1.5265384615384614
1.3092307692307692
1.195
1.3476923076923077
1.9500000000000002
1.850769230769231
1.741153846153846
1.9276923076923076
2.2123076923076925
2.5703846153846155
2.7780769230769233
2.7838461538461536
2.4734615384615384
2.522692307692308
3.1284615384615386
2.6934615384615386
2.9711538461538463
3.181923076923077
3.0153846153846158
3.350769230769231
4.0019230769230765
4.207692307692308
4.38
4.066923076923077
4.0115384615384615
4.361538461538462
4.338846153846154
4.4265384615384615
4.0903846153846155
3.3546153846153848
3.546923076923077
3.5473076923076925
3.8157692307692304
3.769230769230769
3.7857692307692306
3.5349999999999997
3.531538461538461
3.8073076923076923
4.227307692307692
4.268076923076923
4.222307692307693
4.378846153846154
4.190769230769231
4.054615384615385
4.736923076923077
4.995384615384615
5.260384615384615
5.122307692307692
4.1680769230769235
4.233461538461539
4.705
4.922692307692308
5.045
4.971153846153846
4.298076923076923
4.991538461538462
5.9630769230769225
6.069615384615385
6.054615384615384
5.354615384615385
6.148461538461539
6.748076923076923
6.7807692307692315
6.4
7.003461538461538
6.547307692307692
6.537307692307692
6.960384615384616
7.3792307692307695
6.998846153846154
6.94423076923077
6.615
7.042307692307692
6.9180769230769235
6.792692307692308
7.106923076923077
7.081153846153847
6.9057692307692315
7.267692307692308
7.733076923076923
7.899615384615384
7.725
8.451923076923077
8.613076923076923
8.069230769230769
7.946923076923077
8.271153846153847
8.451538461538462
8.751153846153846
8.526538461538461
8.748846153846154
9.00923076923077
8.554615384615385
9.128461538461538
8.589230769230769
9.312307692307693
9.826153846153845
9.912692307692309
10.074615384615385
10.175384615384615
10.552307692307693
10.51923076923077
10.256153846153845
9.981538461538461
9.936153846153845
10.183461538461538
10.231153846153846
10.691153846153847
11.333076923076923
10.979615384615386
10.951923076923077
10.958461538461538
11.191153846153847
11.145384615384614
11.049615384615386
11.469615384615384
11.369615384615384
11.450384615384614
11.315384615384614
11.201923076923077
10.90846153846154
11.05076923076923
11.798076923076923
12.26
11.914615384615384
12.039615384615384
12.350769230769231
12.0
11.97653846153846
12.19
12.117307692307692
12.318076923076923
12.477692307692308
12.711923076923076
12.406153846153845
12.776538461538461
13.06
13.531538461538462
12.996153846153845
13.290384615384616
13.642692307692307
13.816923076923077
13.801923076923078
14.152692307692309
14.343076923076923
14.03346153846154
14.07346153846154
13.909230769230769
14.30423076923077
14.061538461538463
14.423076923076923
14.103461538461538
13.799615384615386
13.511153846153848
13.286153846153846
13.516923076923076
14.349230769230768
14.013846153846155
13.862307692307693
13.73076923076923
13.804615384615385
14.208076923076922
14.36923076923077
14.479615384615384
14.624615384615385
14.32846153846154
14.457692307692307
14.629999999999999
13.62923076923077
14.119615384615384
14.36153846153846
14.185
13.552307692307693
13.931153846153846
13.989615384615385
13.076538461538462
13.659230769230769
13.528461538461539
13.555
13.918846153846154
13.596923076923076
13.852692307692308
13.973076923076924
14.072692307692307
13.39423076923077
13.473461538461539
13.890384615384615
13.957307692307692
14.115
14.093461538461538
13.474615384615383
13.343076923076923
13.552692307692308
13.118846153846155
12.795
12.784230769230769
13.271538461538462
13.051153846153845
12.536923076923076
12.882692307692308
12.586153846153847
12.723076923076924
12.35153846153846
12.253461538461538
11.605384615384615
11.75423076923077
12.297307692307694
11.956923076923077
12.040000000000001
11.28076923076923
11.034615384615384
11.123846153846152
10.848076923076924
10.791538461538462
10.656153846153845
11.49923076923077
11.463846153846154
10.889999999999999
11.216923076923077
11.153076923076924
10.852307692307694
10.846923076923076
10.98576923076923
10.148076923076925
9.793076923076923
9.849615384615383
9.762692307692307
10.491538461538461
10.448846153846155
10.604615384615386
10.191153846153846
10.299615384615386
10.028846153846153
9.810769230769232
9.703076923076923
9.708461538461538
9.34076923076923
9.749615384615385
9.74423076923077
8.777692307692307
9.068076923076923
8.879615384615384
8.387692307692308
8.089615384615385
8.136538461538462
7.662307692307692
7.3888461538461545
7.9096153846153845
7.978846153846154
6.984615384615385
7.187307692307693
7.645769230769231
7.956538461538462
7.934615384615385
7.763076923076923
7.383461538461538
7.325384615384616
7.059615384615385
7.218846153846154
7.656153846153846
6.9934615384615375
6.770769230769231
6.966153846153846
6.806153846153847
6.3076923076923075
5.753461538461538
5.824999999999999
6.496153846153846
6.425000000000001
6.008846153846154
6.4
5.874230769230769
5.210384615384616
4.66
4.523076923076923
4.799615384615384
4.269230769230769
4.204615384615384
4.409230769230769
3.801153846153846
3.641923076923077
4.0115384615384615
4.485384615384616
4.416153846153846
4.373461538461538
4.62
3.8215384615384616
3.5603846153846153
3.428076923076923
3.2169230769230768
3.483846153846154
4.093846153846154
4.489230769230769
4.258076923076922
4.276538461538461
3.996153846153846
3.3096153846153844
2.762307692307693
2.926153846153846
3.0969230769230767
3.435
3.3296153846153844
3.3188461538461542
3.458076923076923
3.4265384615384615
3.876153846153846
3.4857692307692307
3.0896153846153847
3.244230769230769
3.243846153846154
3.336153846153846
3.149230769230769
2.9669230769230768
3.2223076923076923
3.3953846153846152
3.4284615384615384
3.112692307692307
2.9742307692307692
3.332307692307692
2.795769230769231
2.585384615384615
2.3626923076923076
