pet
0.365
0.34875
0.29125
0.30625
0.291875
0.31625000000000003
0.506875
0.5075
0.455625
0.36375
0.490625
0.521875
0.410625
0.366875
0.51125
0.44
0.356875
0.445625
0.4225
0.29375
0.225
0.370625
0.38117647058823534
0.4029411764705882
0.4758823529411765
0.4476470588235294
0.49588235294117644
0.5829411764705883
0.49588235294117644
0.3876470588235294
0.5041176470588236
0.5294117647058824
0.49470588235294116
0.3952941176470588
0.5147058823529411
0.5652941176470588
0.4158823529411765
0.4517647058823529
0.511764705882353
0.4505882352941177
0.3470588235294118
0.3735294117647059
0.48
0.4917647058823529
0.6194117647058823
0.841764705882353
0.8229411764705883
0.8770588235294118
0.6688235294117648
0.8411764705882353
0.9447058823529411
1.0105882352941176
0.9447058823529411
0.978235294117647
0.9411764705882353
0.8688235294117647
0.8041176470588235
0.8388235294117647
0.7752941176470588
0.7164705882352941
0.8529411764705882
0.7394117647058823
0.6794117647058823
0.8117647058823528
0.8670588235294118
1.0017647058823531
1.1870588235294117
1.3235294117647058
1.2123529411764706
1.29
1.2776470588235294
1.1070588235294119
1.3776470588235294
1.5594117647058823
1.2776470588235294
1.1758823529411764
1.2747058823529414
1.2388235294117647
1.0988235294117648
1.316470588235294
1.1576470588235295
1.2758823529411762
1.4252941176470588
1.4541176470588235
1.5147058823529411
1.4388235294117648
1.6370588235294117
1.6723529411764706
1.86
1.621764705882353
1.5188235294117647
1.5929411764705883
1.6394117647058823
1.5294117647058822
1.7376470588235293
1.8605882352941177
1.6747058823529413
1.8388235294117645
1.9705882352941178
1.8388235294117645
1.8723529411764706
1.8623529411764705
2.0029411764705882
2.1629411764705884
2.208235294117647
2.048235294117647
2.0535294117647056
2.073529411764706
2.1623529411764704
2.244705882352941
2.462941176470588
2.5058823529411764
2.5688235294117647
2.5605882352941176
2.184705882352941
1.9700000000000002
1.9441176470588233
2.0241176470588234
1.862941176470588
2.1429411764705883
2.2152941176470584
2.2717647058823527
2.2652941176470587
2.4464705882352944
2.665294117647059
2.78
2.9835294117647058
2.8476470588235294
2.908823529411765
2.9652941176470584
2.6758823529411764
2.5376470588235294
2.5035294117647062
2.3441176470588236
2.4911764705882353
2.5670588235294116
2.586470588235294
2.668235294117647
2.7558823529411764
2.7252941176470586
2.836470588235294
2.9782352941176473
2.987058823529412
3.0264705882352945
3.0511764705882354
2.9288235294117646
2.8823529411764706
2.972941176470588
2.7729411764705882
2.8388235294117647
2.9899999999999998
2.972941176470588
3.081764705882353
2.85
2.566470588235294
2.357647058823529
2.4958823529411767
2.683529411764706
2.7105882352941175
2.801764705882353
2.8588235294117648
2.834705882352941
2.794705882352941
2.8123529411764707
2.768823529411765
2.6947058823529413
2.9458823529411764
3.1
2.868235294117647
2.8129411764705883
2.8464705882352943
2.928235294117647
2.83
2.9588235294117644
2.982941176470588
3.143529411764706
3.150588235294118
3.1770588235294115
3.0076470588235296
3.148235294117647
3.1341176470588237
3.324705882352941
3.206470588235294
3.1370588235294115
3.2258823529411766
3.2782352941176467
3.254705882352941
3.0294117647058822
3.065294117647059
3.1758823529411764
3.1323529411764706
3.101176470588235
3.101764705882353
2.9188235294117644
3.0311764705882354
3.0564705882352943
3.351176470588235
3.418823529411765
3.6541176470588232
3.721764705882353
3.254705882352941
3.1129411764705885
3.2023529411764704
3.316470588235294
3.368235294117647
3.6023529411764708
3.294705882352941
3.156470588235294
2.927647058823529
2.7170588235294115
2.662941176470588
2.9458823529411764
3.1017647058823528
2.881176470588235
2.9794117647058824
2.7588235294117647
2.8194117647058823
2.8229411764705885
2.711176470588235
2.889411764705882
2.5941176470588236
2.492352941176471
2.8976470588235292
2.626470588235294
2.699411764705882
2.6194117647058826
2.4594117647058824
2.38
2.4611764705882355
2.4511764705882353
2.512941176470588
2.4400000000000004
2.4823529411764707
2.644705882352941
2.3117647058823527
2.268823529411765
2.4770588235294118
2.29
2.2141176470588237
2.135882352941177
1.9958823529411764
1.9
1.8823529411764706
1.9017647058823528
2.2270588235294118
2.084705882352941
2.163529411764706
2.083529411764706
1.9411764705882353
1.8923529411764708
2.014705882352941
1.9658823529411766
2.1188235294117646
1.9958823529411764
1.826470588235294
1.77
1.7470588235294118
1.8129411764705883
1.7976470588235294
1.4970588235294118
1.5058823529411764
1.6605882352941177
1.697058823529412
1.683529411764706
1.6464705882352941
1.5747058823529412
1.423529411764706
1.4458823529411764
1.3341176470588234
1.4358823529411764
1.4352941176470588
1.3699999999999999
1.4176470588235295
1.365
1.379375
1.33375
1.19125
1.2625
1.055
1.046875
1.219375
1.154375
1.34375
1.02875
1.09625
1.09375
0.9075
0.918125
0.993125
0.911875
0.99875
0.915625
0.9025
0.884375
0.74
0.9606250000000001
0.943125
0.92
0.8574999999999999
0.89125
0.895
0.74375
0.895
0.890625
0.7681250000000001
0.64625
0.605625
0.564375
0.521875
0.5175
0.395625
0.45
0.6
0.68125
0.6168750000000001
0.629375
0.683125
0.656875
0.74125
0.534375
0.53875
0.516875
0.43437499999999996
0.44875000000000004
0.509375
0.45625
0.319375
0.363125
0.371875
0.428125
0.445
0.40625
0.343125
0.358125
0.326875
0.36125
0.20937499999999998
0.288125
0.471875
0.49812500000000004
0.39375
0.345625
0.26625
0.263125
0.2025
0.324375
0.28812499999999996
0.379375
0.4425
0.359375
0.33125
0.373125
0.359375
0.39687500000000003
0.5925
0.599375
0.585
0.441875
0.398125
0.455625
0.485625
0.376875
0.546875
0.60625
0.54375
