pet
0.4904
0.4008
0.3724
0.35600000000000004
0.39640000000000003
0.4232
0.5524
0.4728
0.44079999999999997
0.4508
0.5492
0.5108
0.5015999999999999
0.4252
0.5504
0.48200000000000004
0.382
0.5096
0.5984
0.4644
0.31679999999999997
0.4192
0.4168
0.42719999999999997
0.5008
0.472
0.5508
0.6088
0.5636
0.49560000000000004
0.6196
0.6624
0.6592
0.5848
0.74
0.7103999999999999
0.5
0.5864
0.6448
0.49839999999999995
0.524
0.6644
0.6456000000000001
0.5176
0.6275999999999999
0.7976000000000001
0.7103999999999999
0.7716
0.6796
0.8148000000000001
0.8556
0.8916
0.8515999999999999
0.8931999999999999
0.8164
0.8468000000000001
0.8004000000000001
0.8008
0.7228
0.7495999999999999
0.8195999999999999
0.7272
0.7048000000000001
0.7568
0.9568000000000001
1.1136
1.1728
1.3292
1.2696
1.218
1.1248
1.0088
1.3584
1.5235999999999998
1.4012
1.4136000000000002
1.3052000000000001
1.2904
1.2651999999999999
1.3916
1.2888
1.4192000000000002
1.4528
1.454
1.5036
1.4747999999999999
1.7180000000000002
1.7231999999999998
1.8252000000000002
1.808
1.8135999999999999
1.8424
1.9112
1.75
1.8628
1.8292
1.578
1.7964000000000002
1.9128
1.7763999999999998
1.7768000000000002
1.7808000000000002
1.9128
2.0664
2.1072
1.9651999999999998
2.116
1.9991999999999999
2.0248
2.2592
2.5232
2.562
2.544
2.6544
2.354
2.1828
2.2056
2.16
2.0424
2.2388
2.414
2.4632
2.4307999999999996
2.4984
2.6919999999999997
2.74
3.0343999999999998
2.9632
2.9128
3.0892
2.8348
2.74
2.7356
2.5816000000000003
2.8948
2.8352
2.7472
2.83
3.0039999999999996
2.9419999999999997
2.9412000000000003
2.9992
3.0492000000000004
3.0336000000000003
3.1108
3.0483999999999996
3.1636
3.092
3.0144
3.0432
3.1683999999999997
3.3148
3.1288
2.9232
2.6956
2.6864
2.6527999999999996
2.7248
2.8348
3.0224
2.8432
2.8739999999999997
2.7156000000000002
2.9427999999999996
2.9960000000000004
3.0208
3.2576
3.2976
3.1636
3.1672
3.0504000000000002
3.0248000000000004
2.9995999999999996
3.1332
3.1148000000000002
3.1839999999999997
3.3748
3.1204
3.148
3.2904
3.2156000000000002
3.3651999999999997
3.2644
3.258
3.238
3.3156
3.2356
3.2251999999999996
3.2776
3.2895999999999996
3.2651999999999997
3.1204
3.1424000000000003
3.0328
3.218
3.2448
3.4219999999999997
3.4256
3.6412
3.6832
3.292
3.1744
3.262
3.3280000000000003
3.2884
3.5088
3.3564
3.2
3.2116
3.0460000000000003
2.9836
3.0932
3.1756
3.0608
3.1004
2.9696
3.0343999999999998
3.0216000000000003
2.9636
3.0916
2.9827999999999997
2.73
3.0916
2.85
2.8895999999999997
2.7932
2.6512000000000002
2.5715999999999997
2.6456
2.5984
2.5368
2.4956
2.544
2.6992000000000003
2.5144
2.3832
2.608
2.296
2.2576
2.1488
2.1324
2.056
2.008
2.0463999999999998
2.372
2.2592
2.3531999999999997
2.3404
2.218
2.1088
2.1675999999999997
2.0756
2.3047999999999997
2.1628
1.9744
1.9296
1.8388
1.8519999999999999
1.6907999999999999
1.6540000000000001
1.712
1.7952
1.8004
1.8075999999999999
1.6832
1.6703999999999999
1.5108000000000001
1.4948
1.5112
1.5588
1.5508000000000002
1.558
1.5719999999999998
1.504
1.3863999999999999
1.3
1.2416
1.3204
1.1876
1.1284
1.3516
1.2628
1.4224
1.1520000000000001
1.1776
1.1684
1.0352
1.0268000000000002
1.1172
0.9548000000000001
0.9876
0.9087999999999999
0.872
1.022
0.828
1.0136
1.0292000000000001
1.0076
0.9284
0.9608
0.9852
0.8959999999999999
1.0112
0.9179999999999999
0.82
0.7444
0.6168
0.6284000000000001
0.6768
0.5996
0.5247999999999999
0.584
0.6215999999999999
0.6823999999999999
0.6388
0.5928
0.6112000000000001
0.5771999999999999
0.6832
0.5084000000000001
0.5664
0.5532
0.45159999999999995
0.40840000000000004
0.43560000000000004
0.3716
0.3404
0.426
0.40759999999999996
0.478
0.5192
0.4932
0.4496
0.46520000000000006
0.4064
0.4116
0.29919999999999997
0.3356
0.49160000000000004
0.5652
0.41120000000000007
0.43920000000000003
0.3472
0.3668
0.32280000000000003
0.456
0.36840000000000006
0.4268
0.39759999999999995
0.3716
0.3176
0.3188
0.28800000000000003
0.37520000000000003
0.532
0.5836
0.6808
0.608
0.46399999999999997
0.46399999999999997
0.4412
0.2988
0.504
0.5696
0.546
