temperature
5.0756
4.5004
3.8703999999999996
3.8536
4.1772
4.2284
4.8492
4.6112
4.228
4.7436
4.9416
5.127999999999999
4.8692
4.578399999999999
4.846
4.4692
4.0396
4.478
4.5056
3.7251999999999996
3.4896000000000003
3.7928
3.738
3.8560000000000003
4.3088
4.1376
4.5207999999999995
4.6788
4.4075999999999995
3.858
4.3968
4.5236
4.3928
4.3232
5.32
4.9876
4.0256
4.2876
4.1876
3.6460000000000004
3.778
4.378
4.7416
4.1248000000000005
4.7132
5.3628
4.9
5.179600000000001
4.7672
5.277200000000001
5.534
5.7384
5.4639999999999995
5.6251999999999995
5.196000000000001
5.364
5.1392
4.9664
4.3144
4.4108
4.690799999999999
4.470400000000001
4.4716
4.6856
5.3072
5.986000000000001
6.3624
6.9744
6.6744
6.4772
6.1844
5.6964
7.044
7.586799999999999
7.1712
6.978400000000001
6.4276
6.584
6.4772
6.9976
6.5855999999999995
7.024
7.1579999999999995
7.1596
7.2424
7.1552
7.975599999999999
7.9479999999999995
8.2928
8.2044
8.079600000000001
8.1584
8.418
7.8332
8.1828
8.016399999999999
7.2512
7.8836
8.3116
7.805600000000001
7.836799999999999
7.8772
8.1976
8.6816
8.86
8.392000000000001
8.93
8.563600000000001
8.786
9.554
10.3704
10.526800000000001
10.4752
10.843599999999999
9.9592
9.4428
9.5472
9.4084
9.068
9.7004
10.0392
10.1332
10.134
10.3332
10.8796
11.0472
11.9244
11.8604
11.67
12.267999999999999
11.6152
11.356
11.474
11.112400000000001
12.026
11.811200000000001
11.728
12.0512
12.5448
12.4268
12.4656
12.6748
12.856
12.862
13.1044
12.998800000000001
13.2508
13.0952
13.056000000000001
13.184800000000001
13.5844
14.7596
14.5176
14.0124
13.420399999999999
13.475999999999999
13.398800000000001
13.667200000000001
14.0404
14.6428
14.1908
14.2444
13.9056
14.638800000000002
14.815999999999999
14.946800000000001
15.6448
15.781199999999998
15.4544
15.4892
15.202
15.156399999999998
15.1676
15.6304
15.606
15.7996
16.3964
15.693599999999998
15.854800000000001
16.282
16.131600000000002
16.554000000000002
16.3288
16.3376
16.316
16.5584
16.3872
16.404
16.5988
16.6632
16.632
16.2808
16.3632
16.1072
16.654
16.77
17.321199999999997
17.39
18.026400000000002
18.1784
17.1588
16.8808
17.176
17.4028
17.3232
17.968
17.6144
17.238
17.3164
16.9344
16.7756
17.131600000000002
17.5024
17.2812
17.383599999999998
17.072
17.2656
17.2932
17.161199999999997
17.5288
17.1984
16.578
17.6556
16.9724
17.1428
16.9204
16.5172
16.317999999999998
16.564
16.4024
16.2412
16.188399999999998
16.360799999999998
16.8424
16.35
15.9496
16.6704
15.748
15.6736
15.3772
15.3348
15.0604
14.9032
14.908399999999999
15.908800000000001
15.566399999999998
15.8396
15.8056
15.4072
15.008
15.2656
14.9748
15.716
15.2288
14.6752
14.5576
14.2644
14.363199999999999
13.6996
13.7008
13.9572
14.1748
14.191199999999998
14.1632
13.835999999999999
13.6884
13.102
13.148399999999999
13.182
13.3212
13.187999999999999
13.2884
13.408800000000001
12.863199999999999
12.2292
11.9832
11.572799999999999
12.1824
11.5348
11.414000000000001
12.1476
11.912799999999999
12.296800000000001
11.3784
11.46
11.2292
10.862
10.929200000000002
11.104800000000001
10.388799999999998
10.415999999999999
10.1712
9.9136
10.4148
9.863999999999999
10.3428
10.2372
10.226799999999999
10.0224
9.763200000000001
9.722000000000001
9.363999999999999
9.7788
9.6172
9.0504
8.7488
8.1656
7.8788
8.229199999999999
8.046800000000001
7.869199999999999
7.646800000000001
7.6448
8.3384
8.0948
7.686
7.5952
7.2204
7.783199999999999
7.0696
7.164
6.896
6.4963999999999995
6.0855999999999995
5.9848
5.8576
5.48
6.1491999999999996
5.814
6.244400000000001
6.1579999999999995
5.944
5.6124
5.3112
4.9936
5.0344
4.9168
4.8948
5.5636
5.814400000000001
5.199199999999999
5.102
4.9752
4.9732
4.512
5.0607999999999995
4.7412
5.146
5.0296
4.582
4.3212
4.1015999999999995
3.6344
3.9224
5.0024
5.4108
6.1415999999999995
5.8755999999999995
5.0464
4.9688
4.5708
3.7632
4.5884
5.0752
4.898
