temperature
4.393076923076923
3.9346153846153844
3.488076923076923
3.4484615384615385
3.726153846153846
3.7484615384615383
4.331153846153846
4.216923076923077
3.8965384615384617
4.429615384615385
4.6534615384615385
4.940769230769231
4.605
4.166923076923077
4.324230769230769
4.064615384615385
3.766153846153846
4.291923076923077
4.238076923076923
3.516538461538462
3.076923076923077
3.483461538461538
3.5334615384615384
3.6296153846153847
4.1230769230769235
3.931923076923077
4.263076923076923
4.461538461538462
4.194230769230769
3.623846153846154
4.183076923076923
4.3707692307692305
4.023846153846154
4.0842307692307696
5.091153846153846
4.837307692307692
3.983076923076923
3.961153846153846
3.9811538461538465
3.7461538461538457
3.6334615384615385
4.360769230769231
4.571923076923077
3.8134615384615387
4.288846153846154
5.121153846153846
4.681153846153847
5.001923076923077
4.57923076923077
5.07923076923077
5.548846153846155
5.698076923076924
5.3442307692307685
5.578461538461538
5.125384615384615
5.295384615384616
4.947692307692307
4.921538461538462
4.287692307692308
4.321153846153846
4.499615384615384
4.286538461538462
4.298076923076923
4.524230769230769
5.186923076923078
5.858076923076923
6.0515384615384615
6.8246153846153845
6.473076923076923
6.392307692307692
6.181923076923076
5.529230769230769
6.821538461538461
7.534230769230769
7.089230769230769
6.964230769230769
6.337692307692308
6.263461538461538
6.176153846153846
6.640769230769231
6.261153846153846
6.698076923076924
6.795384615384616
6.863461538461538
6.950384615384616
6.747692307692308
7.525384615384615
7.644615384615384
8.073461538461538
7.969615384615385
7.843076923076923
7.990384615384615
8.158846153846154
7.640000000000001
8.115
7.662692307692307
6.757692307692308
7.436538461538461
8.070384615384615
7.505
7.2930769230769235
7.518846153846154
7.9726923076923075
8.388076923076923
8.316153846153846
7.913461538461538
8.413846153846153
8.163461538461538
8.202692307692308
8.778461538461539
9.777307692307692
10.066923076923077
10.065
10.596538461538461
9.671153846153846
9.153076923076922
9.568461538461538
9.252307692307692
8.806923076923077
9.573076923076924
9.88846153846154
9.97653846153846
10.068461538461538
10.033076923076923
10.471538461538461
10.52346153846154
11.429615384615385
11.470384615384615
11.313461538461537
11.766923076923076
11.17576923076923
10.926153846153845
11.046923076923077
10.602692307692308
11.658076923076923
11.656538461538462
11.590769230769231
11.786538461538461
12.278461538461539
12.06
12.088846153846154
12.246153846153845
12.48923076923077
12.381923076923076
12.663846153846153
12.69
12.881923076923076
12.620000000000001
12.721538461538461
12.899230769230769
13.169615384615385
14.372307692307693
14.266923076923076
13.62576923076923
13.105384615384615
13.265769230769232
13.122692307692308
13.518076923076924
13.656923076923077
14.339230769230769
14.014615384615384
14.054615384615385
13.855384615384615
14.438846153846155
14.39076923076923
14.600000000000001
15.256538461538462
15.46923076923077
15.294230769230769
15.113076923076923
14.843846153846155
14.877307692307692
14.878461538461538
15.31076923076923
15.167307692307693
15.228461538461538
15.783846153846154
15.303461538461537
15.360000000000001
15.801153846153845
15.618846153846153
16.16
15.983461538461539
15.89846153846154
15.961923076923076
16.357692307692307
16.32730769230769
16.180384615384614
16.43423076923077
16.345
16.427692307692308
15.983846153846153
16.053076923076922
15.853076923076923
16.226923076923075
16.485384615384614
17.00730769230769
17.01153846153846
17.626153846153848
17.911923076923078
16.816153846153846
16.490000000000002
16.893076923076926
17.266923076923078
16.983076923076922
17.623461538461537
17.378461538461536
17.04346153846154
17.051923076923078
16.74423076923077
16.60269230769231
16.83
17.214615384615385
17.01615384615385
17.15230769230769
16.926153846153845
17.05576923076923
17.45730769230769
17.206923076923076
17.536153846153844
17.10576923076923
16.675
17.798461538461538
16.92923076923077
17.096923076923076
16.840384615384615
16.419615384615383
16.278846153846153
16.576923076923077
16.585
16.361538461538462
16.210384615384616
16.366153846153846
16.801923076923078
16.376153846153848
15.802307692307693
16.420384615384616
15.626923076923077
15.284615384615384
15.132307692307693
15.168846153846154
14.86153846153846
14.733461538461539
14.545769230769231
15.729615384615386
14.998846153846152
15.505384615384616
15.436923076923078
15.147692307692306
14.55923076923077
14.915384615384616
14.635384615384615
15.289615384615384
14.992692307692307
14.193076923076923
14.137692307692307
13.925384615384615
13.959999999999999
13.564615384615385
13.36923076923077
13.919230769230769
13.882692307692308
13.786538461538461
13.582692307692307
13.553461538461537
13.31846153846154
12.845769230769232
12.94846153846154
12.846923076923076
13.073076923076922
12.975384615384616
13.139999999999999
13.303461538461537
12.467307692307692
11.879615384615384
11.672692307692309
11.146153846153847
11.885384615384615
11.163461538461538
11.167307692307693
11.86576923076923
11.511153846153848
11.928461538461537
11.008846153846154
11.17
11.018461538461539
10.775769230769232
10.620384615384616
10.660769230769231
9.933076923076923
10.022307692307692
9.967692307692309
9.794230769230769
10.285
9.681153846153846
10.195
10.136923076923077
10.10153846153846
9.74076923076923
9.608846153846155
9.553076923076922
9.17576923076923
9.393461538461539
9.367307692307692
8.858846153846155
8.785769230769231
8.277307692307692
7.881153846153846
8.03346153846154
7.820769230769231
7.736538461538462
7.2361538461538455
7.3403846153846155
7.946538461538462
7.648846153846154
7.306923076923076
7.203076923076923
6.883461538461538
7.461923076923076
6.690384615384615
6.765384615384615
6.396923076923077
5.871923076923077
5.5576923076923075
5.575384615384616
5.408846153846154
5.122692307692308
5.730384615384616
5.541923076923077
5.956538461538462
5.760769230769231
5.4799999999999995
5.30076923076923
5.215
4.767307692307693
4.933076923076923
4.698076923076924
4.62423076923077
5.211153846153847
5.246538461538462
4.773461538461539
4.757692307692308
4.581153846153846
4.548461538461539
4.109615384615385
4.685384615384615
4.378076923076923
4.645384615384615
4.708076923076923
4.389230769230769
3.9238461538461538
3.8200000000000003
3.545
3.6665384615384613
4.609615384615385
4.956153846153847
5.677307692307692
5.532692307692307
4.587692307692308
4.491538461538462
4.140384615384615
3.329230769230769
4.014230769230769
4.543846153846154
4.353076923076923
