temperature
3.393076923076923
3.376923076923077
3.1865384615384613
3.0203846153846152
3.166923076923077
3.5834615384615387
3.3196153846153846
2.7819230769230767
3.3499999999999996
3.918461538461538
4.1899999999999995
4.236538461538462
3.7146153846153847
3.903461538461538
4.0807692307692305
3.4615384615384617
3.4073076923076924
3.608846153846154
3.0319230769230767
2.6834615384615383
3.397692307692308
3.3376923076923077
3.5384615384615383
3.983846153846154
3.8934615384615388
4.132307692307692
3.823846153846154
3.6957692307692307
2.983461538461538
3.2765384615384616
3.733846153846154
3.798461538461538
3.776923076923077
3.9073076923076924
3.733076923076923
3.455769230769231
3.3369230769230773
3.1692307692307695
3.4749999999999996
3.0923076923076924
3.0203846153846152
3.6465384615384617
4.011923076923077
3.7434615384615384
4.46
4.883461538461538
4.424615384615384
4.183076923076923
3.745769230769231
4.491538461538462
4.4811538461538465
4.682307692307692
4.464615384615384
4.404615384615385
4.052692307692308
4.737307692307692
4.105384615384616
3.805769230769231
3.262307692307692
3.4811538461538465
3.738076923076923
3.645
3.5926923076923076
3.8053846153846154
4.679615384615385
4.890384615384615
5.0942307692307685
5.0746153846153845
5.102692307692307
5.002307692307692
4.805769230769231
5.646538461538461
6.105384615384616
6.150769230769232
5.986923076923077
6.181538461538461
5.521538461538461
6.086538461538462
5.6219230769230775
6.186923076923078
5.986538461538462
5.996153846153846
6.177307692307692
6.380769230769231
6.628461538461538
6.746153846153846
6.303461538461538
6.820769230769231
6.4969230769230775
6.973846153846154
6.287307692307692
6.893846153846154
6.466538461538462
6.531153846153846
6.948846153846154
6.878846153846154
6.491153846153846
7.153846153846154
7.178076923076923
7.058461538461539
6.845384615384616
6.901153846153846
7.068846153846153
7.464230769230769
7.521923076923077
7.346153846153846
7.449999999999999
7.190384615384616
8.024615384615384
8.590384615384615
9.256538461538462
9.408076923076923
9.152307692307692
9.257692307692308
8.588076923076922
7.871153846153846
8.096538461538461
8.538461538461538
8.36923076923077
8.366153846153846
8.558846153846154
9.111923076923077
9.13923076923077
9.853076923076923
9.05923076923077
9.426538461538462
9.780384615384616
9.759615384615385
10.093461538461538
10.275769230769232
9.929615384615385
9.911923076923076
10.060384615384615
9.996923076923078
10.80653846153846
10.536923076923076
10.663461538461538
10.27730769230769
11.193846153846154
10.726923076923075
10.736153846153845
10.694230769230769
10.787692307692309
11.126153846153844
11.401538461538461
11.561923076923078
11.363846153846152
11.532307692307691
11.747307692307693
11.866538461538463
12.768461538461539
13.088846153846154
13.103846153846153
12.44923076923077
12.186538461538463
12.151923076923076
12.547307692307694
12.99
12.703846153846154
13.038076923076924
13.391538461538461
12.176153846153845
12.452692307692306
12.348076923076924
12.413076923076924
12.804615384615385
13.12076923076923
13.704230769230769
13.331153846153846
13.01
13.551153846153845
13.053461538461537
13.458461538461538
13.718461538461538
13.263076923076921
13.60153846153846
14.01576923076923
13.816923076923077
14.061153846153847
13.987692307692308
13.95346153846154
14.313461538461537
14.344615384615384
14.571923076923078
14.308461538461538
14.18923076923077
14.266153846153847
14.213076923076924
14.317692307692308
14.682307692307692
14.655384615384616
14.697692307692307
14.014615384615384
13.974230769230768
14.318076923076923
14.521153846153847
14.942692307692308
14.965000000000002
15.348461538461539
15.319230769230769
15.032692307692308
14.633461538461539
15.813076923076922
15.451538461538462
15.316153846153847
15.328846153846154
15.263846153846155
15.072692307692307
14.560384615384615
14.595769230769232
14.562307692307693
14.817692307692308
15.242692307692307
15.16576923076923
15.277692307692307
15.108846153846153
15.190384615384614
14.91230769230769
14.44076923076923
14.966923076923077
14.90230769230769
14.701538461538462
14.399615384615384
14.761538461538462
15.204615384615384
15.131923076923076
14.376923076923077
14.592307692307692
14.42576923076923
14.011153846153848
14.299615384615382
14.331538461538461
14.035
14.148076923076925
14.053076923076922
13.75576923076923
14.168076923076923
13.571923076923078
13.738076923076923
13.546923076923077
13.145384615384614
13.168076923076923
13.548076923076923
13.437692307692307
13.866153846153846
13.706923076923077
13.919615384615383
13.935
13.076538461538462
13.232307692307693
13.633461538461537
12.955
13.330384615384617
13.182307692307692
12.481538461538461
12.571153846153846
11.953846153846154
11.906538461538462
11.76576923076923
11.746153846153845
12.103076923076923
11.915384615384616
12.543846153846154
12.550384615384615
11.999615384615385
11.421153846153846
11.641538461538461
11.628076923076922
11.301923076923078
11.103461538461538
11.87923076923077
11.653461538461539
11.436153846153845
10.502307692307692
10.358846153846153
10.213076923076924
9.743076923076924
9.866538461538463
9.885384615384615
10.51
10.442692307692308
10.09153846153846
9.746153846153847
9.35
9.436153846153847
9.558846153846154
9.74076923076923
8.95
8.989615384615385
8.560769230769232
8.860384615384616
8.353076923076923
8.32423076923077
8.931923076923077
8.56576923076923
8.478461538461538
8.640384615384615
8.444615384615386
8.512692307692308
8.658076923076923
7.776153846153846
7.411538461538461
8.03076923076923
8.310769230769232
7.613461538461538
7.4423076923076925
7.135
7.003076923076923
6.828846153846154
6.999615384615385
6.646923076923077
6.146538461538461
5.976153846153846
6.668461538461538
6.577307692307692
6.183461538461539
5.97
6.8015384615384615
6.872307692307692
6.012692307692307
5.784230769230769
5.589615384615385
5.44923076923077
5.1911538461538465
4.663846153846154
4.206538461538462
5.026538461538461
5.071153846153846
4.774230769230769
5.203846153846154
4.937307692307693
4.5965384615384615
4.208846153846154
4.063076923076923
3.943076923076923
4.443461538461539
3.653461538461538
3.865769230769231
4.137692307692308
3.876153846153846
4.0442307692307695
4.337307692307692
5.066923076923077
4.570769230769231
3.7015384615384614
3.545769230769231
3.6526923076923077
3.996923076923077
4.111538461538462
4.109615384615385
3.536538461538462
3.1407692307692305
3.2326923076923078
3.336153846153846
3.6423076923076922
3.993846153846154
4.786153846153846
3.9492307692307693
3.206538461538462
3.3003846153846155
2.9457692307692307
2.5300000000000002
3.17
3.599615384615385
3.835384615384615
