pet
0.41000000000000003
0.4496153846153846
0.38769230769230767
0.4623076923076923
0.5792307692307692
0.415
0.42346153846153844
0.5023076923076923
0.5646153846153846
0.6115384615384616
0.3946153846153846
0.38461538461538464
0.4330769230769231
0.5288461538461539
0.4846153846153846
0.4534615384615384
0.30153846153846153
0.3565384615384615
0.42076923076923073
0.4757692307692307
0.6007692307692307
0.6061538461538462
0.6034615384615385
0.5238461538461539
0.5342307692307693
0.49500000000000005
0.5546153846153846
0.5280769230769231
0.5311538461538462
0.42769230769230765
0.5019230769230769
0.5096153846153846
0.5130769230769231
0.5946153846153847
0.6346153846153846
0.7569230769230769
0.7961538461538461
0.67
0.6076923076923076
0.5392307692307692
0.5342307692307693
0.5753846153846154
0.5261538461538462
0.43538461538461537
0.42
0.4453846153846154
0.4623076923076923
0.5842307692307692
0.5338461538461539
0.5626923076923076
0.6080769230769231
0.5923076923076923
0.6330769230769231
0.7557692307692307
0.6519230769230769
0.6061538461538462
0.6507692307692309
0.7646153846153846
0.8611538461538462
0.8573076923076923
0.9596153846153845
0.8611538461538462
0.8711538461538463
0.92
1.0184615384615385
1.0353846153846153
1.0034615384615384
0.9907692307692308
1.2030769230769232
1.106923076923077
1.1311538461538462
1.0834615384615385
1.1034615384615385
1.0826923076923078
1.16
1.216923076923077
1.3234615384615382
1.1426923076923077
1.143076923076923
1.2049999999999998
1.1976923076923076
1.3896153846153847
1.441153846153846
1.4096153846153845
1.3526923076923079
1.32
1.3880769230769232
1.3257692307692308
1.4138461538461538
1.584230769230769
1.5576923076923077
1.4738461538461538
1.3692307692307693
1.3776923076923078
1.4242307692307692
1.5657692307692308
1.6726923076923077
1.4838461538461538
1.6261538461538463
1.8776923076923078
1.7811538461538463
1.9246153846153846
1.816923076923077
1.808076923076923
2.0384615384615383
2.051153846153846
1.8476923076923077
1.97
2.025
1.9723076923076923
2.1634615384615383
2.3496153846153844
2.055
2.062692307692308
2.0453846153846156
2.018846153846154
2.146923076923077
2.0742307692307693
2.166153846153846
2.2392307692307694
2.2146153846153847
2.430769230769231
2.3403846153846155
2.3803846153846155
2.483846153846154
2.473076923076923
2.598076923076923
2.58
2.6319230769230773
2.689230769230769
2.5953846153846154
2.6557692307692307
2.6438461538461535
2.6123076923076924
2.7880769230769227
2.718461538461538
2.479230769230769
2.699230769230769
2.852307692307692
2.9061538461538463
2.6873076923076926
2.9665384615384616
2.9046153846153846
3.0492307692307694
3.0146153846153845
3.0623076923076926
2.8815384615384616
2.736923076923077
2.9326923076923075
2.851923076923077
2.9703846153846154
2.899230769230769
2.7046153846153844
2.6723076923076925
2.6273076923076926
2.746923076923077
2.731923076923077
2.7903846153846152
2.828076923076923
2.772692307692308
2.68
2.6396153846153845
2.537692307692308
2.7419230769230767
2.7546153846153847
2.746153846153846
2.9873076923076924
2.7096153846153848
2.7415384615384615
2.7961538461538464
2.8503846153846153
2.8407692307692307
2.7534615384615386
2.7688461538461544
2.8584615384615386
2.855384615384615
3.0865384615384617
2.9734615384615384
2.98
2.9292307692307693
3.0461538461538464
2.974615384615385
2.8492307692307692
3.011923076923077
3.3153846153846156
3.1434615384615388
3.1588461538461536
3.2169230769230768
3.308846153846154
3.1350000000000002
3.0773076923076923
3.0973076923076923
3.1165384615384615
3.230769230769231
3.1907692307692304
3.001153846153846
2.875
2.840384615384615
2.902307692307692
3.045
3.04
2.9196153846153843
3.007307692307692
2.9253846153846155
2.766153846153846
3.0334615384615384
3.004230769230769
3.058076923076923
3.022692307692308
3.063846153846154
3.231923076923077
2.9423076923076925
2.8426923076923076
2.9765384615384614
2.9688461538461537
2.8673076923076923
2.7265384615384614
2.685
2.599615384615385
2.8938461538461535
2.8623076923076924
2.6834615384615383
2.676153846153846
2.6030769230769235
2.7007692307692306
2.8173076923076925
2.773846153846154
2.6769230769230767
2.5534615384615384
2.551153846153846
2.786153846153846
2.712307692307692
2.6950000000000003
2.4992307692307696
2.2446153846153845
2.2976923076923077
2.3673076923076923
2.316923076923077
2.1607692307692306
2.2023076923076923
2.2446153846153845
2.165769230769231
2.1203846153846153
2.168076923076923
2.103076923076923
1.9803846153846154
2.0007692307692304
1.93
1.8923076923076925
2.0311538461538463
2.0965384615384615
1.968076923076923
1.79
1.7776923076923077
1.665769230769231
1.5461538461538462
1.6115384615384616
1.6323076923076922
1.6442307692307692
1.6584615384615384
1.691923076923077
1.5457692307692308
1.5146153846153847
1.5457692307692308
1.5265384615384614
1.5742307692307693
1.5153846153846153
1.4176923076923076
1.5165384615384616
1.3626923076923076
1.3900000000000001
1.4453846153846153
1.3223076923076924
1.311923076923077
1.3565384615384617
1.3492307692307692
1.3211538461538461
1.1842307692307692
1.1688461538461539
1.0526923076923078
1.231153846153846
1.3611538461538462
1.271923076923077
1.208846153846154
1.286923076923077
1.0203846153846154
0.9607692307692308
0.9342307692307692
0.8403846153846154
0.8776923076923077
0.9530769230769232
0.9161538461538462
0.9065384615384615
0.7484615384615385
0.7734615384615384
0.8457692307692307
0.87
0.9461538461538462
0.8411538461538461
0.8046153846153847
0.7261538461538461
0.8103846153846154
0.9284615384615384
0.8834615384615384
0.8915384615384615
0.886923076923077
0.7192307692307692
0.676923076923077
0.5984615384615385
0.6015384615384616
0.8226923076923077
0.7846153846153846
0.715
0.7496153846153847
0.6180769230769231
0.5353846153846153
0.5346153846153846
0.4930769230769231
0.5388461538461539
0.4565384615384615
0.5403846153846155
0.558076923076923
0.40230769230769237
0.40230769230769237
0.4730769230769231
0.5211538461538462
0.5934615384615385
0.5292307692307692
0.5003846153846154
0.4765384615384616
0.43115384615384617
0.3330769230769231
0.35500000000000004
0.4876923076923077
0.545
0.6319230769230769
0.5415384615384615
0.48307692307692307
0.40923076923076923
0.4034615384615385
0.4480769230769231
0.36730769230769234
0.30615384615384617
0.38346153846153846
0.3680769230769231
0.428076923076923
0.38653846153846155
0.45269230769230767
0.41615384615384615
0.44
0.4788461538461538
0.4061538461538462
0.45346153846153847
0.5219230769230769
0.5307692307692308
0.5238461538461539
0.5153846153846154
0.5292307692307692
0.5023076923076923
0.5499999999999999
0.588076923076923
0.6476923076923077
0.5007692307692307
0.3630769230769231
0.41423076923076924
