temperature
4.042307692307692
4.112307692307692
3.8934615384615388
4.633461538461538
4.956153846153845
4.296538461538462
4.288076923076924
4.781923076923077
4.995
4.807307692307692
3.584230769230769
3.2069230769230765
3.600769230769231
4.514230769230769
4.343461538461538
4.008461538461538
3.2965384615384616
3.637307692307692
4.110769230769231
4.397307692307693
4.966923076923076
4.989615384615385
4.928076923076923
4.408846153846154
4.29576923076923
3.9088461538461536
4.169230769230769
4.3403846153846155
4.003461538461538
3.1273076923076926
3.5523076923076924
3.805769230769231
4.096153846153846
4.445384615384615
4.421538461538462
5.031153846153846
5.09923076923077
4.41
4.25
3.519230769230769
3.519230769230769
3.7265384615384614
3.546538461538461
2.8765384615384617
2.585384615384615
2.8196153846153846
3.0615384615384613
3.6407692307692305
3.2915384615384613
3.3861538461538463
3.4834615384615386
3.737692307692308
4.104230769230769
4.522692307692308
4.092307692307693
3.7534615384615386
4.0515384615384615
4.599615384615385
5.17576923076923
5.112692307692308
5.444230769230769
4.963461538461539
4.938846153846153
5.248461538461539
5.6123076923076916
5.721923076923077
5.588461538461539
5.515000000000001
6.382307692307692
6.079615384615384
6.0842307692307696
5.862692307692308
5.928076923076923
5.8623076923076916
5.96
6.092692307692308
6.738076923076923
5.967307692307693
5.9653846153846155
6.234999999999999
6.143076923076923
6.890769230769231
7.04
6.939615384615385
6.6765384615384615
6.328461538461538
6.491538461538462
6.350384615384614
6.639615384615384
7.36
7.059230769230769
6.671153846153846
6.311538461538461
6.204999999999999
6.388846153846154
7.007692307692308
7.3465384615384615
6.644615384615384
7.1184615384615375
7.891153846153847
7.708846153846154
8.176923076923076
7.81923076923077
7.803846153846154
8.616923076923076
8.673076923076923
7.973846153846154
8.30076923076923
8.50576923076923
8.314615384615385
9.064230769230768
9.698461538461538
8.767307692307693
8.73576923076923
8.615384615384615
8.569230769230769
8.99846153846154
8.946923076923078
9.228076923076923
9.555769230769231
9.2
9.681153846153846
9.582307692307692
9.689230769230768
10.122307692307693
10.199615384615385
10.545769230769231
10.51923076923077
10.65576923076923
10.892307692307693
10.69923076923077
10.941923076923077
10.982307692307693
10.959615384615384
11.508461538461537
11.349615384615383
10.723846153846154
11.367692307692307
11.840769230769231
12.051153846153845
11.556538461538462
12.342692307692309
12.282307692307691
12.721153846153847
12.663076923076924
12.832692307692307
12.35153846153846
12.036538461538461
12.685
12.495384615384616
12.924230769230768
13.397307692307692
13.117692307692307
13.066923076923077
12.965
13.377307692307692
13.387692307692307
13.60923076923077
13.848461538461539
13.732692307692307
13.561538461538463
13.489615384615385
13.270384615384614
13.90846153846154
13.95
14.076538461538462
14.858461538461539
14.122307692307693
14.268076923076924
14.48
14.705
14.685
14.525769230769232
14.626538461538463
14.963076923076924
15.055769230769231
15.788461538461538
15.524615384615384
15.600769230769231
15.50923076923077
15.896153846153847
15.73576923076923
15.403076923076924
15.905384615384616
16.838076923076922
16.44923076923077
16.54923076923077
16.698846153846155
17.032692307692308
16.607307692307693
16.520384615384614
16.654615384615383
16.752307692307692
17.082692307692305
17.029999999999998
16.531923076923075
16.216153846153848
16.130384615384614
16.373461538461537
16.811153846153847
16.814615384615387
16.492307692307694
16.785384615384615
16.505
16.211923076923078
16.957692307692305
16.934615384615384
17.13153846153846
17.06923076923077
17.24153846153846
17.716153846153848
16.917307692307695
16.67576923076923
17.068461538461538
17.12076923076923
16.872692307692308
16.485
16.33076923076923
16.135384615384616
16.96076923076923
16.92576923076923
16.438846153846153
16.46
16.27346153846154
16.621153846153845
17.013076923076923
16.89769230769231
16.63
16.25923076923077
16.26269230769231
17.016538461538463
16.819615384615386
16.828846153846154
16.217307692307692
15.413076923076924
15.595769230769232
15.84153846153846
15.722307692307691
15.211538461538462
15.365
15.540384615384616
15.322692307692307
15.196153846153846
15.248846153846156
14.964230769230769
14.529615384615385
14.618076923076924
14.31423076923077
14.206923076923077
14.759615384615385
14.935384615384615
14.568076923076923
13.983461538461539
13.943846153846154
13.585384615384614
13.224230769230768
13.3
13.349230769230768
13.460384615384616
13.476923076923075
13.709615384615384
13.206923076923077
13.140769230769232
13.157307692307691
13.097307692307691
13.299615384615386
13.080384615384615
12.673461538461538
13.006153846153847
12.478461538461538
12.495000000000001
12.741153846153846
12.29076923076923
12.116153846153846
12.10423076923077
12.14423076923077
11.962692307692306
11.477307692307694
11.433846153846153
10.920384615384616
11.644615384615385
12.099230769230768
11.547692307692309
11.328846153846154
11.666538461538462
10.534230769230769
10.281153846153845
10.19576923076923
9.606923076923078
9.842307692307692
10.174615384615386
9.965384615384616
9.897692307692306
9.080384615384615
9.310384615384615
9.469615384615384
9.732692307692307
10.022692307692306
9.681153846153846
9.202307692307691
8.829230769230769
9.096923076923078
9.507307692307693
9.416153846153845
9.334615384615384
9.082307692307692
8.283076923076923
7.986923076923077
7.34
7.644230769230769
8.696538461538461
8.417692307692308
8.00576923076923
8.273461538461538
7.720769230769231
7.101538461538462
6.8307692307692305
6.346923076923077
6.664615384615384
6.471153846153846
6.6984615384615385
6.5600000000000005
5.889615384615384
5.750384615384615
5.846153846153846
5.980769230769231
6.313846153846153
6.31923076923077
6.045
5.496923076923077
5.096923076923077
4.7761538461538455
4.775
5.297307692307692
5.758076923076923
6.431923076923076
5.928076923076923
5.951538461538462
5.546538461538462
5.283076923076923
5.453076923076923
4.669615384615384
4.304615384615385
4.572692307692308
4.481538461538461
4.880769230769231
5.0200000000000005
5.041923076923077
5.3307692307692305
5.378846153846154
5.243846153846154
4.886923076923077
5.266923076923077
5.423076923076923
5.349615384615385
4.868076923076924
5.049615384615384
4.940384615384615
5.001923076923077
5.238461538461538
4.951923076923077
5.064615384615385
4.434615384615385
3.748846153846154
3.887307692307692
