pet
0.2946666666666667
0.3486666666666667
0.37866666666666665
0.3046666666666667
0.372
0.37533333333333335
0.38466666666666666
0.322
0.4266666666666667
0.3233333333333333
0.43733333333333335
0.6333333333333333
0.5653333333333334
0.506
0.5564285714285714
0.38571428571428573
0.3764285714285714
0.4714285714285714
0.4164285714285714
0.4107142857142857
0.515
0.44
0.35000000000000003
0.24642857142857144
0.2957142857142857
0.4357142857142858
0.39357142857142857
0.45285714285714285
0.4392857142857142
0.5407142857142857
0.5671428571428572
0.5142857142857143
0.5835714285714285
0.7178571428571429
0.5907142857142856
0.625
0.4735714285714286
0.3814285714285714
0.48857142857142855
0.4328571428571429
0.51
0.6585714285714286
0.5692857142857143
0.6078571428571429
0.6628571428571428
0.7235714285714285
0.5964285714285714
0.615
0.4585714285714286
0.4642857142857143
0.3735714285714286
0.43928571428571433
0.47928571428571426
0.5414285714285715
0.43714285714285717
0.435
0.40857142857142853
0.4928571428571429
0.4492857142857143
0.44428571428571434
0.455
0.6378571428571428
0.7285714285714285
0.6578571428571429
0.9592857142857143
1.0392857142857144
0.91
0.8457142857142858
1.147857142857143
1.0035714285714286
1.045
1.125
0.9821428571428571
0.8664285714285714
1.2092857142857143
1.2235714285714288
0.9185714285714285
0.9507142857142857
0.8671428571428572
0.9264285714285715
1.0071428571428571
1.0778571428571428
1.127857142857143
1.1664285714285714
1.1771428571428573
1.2378571428571428
1.2142857142857142
1.2164285714285714
1.457857142857143
1.5792857142857142
1.5578571428571428
1.477857142857143
1.2264285714285716
1.4092857142857143
1.51
1.317142857142857
1.297857142857143
1.4600000000000002
1.6921428571428572
1.937142857142857
1.452142857142857
1.3078571428571428
1.4664285714285714
1.4235714285714285
1.6328571428571428
1.5342857142857143
1.407857142857143
1.2157142857142857
1.1742857142857144
1.6264285714285713
2.1028571428571428
2.0064285714285712
2.0935714285714284
2.1864285714285714
1.9642857142857142
1.8564285714285713
1.9607142857142856
2.107142857142857
2.0442857142857145
2.0035714285714286
2.522666666666667
2.3406666666666665
2.316666666666667
2.3546666666666667
2.3066666666666666
2.2506666666666666
2.255333333333333
2.207333333333333
2.4033333333333333
2.366
2.2186666666666666
2.2239999999999998
2.3353333333333333
2.5780000000000003
2.396
2.4186666666666667
2.416
2.31
2.2293333333333334
2.3286666666666664
2.279333333333333
2.444
2.5486666666666666
2.6266666666666665
2.3313333333333333
2.226
2.3466666666666667
2.5613333333333332
2.412
2.5073333333333334
2.9606666666666666
2.7386666666666666
2.4680000000000004
2.2693333333333334
2.3473333333333333
2.3753333333333333
2.691333333333333
2.712
2.4646666666666666
2.5686666666666667
2.638
2.2640000000000002
2.146
2.036
2.128
2.246666666666667
2.283333333333333
2.4886666666666666
2.5013333333333336
2.416
2.3506666666666667
2.088
1.9466666666666665
2.251333333333333
2.268
2.271333333333333
2.3786666666666667
2.304666666666667
2.707333333333333
2.5353333333333334
2.0033333333333334
2.2013333333333334
2.3953333333333333
2.252666666666667
2.1666666666666665
2.0706666666666664
1.97
2.1026666666666665
2.1073333333333335
2.572666666666667
2.2753333333333337
2.241333333333333
2.018
2.1959999999999997
2.088
2.1566666666666667
2.1719999999999997
2.2613333333333334
2.1926666666666668
2.4859999999999998
2.5006666666666666
2.302
2.3713333333333333
2.3193333333333332
2.058
2.146
2.1546666666666665
2.4993333333333334
2.3913333333333333
2.3193333333333332
2.4579999999999997
2.3713333333333333
2.3586666666666667
2.1420000000000003
2.3406666666666665
2.3253333333333335
2.4546666666666668
2.2693333333333334
2.0393333333333334
2.009333333333333
2.152
2.1326666666666667
2.1273333333333335
2.1353333333333335
2.098666666666667
2.010666666666667
1.9493333333333334
2.1873333333333336
2.033333333333333
2.087333333333333
2.023333333333333
1.912
1.71
1.5686666666666667
1.472
1.5833333333333333
1.496
1.5713333333333332
1.4233333333333333
1.6606666666666667
1.4653333333333334
1.502
1.7006666666666668
1.5806666666666667
1.6946666666666665
1.6213333333333333
1.818
1.9633333333333334
1.4466666666666665
1.3726666666666667
1.4080000000000001
1.3366666666666667
1.442
1.6733333333333333
1.474
1.3006666666666669
1.0006666666666666
1.1400000000000001
0.9593333333333334
1.1473333333333333
1.3299999999999998
1.1326666666666667
1.444
1.5766666666666667
1.3926666666666667
1.1700000000000002
1.1933333333333331
1.1813333333333333
1.078
1.0719999999999998
0.9700000000000001
0.9773333333333334
1.1273333333333333
0.9553333333333334
1.166
0.9733333333333333
0.9753333333333333
1.0846666666666667
0.982
1.1173333333333335
1.084
1.042
0.9053333333333333
0.9093333333333333
0.9093333333333333
0.9886666666666667
1.1179999999999999
0.9413333333333332
0.91
0.718
0.756
0.6986666666666667
0.604
0.842
0.748
0.7773333333333333
0.846
0.7606666666666667
0.62
0.722
0.6593333333333333
0.6733333333333333
0.7739999999999999
0.7633333333333333
0.6193333333333333
0.6613333333333333
0.7606666666666667
0.6853333333333332
0.6733333333333333
0.6206666666666667
0.666
0.5266666666666667
0.41933333333333334
0.46199999999999997
0.4053333333333333
0.4106666666666667
0.3453333333333333
0.45466666666666666
0.49133333333333334
0.458
0.4473333333333333
0.348
0.3333333333333333
0.48666666666666664
0.4106666666666667
0.3686666666666667
0.528
0.4826666666666667
0.396
0.4473333333333333
0.5646666666666668
0.43733333333333335
0.46066666666666667
0.6446666666666666
0.44
0.6140000000000001
0.45
0.47400000000000003
0.5706666666666667
0.49933333333333335
0.422
0.4233333333333333
0.6986666666666667
0.6286666666666666
0.388
0.42
0.508
0.48533333333333334
0.3233333333333333
0.4533333333333333
0.35133333333333333
0.23866666666666667
0.16000000000000003
0.18333333333333332
0.19
0.36466666666666664
0.6146666666666667
0.4073333333333334
0.13533333333333333
0.182
0.14533333333333334
0.2033333333333333
0.20066666666666666
0.2673333333333333
0.18266666666666667
