pet
0.49961538461538463
0.40884615384615386
0.40076923076923077
0.36615384615384616
0.3680769230769231
0.36615384615384616
0.536923076923077
0.4984615384615385
0.48384615384615387
0.4238461538461538
0.52
0.5226923076923077
0.495
0.4230769230769231
0.485
0.4211538461538461
0.36653846153846154
0.49615384615384617
0.605
0.49461538461538457
0.2926923076923077
0.4
0.44
0.4107692307692308
0.46499999999999997
0.4707692307692308
0.5276923076923077
0.5876923076923077
0.5630769230769231
0.46153846153846156
0.583076923076923
0.6226923076923078
0.61
0.5715384615384616
0.7188461538461539
0.753076923076923
0.5715384615384616
0.5234615384615384
0.5984615384615385
0.5892307692307692
0.5426923076923077
0.6761538461538462
0.6057692307692307
0.49769230769230766
0.5742307692307692
0.7792307692307693
0.6569230769230768
0.7526923076923077
0.635
0.791923076923077
0.8561538461538463
0.9038461538461539
0.8453846153846154
0.8757692307692307
0.8388461538461538
0.8353846153846154
0.7865384615384615
0.7765384615384616
0.7623076923076924
0.75
0.8142307692307692
0.7623076923076924
0.6826923076923077
0.8115384615384615
0.9153846153846155
1.0761538461538462
1.12
1.231153846153846
1.1726923076923077
1.188076923076923
1.215
0.9680769230769232
1.313076923076923
1.4673076923076922
1.4492307692307693
1.3642307692307691
1.2884615384615385
1.2184615384615385
1.1496153846153847
1.2426923076923078
1.1365384615384615
1.3057692307692308
1.2984615384615383
1.3896153846153847
1.3557692307692308
1.3815384615384616
1.5415384615384615
1.6338461538461537
1.8138461538461537
1.6930769230769231
1.6676923076923076
1.7976923076923077
1.7557692307692307
1.6757692307692307
1.8107692307692307
1.643846153846154
1.478076923076923
1.588846153846154
1.7746153846153847
1.7019230769230769
1.5657692307692308
1.6565384615384615
1.8265384615384617
1.9169230769230767
1.8469230769230771
1.790769230769231
1.8815384615384616
1.865
1.8599999999999999
1.9784615384615383
2.265769230769231
2.433846153846154
2.4184615384615387
2.5488461538461538
2.2746153846153847
2.0057692307692307
2.1507692307692308
2.2003846153846154
1.956923076923077
2.139615384615385
2.3484615384615384
2.417692307692308
2.423076923076923
2.298076923076923
2.505
2.625
2.785769230769231
2.832692307692308
3.0015384615384613
2.968461538461539
2.728846153846154
2.5946153846153845
2.6765384615384615
2.457307692307692
2.632307692307692
2.880769230769231
2.763076923076923
2.7884615384615383
2.9334615384615383
2.8984615384615386
2.8065384615384614
2.8242307692307693
2.9353846153846153
2.9061538461538463
2.9676923076923076
2.9853846153846155
3.0046153846153847
2.914230769230769
2.9061538461538463
2.881923076923077
2.9046153846153846
3.088461538461538
3.025384615384615
2.7515384615384617
2.641538461538462
2.606923076923077
2.6326923076923077
2.6853846153846157
2.6738461538461538
2.9046153846153846
2.7265384615384614
2.758076923076923
2.742692307692308
2.8876923076923076
2.9011538461538464
2.9296153846153845
3.082307692307692
3.2311538461538465
3.0926923076923076
3.039615384615385
3.001153846153846
2.9396153846153847
2.8346153846153848
3.045
3.043461538461538
2.9223076923076925
3.045769230769231
3.058846153846154
2.920769230769231
3.0503846153846155
2.8846153846153846
3.0876923076923077
3.1284615384615386
2.962307692307692
3.2
3.2750000000000004
3.0834615384615387
2.9815384615384612
3.0999999999999996
3.075
3.191923076923077
2.9650000000000003
2.899230769230769
2.894615384615385
2.9696153846153845
3.072307692307692
3.2873076923076923
3.232307692307692
3.436923076923077
3.5646153846153847
3.2880769230769227
3.0707692307692307
3.0684615384615386
3.326923076923077
3.381153846153846
3.3596153846153842
3.286538461538462
3.207692307692308
3.1576923076923076
3.12
2.960769230769231
2.986923076923077
3.1357692307692306
3.0373076923076923
3.0380769230769227
2.9226923076923077
3.026923076923077
3.233461538461538
3.0553846153846154
3.191923076923077
2.925
2.9242307692307694
3.243846153846154
2.8430769230769233
2.980384615384615
2.891153846153846
2.731923076923077
2.571923076923077
2.790769230769231
2.789230769230769
2.6826923076923075
2.593461538461539
2.6526923076923077
2.709230769230769
2.590384615384615
2.396153846153846
2.649230769230769
2.4096153846153845
2.2557692307692307
2.2365384615384616
2.2192307692307693
2.013076923076923
2.0311538461538463
2.1142307692307694
2.411538461538462
2.2834615384615384
2.335384615384615
2.401923076923077
2.228076923076923
2.1726923076923077
2.1934615384615386
2.164615384615385
2.323846153846154
2.3096153846153844
2.0165384615384614
1.9311538461538462
1.8842307692307694
1.893076923076923
1.8584615384615384
1.6203846153846155
1.8699999999999999
1.8519230769230768
1.8623076923076924
1.7926923076923076
1.7938461538461539
1.7142307692307692
1.5665384615384617
1.5726923076923076
1.4965384615384614
1.6388461538461538
1.6557692307692307
1.5961538461538463
1.6526923076923077
1.5823076923076924
1.4196153846153845
1.3742307692307691
1.293076923076923
1.3276923076923077
1.0765384615384614
1.1207692307692307
1.2923076923076924
1.2973076923076923
1.401923076923077
1.165
1.1546153846153846
1.2030769230769232
1.0973076923076923
1.0734615384615385
1.058846153846154
0.8803846153846154
0.9665384615384615
0.9742307692307693
0.9726923076923076
1.0773076923076923
0.9176923076923077
1.0538461538461539
1.0973076923076923
1.1073076923076923
0.9438461538461538
0.9750000000000001
1.01
0.9146153846153846
0.9734615384615384
0.8973076923076923
0.8284615384615385
0.8207692307692308
0.7311538461538463
0.6461538461538462
0.6646153846153846
0.63
0.5784615384615385
0.5892307692307692
0.5776923076923077
0.6511538461538462
0.6019230769230769
0.5642307692307692
0.5365384615384615
0.5376923076923077
0.63
0.4969230769230769
0.4957692307692308
0.48307692307692307
0.3976923076923077
0.375
0.4538461538461539
0.39115384615384613
0.3330769230769231
0.4157692307692308
0.3888461538461539
0.4211538461538462
0.48115384615384615
0.48307692307692307
0.42653846153846153
0.4496153846153846
0.39076923076923076
0.43769230769230766
0.28307692307692306
0.3
0.4761538461538462
0.5103846153846153
0.3630769230769231
0.4180769230769231
0.3123076923076923
0.34615384615384615
0.35500000000000004
0.43153846153846154
0.34461538461538466
0.3511538461538461
0.41461538461538466
0.37153846153846154
0.3046153846153846
0.33576923076923076
0.3423076923076923
0.3930769230769231
0.5180769230769231
0.5696153846153846
0.6788461538461538
0.63
0.4573076923076923
0.44692307692307687
0.3973076923076923
0.25884615384615384
0.4123076923076923
0.5696153846153846
0.5246153846153846
