temperature
2.7673076923076922
2.7657692307692305
2.6953846153846155
3.5730769230769233
3.8850000000000002
3.023846153846154
3.1826923076923075
3.57
3.5765384615384614
3.1792307692307693
2.3365384615384617
1.6730769230769231
1.9046153846153848
2.8334615384615387
2.983846153846154
2.3703846153846153
1.9188461538461539
2.308076923076923
2.6653846153846152
3.0896153846153847
3.2507692307692304
3.230769230769231
3.164615384615385
3.1530769230769233
2.7788461538461537
2.539230769230769
2.3684615384615384
2.6134615384615385
2.4796153846153848
1.7784615384615385
2.1296153846153847
2.4749999999999996
3.0176923076923075
3.2800000000000002
3.053846153846154
3.633846153846154
3.3765384615384617
3.072307692307692
2.6253846153846156
2.522692307692308
2.126923076923077
2.308461538461539
2.2638461538461536
1.573076923076923
1.1046153846153846
1.2315384615384617
1.6553846153846155
2.2784615384615385
1.7973076923076923
2.1196153846153845
2.0492307692307694
2.4103846153846153
2.8923076923076922
3.1015384615384614
2.4688461538461537
2.2334615384615386
3.1030769230769235
3.222692307692308
3.3484615384615384
3.534615384615385
3.9061538461538463
3.6092307692307695
3.74
4.425
4.651538461538461
4.62576923076923
4.231538461538461
4.325384615384615
5.043846153846153
4.711153846153846
4.636153846153847
4.528846153846154
4.319230769230769
4.3634615384615385
4.225769230769231
4.301923076923076
4.608076923076923
4.171923076923077
4.255
4.298461538461538
4.359230769230769
5.067692307692307
5.145769230769231
5.059230769230769
4.946538461538461
4.790384615384616
4.734230769230769
5.202307692307692
5.495
5.7907692307692304
5.311923076923078
4.611538461538461
4.286538461538462
4.671923076923077
4.9034615384615385
5.433076923076923
5.338846153846154
4.817692307692308
5.453846153846154
6.156153846153846
6.632692307692308
6.443461538461539
5.872307692307692
6.276923076923077
7.364230769230769
7.131153846153846
6.698846153846153
7.2784615384615385
6.774615384615386
6.94423076923077
7.430000000000001
7.83576923076923
6.909230769230769
7.116923076923077
7.066923076923077
7.160769230769231
7.247307692307692
7.569999999999999
7.740384615384615
7.721153846153846
6.929230769230769
7.381153846153846
7.7153846153846155
7.938461538461539
8.418076923076923
8.608846153846155
9.085
8.684615384615386
8.311923076923076
8.84
9.156538461538462
9.11076923076923
9.196923076923078
9.34923076923077
9.573461538461538
8.945
9.145384615384616
9.242692307692307
9.875
10.344999999999999
10.081153846153846
10.625384615384615
10.575769230769232
11.008846153846154
10.359615384615385
10.727307692307694
10.370384615384616
10.247692307692308
10.843461538461538
10.279230769230768
11.108461538461539
11.403076923076924
11.107307692307693
11.11923076923077
11.005384615384616
11.462307692307691
11.43576923076923
11.602307692307692
11.71653846153846
11.631153846153847
11.49923076923077
11.623461538461537
11.540384615384616
11.586153846153847
11.529615384615385
12.071923076923078
12.80153846153846
12.563461538461537
12.541538461538462
12.731538461538461
13.004615384615384
12.521923076923077
12.61923076923077
12.637692307692307
12.814615384615385
13.235000000000001
13.332692307692307
13.146538461538462
13.458846153846155
13.60153846153846
13.77346153846154
13.695
13.725769230769231
14.281538461538462
14.736153846153845
14.474230769230768
14.511923076923077
14.974230769230768
15.048846153846153
14.882307692307693
14.723846153846154
14.977692307692308
14.788461538461538
15.068461538461538
15.03
14.861538461538462
14.341153846153846
14.106923076923076
14.312307692307693
15.080769230769231
14.813461538461537
14.561153846153845
14.632307692307693
14.758076923076922
14.403461538461539
15.19
15.227307692307694
15.451538461538462
15.237692307692308
15.373846153846152
15.681153846153846
14.416538461538462
14.374615384615385
14.905000000000001
14.498461538461537
14.502692307692307
14.611923076923075
14.069230769230769
13.686923076923078
14.396923076923077
13.967692307692309
14.212307692307691
14.46923076923077
14.307692307692308
14.534615384615384
14.829615384615384
14.484230769230768
14.066153846153847
14.035769230769231
14.163076923076924
14.693846153846154
14.992692307692307
14.843846153846155
14.165384615384616
13.73423076923077
13.89846153846154
13.999615384615385
13.53
13.49576923076923
13.746538461538462
13.571538461538463
13.264615384615384
13.286153846153846
12.974615384615383
12.969615384615384
12.496923076923078
12.545
12.061538461538463
12.246923076923078
12.94
12.563846153846155
12.586538461538462
11.609615384615385
11.654615384615385
11.503846153846155
11.451153846153847
11.133461538461537
11.152692307692309
11.841923076923077
11.658846153846154
11.362307692307693
11.142307692307693
11.313076923076922
11.22
11.028076923076924
11.278461538461539
10.672692307692309
10.583076923076923
10.45
10.521923076923077
10.941923076923077
10.60576923076923
10.602692307692308
10.172307692307694
10.35576923076923
10.08
9.78346153846154
9.718846153846155
9.785
9.506923076923076
9.976923076923075
10.200384615384614
9.134615384615385
9.186923076923078
9.095384615384615
8.287307692307692
8.386538461538462
8.136923076923077
7.815384615384615
7.775384615384615
8.257692307692308
8.213461538461539
7.87423076923077
7.433461538461539
7.595
8.018846153846154
7.641538461538461
8.05
7.59923076923077
7.349230769230768
7.226923076923077
7.400384615384615
8.018076923076922
7.605769230769231
7.495384615384615
7.352307692307692
6.686923076923078
6.456153846153845
5.724230769230768
5.992307692307692
7.115769230769231
6.547307692307692
6.341538461538462
6.66
6.058076923076923
5.32423076923077
5.073076923076924
4.971153846153846
5.015384615384615
4.549615384615384
4.916923076923077
5.2907692307692304
4.161153846153846
4.020769230769231
4.073076923076924
4.6826923076923075
5.203076923076923
4.872692307692308
4.883076923076923
4.181153846153846
3.835769230769231
3.3853846153846154
3.2115384615384617
3.7826923076923076
4.270384615384615
5.047307692307692
4.841923076923077
4.681923076923077
4.147307692307693
3.709230769230769
3.5923076923076924
2.863076923076923
2.8938461538461544
3.2849999999999997
3.199230769230769
3.572307692307692
3.675
3.8923076923076922
4.181923076923077
3.851923076923077
3.4707692307692306
3.505769230769231
3.813846153846154
4.012307692307693
3.648076923076923
3.3649999999999998
3.5573076923076923
3.789230769230769
3.836153846153846
3.902307692307692
3.8015384615384615
3.917692307692308
3.0653846153846156
2.628076923076923
2.9703846153846154
