pet
0.45307692307692304
0.42923076923076925
0.35500000000000004
0.3457692307692308
0.4238461538461538
0.43153846153846154
0.5392307692307692
0.4196153846153846
0.4046153846153846
0.5023076923076923
0.573076923076923
0.5549999999999999
0.4734615384615385
0.4938461538461538
0.5626923076923076
0.47230769230769226
0.45769230769230773
0.5326923076923077
0.5646153846153846
0.4119230769230769
0.3903846153846154
0.43
0.4519230769230769
0.5176923076923077
0.5492307692307693
0.5284615384615384
0.5565384615384615
0.6065384615384615
0.5488461538461539
0.558076923076923
0.6123076923076923
0.6276923076923077
0.6142307692307691
0.573076923076923
0.6661538461538462
0.6176923076923077
0.49961538461538463
0.5792307692307692
0.585
0.5153846153846154
0.5392307692307692
0.6492307692307692
0.6553846153846153
0.5315384615384615
0.6734615384615386
0.7749999999999999
0.6765384615384615
0.7253846153846154
0.7030769230769232
0.8076923076923077
0.8188461538461538
0.8761538461538462
0.8919230769230769
0.8042307692307692
0.7296153846153846
0.8088461538461539
0.7146153846153847
0.6950000000000001
0.6846153846153846
0.6784615384615384
0.7446153846153846
0.6738461538461539
0.5700000000000001
0.7123076923076923
0.9273076923076923
1.0353846153846153
1.0853846153846154
1.1853846153846155
1.1657692307692307
1.1365384615384615
0.9361538461538461
0.9953846153846153
1.2257692307692307
1.3176923076923077
1.2334615384615384
1.2846153846153845
1.085
1.2153846153846155
1.191153846153846
1.2657692307692305
1.3057692307692308
1.3903846153846153
1.4076923076923078
1.4500000000000002
1.4976923076923077
1.4476923076923076
1.4965384615384614
1.4496153846153845
1.5403846153846152
1.646153846153846
1.6853846153846155
1.705769230769231
1.5684615384615386
1.4892307692307691
1.676923076923077
1.5973076923076923
1.4092307692307693
1.6696153846153845
1.705769230769231
1.6326923076923079
1.753076923076923
1.6284615384615386
1.8311538461538461
1.9076923076923078
1.8188461538461538
1.8711538461538462
1.8511538461538461
1.7796153846153848
1.8253846153846154
2.108076923076923
2.4426923076923077
2.355
2.391153846153846
2.4288461538461537
2.191538461538461
2.003846153846154
2.0488461538461538
1.9526923076923075
2.0061538461538464
2.038846153846154
2.230769230769231
2.325
2.389615384615385
2.374615384615385
2.376923076923077
2.3773076923076926
2.6753846153846155
2.6165384615384615
2.6246153846153844
2.685
2.480769230769231
2.6003846153846153
2.4826923076923078
2.480769230769231
2.7188461538461537
2.5446153846153843
2.5403846153846152
2.446923076923077
2.5138461538461536
2.4696153846153845
2.603846153846154
2.552692307692308
2.548076923076923
2.4796153846153848
2.707307692307692
2.7069230769230765
2.7326923076923078
2.7249999999999996
2.8892307692307693
2.959230769230769
3.018076923076923
3.039615384615385
2.765
2.631923076923077
2.475769230769231
2.4742307692307692
2.4153846153846152
2.48
2.448076923076923
2.5730769230769233
2.6215384615384614
2.414615384615385
2.3915384615384614
2.3173076923076925
2.4523076923076923
2.376923076923077
2.6580769230769232
2.6223076923076927
2.730384615384615
2.600769230769231
2.477692307692308
2.436153846153846
2.3953846153846152
2.4826923076923078
2.4861538461538464
2.694230769230769
2.875
2.5984615384615384
2.685769230769231
2.6834615384615383
2.644230769230769
2.664615384615385
2.6603846153846153
2.6823076923076923
2.5323076923076924
2.5415384615384613
2.45
2.465384615384615
2.568076923076923
2.729230769230769
2.6726923076923077
2.5776923076923075
2.4499999999999997
2.335
2.576923076923077
2.569230769230769
2.543461538461538
2.6353846153846154
2.905384615384615
2.816153846153846
2.513076923076923
2.434230769230769
2.565
2.707692307692308
2.5373076923076923
2.7580769230769233
2.4896153846153846
2.393076923076923
2.368846153846154
2.4026923076923077
2.2634615384615384
2.256923076923077
2.3873076923076924
2.4103846153846153
2.373076923076923
2.279230769230769
2.305
2.2873076923076923
2.082307692307692
2.3534615384615383
2.3284615384615384
2.1746153846153846
2.275384615384615
2.246153846153846
2.3046153846153845
2.1815384615384614
1.9526923076923075
2.065
2.047307692307692
1.8965384615384617
2.0115384615384615
1.9842307692307695
1.9565384615384613
2.0234615384615386
1.9742307692307692
1.761923076923077
1.941923076923077
1.748076923076923
1.6953846153846153
1.6553846153846155
1.5703846153846153
1.6915384615384614
1.6384615384615384
1.5961538461538463
1.9523076923076923
1.6873076923076924
1.8946153846153846
1.8215384615384616
1.7592307692307694
1.7142307692307692
1.7065384615384613
1.6776923076923076
1.8523076923076922
1.6780769230769232
1.6234615384615385
1.478076923076923
1.368846153846154
1.5134615384615384
1.3007692307692307
1.3353846153846154
1.4153846153846152
1.4753846153846153
1.4361538461538463
1.5530769230769232
1.3792307692307693
1.3584615384615384
1.213076923076923
1.2073076923076924
1.2396153846153846
1.3226923076923076
1.375
1.4188461538461539
1.5403846153846152
1.2296153846153846
1.1488461538461539
1.088076923076923
1.0011538461538463
1.1157692307692308
0.9965384615384616
1.1176923076923075
1.2834615384615384
1.1196153846153847
1.2257692307692307
0.9453846153846153
1.0473076923076923
1.1007692307692307
1.0123076923076924
1.0446153846153847
0.9919230769230769
0.8434615384615385
0.9753846153846154
0.8769230769230769
0.8476923076923076
0.9173076923076924
0.8196153846153845
0.9838461538461538
1.0096153846153846
0.9299999999999999
0.9438461538461538
1.0253846153846153
0.9042307692307693
0.9326923076923077
0.9861538461538462
0.8726923076923078
0.8284615384615385
0.7934615384615384
0.7061538461538461
0.7142307692307692
0.7046153846153846
0.6776923076923077
0.5884615384615385
0.6411538461538462
0.6338461538461538
0.7026923076923077
0.6492307692307692
0.5603846153846154
0.5696153846153846
0.6457692307692308
0.7188461538461539
0.5757692307692308
0.6576923076923078
0.5807692307692307
0.5073076923076922
0.4919230769230769
0.4523076923076923
0.34423076923076923
0.4211538461538461
0.4296153846153846
0.45615384615384613
0.5396153846153846
0.4984615384615385
0.5411538461538462
0.52
0.5026923076923077
0.44153846153846155
0.4376923076923077
0.3765384615384616
0.40230769230769226
0.5242307692307692
0.5565384615384615
0.5003846153846154
0.5215384615384615
0.46692307692307694
0.49038461538461536
0.4503846153846153
0.5069230769230769
0.39192307692307693
0.4276923076923077
0.4257692307692308
0.42653846153846153
0.35346153846153844
0.40692307692307694
0.38269230769230766
0.46499999999999997
0.6126923076923076
0.6084615384615385
0.696923076923077
0.5965384615384616
0.47538461538461535
0.49038461538461536
0.4346153846153846
0.37461538461538463
0.5592307692307693
0.5915384615384616
0.6311538461538462
