temperature
4.435769230769231
4.372692307692308
3.5596153846153844
3.8065384615384614
4.091153846153846
4.0661538461538465
4.411538461538462
4.048076923076923
4.070384615384615
4.735769230769231
5.083846153846154
5.236538461538462
4.710769230769231
4.962307692307693
5.032692307692307
4.595384615384615
4.5503846153846155
4.677307692307692
4.461538461538462
3.708076923076923
3.962307692307692
3.9811538461538465
4.025384615384616
4.193461538461539
4.640384615384615
4.423076923076923
4.526538461538461
4.630769230769231
4.265384615384615
3.995
4.364615384615385
4.49
4.38
4.552307692307692
5.125
4.822692307692308
4.153076923076923
4.246153846153846
4.0880769230769225
3.7203846153846154
4.03
4.636153846153847
4.9326923076923075
4.338076923076923
4.87423076923077
5.318846153846153
4.854230769230769
5.113076923076923
5.092307692307693
5.405
5.4484615384615385
5.644615384615384
5.5903846153846155
5.227692307692307
4.962307692307693
5.295384615384616
4.716538461538462
4.403846153846154
4.105384615384616
4.079615384615384
4.381538461538462
4.405769230769231
3.887307692307693
4.517307692307693
5.189615384615385
5.731153846153846
6.106538461538462
6.493846153846154
6.34076923076923
6.168461538461538
5.427307692307693
5.6269230769230765
6.570384615384616
6.893461538461538
6.591153846153846
6.55076923076923
5.704615384615384
6.3100000000000005
6.168846153846153
6.544615384615384
6.657307692307692
6.982307692307692
7.0126923076923084
7.114615384615385
7.247692307692308
6.992692307692308
7.116153846153846
6.913461538461538
7.235769230769231
7.501923076923077
7.598076923076923
7.586153846153847
7.160384615384616
6.813461538461539
7.482307692307692
7.266153846153846
6.623076923076923
7.39
7.408846153846154
7.267692307692308
7.672307692307692
7.221153846153846
7.886923076923077
7.995769230769231
7.775384615384615
7.996153846153846
7.985
7.724230769230768
7.941923076923077
8.824615384615385
9.95923076923077
9.744615384615384
9.912692307692309
10.050384615384615
9.268076923076922
8.665
8.899615384615386
8.603461538461538
8.678846153846154
8.859615384615385
9.320384615384615
9.573076923076924
9.751923076923077
9.649615384615386
9.766923076923076
9.683846153846154
10.668076923076923
10.612692307692308
10.646538461538462
10.922307692307694
10.300384615384615
10.675
10.529230769230768
10.490384615384615
11.25346153846154
10.774999999999999
10.859230769230768
10.735000000000001
10.962307692307691
10.931923076923077
11.330384615384615
11.15846153846154
11.291538461538462
11.085769230769232
11.803076923076922
11.836923076923076
11.878076923076922
11.936153846153845
12.446538461538463
12.701153846153847
13.007692307692308
13.80153846153846
13.246153846153845
12.917692307692308
12.549230769230768
12.612692307692308
12.513846153846155
12.705
12.727307692307694
13.156923076923077
13.32846153846154
12.710769230769232
12.76423076923077
12.695384615384615
13.126923076923077
13.003846153846155
13.821153846153846
13.72923076923077
14.112692307692308
13.705
13.433846153846154
13.338076923076924
13.362692307692308
13.75576923076923
13.80653846153846
14.400384615384613
14.982307692307693
14.241923076923078
14.584615384615384
14.577692307692306
14.579230769230769
14.636153846153848
14.670769230769231
14.795384615384616
14.394615384615385
14.482692307692307
14.233846153846153
14.426153846153845
14.771153846153847
15.22653846153846
15.14846153846154
14.911153846153846
14.611153846153845
14.26076923076923
15.03730769230769
15.017692307692307
15.078076923076923
15.385769230769231
16.16769230769231
15.916153846153845
15.17153846153846
14.99076923076923
15.426923076923078
15.93576923076923
15.431538461538462
16.08230769230769
15.370384615384616
15.24076923076923
15.214615384615383
15.334615384615384
14.916923076923078
15.03
15.448846153846155
15.51076923076923
15.511538461538462
15.251153846153844
15.327307692307691
15.346153846153847
14.759615384615385
15.599230769230768
15.538076923076924
15.15846153846154
15.49576923076923
15.449615384615385
15.681538461538462
15.29653846153846
14.547307692307694
15.02076923076923
15.028846153846153
14.528076923076924
14.798076923076923
14.84769230769231
14.709615384615384
15.014999999999999
14.938846153846153
14.186153846153847
14.842307692307692
14.243461538461538
14.111153846153845
13.98
13.505384615384616
13.835769230769232
13.570769230769232
13.463846153846154
14.708461538461538
13.874615384615385
14.508076923076922
14.302692307692308
14.001153846153844
13.793461538461539
13.840384615384616
13.73653846153846
14.353461538461538
13.76576923076923
13.599615384615383
13.065384615384614
12.668461538461539
13.267692307692307
12.336153846153847
12.461153846153847
12.918461538461539
13.079615384615384
12.894615384615385
13.285769230769231
12.667307692307693
12.433076923076923
11.931923076923077
11.946153846153846
11.953846153846154
12.362307692307693
12.371538461538462
12.711538461538462
13.091153846153846
11.725769230769231
11.217307692307692
11.083076923076923
10.606538461538461
11.298846153846153
10.73653846153846
11.039230769230768
11.601153846153846
11.140384615384615
11.360000000000001
10.332692307692307
10.708076923076922
10.615
10.397692307692306
10.715
10.256923076923076
9.549615384615384
10.098846153846154
9.721153846153847
9.530384615384616
9.773461538461538
9.534230769230769
9.651153846153846
9.741538461538461
9.662307692307692
9.552307692307693
9.658076923076923
9.172692307692309
9.132307692307693
9.38923076923077
9.085
8.852692307692307
8.697307692307692
8.305769230769231
8.24846153846154
8.261923076923077
8.045
7.7153846153846155
7.664615384615384
7.572692307692308
8.095769230769232
7.780384615384615
7.286538461538461
7.151923076923077
7.5126923076923084
7.731923076923077
7.061538461538461
7.475
6.869615384615385
6.546923076923077
6.250384615384615
5.742692307692308
5.260384615384615
5.5903846153846155
6.050000000000001
6.013461538461538
6.113461538461538
5.845769230769231
5.8792307692307695
5.685769230769231
5.398076923076923
5.093846153846154
4.905384615384616
5.087307692307693
5.158846153846154
5.688076923076922
5.729230769230769
5.5307692307692315
5.4726923076923075
5.533076923076924
5.452307692307692
5.128076923076923
5.279230769230769
4.798846153846155
4.896923076923077
5.022307692307693
4.712692307692308
4.473846153846154
4.578076923076923
4.402692307692307
4.533461538461538
5.413846153846153
5.492692307692308
5.921923076923077
5.485384615384616
4.858461538461539
5.014615384615384
4.317692307692308
4.0673076923076925
4.899615384615385
5.032692307692307
5.063076923076922
