pet
0.31777777777777777
0.3466666666666667
0.5577777777777777
0.4277777777777778
0.37
0.4811111111111111
0.5777777777777778
0.4722222222222222
0.5766666666666667
0.5544444444444445
0.6611111111111111
0.6777777777777777
0.5322222222222223
0.5755555555555555
0.8211111111111111
0.75
0.6755555555555556
0.9022222222222221
0.7955555555555556
0.6122222222222222
0.5233333333333333
0.41555555555555557
0.28111111111111114
0.33888888888888885
0.3133333333333333
0.25111111111111106
0.38
0.5511111111111111
0.4477777777777777
0.39111111111111113
0.40222222222222226
0.38555555555555554
0.34777777777777774
0.5255555555555556
0.5377777777777778
0.5744444444444444
0.4766666666666667
0.4255555555555556
0.4566666666666667
0.5244444444444445
0.5955555555555555
0.6333333333333333
0.5877777777777777
0.6388888888888888
0.6144444444444445
0.69
0.6777777777777777
0.7140000000000001
0.5740000000000001
0.48900000000000005
0.526
0.6719999999999999
0.731
0.7849999999999999
0.74
0.6859999999999999
0.725
0.783
0.636
0.639
0.729
0.579
0.602
0.7070000000000001
0.806
1.025
1.037
1.03
0.943
1.061
0.9120000000000001
0.942
1.128
1.417
1.4060000000000001
1.436
1.048
1.2269999999999999
1.19
1.3050000000000002
1.268
1.1869999999999998
1.401
1.48
1.5870000000000002
1.381
1.48
1.3679999999999999
1.4940000000000002
1.597
1.5550000000000002
1.531
1.428
1.306
1.473
1.35
1.347
1.444
1.445
1.5859999999999999
1.637
1.7469999999999999
1.8679999999999999
1.848
1.8030000000000002
1.6280000000000001
1.751
1.706
1.7259999999999998
1.7260000000000002
2.048
2.068
2.311
2.444
2.305
2.1710000000000003
2.125
2.229
1.964
1.9969999999999999
2.214
2.193
2.3449999999999998
2.286
2.622
2.593
2.435
2.393
2.288
2.658
2.471
2.5309999999999997
2.2359999999999998
2.065
2.2529999999999997
2.252
2.4739999999999998
2.416
2.41
2.5420000000000003
2.464
2.326
2.493
2.82
3.1149999999999998
2.762
2.491
2.448
2.634
2.6390000000000002
2.792
2.9859999999999998
2.996
3.2359999999999998
2.9549999999999996
2.759
2.552
2.5460000000000003
2.686
2.888888888888889
2.966666666666667
2.64
2.602222222222222
2.213333333333333
2.5755555555555554
2.497777777777778
2.756666666666667
2.661111111111111
2.6644444444444444
2.388888888888889
2.3355555555555556
2.45
2.537777777777778
2.5555555555555554
2.433333333333333
2.7155555555555555
2.9222222222222225
3.022222222222222
3.042222222222222
3.025555555555555
2.847777777777778
2.868888888888889
2.77
2.6733333333333333
2.59
2.393333333333333
2.4577777777777774
2.417777777777778
2.302222222222222
2.612222222222222
2.5566666666666666
2.7255555555555557
2.6844444444444444
2.4122222222222223
2.675555555555556
2.5688888888888886
2.623333333333333
2.6333333333333333
2.69
2.6855555555555557
2.25
2.2755555555555556
2.2977777777777777
2.3555555555555556
2.691111111111111
3.0433333333333334
2.842222222222222
2.716666666666667
2.747777777777778
2.243333333333333
2.2422222222222223
2.421111111111111
2.381111111111111
2.5455555555555556
2.828888888888889
2.4055555555555554
2.4922222222222223
2.407777777777778
1.9155555555555555
2.2133333333333334
2.2488888888888887
2.4911111111111115
2.514444444444445
2.203333333333333
2.2
2.071111111111111
2.31
2.2788888888888885
2.0433333333333334
2.1755555555555555
2.3255555555555554
2.25
2.101111111111111
2.192222222222222
1.9688888888888887
1.7755555555555556
1.931111111111111
1.8133333333333335
1.8033333333333335
1.6488888888888888
1.5711111111111111
1.8866666666666667
1.838888888888889
1.7722222222222224
2.021111111111111
1.8744444444444446
2.0655555555555556
2.151111111111111
2.0144444444444445
2.0644444444444443
2.0566666666666666
2.101111111111111
2.1844444444444444
1.9922222222222221
1.6733333333333333
1.6911111111111112
1.4288888888888889
1.448888888888889
1.2955555555555556
1.1
1.0944444444444443
1.4211111111111112
1.5366666666666666
1.4622222222222223
1.491111111111111
1.3677777777777778
0.9922222222222222
1.0922222222222222
1.1888888888888889
1.2355555555555555
1.4055555555555554
1.4000000000000001
1.53
1.2522222222222221
1.291111111111111
1.208888888888889
1.0822222222222222
1.2355555555555557
1.0255555555555556
0.9733333333333333
1.2011111111111112
1.2144444444444444
1.3377777777777777
1.1755555555555555
1.0933333333333333
1.0333333333333334
0.8866666666666667
1.021111111111111
0.7255555555555556
0.6611111111111111
0.6844444444444444
0.55
0.7522222222222222
0.6844444444444444
0.7366666666666667
1.088888888888889
0.9988888888888889
0.8822222222222221
1.0266666666666666
1.028888888888889
1.098888888888889
1.14
1.1266666666666667
0.7977777777777777
0.7244444444444444
0.89
0.7133333333333334
0.7177777777777777
0.6511111111111112
0.49222222222222217
0.6233333333333334
0.6344444444444445
0.4933333333333333
0.7766666666666667
0.62
0.7377777777777778
0.7144444444444444
0.63
0.6811111111111111
0.4955555555555555
0.7388888888888889
0.6866666666666666
0.6366666666666667
0.8055555555555556
0.6311111111111111
0.5833333333333334
0.5722222222222223
0.49
0.47111111111111115
0.5977777777777777
0.49888888888888894
0.3711111111111111
0.33888888888888885
0.46222222222222226
0.33
0.3433333333333333
0.33666666666666667
0.5255555555555556
0.5266666666666667
0.46222222222222226
0.27222222222222225
0.39555555555555555
0.38
0.3422222222222222
0.21888888888888888
0.26333333333333336
0.33111111111111113
0.34777777777777774
0.4388888888888889
0.3244444444444444
0.26
0.2833333333333333
0.22666666666666668
0.4311111111111111
0.5233333333333333
0.5455555555555556
0.6266666666666666
0.538888888888889
0.4577777777777778
0.4388888888888889
0.5588888888888889
0.5288888888888889
0.6555555555555556
0.6888888888888889
0.6911111111111111
