temperature
3.793461538461538
3.628076923076923
3.200384615384615
3.105384615384615
3.5834615384615387
3.5126923076923076
3.994230769230769
3.721538461538462
3.519230769230769
4.1292307692307695
4.37423076923077
4.52923076923077
4.181153846153847
3.917307692307692
4.190384615384615
3.743076923076923
3.4511538461538462
3.8546153846153848
4.013461538461538
3.487692307692307
3.1276923076923073
3.343461538461539
3.305769230769231
3.7638461538461536
4.075769230769231
4.049615384615385
3.888076923076923
3.9257692307692307
3.6123076923076924
3.331538461538462
3.7015384615384614
3.887307692307692
3.623846153846154
3.8203846153846155
4.493846153846154
4.174615384615385
3.546538461538461
3.4699999999999998
3.5349999999999997
3.383076923076923
3.3546153846153848
3.972692307692308
4.298461538461539
3.8003846153846155
4.307307692307693
4.8926923076923075
4.358846153846153
4.57923076923077
4.383461538461538
4.576923076923077
4.702692307692308
5.008461538461538
4.612307692307692
4.892307692307693
4.3465384615384615
4.836538461538462
4.344615384615384
4.023461538461539
3.6711538461538464
3.578461538461539
3.8153846153846156
3.6649999999999996
3.6042307692307696
3.8573076923076925
4.531538461538461
5.093846153846154
5.224615384615385
5.9023076923076925
5.7130769230769225
5.599615384615385
5.145384615384615
5.083461538461539
6.087307692307693
6.663846153846153
6.621538461538462
6.1911538461538465
5.732307692307692
6.142692307692308
5.656923076923078
5.91423076923077
6.0661538461538465
6.304615384615384
6.43076923076923
6.671153846153846
6.893076923076923
6.659230769230769
6.821923076923077
7.019230769230769
7.388076923076923
7.360769230769231
7.103076923076923
7.062307692307693
7.341538461538462
6.963461538461539
7.386538461538462
7.130769230769231
6.259230769230769
7.119230769230769
7.466923076923077
7.1523076923076925
7.081153846153847
6.878461538461538
7.332692307692308
7.570384615384615
7.628846153846154
7.889615384615384
8.046153846153846
7.718461538461539
7.732692307692308
8.583846153846155
9.456923076923077
9.875384615384615
9.737307692307692
9.820384615384615
9.012307692307692
8.662307692307692
8.972692307692308
8.697307692307692
8.586923076923078
8.93923076923077
9.389615384615384
9.38076923076923
9.723461538461539
9.701923076923077
9.671923076923077
9.544230769230769
10.685384615384615
10.556538461538462
10.8
11.161923076923076
10.588461538461539
10.333076923076923
10.716923076923077
10.299615384615386
11.085769230769232
11.024615384615384
11.086923076923076
11.231923076923076
11.493076923076924
11.349230769230768
11.761923076923077
11.405
11.635384615384615
11.526153846153846
11.97653846153846
11.815
12.159230769230769
11.921153846153846
12.318461538461538
12.446923076923078
13.058461538461538
13.897692307692306
13.201153846153847
12.893846153846154
12.382692307692308
12.561923076923078
12.650384615384617
13.173846153846153
13.182692307692308
13.458461538461538
13.688076923076922
13.145384615384614
12.913076923076924
12.978461538461538
12.980384615384615
13.226923076923075
14.415000000000001
14.331923076923077
14.518076923076924
14.053846153846154
13.67653846153846
13.469615384615384
13.956153846153846
14.278846153846153
14.171153846153846
14.210769230769232
14.82423076923077
14.383461538461539
14.275384615384613
14.832307692307692
14.511923076923077
14.847307692307693
15.168461538461539
14.797307692307694
15.040384615384616
15.139615384615384
15.063461538461537
14.959999999999999
14.940384615384614
15.097307692307693
15.248076923076923
15.102692307692308
14.661538461538461
14.541923076923077
14.764615384615384
15.166153846153845
15.445
15.62423076923077
16.371538461538464
16.377307692307692
15.62576923076923
15.047692307692309
15.826923076923077
16.158076923076923
15.630384615384616
16.255
15.818846153846154
15.866538461538463
15.476923076923075
15.579615384615384
15.43
15.423461538461538
15.901538461538461
15.87076923076923
16.054615384615385
15.779615384615385
15.602307692307692
15.745000000000001
15.313461538461537
15.733076923076924
15.886538461538462
15.330769230769231
15.978461538461538
15.693076923076923
15.893461538461539
15.895384615384614
15.155384615384614
15.356923076923076
15.234230769230768
15.23576923076923
15.243076923076924
15.053846153846154
15.033076923076923
15.383846153846154
15.271153846153847
14.495384615384616
14.758461538461537
14.26076923076923
14.296923076923077
14.11076923076923
13.566538461538462
13.784230769230769
13.576153846153847
13.795769230769231
14.730384615384615
14.125384615384615
14.600384615384616
14.514999999999999
13.868076923076924
13.941153846153847
13.957692307692307
13.676923076923078
13.991538461538461
13.970384615384615
13.265384615384615
12.980384615384615
12.886538461538462
12.877692307692307
12.263076923076921
12.268076923076924
12.648076923076925
12.731153846153846
12.715384615384616
12.793076923076923
12.51423076923077
12.070384615384615
11.98423076923077
12.173461538461538
11.8
11.989230769230769
12.387692307692307
11.973846153846154
12.251538461538463
11.376923076923077
10.849615384615383
10.920384615384616
10.461538461538462
10.821153846153846
10.40230769230769
10.677692307692308
11.07
10.668461538461539
10.853076923076923
10.136923076923077
10.434615384615386
10.567692307692308
10.13423076923077
9.957692307692307
9.981538461538461
9.229615384615384
9.416923076923077
9.141153846153847
9.025769230769232
9.511538461538462
9.160384615384615
9.156923076923077
9.36076923076923
9.131153846153847
8.93346153846154
9.274615384615386
8.493846153846153
8.286538461538461
8.703461538461537
8.661923076923078
8.563461538461539
8.277307692307692
7.7519230769230765
7.635384615384615
7.4350000000000005
7.365384615384615
7.202307692307692
6.687307692307693
6.786538461538461
7.415384615384616
7.170384615384616
7.020769230769231
6.685384615384615
6.726923076923077
7.364615384615385
6.734230769230769
6.618846153846154
5.971153846153846
5.65076923076923
5.343461538461539
5.1376923076923084
4.746153846153846
4.933076923076923
5.297307692307692
5.276923076923077
5.576923076923077
5.25
4.991538461538462
4.995
4.762692307692308
4.435769230769231
4.402692307692307
4.028846153846154
4.3319230769230765
4.881923076923076
4.711923076923077
4.739230769230769
4.473076923076923
4.546153846153846
4.492307692307692
4.12
4.49923076923077
4.094615384615384
3.9303846153846154
4.3003846153846155
3.948846153846154
3.4434615384615386
3.4080769230769232
3.598076923076923
3.4899999999999998
3.9557692307692305
4.604230769230769
5.064230769230769
4.758076923076922
3.9919230769230767
3.8146153846153847
3.515
3.276923076923077
3.5969230769230767
4.013076923076923
4.0503846153846155
