temperature
2.9992307692307696
3.063076923076923
2.668461538461538
2.498076923076923
2.8861538461538463
2.912692307692308
3.2884615384615383
2.8503846153846153
2.7634615384615384
3.6273076923076926
3.7153846153846155
3.8826923076923077
3.430769230769231
3.2038461538461536
3.4676923076923076
2.981923076923077
2.649230769230769
3.171538461538461
3.1284615384615386
2.521153846153846
2.4976923076923074
2.7176923076923076
2.7523076923076926
3.2873076923076923
3.542692307692308
3.536153846153846
3.170384615384615
3.144230769230769
2.594615384615385
2.4496153846153845
2.9415384615384617
3.113076923076923
2.8850000000000002
3.1465384615384617
3.5234615384615386
3.2976923076923077
2.825
2.590384615384615
2.651153846153846
2.4650000000000003
2.4692307692307693
3.0961538461538463
3.5330769230769232
3.123076923076923
3.6538461538461537
4.196538461538461
3.6242307692307696
3.736923076923077
3.585
4.022307692307693
3.8996153846153847
4.198846153846154
3.835769230769231
4.0053846153846155
3.598076923076923
4.247307692307692
3.6511538461538464
3.273846153846154
2.867692307692308
2.6992307692307693
3.0657692307692304
2.8061538461538458
2.87
3.05
3.7746153846153847
4.181923076923077
4.451153846153846
4.972307692307693
4.767307692307693
4.773846153846154
4.214230769230769
4.317692307692308
5.383846153846154
5.788846153846153
5.716923076923076
5.291923076923077
4.9715384615384615
5.456538461538462
4.8730769230769235
5.138846153846154
5.371153846153846
5.5284615384615385
5.733076923076923
5.9119230769230775
6.030384615384615
6.050000000000001
5.959615384615384
6.17576923076923
6.430384615384615
6.399230769230769
5.958076923076923
6.2773076923076925
6.385384615384615
6.29
6.3549999999999995
6.193461538461539
5.4265384615384615
6.270769230769231
6.451923076923077
6.21076923076923
6.093076923076922
6.112307692307693
6.423461538461538
6.592692307692308
6.770769230769231
6.861923076923077
6.985384615384616
6.660384615384615
7.080384615384616
7.736923076923077
8.414615384615384
8.69076923076923
8.788461538461538
8.713076923076922
7.966923076923077
7.627307692307692
7.663846153846153
7.610769230769231
7.701538461538462
7.891153846153847
8.188461538461539
8.243076923076924
8.685
8.754615384615384
8.35423076923077
8.50423076923077
9.563846153846153
9.453846153846154
9.714230769230769
10.082307692307692
9.58423076923077
9.552307692307693
9.79923076923077
9.426153846153847
10.206153846153846
10.00423076923077
10.31076923076923
10.039230769230768
10.568846153846154
10.288461538461538
10.611153846153845
10.304615384615385
10.442307692307692
10.429230769230768
11.028846153846153
10.956538461538461
11.092692307692307
10.951538461538462
11.437692307692307
11.438846153846155
12.10153846153846
12.885384615384615
12.07
11.962692307692306
11.368461538461538
11.404615384615385
11.774615384615384
12.222307692307691
12.225000000000001
12.504615384615384
12.717692307692309
12.055
11.905
11.790384615384616
11.941538461538462
12.278076923076924
13.248846153846152
13.410384615384617
13.373461538461537
12.815384615384614
12.748461538461537
12.527692307692309
12.98076923076923
13.259615384615385
13.143461538461539
13.192307692307692
13.571923076923078
13.427692307692308
13.350384615384616
13.837307692307691
13.511538461538462
13.899615384615384
14.326923076923077
14.049615384615386
14.163461538461538
14.162307692307694
14.115384615384615
13.87346153846154
13.988461538461538
14.231923076923076
14.326153846153847
14.174230769230768
13.622692307692308
13.593076923076923
13.739615384615385
14.137692307692307
14.491923076923078
14.677307692307693
15.285
15.368846153846155
14.671923076923077
14.24
14.941923076923077
15.048461538461538
14.650384615384613
15.016923076923076
14.756538461538462
14.868461538461538
14.478461538461538
14.649615384615384
14.5
14.713461538461539
15.00576923076923
14.848846153846154
14.963076923076924
14.876153846153844
14.724615384615383
14.590384615384616
14.124615384615385
14.568846153846154
14.746153846153845
14.452692307692306
14.80153846153846
14.789230769230768
14.971538461538461
14.736153846153845
14.049230769230768
14.393846153846154
14.233461538461539
14.251153846153844
14.396538461538462
14.01923076923077
13.817692307692308
14.027692307692309
14.170384615384616
13.567692307692308
13.817692307692308
13.168076923076923
13.387307692307692
13.28
12.678846153846154
12.757307692307693
12.786923076923076
12.850769230769231
13.723846153846154
13.17153846153846
13.545769230769231
13.67576923076923
12.899230769230769
12.995000000000001
13.067307692307692
12.654230769230768
13.115
13.113461538461538
12.373846153846156
11.985000000000001
11.782307692307691
11.839230769230769
11.161923076923076
11.409999999999998
11.68923076923077
11.930384615384614
11.87423076923077
12.031538461538462
11.712307692307691
11.176538461538463
11.164230769230768
11.3
10.983846153846153
11.116538461538461
11.678076923076922
11.149615384615384
11.441923076923077
10.48
10.095769230769232
10.146538461538462
9.570769230769232
9.812692307692307
9.528076923076922
10.048846153846153
10.279615384615385
9.811538461538461
9.956923076923077
9.379615384615384
9.586538461538462
9.742692307692307
9.378076923076922
9.086923076923076
9.14076923076923
8.534615384615385
8.62653846153846
8.463076923076922
8.333461538461538
8.75153846153846
8.541538461538462
8.456538461538461
8.629999999999999
8.44923076923077
8.314615384615385
8.545769230769231
7.798076923076923
7.416153846153846
7.914615384615384
8.00423076923077
7.653076923076924
7.538461538461538
6.994615384615385
6.811153846153847
6.723076923076923
6.616923076923077
6.556153846153847
6.076923076923077
6.012307692307692
6.4957692307692305
6.428076923076923
6.285769230769231
5.917692307692308
6.163461538461538
6.781923076923078
6.072692307692307
5.963846153846154
5.327307692307692
5.110384615384616
4.725
4.267307692307693
3.9934615384615384
4.447307692307692
4.813461538461539
4.5273076923076925
4.880769230769231
4.695
4.344615384615384
4.1765384615384615
3.8903846153846158
3.6357692307692306
3.7642307692307693
3.273846153846154
3.4696153846153845
3.9496153846153845
3.9526923076923075
4.086153846153846
3.878846153846154
4.030769230769231
4.030769230769231
3.581538461538462
3.7361538461538464
3.5999999999999996
3.27
3.694230769230769
3.3461538461538463
2.8176923076923077
2.7853846153846153
2.9711538461538463
2.8746153846153844
3.2676923076923075
4.032307692307692
4.5503846153846155
3.928846153846154
3.251153846153846
3.143076923076923
2.7199999999999998
2.3546153846153848
2.8230769230769233
3.454230769230769
3.396153846153846
