temperature
2.1350000000000002
2.1311538461538464
1.8046153846153847
1.705769230769231
2.043076923076923
2.104230769230769
2.372692307692308
1.955769230769231
1.9896153846153848
2.814230769230769
2.8226923076923076
2.9892307692307694
2.5369230769230766
2.1550000000000002
2.375
2.02
1.7753846153846153
2.184230769230769
2.270769230769231
1.7307692307692308
1.5492307692307692
1.866923076923077
1.9396153846153845
2.391153846153846
2.729230769230769
2.6742307692307694
2.3257692307692306
2.3346153846153843
1.6680769230769232
1.5073076923076922
1.9211538461538462
2.1123076923076924
1.883076923076923
2.3407692307692307
2.491923076923077
2.1976923076923076
1.8823076923076922
1.6234615384615385
1.6684615384615387
1.5253846153846153
1.375
2.0969230769230767
2.5034615384615386
2.15
2.7569230769230773
3.175769230769231
2.6573076923076924
2.837307692307692
2.6407692307692305
3.041923076923077
2.9253846153846155
3.177692307692308
2.7830769230769232
2.9669230769230768
2.3938461538461535
3.1226923076923074
2.590384615384615
2.2565384615384616
1.823846153846154
1.5703846153846153
2.0215384615384613
1.7384615384615385
1.8069230769230769
1.9861538461538462
2.6842307692307696
3.263076923076923
3.423076923076923
3.906538461538461
3.8115384615384613
3.7203846153846154
3.218461538461538
3.617692307692308
4.429615384615385
4.799230769230769
4.723076923076923
4.4338461538461535
4.167307692307692
4.483076923076923
4.003461538461538
4.14
4.464615384615384
4.4157692307692304
4.671153846153846
5.106153846153846
4.878461538461538
4.968076923076922
5.02576923076923
5.07923076923077
5.40076923076923
5.359615384615385
4.724230769230769
5.101923076923077
5.256923076923077
5.382692307692308
5.522692307692308
5.29576923076923
4.518461538461539
5.375384615384615
5.572307692307692
5.292692307692308
4.984615384615385
4.883076923076923
5.210384615384616
5.498846153846154
5.552692307692308
5.735384615384616
5.694615384615385
5.533846153846154
5.957692307692308
6.674230769230769
7.247692307692308
7.592307692307693
7.7192307692307685
7.560384615384615
6.828461538461538
6.463846153846154
6.521538461538461
6.470769230769231
6.422307692307692
6.641923076923077
6.970384615384615
7.1619230769230775
7.355384615384616
7.679615384615384
7.313846153846153
7.356923076923077
8.243076923076924
8.110000000000001
8.480384615384615
8.771538461538462
8.225769230769231
8.281923076923077
8.480384615384615
8.191153846153846
9.106923076923078
8.868846153846153
9.233076923076924
9.034230769230769
9.543076923076923
9.220769230769232
9.597307692307693
9.231538461538461
9.500384615384615
9.439615384615385
10.079615384615384
9.871538461538462
9.959999999999999
9.831538461538461
10.315384615384614
10.185
10.813846153846155
11.636153846153848
10.993076923076924
10.81
10.050384615384615
10.147692307692306
10.578846153846154
11.052692307692308
11.159615384615384
11.517692307692307
11.564615384615385
10.874615384615385
10.70923076923077
10.856153846153846
10.708461538461538
11.232692307692307
12.276538461538461
12.432307692307692
12.37423076923077
11.834615384615384
11.794230769230769
11.709615384615384
12.073076923076922
12.319615384615386
12.259615384615385
11.971538461538461
12.262692307692307
12.38576923076923
12.327307692307691
12.665000000000001
12.415384615384616
12.891153846153847
13.325384615384614
13.058076923076923
13.311538461538463
13.385
13.128076923076922
12.921923076923077
13.183076923076923
13.35576923076923
13.521538461538462
13.203076923076923
12.688461538461537
12.827307692307691
12.850384615384616
13.309615384615386
13.799615384615386
13.984230769230768
14.437307692307693
14.429615384615385
13.871538461538462
13.383846153846154
14.012307692307692
14.243846153846153
13.890384615384615
14.045769230769231
14.001538461538463
14.052692307692308
13.689615384615385
13.73576923076923
13.54076923076923
13.833076923076922
14.172307692307694
13.911538461538461
14.165384615384616
13.952692307692306
13.857692307692307
13.909615384615384
13.294230769230769
13.823461538461537
13.782692307692308
13.546153846153846
13.92653846153846
13.896538461538462
14.009615384615385
13.784230769230769
13.216923076923077
13.427692307692308
13.381923076923076
13.391923076923076
13.563461538461537
13.156153846153845
12.875384615384615
12.958076923076923
13.209615384615384
12.738846153846152
12.938461538461537
12.148846153846154
12.420384615384616
12.456923076923077
11.69
11.856538461538461
11.919230769230769
12.065384615384614
12.882307692307693
12.291153846153845
12.566923076923077
12.745384615384616
12.068846153846154
12.066153846153846
12.297692307692309
11.808846153846153
12.219615384615384
12.172307692307694
11.52076923076923
11.159615384615384
10.98923076923077
10.96923076923077
10.47
10.45923076923077
10.725384615384616
11.127692307692307
10.941538461538462
11.046923076923077
10.86923076923077
10.356153846153846
10.209615384615384
10.35923076923077
10.01923076923077
10.175
10.72923076923077
10.19923076923077
10.422307692307694
9.467307692307692
9.080769230769231
9.036538461538461
8.516538461538461
8.746923076923078
8.497307692307693
9.078076923076923
9.2
8.85423076923077
8.760384615384616
8.471923076923078
8.458846153846155
8.823846153846155
8.356153846153846
8.09423076923077
8.088076923076922
7.560769230769231
7.605769230769231
7.325769230769231
7.285769230769231
7.6753846153846155
7.421153846153846
7.4265384615384615
7.545384615384616
7.501538461538461
7.378076923076923
7.578461538461538
6.840769230769231
6.365
6.890769230769231
7.161538461538461
6.758076923076923
6.525384615384615
6.078076923076923
5.894230769230769
5.742307692307692
5.603461538461539
5.635
5.143076923076923
5.03
5.412692307692307
5.427307692307693
5.287307692307692
4.957307692307692
5.288076923076924
5.916153846153846
5.1
4.894230769230769
4.366153846153846
4.086538461538462
3.680769230769231
3.4069230769230767
3.107307692307692
3.6957692307692307
3.8423076923076924
3.4853846153846155
3.9069230769230767
3.79
3.4130769230769227
3.2403846153846154
3.018076923076923
2.7576923076923077
2.8715384615384614
2.4815384615384612
2.678076923076923
3.125
3.0957692307692306
3.0273076923076925
2.9026923076923077
3.119230769230769
3.1569230769230767
2.7807692307692307
2.943076923076923
2.723846153846154
2.3592307692307695
2.7311538461538465
2.4469230769230768
2.011923076923077
2.035
2.1553846153846155
2.006923076923077
2.38
3.2007692307692306
3.7015384615384614
3.1203846153846153
2.4203846153846156
2.2842307692307693
1.85
1.3876923076923076
1.8911538461538462
2.7084615384615387
2.542307692307692
