pet
0.4076923076923077
0.4715384615384615
0.33999999999999997
0.35192307692307695
0.5784615384615385
0.39807692307692305
0.43153846153846154
0.505
0.5969230769230769
0.6015384615384616
0.4773076923076923
0.4584615384615385
0.49076923076923074
0.5342307692307693
0.5746153846153846
0.5026923076923077
0.28192307692307694
0.34807692307692306
0.4034615384615385
0.4230769230769231
0.6311538461538462
0.591923076923077
0.5903846153846154
0.55
0.5688461538461539
0.46923076923076923
0.5084615384615385
0.5138461538461538
0.5773076923076923
0.5169230769230769
0.5638461538461539
0.5211538461538462
0.4673076923076923
0.5773076923076923
0.5961538461538461
0.7515384615384615
0.823076923076923
0.6900000000000001
0.5861538461538461
0.6057692307692307
0.5457692307692308
0.568076923076923
0.5007692307692307
0.44461538461538463
0.41423076923076924
0.44461538461538463
0.40269230769230774
0.5607692307692308
0.5703846153846154
0.5023076923076923
0.5888461538461539
0.6303846153846154
0.6203846153846153
0.7569230769230769
0.7269230769230769
0.6634615384615384
0.6726923076923076
0.8015384615384615
0.7688461538461537
0.8461538461538461
0.9457692307692308
0.9111538461538462
0.8726923076923078
1.0207692307692307
1.0703846153846153
1.145
1.1942307692307692
1.1142307692307691
1.3103846153846155
1.2096153846153845
1.2107692307692308
1.113076923076923
1.0773076923076923
1.0707692307692307
1.1703846153846154
1.315
1.3803846153846153
1.125
1.2526923076923078
1.2523076923076923
1.188076923076923
1.4188461538461539
1.445
1.4319230769230769
1.3876923076923076
1.3046153846153847
1.27
1.323846153846154
1.3934615384615383
1.7342307692307695
1.7246153846153847
1.5899999999999999
1.3992307692307693
1.2588461538461537
1.514230769230769
1.6303846153846153
1.6034615384615383
1.4249999999999998
1.6265384615384615
1.8996153846153847
1.8792307692307693
1.8900000000000001
1.7430769230769232
1.7638461538461538
1.9580769230769233
2.0342307692307693
1.8438461538461537
1.9173076923076924
2.1346153846153846
1.973076923076923
2.1534615384615385
2.3438461538461537
2.073076923076923
1.9619230769230769
2.0530769230769232
2.0053846153846155
1.9207692307692308
2.0676923076923077
2.115
2.2484615384615383
2.2165384615384616
2.396923076923077
2.3
2.3015384615384615
2.4257692307692307
2.5165384615384614
2.707307692307692
2.718461538461539
2.6834615384615383
2.6500000000000004
2.523076923076923
2.7434615384615384
2.7157692307692307
2.688846153846154
2.870769230769231
2.8196153846153846
2.6284615384615386
2.7173076923076924
2.849615384615385
3.1376923076923076
2.821153846153846
2.9826923076923078
2.9873076923076924
3.0684615384615386
2.9311538461538458
3.0765384615384614
2.838461538461538
2.772307692307692
2.9899999999999998
2.928076923076923
3.104230769230769
3.003076923076923
2.8073076923076923
2.7607692307692306
2.7988461538461538
2.8503846153846153
2.894230769230769
2.9211538461538464
2.8884615384615384
2.790769230769231
2.7219230769230767
2.7688461538461535
2.7280769230769235
2.8819230769230773
2.7688461538461535
2.6561538461538463
2.8492307692307692
2.688846153846154
2.832307692307692
2.920769230769231
2.8415384615384616
2.7869230769230766
2.7219230769230767
2.7115384615384617
2.7915384615384613
2.9403846153846156
2.9903846153846154
2.938076923076923
2.9042307692307694
2.825384615384615
3.0065384615384616
3.043846153846154
2.980384615384615
2.8984615384615386
3.2023076923076923
3.175
3.230384615384615
3.210769230769231
3.4238461538461538
3.0953846153846154
3.1934615384615386
3.245
3.02
3.2196153846153845
3.3207692307692307
3.0665384615384617
2.894230769230769
2.9311538461538458
2.8815384615384616
3.145769230769231
3.0742307692307693
2.9965384615384614
2.9511538461538462
3.007307692307692
2.8257692307692306
3.0
3.041153846153846
3.262307692307692
3.2119230769230773
3.3638461538461537
3.4446153846153846
3.238076923076923
2.98
3.105384615384615
3.1496153846153847
3.0153846153846158
2.9103846153846153
2.974615384615385
2.8726923076923074
2.9465384615384616
2.9484615384615385
2.8303846153846157
2.8830769230769233
2.8646153846153846
2.9515384615384614
3.1796153846153845
3.1407692307692305
2.8642307692307694
2.698846153846154
2.843461538461539
2.915769230769231
2.900384615384615
2.9484615384615385
2.563076923076923
2.4346153846153844
2.433076923076923
2.496923076923077
2.355
2.2884615384615383
2.471538461538462
2.503076923076923
2.305769230769231
2.2765384615384616
2.3134615384615382
2.335
2.2169230769230768
2.2684615384615383
2.14
1.981153846153846
2.2442307692307693
2.255
2.3023076923076924
2.0765384615384614
1.958846153846154
1.9134615384615385
1.728076923076923
1.790769230769231
1.768076923076923
1.9646153846153847
1.8457692307692308
1.8423076923076922
1.6480769230769232
1.8203846153846153
1.8269230769230769
1.686923076923077
1.7953846153846154
1.5284615384615385
1.533076923076923
1.5884615384615384
1.5053846153846153
1.6126923076923076
1.6723076923076925
1.5288461538461537
1.4830769230769232
1.4642307692307692
1.4215384615384616
1.4303846153846154
1.4353846153846155
1.4046153846153848
1.2030769230769232
1.4038461538461537
1.4226923076923077
1.3546153846153846
1.333076923076923
1.3396153846153847
1.1173076923076923
0.9707692307692308
1.0034615384615384
0.9165384615384615
1.0292307692307692
1.0192307692307692
1.0
0.856923076923077
0.7673076923076922
0.8238461538461539
0.9446153846153845
1.0342307692307693
0.9146153846153846
0.8665384615384616
0.9057692307692308
0.8680769230769231
0.8057692307692308
0.9634615384615385
0.9330769230769231
0.8746153846153846
0.926923076923077
0.7707692307692308
0.7257692307692308
0.643076923076923
0.566923076923077
0.8203846153846153
0.7619230769230769
0.7438461538461538
0.8553846153846153
0.6088461538461538
0.4807692307692308
0.5065384615384615
0.4969230769230769
0.5046153846153847
0.4603846153846154
0.5511538461538461
0.6265384615384615
0.41807692307692307
0.31461538461538463
0.4534615384615384
0.5638461538461539
0.6726923076923076
0.51
0.573076923076923
0.49346153846153845
0.4288461538461539
0.335
0.33076923076923076
0.47807692307692307
0.5311538461538462
0.675
0.6119230769230769
0.5734615384615385
0.4326923076923077
0.3457692307692308
0.40692307692307694
0.40692307692307694
0.3303846153846154
0.3796153846153846
0.37461538461538463
0.4480769230769231
0.37307692307692303
0.42038461538461536
0.4392307692307692
0.3626923076923077
0.41730769230769227
0.4073076923076923
0.4723076923076924
0.5203846153846153
0.5715384615384616
0.5257692307692308
0.5234615384615384
0.5538461538461539
0.49076923076923074
0.5488461538461539
0.62
0.6484615384615384
0.5173076923076922
0.3738461538461539
0.3988461538461538
