pet
0.5673913043478261
0.5495652173913044
0.42913043478260865
0.43043478260869567
0.5317391304347826
0.6143478260869566
0.681304347826087
0.42391304347826086
0.43043478260869567
0.6121739130434782
0.6478260869565218
0.6708695652173913
0.5865217391304348
0.6234782608695653
0.6782608695652174
0.5126086956521739
0.5413043478260869
0.6360869565217391
0.6160869565217392
0.5030434782608696
0.5826086956521739
0.5734782608695652
0.5947826086956521
0.6652173913043479
0.6226086956521739
0.7121739130434782
0.7004347826086956
0.7360869565217392
0.6086956521739131
0.6343478260869565
0.7373913043478261
0.7660869565217392
0.7021739130434782
0.6926086956521739
0.7491304347826088
0.6530434782608695
0.5573913043478261
0.7317391304347827
0.6921739130434783
0.5743478260869564
0.5617391304347826
0.6747826086956522
0.7339130434782608
0.6304347826086957
0.831304347826087
0.8769565217391305
0.7891304347826086
0.7552173913043478
0.71
0.8713043478260869
0.8691304347826088
0.9830434782608696
0.9647826086956522
0.8482608695652173
0.7678260869565218
0.8869565217391304
0.8686956521739131
0.7891304347826086
0.6895652173913043
0.7052173913043478
0.7534782608695652
0.69
0.5982608695652174
0.7860869565217391
0.9347826086956522
1.0891304347826087
1.232608695652174
1.25
1.1778260869565218
1.154782608695652
0.9878260869565217
1.0439130434782609
1.25
1.3652173913043477
1.2517391304347825
1.2369565217391305
1.2613043478260868
1.4000000000000001
1.27
1.3443478260869566
1.3356521739130434
1.4634782608695651
1.537391304347826
1.5552173913043479
1.5252173913043479
1.5565217391304347
1.556086956521739
1.5426086956521738
1.647391304347826
1.6330434782608696
1.6330434782608696
1.7056521739130432
1.658695652173913
1.55
1.6886956521739132
1.6769565217391305
1.4195652173913043
1.7573913043478262
1.8391304347826085
1.8069565217391306
1.9634782608695651
1.804782608695652
1.9886956521739132
2.122608695652174
2.142608695652174
1.9939130434782608
2.06
1.9634782608695651
2.006086956521739
2.3369565217391304
2.63695652173913
2.598695652173913
2.628695652173913
2.5630434782608695
2.294782608695652
2.0756521739130434
1.9491304347826086
1.8708695652173915
2.0195652173913046
2.0708695652173916
2.2969565217391303
2.449130434782609
2.4756521739130433
2.5856521739130436
2.550869565217391
2.6117391304347826
2.949130434782609
2.93
2.8739130434782605
3.039130434782609
2.778695652173913
2.7004347826086956
2.763913043478261
2.612173913043478
2.866521739130435
2.7430434782608693
2.7695652173913046
2.491304347826087
2.608695652173913
2.517826086956522
2.7978260869565217
2.7495652173913046
2.801304347826087
2.737391304347826
3.0621739130434786
2.957826086956522
2.8739130434782605
2.941304347826087
3.0526086956521743
3.133478260869565
3.3352173913043477
3.242173913043478
2.9008695652173913
2.782608695652174
2.588695652173913
2.4856521739130435
2.5986956521739133
2.695217391304348
2.6743478260869566
2.747391304347826
2.776086956521739
2.477826086956522
2.436086956521739
2.404347826086956
2.628695652173913
2.6104347826086958
2.8756521739130436
2.8378260869565217
2.766086956521739
2.6117391304347826
2.5182608695652173
2.551304347826087
2.497391304347826
2.619565217391304
2.548695652173913
2.8395652173913044
3.008695652173913
2.718260869565217
2.8047826086956524
2.7726086956521736
2.7482608695652173
2.7482608695652173
2.753913043478261
2.6913043478260867
2.6847826086956523
2.5586956521739133
2.464782608695652
2.385217391304348
2.386086956521739
2.4969565217391305
2.4991304347826087
2.349565217391304
2.261739130434783
2.3369565217391304
2.6621739130434783
2.535217391304348
2.6217391304347823
2.6817391304347824
3.108695652173913
2.8704347826086956
2.442608695652174
2.367391304347826
2.739130434782609
2.6708695652173913
2.6582608695652175
2.9560869565217387
2.487391304347826
2.376086956521739
2.3356521739130436
2.39
2.1491304347826086
2.200869565217391
2.3943478260869564
2.38695652173913
2.373478260869565
2.2778260869565217
2.2991304347826085
2.195217391304348
1.982608695652174
2.221739130434783
2.2960869565217394
2.0586956521739133
2.2169565217391307
2.259130434782609
2.361304347826087
2.3369565217391304
2.0117391304347825
2.126086956521739
2.0934782608695652
1.9747826086956521
1.9391304347826088
1.9682608695652173
2.0078260869565216
2.0530434782608693
1.9752173913043478
1.827391304347826
1.9460869565217391
1.8008695652173914
1.766086956521739
1.7095652173913043
1.5734782608695652
1.6500000000000001
1.5882608695652174
1.6279166666666667
1.8766666666666667
1.8687500000000001
2.0295833333333335
1.8883333333333334
1.7345833333333334
1.7529166666666667
1.8079166666666666
1.8279166666666666
1.93
1.8208333333333335
1.6391666666666669
1.5650000000000002
1.4329166666666666
1.6404166666666666
1.4054166666666665
1.3729166666666668
1.4333333333333333
1.4541666666666666
1.4729166666666667
1.6983333333333333
1.5054166666666668
1.3791666666666667
1.2870833333333334
1.26625
1.2908333333333333
1.4400000000000002
1.5445833333333334
1.4954166666666666
1.575
1.373913043478261
1.223913043478261
1.1082608695652174
1.0343478260869565
1.1630434782608696
0.9973913043478262
1.1708695652173913
1.3304347826086957
1.19
1.335217391304348
1.0943478260869566
1.202608695652174
1.221304347826087
1.098695652173913
1.2008695652173913
1.143913043478261
1.05
1.0908695652173912
1.0152173913043478
0.8847826086956523
0.9156521739130434
0.9065217391304349
1.0526086956521739
1.0843478260869566
1.0260869565217392
1.1178260869565217
1.2447826086956522
1.0095652173913043
1.102608695652174
1.2426086956521738
1.1078260869565217
0.9469565217391305
0.9352173913043479
0.768695652173913
0.82
0.7921739130434782
0.7930434782608696
0.7317391304347827
0.7065217391304348
0.77
0.9256521739130434
0.8039130434782608
0.8056521739130436
0.7813043478260869
0.8421739130434783
0.9008695652173913
0.7308695652173912
0.7604347826086956
0.6843478260869565
0.6669565217391304
0.6273913043478261
0.6086956521739131
0.478695652173913
0.558695652173913
0.5956521739130435
0.5556521739130434
0.6734782608695652
0.5965217391304348
0.6704347826086956
0.7208695652173914
0.6152173913043478
0.548695652173913
0.5113043478260869
0.43086956521739134
0.5056521739130435
0.671304347826087
0.62
0.5430434782608696
0.59
0.5321739130434783
0.5882608695652174
0.6134782608695651
0.6173913043478261
0.4360869565217392
0.43217391304347824
0.5230434782608696
0.4747826086956522
0.43826086956521737
0.49391304347826087
0.4543478260869565
0.5834782608695652
0.76
0.7343478260869566
0.8017391304347826
0.6269565217391304
0.528695652173913
0.5343478260869565
0.5460869565217391
0.528695652173913
0.6591304347826087
0.7386956521739131
0.7656521739130434
