temperature
3.675
3.188076923076923
3.3923076923076922
2.8242307692307693
3.1665384615384613
3.0553846153846154
3.113076923076923
2.761923076923077
3.0076923076923077
3.945
3.9457692307692307
4.268461538461539
3.4038461538461537
3.378846153846154
3.9396153846153843
3.3123076923076926
2.9811538461538465
2.9796153846153848
2.561923076923077
2.7115384615384617
3.4434615384615386
3.5573076923076923
3.4546153846153844
3.8903846153846158
3.963846153846154
3.9126923076923075
3.7076923076923074
3.666153846153846
2.7992307692307694
3.096538461538462
3.335384615384615
2.9923076923076923
2.723846153846154
3.5673076923076925
3.1030769230769235
3.1992307692307693
2.8715384615384614
2.740769230769231
3.066153846153846
2.8596153846153842
2.569230769230769
2.957692307692308
3.3242307692307693
3.468461538461539
3.862692307692308
4.388076923076923
4.362692307692308
4.515769230769231
3.96
4.101153846153846
4.332692307692308
4.3792307692307695
4.0976923076923075
4.527692307692307
3.983846153846154
4.440769230769231
3.963846153846154
3.8007692307692307
3.2
3.2976923076923077
3.1938461538461533
3.493846153846154
3.1065384615384612
3.053076923076923
4.345
4.771153846153846
4.813076923076923
4.613076923076923
4.84
5.077307692307692
4.873846153846154
5.574999999999999
5.771538461538461
5.617692307692308
5.9861538461538455
6.085384615384616
5.5346153846153845
5.4350000000000005
5.632692307692308
5.634615384615385
5.522692307692308
5.257692307692308
5.406923076923078
5.95423076923077
6.353076923076923
6.433461538461539
5.9350000000000005
6.418846153846153
6.234615384615385
6.153846153846154
5.725384615384614
5.899230769230769
5.483846153846154
5.866153846153846
6.417307692307692
6.558076923076923
5.994230769230769
6.816538461538461
6.903076923076923
7.019230769230769
6.507692307692308
6.206153846153845
6.394230769230769
6.541538461538461
6.823846153846153
6.938461538461539
6.181923076923076
6.640769230769231
6.676923076923076
7.828846153846154
8.164615384615384
8.286923076923078
8.241923076923076
8.053076923076922
7.8815384615384625
7.608846153846154
7.180384615384615
7.743846153846154
7.283461538461538
7.685769230769231
7.429230769230769
7.466923076923076
7.873076923076923
8.53346153846154
8.526923076923076
8.65846153846154
8.182692307692308
8.732307692307693
9.058076923076923
9.056538461538462
8.635769230769231
8.575384615384614
8.725
8.967692307692307
9.847307692307691
9.491538461538461
9.893076923076924
10.026538461538461
10.433846153846154
10.036538461538461
10.140384615384615
9.918461538461539
10.359230769230768
10.314615384615385
10.525769230769232
10.439615384615385
10.529230769230768
10.70346153846154
10.644615384615385
10.41
10.879615384615384
11.871153846153845
11.878846153846155
10.906923076923077
10.972307692307691
10.94076923076923
11.110000000000001
11.294615384615385
11.459999999999999
11.534615384615384
11.97923076923077
11.556153846153846
11.339615384615383
11.567692307692308
11.506153846153847
12.113461538461538
12.588076923076924
12.75576923076923
12.807692307692308
12.203846153846154
12.741923076923078
12.27076923076923
12.553076923076922
13.247307692307693
12.377307692307692
12.24423076923077
12.245000000000001
13.078846153846154
13.399999999999999
13.251153846153844
13.491153846153846
13.600000000000001
13.374615384615385
13.778846153846153
13.374615384615385
13.376923076923077
13.615384615384615
13.444230769230769
13.824615384615385
13.806153846153846
13.583461538461538
13.865
13.012307692307692
13.195384615384615
13.87576923076923
14.086923076923076
14.711923076923076
14.738461538461538
14.335769230769232
14.404615384615385
14.138846153846155
13.928461538461537
14.249615384615385
15.015769230769232
14.456153846153846
14.383461538461537
14.685
14.661538461538461
14.536538461538461
14.268461538461539
13.995384615384616
14.217307692307692
14.306153846153846
14.725000000000001
14.844615384615384
14.750384615384615
14.805769230769231
14.738846153846152
14.239615384615385
13.892692307692307
13.600384615384616
13.856923076923078
13.778846153846153
14.386538461538462
14.758461538461539
14.263846153846155
13.668461538461539
13.991923076923078
14.498461538461537
13.930769230769231
13.993846153846155
13.90230769230769
13.828076923076923
13.334615384615384
13.476923076923075
13.23653846153846
13.0
12.76
12.958076923076923
13.399999999999999
12.882307692307693
13.081538461538461
12.817307692307692
13.07846153846154
13.882692307692308
13.095384615384615
13.313076923076922
13.51076923076923
13.369615384615384
12.774999999999999
13.027692307692307
12.805769230769231
12.63576923076923
12.833076923076923
12.590769230769231
12.355384615384615
11.687692307692307
11.565384615384614
11.514999999999999
11.13423076923077
11.234615384615385
11.153461538461539
12.168461538461539
12.512307692307692
11.758461538461539
11.388846153846155
11.328076923076923
11.513076923076925
11.09769230769231
11.360000000000001
11.209615384615384
10.623076923076923
10.721538461538461
10.251199999999999
10.361199999999998
10.1136
9.486
10.177999999999999
9.809199999999999
9.7616
10.0092
9.9424
9.661200000000001
9.312000000000001
9.445599999999999
9.756
9.6508
8.9076
8.6792
8.3076
8.412
8.144400000000001
8.4972
8.8208
8.202
8.41
7.932
7.960800000000001
8.2028
8.3668
7.6048
7.044
7.691999999999999
8.016399999999999
7.4308000000000005
7.2824
7.053999999999999
6.5192
6.5376
6.812
6.4788
6.377999999999999
6.154
6.0851999999999995
6.596
6.175599999999999
6.191599999999999
6.7532000000000005
6.9803999999999995
5.9308000000000005
5.4096
5.6548
5.38
5.3672
5.1339999999999995
4.4
4.8036
4.6456
4.4644
5.3392
5.392
4.658399999999999
3.9556
4.0784
3.7912
4.086153846153846
3.383846153846154
3.6330769230769233
4.258846153846154
3.5311538461538463
3.963461538461538
4.527692307692307
4.5600000000000005
4.002307692307692
3.810769230769231
3.4696153846153845
4.0588461538461535
4.586923076923077
4.213846153846154
3.506153846153846
2.8076923076923075
2.766153846153846
3.280384615384615
3.0219230769230774
2.8561538461538465
3.4765384615384614
4.114230769230769
3.5157692307692305
2.730384615384615
2.766153846153846
2.4976923076923074
2.2384615384615385
2.9315384615384614
3.5992307692307692
3.793461538461538
