temperature
4.252307692307692
4.155
3.407692307692308
3.651923076923077
3.9238461538461538
3.899230769230769
4.216923076923077
3.8765384615384617
3.8715384615384614
4.616538461538462
4.918846153846154
4.987692307692308
4.442692307692308
4.6996153846153845
4.848076923076923
4.402692307692307
4.264230769230769
4.490384615384615
4.285
3.4215384615384616
3.7157692307692307
3.756153846153846
3.7765384615384616
3.963461538461538
4.459615384615384
4.250384615384616
4.400384615384615
4.4569230769230765
4.0176923076923075
3.7242307692307692
4.236153846153846
4.333076923076923
4.273846153846154
4.408076923076923
4.926153846153847
4.640769230769231
3.9334615384615383
4.106923076923077
3.8396153846153847
3.563076923076923
3.821923076923077
4.424615384615385
4.803076923076923
4.227692307692307
4.734230769230769
5.222307692307693
4.788076923076924
4.964615384615385
4.8561538461538465
5.223461538461539
5.3100000000000005
5.44423076923077
5.336538461538462
5.0284615384615385
4.656538461538461
5.072307692307692
4.611923076923077
4.264615384615384
4.010384615384615
4.0176923076923075
4.189615384615385
4.235769230769231
3.746923076923077
4.406538461538461
4.929615384615384
5.551923076923076
5.965
6.356923076923077
6.181923076923076
6.018461538461538
5.371153846153846
5.530384615384615
6.473461538461539
6.875384615384615
6.475384615384616
6.4692307692307685
5.703461538461538
6.188076923076922
6.055384615384615
6.288461538461538
6.462692307692308
6.792692307692308
6.865
7.009230769230769
6.976538461538461
6.808461538461539
7.069615384615385
6.868461538461539
7.329615384615384
7.401153846153846
7.423076923076923
7.446923076923077
7.210769230769231
6.881153846153846
7.328076923076923
7.2565384615384625
6.503076923076923
7.3246153846153845
7.4
7.1680769230769235
7.571923076923077
7.145384615384615
7.747307692307692
8.000384615384615
7.730384615384616
7.870384615384615
7.892307692307692
7.560769230769231
7.863846153846154
8.758076923076924
9.777307692307692
9.560384615384615
9.850769230769231
9.93576923076923
9.200384615384616
8.622692307692308
8.893846153846154
8.599230769230768
8.498076923076923
8.932307692307692
9.456153846153846
9.61076923076923
9.792307692307691
9.607692307692307
9.747307692307693
9.617692307692307
10.801153846153845
10.596538461538461
10.734615384615385
11.083846153846155
10.318076923076923
10.647692307692308
10.521923076923077
10.583076923076923
11.381923076923076
10.905000000000001
10.822692307692307
10.81076923076923
11.058461538461538
11.174230769230768
11.471538461538461
11.266153846153847
11.350769230769231
11.214230769230769
12.003076923076922
11.853461538461538
11.963846153846154
12.06576923076923
12.37576923076923
12.578076923076924
13.061538461538463
13.785384615384617
13.27730769230769
12.934615384615386
12.541538461538462
12.582692307692307
12.47653846153846
12.674230769230771
12.780384615384616
13.149615384615384
13.376923076923077
12.74846153846154
12.78076923076923
12.794615384615385
13.258076923076922
13.108846153846153
13.928076923076922
13.73423076923077
14.133846153846154
13.814615384615385
13.389999999999999
13.428846153846154
13.476923076923075
13.815
13.895384615384616
14.390769230769232
14.914230769230768
14.205
14.508461538461539
14.636538461538462
14.538461538461538
14.734615384615385
14.629999999999999
14.817307692307692
14.401153846153846
14.553846153846154
14.383846153846154
14.534230769230769
14.896153846153847
15.30423076923077
15.137692307692307
14.881153846153845
14.710769230769232
14.37423076923077
15.062692307692307
15.06423076923077
15.113846153846156
15.475384615384616
16.14423076923077
15.991538461538463
15.18923076923077
15.04076923076923
15.365
15.880384615384616
15.376153846153848
16.091923076923077
15.430769230769231
15.350384615384616
15.243076923076924
15.261153846153848
14.981923076923076
15.097307692307693
15.619615384615384
15.569230769230769
15.540000000000001
15.19846153846154
15.412692307692309
15.398076923076925
14.901923076923076
15.680769230769231
15.638076923076925
15.199615384615385
15.54653846153846
15.45
15.708076923076923
15.319615384615386
14.566538461538462
14.947692307692307
15.056923076923077
14.581153846153846
14.805384615384614
14.808846153846153
14.74923076923077
14.968846153846155
14.893461538461539
14.174230769230768
14.874615384615385
14.20923076923077
14.141153846153847
13.892307692307693
13.416153846153845
13.723846153846154
13.413846153846153
13.419230769230769
14.606153846153846
13.898846153846154
14.392692307692307
14.218846153846155
14.00576923076923
13.682307692307692
13.776538461538461
13.707692307692307
14.220769230769232
13.674615384615382
13.507692307692308
12.929615384615385
12.666153846153845
13.143461538461539
12.293076923076923
12.361923076923079
12.794230769230769
12.946923076923078
12.870384615384616
13.112692307692308
12.68923076923077
12.333076923076922
11.778461538461539
11.912307692307694
11.861923076923079
12.101153846153846
12.236923076923079
12.448846153846155
12.941153846153847
11.594615384615384
11.123846153846156
10.866538461538461
10.461923076923076
11.12923076923077
10.552692307692308
10.84423076923077
11.458076923076923
10.86076923076923
11.149999999999999
10.180384615384614
10.529230769230768
10.467307692307692
10.195
10.545384615384616
10.041538461538462
9.381923076923076
9.853846153846153
9.490384615384615
9.35153846153846
9.51576923076923
9.321153846153846
9.493076923076924
9.529230769230768
9.477692307692307
9.327692307692308
9.394615384615385
9.00153846153846
8.918846153846154
9.235384615384616
8.911923076923078
8.614615384615384
8.559615384615386
8.14576923076923
7.9934615384615375
8.083846153846155
7.81076923076923
7.515
7.478076923076923
7.344615384615385
7.998076923076923
7.600769230769231
7.165
6.967307692307693
7.134230769230769
7.518846153846154
6.836153846153847
7.225384615384616
6.563076923076922
6.3307692307692305
6.067692307692307
5.5746153846153845
5.0807692307692305
5.416538461538462
5.766538461538461
5.747692307692308
5.933076923076923
5.6388461538461545
5.635384615384615
5.446923076923077
5.211923076923076
4.871923076923077
4.585
4.848076923076923
4.921153846153846
5.510769230769231
5.508461538461538
5.259615384615385
5.179230769230769
5.122692307692308
5.160769230769231
4.8476923076923075
5.156538461538461
4.677307692307692
4.728461538461539
4.8865384615384615
4.591538461538462
4.307307692307692
4.402692307692307
4.116538461538462
4.2480769230769235
5.119230769230769
5.261923076923077
5.800000000000001
5.312307692307693
4.7130769230769225
4.826923076923077
4.188076923076923
3.813846153846154
4.6534615384615385
4.876538461538462
4.810384615384615
