pet
0.2435
0.2735
0.296
0.318
0.298
0.41600000000000004
0.40750000000000003
0.273
0.2995
0.3855
0.414
0.392
0.3335
0.35550000000000004
0.46399999999999997
0.3365
0.307
0.383
0.28250000000000003
0.24
0.29100000000000004
0.394
0.3975
0.5235000000000001
0.4835
0.54
0.417
0.4385
0.22400000000000003
0.29300000000000004
0.4625
0.398
0.45549999999999996
0.418
0.4145
0.316
0.3235
0.4085
0.399
0.385
0.312
0.324
0.41950000000000004
0.374
0.5055
0.609
0.588
0.49399999999999994
0.422
0.5945
0.607
0.6325000000000001
0.599
0.6525000000000001
0.5349999999999999
0.669
0.5599999999999999
0.6085
0.5475
0.4765
0.4625
0.3855
0.4415
0.514
0.5705
0.5595
0.642
0.5585
0.6435000000000001
0.658
0.623
0.85
0.8004999999999999
0.931
0.881
0.9484999999999999
0.9775
1.036
0.8875
1.048
0.929
0.86
0.8935000000000001
1.1115
1.1935
1.1925000000000001
1.1039999999999999
1.0154999999999998
0.9690000000000001
1.0825
0.8815
1.178
1.2165000000000001
1.1675
1.3880000000000001
1.2574999999999998
1.0355
1.3455
1.3065
1.41
1.3725
1.417
1.4395
1.6190000000000002
1.6969999999999998
1.5435
1.4315000000000002
1.5215
1.7825
1.8615
1.9855
2.1885
1.911
1.8725
1.722
1.5870000000000002
1.5625
1.7559999999999998
1.675
1.5435
1.5684999999999998
1.7845
1.7899999999999998
2.1955
2.0105
2.0989999999999998
2.124
2.2135000000000002
2.169
2.137
2.163
2.042
1.927
2.0149999999999997
2.0895
1.982
2.272
2.035
2.388
2.1515
2.1225
1.999
2.0205
2.1975000000000002
2.2895
2.254
2.1728571428571426
2.32047619047619
2.2985714285714285
2.520952380952381
2.817619047619048
2.6995238095238094
2.5638095238095238
2.2738095238095237
2.0523809523809526
2.079047619047619
2.380952380952381
2.475714285714286
2.260952380952381
2.2776190476190474
2.3452380952380953
1.8223809523809522
1.7233333333333332
1.63
1.776190476190476
1.9504761904761905
2.1009523809523807
2.145238095238095
1.861904761904762
1.611904761904762
1.8452380952380953
1.7676190476190474
1.895714285714286
1.9580952380952379
1.6995238095238094
1.825238095238095
2.13
2.0576190476190477
2.145238095238095
2.0214285714285714
1.9747619047619047
2.178095238095238
1.9928571428571429
2.0804761904761904
2.012380952380952
1.9157142857142855
1.830952380952381
1.900952380952381
1.870952380952381
2.072380952380952
2.123809523809524
2.0885714285714285
1.8914285714285715
1.9442857142857142
1.9819047619047618
2.0495238095238095
2.103809523809524
2.218095238095238
2.2342857142857144
2.16
2.0090476190476187
1.937142857142857
2.2747619047619048
2.160952380952381
2.172857142857143
2.1747619047619047
2.075714285714286
1.9109523809523812
1.730952380952381
1.7752380952380953
1.686190476190476
1.6938095238095239
1.8985714285714284
1.8785714285714288
1.8861904761904762
1.7942857142857143
1.9633333333333332
1.7414285714285715
1.7195238095238095
1.815238095238095
1.7452380952380953
1.6933333333333334
1.5257142857142856
1.628095238095238
1.752857142857143
1.7252380952380955
1.5838095238095238
1.5157142857142856
1.6
1.4676190476190476
1.4457142857142857
1.570952380952381
1.5195238095238095
1.5942857142857145
1.5633333333333332
1.4152380952380952
1.4657142857142857
1.1895238095238096
1.3585714285714285
1.2633333333333334
1.1300000000000001
1.1266666666666667
1.1571428571428573
1.1233333333333333
1.2380952380952381
1.3547619047619048
1.466190476190476
1.3376190476190477
1.2142857142857142
1.2504761904761905
1.3961904761904762
1.1252380952380951
1.2457142857142858
1.2809523809523808
1.2204761904761905
1.2566666666666666
0.9714285714285713
1.03
0.9623809523809524
0.8704761904761905
0.9566666666666667
0.8971428571428571
1.0738095238095238
1.1685714285714286
0.9333333333333333
0.74
0.809047619047619
0.8942857142857144
0.8928571428571429
0.8561904761904762
0.9842857142857142
0.9242857142857143
0.9566666666666667
0.8644999999999999
0.7565
0.679
0.6265000000000001
0.763
0.778
0.9335000000000001
0.9025000000000001
0.7969999999999999
0.8295
0.7505
0.7545
0.8480000000000001
0.8084999999999999
0.617
0.5525
0.623
0.6625
0.693
0.665
0.597
0.5995
0.6235
0.6300000000000001
0.5225
0.689
0.8515
0.6265
0.5755
0.8220000000000001
0.8245000000000001
0.5655
0.536
0.46449999999999997
0.48150000000000004
0.5495
0.592
0.48150000000000004
0.376
0.41050000000000003
0.4575
0.4535
0.41900000000000004
0.4345
0.602
0.5735
0.378
0.41050000000000003
0.512
0.438
0.3815
0.3395
0.192
0.34199999999999997
0.2515
0.2425
0.4805
0.3875
0.26349999999999996
0.21600000000000003
0.2375
0.20800000000000002
0.3015
0.16199999999999998
0.34550000000000003
0.3695
0.3135
0.2085
0.28250000000000003
0.44400000000000006
0.472
0.257
0.323
0.3135
0.382
0.343
0.38049999999999995
0.385
0.3755
0.40650000000000003
0.3155
0.40800000000000003
0.4505
0.5820000000000001
0.41150000000000003
0.409
0.37350000000000005
0.3375
0.3765
0.495
0.47000000000000003
0.5275000000000001
