pet
0.3723076923076923
0.4146153846153846
0.2896153846153846
0.3646153846153846
0.5665384615384615
0.35884615384615387
0.37000000000000005
0.4765384615384616
0.5023076923076923
0.5726923076923077
0.48653846153846153
0.5223076923076924
0.47269230769230763
0.5392307692307692
0.5676923076923077
0.4869230769230769
0.3123076923076923
0.3796153846153846
0.4003846153846154
0.42346153846153844
0.6253846153846154
0.5646153846153846
0.5369230769230768
0.5103846153846153
0.4984615384615384
0.3811538461538462
0.42807692307692313
0.4653846153846154
0.5565384615384615
0.5342307692307693
0.5284615384615384
0.49500000000000005
0.47846153846153844
0.5803846153846154
0.6026923076923076
0.7434615384615385
0.8707692307692307
0.6873076923076924
0.55
0.6226923076923078
0.5292307692307692
0.5592307692307692
0.4773076923076923
0.37153846153846154
0.37423076923076926
0.4453846153846154
0.46115384615384614
0.5934615384615385
0.5180769230769231
0.52
0.5619230769230769
0.6223076923076923
0.696923076923077
0.7626923076923077
0.6611538461538461
0.6
0.6634615384615384
0.825
0.7796153846153846
0.8140000000000001
0.9196
0.9296
0.9332
1.0804
1.0936
1.1908
1.1512
1.034
1.2795999999999998
1.1523999999999999
1.092
1.0859999999999999
1.004
1.016
1.1116
1.2031999999999998
1.1728
1.0388
1.1296
1.1252
1.1816
1.3124
1.2416
1.2556
1.204
1.2228
1.0804
1.2231999999999998
1.3336000000000001
1.62
1.6316
1.3903999999999999
1.2112
1.1876
1.3652000000000002
1.4091999999999998
1.3272
1.2107999999999999
1.514
1.7668000000000001
1.868
1.7536
1.5608000000000002
1.7187999999999999
1.8844
1.9731999999999998
1.7628
1.92
2.1035999999999997
1.912
2.0552
2.1496
1.8624
1.8232
1.8956
1.8616
1.8976
1.9007999999999998
2.0048
2.1064
2.0692000000000004
2.2196000000000002
2.2816
2.3040000000000003
2.2603999999999997
2.4108
2.6408
2.5816000000000003
2.4032
2.4444
2.332
2.662
2.5112
2.5056
2.5664
2.52
2.5764
2.5216
2.7212
3.0304
2.6752
2.9288
2.7883999999999998
2.9396
2.8556
2.9627999999999997
2.6612
2.766
2.864
2.722
2.9484
2.9092000000000002
2.6696
2.6144
2.5932
2.898
2.866
2.6988
2.8444
2.6648
2.6048
2.6475999999999997
2.5812
2.7051999999999996
2.5852
2.5396
2.81
2.7207999999999997
2.7363999999999997
2.8368
2.71
2.5303999999999998
2.5232
2.5388
2.616
2.88
2.8956
2.798
2.7760000000000002
2.68
2.8939999999999997
2.8848000000000003
2.8224
2.8160000000000003
3.056
2.9084000000000003
3.0328
3.1584
3.0536000000000003
2.948
2.9295999999999998
3.0704000000000002
2.9204000000000003
3.2024
3.1612
3.0424
2.8152
2.8236000000000003
2.7804
3.0951999999999997
2.9068
2.804
2.87
2.8368
2.6852
2.8624
2.9668
3.1364
3.1376
3.1807999999999996
3.2304000000000004
2.948
2.8907692307692305
3.0342307692307693
2.8607692307692307
2.8665384615384615
2.8115384615384613
2.785769230769231
2.5261538461538464
2.619230769230769
2.5707692307692307
2.616923076923077
2.7569230769230773
2.700384615384615
2.7584615384615385
2.9507692307692306
2.930769230769231
2.6076923076923078
2.4423076923076925
2.62
2.7388461538461537
2.7296153846153848
2.7796153846153846
2.363076923076923
2.272307692307692
2.3715384615384614
2.3461538461538463
2.081923076923077
2.164615384615385
2.3249999999999997
2.393846153846154
2.186153846153846
2.1123076923076924
2.185769230769231
2.245769230769231
2.1338461538461537
2.116153846153846
1.9346153846153844
1.8803846153846153
2.085769230769231
2.0542307692307693
2.171923076923077
1.9946153846153847
1.7676923076923077
1.786923076923077
1.7407692307692306
1.6892307692307693
1.6515384615384614
1.9142307692307694
1.8146153846153845
1.725
1.6319230769230768
1.6719230769230768
1.7923076923076924
1.5984615384615386
1.748076923076923
1.433076923076923
1.4311538461538462
1.4953846153846155
1.4346153846153844
1.5092307692307694
1.566923076923077
1.5392307692307692
1.3942307692307692
1.4392307692307693
1.4015384615384614
1.2811538461538463
1.264230769230769
1.3165384615384617
1.196923076923077
1.3826923076923079
1.3665384615384615
1.1153846153846154
1.1626923076923077
1.23
0.9788461538461538
0.9338461538461539
1.0307692307692309
0.823076923076923
0.83
0.8965384615384615
0.9823076923076923
0.8061538461538462
0.7753846153846153
0.8523076923076923
0.9707692307692308
0.9626923076923077
0.8915384615384615
0.8634615384615384
0.8515384615384616
0.8288461538461539
0.7542307692307693
0.8953846153846154
0.8696153846153846
0.836923076923077
0.9026923076923077
0.8830769230769231
0.8150000000000001
0.6603846153846155
0.5626923076923077
0.8388461538461538
0.6961538461538462
0.6788461538461538
0.7457692307692307
0.5346153846153846
0.49153846153846154
0.47923076923076924
0.5203846153846153
0.4888461538461538
0.3934615384615385
0.44846153846153847
0.5703846153846154
0.4123076923076923
0.30423076923076925
0.4257692307692308
0.5865384615384616
0.6192307692307693
0.46961538461538466
0.5753846153846154
0.47923076923076924
0.3719230769230769
0.33076923076923076
0.30730769230769234
0.44999999999999996
0.5311538461538462
0.6326923076923077
0.5953846153846154
0.5696153846153846
0.39384615384615385
0.2873076923076923
0.3119230769230769
0.3807692307692308
0.2926923076923077
0.3676923076923077
0.4138461538461539
0.4034615384615385
0.3723076923076923
0.38423076923076926
0.4284615384615385
0.3515384615384616
0.40230769230769237
0.3230769230769231
0.4369230769230769
0.5073076923076923
0.5553846153846154
0.47
0.4926923076923077
0.5269230769230769
0.48115384615384615
0.51
0.5811538461538462
0.6680769230769231
0.5103846153846153
0.37576923076923074
0.4146153846153846
