pet
0.4511538461538462
0.4596153846153846
0.3923076923076923
0.5880769230769232
0.6269230769230769
0.4123076923076923
0.4846153846153846
0.6126923076923076
0.5665384615384615
0.5761538461538461
0.4296153846153846
0.3573076923076923
0.3807692307692308
0.4880769230769231
0.4592307692307692
0.41115384615384615
0.36423076923076925
0.4107692307692308
0.4257692307692308
0.5130769230769231
0.5757692307692308
0.5361538461538461
0.5561538461538462
0.5415384615384615
0.49
0.5126923076923077
0.44461538461538463
0.4692307692307693
0.4776923076923077
0.4357692307692308
0.5046153846153846
0.5030769230769231
0.578076923076923
0.6184615384615385
0.6523076923076924
0.7238461538461538
0.675
0.6357692307692309
0.5738461538461539
0.5549999999999999
0.4730769230769231
0.5503846153846154
0.46653846153846157
0.39807692307692305
0.40653846153846157
0.42923076923076925
0.4461538461538461
0.5399999999999999
0.4815384615384615
0.4973076923076923
0.5142307692307693
0.5288461538461539
0.6726923076923078
0.6907692307692308
0.6315384615384616
0.628076923076923
0.7638461538461538
0.7615384615384616
0.708076923076923
0.7746153846153846
0.8619230769230769
0.7876923076923077
0.8442307692307692
0.9884615384615384
1.0496153846153846
0.9976923076923078
0.946923076923077
1.008846153846154
1.1099999999999999
1.0323076923076924
1.0446153846153847
1.0230769230769232
0.9026923076923077
0.9311538461538462
0.9369230769230769
1.0011538461538463
0.9896153846153847
0.91
0.9353846153846154
0.9223076923076923
1.016923076923077
1.0911538461538461
1.1738461538461538
1.135
1.1346153846153846
1.1323076923076925
1.0407692307692307
1.1519230769230768
1.2430769230769232
1.4165384615384615
1.2838461538461539
1.071923076923077
1.058846153846154
1.1776923076923078
1.231923076923077
1.3138461538461539
1.3484615384615386
1.2550000000000001
1.396923076923077
1.5780769230769232
1.6026923076923079
1.6226923076923077
1.4992307692307694
1.5803846153846155
1.8303846153846153
1.8107692307692307
1.6961538461538461
1.871923076923077
1.7238461538461538
1.7623076923076924
1.8492307692307692
2.0053846153846155
1.8588461538461538
1.8815384615384616
1.8657692307692306
1.9315384615384614
1.8792307692307693
1.9026923076923077
2.0330769230769232
1.936923076923077
1.871923076923077
2.1046153846153848
2.1407692307692305
2.191538461538461
2.2903846153846152
2.3473076923076923
2.4265384615384615
2.2742307692307695
2.0992307692307692
2.2592307692307694
2.431153846153846
2.5380769230769227
2.5126923076923076
2.480384615384615
2.5265384615384616
2.352307692307692
2.4765384615384614
2.4546153846153844
2.7207692307692306
2.7869230769230766
2.726923076923077
2.819230769230769
2.8226923076923076
2.9696153846153845
2.668461538461538
2.7673076923076922
2.6319230769230773
2.4865384615384616
2.6738461538461538
2.5561538461538458
2.765
2.56
2.3880769230769228
2.4050000000000002
2.2453846153846153
2.394230769230769
2.2565384615384616
2.314230769230769
2.311153846153846
2.316923076923077
2.1846153846153844
2.261923076923077
2.163846153846154
2.1653846153846157
2.1407692307692305
2.3211538461538463
2.4692307692307693
2.4461538461538463
2.314230769230769
2.391923076923077
2.522307692307692
2.2965384615384616
2.316923076923077
2.3034615384615384
2.3219230769230768
2.357307692307692
2.4476923076923076
2.3638461538461537
2.4823076923076925
2.522307692307692
2.509230769230769
2.3726923076923074
2.436153846153846
2.5788461538461536
2.7361538461538464
2.6346153846153846
2.5938461538461537
2.730769230769231
2.713846153846154
2.665
2.632307692307692
2.6076923076923078
2.561153846153846
2.58
2.4346153846153844
2.3953846153846152
2.255
2.2634615384615384
2.289230769230769
2.4784615384615383
2.4415384615384617
2.351923076923077
2.297307692307692
2.414615384615385
2.258846153846154
2.455
2.367692307692308
2.5134615384615384
2.3934615384615383
2.452692307692308
2.523846153846154
2.166153846153846
2.2757692307692308
2.393076923076923
2.272307692307692
2.1584615384615384
2.2203846153846154
2.051153846153846
1.8699999999999999
2.0965384615384615
1.9646153846153847
2.036923076923077
2.132307692307692
2.046923076923077
2.060769230769231
2.1173076923076923
2.0915384615384616
1.935
1.9723076923076923
2.06
2.227692307692308
2.246923076923077
2.2603846153846154
2.0130769230769228
1.8742307692307691
2.011923076923077
1.9065384615384615
1.8219230769230768
1.8173076923076923
1.8603846153846155
1.8076923076923077
1.7030769230769232
1.7780769230769233
1.6638461538461538
1.7665384615384616
1.6007692307692307
1.6630769230769231
1.5423076923076924
1.6688461538461539
1.8046153846153847
1.6976923076923076
1.7026923076923075
1.3765384615384615
1.4084615384615384
1.3853846153846154
1.2999999999999998
1.2846153846153845
1.353076923076923
1.458846153846154
1.4688461538461537
1.3269230769230769
1.335
1.2976923076923077
1.4038461538461537
1.2826923076923078
1.365
1.1842307692307692
1.16
1.1576923076923078
1.3096153846153844
1.363076923076923
1.2923076923076924
1.2738461538461539
1.1392307692307693
1.29
1.1711538461538462
1.1730769230769231
1.0684615384615386
1.0615384615384615
1.0742307692307693
1.216923076923077
1.1707692307692308
0.9942307692307693
1.0953846153846154
1.0853846153846154
0.9188461538461539
0.931923076923077
0.8211538461538462
0.8153846153846154
0.818076923076923
0.8788461538461539
0.8192307692307692
0.7780769230769231
0.7073076923076923
0.7184615384615385
0.8134615384615385
0.7123076923076923
0.8511538461538461
0.7103846153846154
0.8015384615384615
0.7234615384615384
0.8592307692307692
0.9600000000000001
0.8284615384615385
0.8661538461538462
0.8146153846153846
0.7388461538461539
0.6942307692307692
0.556923076923077
0.6126923076923076
0.8446153846153847
0.7219230769230769
0.7403846153846154
0.7253846153846154
0.5988461538461538
0.5
0.5438461538461539
0.5242307692307693
0.5007692307692307
0.47884615384615387
0.5665384615384615
0.5765384615384616
0.3915384615384615
0.4034615384615385
0.4346153846153846
0.5865384615384616
0.6519230769230769
0.5549999999999999
0.5896153846153847
0.49923076923076926
0.42615384615384616
0.3973076923076923
0.3923076923076923
0.5288461538461539
0.525
0.6411538461538461
0.5315384615384615
0.5138461538461538
0.36
0.3480769230769231
0.38384615384615384
0.2976923076923077
0.35384615384615387
0.40230769230769226
0.41000000000000003
0.5257692307692308
0.4715384615384615
0.4930769230769231
0.45615384615384613
0.4165384615384615
0.4196153846153846
0.4284615384615385
0.4423076923076923
0.5361538461538461
0.46692307692307694
0.47807692307692307
0.47000000000000003
0.558076923076923
0.5484615384615384
0.6219230769230768
0.6292307692307693
0.6392307692307693
0.44346153846153846
0.3934615384615385
0.475
