temperature
2.856923076923077
2.876153846153846
2.761923076923077
3.3723076923076927
4.094230769230769
2.8492307692307692
2.89
3.3276923076923075
3.4180769230769235
3.3765384615384617
2.972692307692308
2.5288461538461537
2.652307692307692
3.2796153846153846
3.2446153846153845
2.791923076923077
2.1123076923076924
2.4511538461538462
2.6561538461538463
3.08
3.4584615384615387
3.3053846153846154
3.313076923076923
3.1665384615384613
2.8907692307692305
2.491923076923077
2.3657692307692306
2.6542307692307694
2.8715384615384614
2.31
2.5288461538461537
2.913846153846154
3.2334615384615386
3.478846153846154
3.393076923076923
3.991923076923077
4.056923076923077
3.4196153846153843
2.915769230769231
3.0184615384615388
2.634230769230769
2.704230769230769
2.5326923076923076
1.855
1.5523076923076924
1.8365384615384615
2.265
2.968461538461539
2.3215384615384616
2.263076923076923
2.3638461538461537
3.086153846153846
3.3853846153846154
3.4884615384615385
3.263076923076923
3.0403846153846152
3.3499999999999996
4.018076923076923
4.001153846153846
4.173846153846154
4.362692307692307
4.305769230769231
4.473846153846154
5.011153846153846
5.21
5.234230769230769
5.141538461538461
4.906153846153846
5.588461538461539
5.200769230769231
5.243461538461539
5.177307692307693
4.770769230769231
4.8342307692307696
5.030384615384615
5.1826923076923075
5.256153846153846
4.855
4.797692307692308
4.944999999999999
5.085
5.728076923076923
5.509615384615385
5.596153846153846
5.575769230769231
5.291538461538461
5.080384615384616
5.648076923076923
5.735384615384616
6.549230769230769
6.453461538461538
5.596153846153846
5.073846153846153
5.358461538461539
5.868846153846154
5.938461538461539
5.7299999999999995
5.203846153846154
6.227307692307692
6.903846153846154
7.105384615384616
6.852692307692307
6.314230769230769
6.899615384615386
7.684615384615385
7.9184
7.07
7.794
7.6160000000000005
7.4172
8.1336
8.3596
7.500800000000001
7.5228
7.6376
7.9732
7.71
7.848400000000001
8.1396
8.4648
7.9068
8.3188
8.54
8.8044
8.844
9.3588
9.9604
9.461599999999999
8.9776
9.462
9.4564
9.8
9.6488
9.8248
10.318399999999999
9.889199999999999
10.0848
9.7096
10.6448
11.21
10.7176
11.3308
11.163599999999999
11.544400000000001
11.45
11.538
11.015999999999998
11.1972
11.1592
11.0052
11.8448
12.291200000000002
11.822000000000001
11.95
12.0712
12.7064
12.543600000000001
12.3508
13.023599999999998
12.5324
12.6796
12.6164
12.4192
12.7096
12.667200000000001
12.798800000000002
13.6544
13.452
13.4716
13.695599999999999
13.758
13.3344
13.4572
13.2664
13.5456
13.998
14.3452
14.0892
14.2412
14.2196
14.7432
14.365599999999999
14.16
14.672
15.3432
15.1884
15.3136
15.7408
15.4116
15.463600000000001
15.26
15.688400000000001
15.4448
16.0864
15.9196
15.606
15.338
15.044400000000001
15.193599999999998
16.0552
15.5152
15.3708
15.475999999999999
15.4104
15.2916
15.710799999999999
15.902000000000001
16.3612
16.1008
16.3092
16.677599999999998
15.634
15.4768
15.9056
15.8204
15.456399999999999
15.5704
15.2372
14.842
15.011199999999999
14.853600000000002
15.1612
15.558800000000002
15.216
15.6528
16.006800000000002
15.842
15.290799999999999
14.9428
15.316399999999998
15.7236
15.7644
15.680399999999999
14.808
14.538800000000002
14.7296
14.5748
14.2452
14.16
14.4012
14.6424
14.0852
14.18
13.964400000000001
13.9072
13.5008
13.5624
12.9092
12.857999999999999
13.5424
13.1164
13.586400000000001
12.7344
12.5336
12.436
12.208800000000002
12.073599999999999
11.878800000000002
12.7764
12.681199999999999
12.1348
11.921600000000002
12.2116
11.9692
11.5376
12.0968
11.400799999999998
11.2732
11.186
11.048399999999999
11.4324
11.1976
11.1752
10.666400000000001
10.9212
10.488399999999999
10.262
10.4004
10.5512
9.884
10.5692
10.637599999999999
9.2644
9.442
9.8124
8.8888
8.8448
8.9056
8.212
7.9536
8.574
8.8612
8.0328
7.8856
8.01
8.436
8.42
8.6004
8.3772
7.9064
7.5748
7.563199999999999
8.033999999999999
7.8904
7.864615384615385
7.864615384615385
7.470769230769231
7.336153846153847
6.496923076923077
6.477307692307692
7.508846153846154
6.850769230769231
6.676153846153847
6.786153846153846
6.249230769230769
5.821153846153846
5.54
5.433461538461539
5.729230769230769
4.948846153846153
5.163846153846153
5.348076923076923
4.706153846153846
4.288076923076923
4.538846153846154
5.201923076923077
5.12
4.933076923076923
5.320769230769231
4.379615384615385
3.9284615384615384
3.328076923076923
3.207307692307692
3.9326923076923075
4.6523076923076925
5.211923076923076
5.115
5.141538461538461
4.342692307692308
3.7849999999999997
3.683846153846154
3.5711538461538463
3.3515384615384614
3.6653846153846152
3.5565384615384614
3.7399999999999998
3.803846153846154
3.916923076923077
4.483846153846153
4.12423076923077
3.8165384615384617
3.678076923076923
4.072307692307692
4.200384615384615
4.042307692307692
3.5561538461538467
3.8053846153846154
4.063846153846153
3.8365384615384617
4.016538461538461
3.8723076923076927
4.2226923076923075
3.505
3.042692307692308
3.107307692307692
