temperature
6.372222222222223
5.532222222222222
4.944444444444445
4.2988888888888885
4.58
5.282222222222222
6.027777777777778
6.116666666666666
5.15
5.571111111111112
5.995555555555556
5.786666666666666
5.138888888888889
5.481111111111111
5.800000000000001
4.982222222222223
4.388888888888889
3.4788888888888887
3.836666666666667
3.511111111111111
4.228888888888889
4.4366666666666665
5.125555555555556
5.572222222222222
5.861111111111111
5.948888888888889
5.995555555555556
5.816666666666666
5.373333333333333
5.115555555555556
5.621111111111111
5.4255555555555555
5.4944444444444445
4.485555555555556
4.495555555555556
4.7011111111111115
4.352222222222222
4.726666666666667
4.771111111111111
3.8844444444444446
3.0877777777777777
3.07
4.598888888888889
4.757777777777778
6.311111111111111
6.774444444444445
6.5600000000000005
6.615555555555556
6.315555555555555
7.706666666666667
7.343333333333334
6.9622222222222225
6.6066666666666665
6.015555555555555
5.707777777777777
5.661111111111111
5.087777777777777
4.742222222222222
4.858888888888888
4.842222222222222
5.662222222222223
5.058888888888889
4.725555555555555
5.184444444444444
5.018888888888889
5.245555555555556
6.85
7.692222222222223
7.2733333333333325
7.544444444444445
6.613333333333333
6.346666666666667
7.167777777777778
7.836666666666667
6.141111111111111
5.953333333333333
6.556666666666667
6.9622222222222225
6.199999999999999
6.220000000000001
6.073333333333333
6.445555555555555
6.526666666666667
7.436666666666667
7.132222222222222
7.403333333333332
7.856666666666667
7.6000000000000005
7.836666666666667
6.6177777777777775
6.867777777777778
6.958888888888889
7.3066666666666675
7.563333333333334
7.848888888888889
8.763333333333334
7.183333333333334
8.2
8.387777777777778
7.877777777777778
8.152222222222223
8.905555555555557
8.156666666666666
8.745555555555555
8.58222222222222
8.933333333333334
9.003333333333334
8.267777777777777
8.868888888888888
10.364444444444445
11.22111111111111
10.482222222222223
9.882222222222222
9.39
8.658888888888889
7.397777777777778
7.772222222222222
7.807777777777777
7.412222222222223
8.258888888888889
8.435555555555556
9.282222222222222
9.517777777777777
9.133333333333333
9.782222222222222
10.19111111111111
11.592222222222222
11.483333333333333
11.477777777777778
11.261111111111113
10.424444444444443
9.624444444444444
10.52
10.812222222222223
11.64111111111111
10.94111111111111
10.878888888888888
11.168888888888889
11.418888888888889
11.068888888888887
12.795555555555556
13.023333333333333
12.020000000000001
12.184444444444445
12.415555555555555
12.76
13.305555555555555
13.703333333333333
13.274444444444445
13.51
13.613333333333333
14.675555555555556
13.545555555555556
13.496666666666666
12.723333333333333
12.603333333333332
13.662222222222223
13.557777777777778
13.604444444444445
13.681000000000001
14.272
13.992
13.982
14.163
13.8
13.969999999999999
14.765
15.812000000000001
14.982999999999999
15.356
14.949000000000002
14.397
14.300999999999998
15.269
15.300999999999998
15.493
15.600999999999999
15.937000000000001
15.034
14.799000000000001
15.475
15.091
14.969
15.382
14.785
15.543000000000001
15.785
16.072
16.597
16.613999999999997
16.817
16.250999999999998
16.298
15.931999999999999
16.399
16.479
17.017
18.094
18.196
18.426
17.689
17.16
17.266
17.775
17.1
17.321
16.922
15.652000000000001
15.215
15.565999999999999
15.391
15.693000000000001
16.794
16.521
16.06
15.687999999999999
15.738
15.678999999999998
15.572999999999999
16.488
15.863
15.594
16.009999999999998
16.512
16.903
16.716
15.918000000000001
15.287
15.331999999999999
15.274000000000001
15.276
15.683000000000002
16.34
15.956
15.403
14.852
15.578
15.783000000000001
15.271
15.404
14.836000000000002
14.338
14.062000000000001
14.251
15.005
15.209
15.015
14.356
14.378
14.466999999999999
14.628
14.797999999999998
14.615
14.115
14.413
13.722
13.907
14.273
14.056999999999999
13.975
13.495000000000001
13.943999999999999
13.76
13.488999999999999
13.523
13.126
12.972999999999999
13.043000000000001
12.687999999999999
12.591
12.358
12.556000000000001
12.925999999999998
12.357777777777777
11.653333333333332
11.898888888888889
12.023333333333333
12.067777777777778
11.303333333333335
11.522222222222222
11.986666666666666
11.397777777777778
11.29
10.543333333333333
10.61111111111111
11.08
9.996666666666666
11.102222222222222
11.177777777777777
11.621111111111112
11.807777777777778
11.020000000000001
10.91777777777778
10.17111111111111
9.952222222222224
10.724444444444444
10.834444444444445
11.096666666666668
10.71
9.671111111111111
9.973333333333334
9.064444444444444
10.216666666666667
11.226666666666667
10.181111111111111
9.176666666666668
8.64111111111111
7.985555555555556
8.196666666666665
8.93888888888889
7.525555555555556
8.164444444444445
9.376666666666667
9.704444444444444
9.128888888888888
8.203333333333333
8.215555555555556
8.594444444444443
9.186666666666667
8.443333333333333
7.765555555555555
7.765555555555555
7.117777777777778
6.275555555555556
6.384444444444444
6.448888888888889
5.761111111111111
6.164444444444445
5.861111111111111
6.071111111111112
6.3244444444444445
6.55
6.613333333333333
5.877777777777778
5.617777777777778
5.9255555555555555
5.792222222222223
4.876666666666667
6.364444444444445
7.484444444444445
7.023333333333333
5.823333333333334
6.825555555555556
6.8966666666666665
6.854444444444444
7.313333333333333
6.685555555555556
7.656666666666666
7.864444444444445
7.588888888888889
7.513333333333334
7.5200000000000005
6.654444444444445
7.214444444444443
7.952222222222222
8.149999999999999
8.26
6.5311111111111115
6.423333333333334
7.124444444444445
5.857777777777778
4.966666666666667
6.586666666666667
6.842222222222222
6.372222222222223
