pet
0.4145454545454545
0.5022727272727273
0.4290909090909091
0.4445454545454545
0.5700000000000001
0.36590909090909096
0.37454545454545457
0.43863636363636366
0.5118181818181818
0.4977272727272727
0.39681818181818185
0.37772727272727274
0.4336363636363636
0.4254545454545454
0.48727272727272725
0.43000000000000005
0.315
0.38272727272727275
0.4113636363636364
0.41409090909090907
0.5222727272727273
0.4422727272727273
0.42136363636363633
0.45681818181818185
0.44681818181818184
0.3759090909090909
0.4481818181818182
0.505
0.5509090909090909
0.49318181818181817
0.5836363636363636
0.4809090909090909
0.475
0.5927272727272727
0.6740909090909091
0.7886363636363637
0.7877272727272726
0.5959090909090908
0.5659090909090909
0.6072727272727273
0.5045454545454545
0.5786363636363636
0.4895454545454545
0.4422727272727273
0.44
0.4872727272727273
0.45
0.5777272727272728
0.6131818181818182
0.5713636363636364
0.5831818181818181
0.5477272727272727
0.57
0.7304545454545455
0.5354545454545454
0.5804545454545454
0.7263636363636364
0.8631818181818182
0.8154545454545455
0.88
0.9254545454545454
0.8336363636363636
0.7868181818181817
1.0095454545454545
1.1390909090909092
1.1672727272727272
1.1395454545454546
1.0413636363636363
1.2740909090909092
1.1313636363636363
1.1931818181818181
1.1681818181818182
1.2086363636363637
1.0777272727272729
1.1913636363636364
1.3095454545454546
1.2663636363636364
0.9868181818181818
1.1409090909090909
1.1036363636363637
1.1686363636363637
1.3822727272727273
1.4068181818181817
1.3195454545454546
1.2245454545454546
1.2909090909090908
1.3327272727272728
1.3427272727272728
1.34
1.5704545454545453
1.495
1.3886363636363637
1.2813636363636365
1.2636363636363637
1.3577272727272727
1.405909090909091
1.4013636363636364
1.4304545454545456
1.6936363636363636
1.8418181818181816
1.645909090909091
1.5990909090909091
1.4827272727272727
1.5795454545454546
1.7618181818181817
1.7936363636363637
1.5631818181818182
1.646818181818182
1.8450000000000002
1.7322727272727272
1.9377272727272727
2.1649999999999996
1.8659090909090907
1.8972727272727274
1.9631818181818181
1.9886363636363635
1.9768181818181818
2.0931818181818183
2.0940909090909092
2.150909090909091
2.152727272727273
2.2736363636363635
2.1652173913043478
2.1108695652173917
2.2091304347826086
2.1882608695652173
2.408695652173913
2.3326086956521737
2.2143478260869567
2.311304347826087
2.379565217391304
2.3856521739130434
2.5582608695652174
2.6234782608695655
2.732608695652174
2.6673913043478263
2.4586956521739127
2.34304347826087
2.509130434782609
2.645217391304348
2.3808695652173912
2.5578260869565215
2.639130434782609
2.5808695652173914
2.5552173913043474
2.579565217391304
2.4191304347826086
2.33
2.654347826086956
2.59695652173913
2.818695652173913
2.8260869565217392
2.597826086956522
2.487391304347826
2.486521739130435
2.6595652173913042
2.535217391304348
2.5369565217391306
2.56
2.451304347826087
2.4643478260869567
2.4104347826086956
2.312173913043478
2.491739130434783
2.4152173913043478
2.436086956521739
2.62
2.529130434782609
2.5778260869565215
2.700869565217391
2.865217391304348
2.4656521739130435
2.3743478260869564
2.348695652173913
2.3569565217391304
2.442608695652174
2.6291304347826085
2.512608695652174
2.713913043478261
2.544782608695652
2.6139130434782607
2.5939130434782607
2.5117391304347825
2.582173913043478
2.783478260869565
2.7447826086956524
2.82
2.88304347826087
2.994347826086957
2.789565217391304
2.8369565217391304
2.8808695652173917
2.776086956521739
2.9526086956521738
2.9108695652173915
2.794782608695652
2.626086956521739
2.6182608695652174
2.72
2.864090909090909
2.9063636363636363
2.7409090909090907
2.75
2.811363636363636
2.768181818181818
2.9022727272727273
2.837727272727273
2.969090909090909
2.9909090909090907
3.095
3.0672727272727274
2.862727272727273
2.829090909090909
2.8363636363636364
2.804090909090909
2.7190909090909092
2.771818181818182
2.7804545454545457
2.6359090909090908
2.74
2.747727272727273
2.7286363636363635
2.7590909090909093
2.5986363636363636
2.553181818181818
2.682727272727273
2.62
2.5481818181818183
2.5036363636363634
2.525
2.692727272727273
2.6481818181818184
2.691818181818182
2.419545454545455
2.1995454545454547
2.1386363636363637
2.2286363636363635
2.0290909090909093
1.9649999999999999
2.141363636363636
2.164090909090909
2.086818181818182
2.049090909090909
2.062272727272727
2.0959090909090907
1.968181818181818
2.0354545454545456
1.9113636363636362
1.8245454545454545
2.018181818181818
1.989090909090909
1.9622727272727274
1.935
1.8509090909090908
1.6427272727272728
1.5077272727272728
1.5054545454545454
1.5586363636363636
1.6831818181818183
1.7322727272727272
1.8222727272727275
1.5454545454545454
1.538181818181818
1.6545454545454545
1.4809090909090907
1.6422727272727273
1.3877272727272727
1.4186363636363637
1.4922727272727272
1.3409090909090908
1.4372727272727273
1.479090909090909
1.466818181818182
1.3481818181818181
1.259090909090909
1.2249999999999999
1.2231818181818181
1.1777272727272727
1.2095454545454545
1.12
1.2972727272727271
1.3745454545454545
1.1959090909090908
1.0722727272727273
1.1409090909090909
1.044090909090909
0.9590909090909091
0.9809090909090908
0.8895454545454545
0.8340909090909091
0.8268181818181819
0.9359090909090909
0.82
0.7690909090909092
0.7890909090909091
0.8045454545454546
0.8077272727272727
0.8945454545454545
0.7822727272727273
0.8368181818181818
0.7518181818181818
0.7650000000000001
0.7454545454545454
0.7790909090909092
0.7913636363636364
0.740909090909091
0.7222727272727272
0.6790909090909091
0.5754545454545454
0.5068181818181818
0.73
0.6786363636363636
0.6318181818181818
0.6418181818181818
0.57
0.47454545454545455
0.4413636363636364
0.4622727272727273
0.48227272727272724
0.46136363636363636
0.5181818181818182
0.5804545454545454
0.38227272727272726
0.325
0.4104545454545455
0.5322727272727273
0.5795454545454546
0.52
0.5681818181818182
0.49636363636363634
0.3845454545454546
0.3772727272727273
0.3172727272727273
0.4768181818181818
0.5063636363636363
0.5990909090909091
0.5277272727272727
0.4609090909090909
0.29863636363636364
0.35409090909090907
0.3281818181818182
0.4268181818181818
0.37545454545454543
0.4104545454545454
0.4445454545454545
0.43727272727272726
0.3181818181818182
0.44
0.3640909090909091
0.4018181818181818
0.45136363636363636
0.3868181818181818
0.3940909090909091
0.39590909090909093
0.39
0.41954545454545455
0.46409090909090905
0.5859090909090909
0.4772727272727273
0.5122727272727272
0.49954545454545457
0.5018181818181818
0.4581818181818182
0.44636363636363635
0.4059090909090909
