temperature
3.6142307692307694
3.603846153846154
3.331153846153846
4.0430769230769235
4.717307692307693
3.6934615384615386
3.9719230769230767
4.445769230769231
4.438076923076923
4.335769230769231
3.474615384615385
2.765
3.2161538461538464
4.0273076923076925
4.041923076923077
3.5388461538461535
2.923076923076923
3.2873076923076923
3.565
3.991153846153846
4.421538461538462
4.057307692307693
4.07423076923077
4.065769230769231
3.6784615384615384
3.4103846153846153
3.236923076923077
3.5765384615384614
3.585
3.128846153846154
3.146153846153846
3.601923076923077
4.099615384615385
4.302307692307692
4.192692307692308
4.851923076923077
4.569999999999999
4.2215384615384615
3.8565384615384612
3.7384615384615385
3.300769230769231
3.3392307692307694
3.4346153846153844
2.75
2.4946153846153845
2.521153846153846
2.7715384615384617
3.4961538461538457
3.1823076923076923
3.0715384615384616
3.262307692307693
3.6234615384615383
4.056153846153846
4.225
4.01
3.788846153846154
4.3319230769230765
4.610384615384616
4.466538461538462
4.634230769230769
5.158846153846154
4.947307692307692
5.056538461538461
5.675000000000001
5.76
5.725
5.8076923076923075
5.595769230769231
6.253461538461538
5.870384615384615
5.994230769230769
5.852307692307692
5.255384615384615
5.369230769230769
5.388076923076923
5.693076923076924
6.014615384615384
5.716923076923077
5.536538461538461
5.63
5.735769230769231
6.495769230769231
6.231153846153846
6.288076923076924
6.297307692307692
5.916538461538461
6.01
6.476923076923077
6.503846153846154
7.052307692307692
6.860769230769231
6.0442307692307695
6.007307692307692
6.263846153846154
6.516153846153846
6.716923076923077
6.645769230769231
6.038846153846153
6.78
7.517692307692308
7.885769230769231
7.801923076923076
7.118846153846154
7.476153846153846
8.385769230769231
8.473076923076924
7.889230769230769
8.501923076923077
8.277692307692307
8.280384615384616
8.976538461538462
9.255384615384616
8.395384615384616
8.365384615384615
8.503461538461538
8.696153846153846
8.477307692307692
8.637692307692308
8.938461538461539
9.055769230769231
8.564615384615385
9.083461538461538
9.250769230769231
9.553461538461537
9.661153846153846
10.100000000000001
10.602692307692308
10.108461538461539
9.772692307692308
10.242692307692307
10.402692307692309
10.645384615384616
10.580384615384617
10.822692307692307
10.965769230769231
10.650384615384617
10.798461538461538
10.546923076923077
11.436153846153845
11.758076923076922
11.517307692307693
12.088076923076924
11.886153846153848
12.38423076923077
12.11076923076923
12.205384615384615
11.797307692307694
11.844615384615384
12.181538461538462
11.913076923076924
12.511153846153848
12.961923076923076
12.599230769230768
12.752307692307692
12.549615384615386
13.137692307692307
12.946538461538463
12.963461538461539
13.327692307692306
13.183846153846153
13.206153846153846
13.138076923076921
13.003461538461538
13.068846153846154
13.063076923076922
13.477692307692308
14.077307692307691
13.73653846153846
14.001538461538463
14.233846153846153
14.167307692307693
13.939615384615385
14.05076923076923
13.868461538461538
14.065
14.514999999999999
14.709615384615384
14.508846153846154
14.787307692307694
14.975769230769231
15.261923076923077
14.946153846153846
15.108846153846153
15.57
16.027692307692305
15.901153846153846
15.843461538461538
16.37423076923077
16.307307692307692
16.128461538461536
15.986923076923075
16.331923076923076
16.011153846153846
16.384999999999998
16.301923076923078
15.954230769230769
15.573461538461537
15.393076923076922
15.556923076923077
16.468846153846155
16.091923076923077
16.03923076923077
16.023846153846154
16.057692307692307
15.880384615384616
16.553461538461537
16.35153846153846
16.563076923076924
16.541923076923077
16.844615384615384
17.077692307692306
16.071153846153848
16.04
16.492307692307694
16.426538461538463
15.975384615384616
15.981153846153846
15.830384615384615
15.127307692307692
15.691153846153846
15.48653846153846
15.774230769230769
16.011153846153846
15.678461538461537
16.15653846153846
16.235
16.042307692307695
15.566538461538462
15.616153846153846
15.856923076923076
16.251538461538463
16.497307692307693
16.279615384615383
15.58
15.21269230769231
15.473461538461539
15.223461538461539
14.878461538461538
14.816923076923077
15.135
15.107692307692307
14.688846153846155
14.844615384615384
14.396153846153847
14.521923076923077
13.995384615384616
14.19
13.529230769230768
13.545384615384616
14.352307692307694
13.961923076923076
14.148846153846154
13.28346153846154
13.260769230769231
13.055769230769231
12.761153846153848
12.600000000000001
12.443076923076923
13.556538461538462
13.048076923076923
12.696538461538463
12.660384615384617
12.75076923076923
12.42923076923077
12.288846153846153
12.693461538461538
12.004999999999999
11.781153846153845
11.860384615384616
11.609615384615385
12.299615384615386
11.97653846153846
12.011923076923077
11.606153846153846
11.813076923076922
11.479615384615386
11.143076923076924
11.206923076923077
11.260769230769231
10.731923076923076
11.264999999999999
11.428076923076922
10.242307692307692
10.560384615384615
10.627307692307692
9.597307692307693
9.638846153846155
9.544230769230769
9.11076923076923
9.056538461538462
9.467307692307692
9.576153846153845
8.779615384615385
8.654615384615385
8.865
9.20923076923077
9.276538461538461
9.25153846153846
8.826923076923077
8.556923076923077
8.297307692307692
8.406153846153845
9.121923076923078
8.77076923076923
8.523461538461538
8.587692307692308
7.911538461538461
7.681153846153847
7.009615384615385
7.060384615384615
8.105384615384615
7.767307692307692
7.543461538461538
7.765769230769231
7.125769230769231
6.4969230769230775
5.996153846153846
5.970769230769231
6.133076923076923
5.486923076923077
5.672692307692308
6.1461538461538465
5.382307692307692
5.044615384615384
5.264615384615384
5.774230769230769
6.015384615384615
5.799230769230769
5.929615384615385
4.986538461538462
4.684230769230769
4.270769230769231
3.9934615384615384
4.468076923076923
5.239615384615385
5.951538461538462
5.644230769230769
5.53923076923077
5.04
4.521923076923077
4.289230769230769
4.036538461538462
3.800769230769231
4.291538461538462
4.237692307692308
4.418461538461538
4.421923076923077
4.594230769230769
5.062307692307693
4.712307692307692
4.475769230769231
4.366923076923078
4.701923076923077
4.931153846153847
4.514615384615384
4.060769230769231
4.406923076923077
4.5176923076923075
4.416153846153846
4.552692307692308
4.400384615384615
4.846153846153846
4.200384615384616
3.6723076923076925
3.814230769230769
