pet
0.4761538461538462
0.4884615384615385
0.41000000000000003
0.6115384615384616
0.6242307692307693
0.41884615384615387
0.49923076923076926
0.5965384615384616
0.5657692307692308
0.5907692307692308
0.46192307692307694
0.3680769230769231
0.3992307692307693
0.5219230769230769
0.4623076923076923
0.4103846153846154
0.3688461538461538
0.4211538461538461
0.4573076923076923
0.551923076923077
0.5926923076923077
0.5626923076923077
0.5738461538461539
0.5626923076923077
0.5226923076923077
0.5407692307692308
0.4942307692307692
0.5146153846153847
0.49923076923076926
0.45461538461538464
0.5615384615384615
0.5861538461538461
0.6476923076923077
0.6788461538461538
0.7365384615384615
0.7769230769230769
0.7565384615384616
0.6934615384615385
0.6419230769230769
0.5753846153846154
0.5438461538461539
0.6307692307692307
0.5361538461538461
0.4565384615384615
0.43346153846153845
0.46115384615384614
0.5096153846153846
0.5861538461538461
0.53
0.5707692307692308
0.5653846153846154
0.625
0.7292307692307692
0.7446153846153846
0.6907692307692308
0.6853846153846154
0.8396153846153845
0.8150000000000001
0.7776923076923077
0.836923076923077
0.9211538461538461
0.8403846153846154
0.9261538461538461
1.0507692307692307
1.086153846153846
1.055
1.073846153846154
1.0384615384615385
1.1576923076923076
1.063076923076923
1.0826923076923076
1.146153846153846
1.0253846153846153
1.0138461538461538
1.0307692307692309
1.0961538461538463
1.093076923076923
1.025
1.003076923076923
1.0326923076923078
1.1073076923076923
1.2307692307692308
1.3038461538461539
1.2723076923076921
1.3034615384615384
1.2542307692307693
1.1503846153846153
1.3323076923076924
1.3115384615384615
1.5326923076923078
1.4126923076923075
1.169230769230769
1.1553846153846155
1.2776923076923077
1.330769230769231
1.506153846153846
1.506153846153846
1.3773076923076923
1.5461538461538462
1.7165384615384616
1.7546153846153845
1.804230769230769
1.6915384615384614
1.6976923076923076
1.9115384615384616
1.938076923076923
1.8276923076923075
2.043076923076923
1.9538461538461538
1.9892307692307691
2.036153846153846
2.184230769230769
2.015
2.0323076923076924
1.958846153846154
2.068076923076923
2.0276923076923077
2.071923076923077
2.2142307692307694
2.1146153846153846
2.046923076923077
2.3396153846153847
2.2830769230769232
2.3984615384615386
2.4065384615384615
2.4296153846153845
2.555769230769231
2.45
2.298076923076923
2.4015384615384616
2.5930769230769233
2.6765384615384615
2.602692307692308
2.5846153846153848
2.656538461538461
2.583076923076923
2.648846153846154
2.602692307692308
2.855769230769231
2.9365384615384613
2.883846153846154
2.9680769230769233
2.987692307692308
3.126923076923077
2.8469230769230767
2.938076923076923
2.8153846153846156
2.718461538461539
2.7576923076923077
2.7346153846153842
2.9196153846153843
2.644615384615385
2.5930769230769233
2.5369230769230766
2.3565384615384617
2.583076923076923
2.4323076923076923
2.4123076923076923
2.5
2.526923076923077
2.397692307692308
2.4026923076923077
2.337307692307692
2.3215384615384616
2.337307692307692
2.521153846153846
2.6530769230769233
2.555769230769231
2.569230769230769
2.585
2.8023076923076924
2.5219230769230765
2.583076923076923
2.477692307692308
2.5257692307692308
2.5715384615384616
2.67
2.5257692307692308
2.7211538461538463
2.7188461538461537
2.7146153846153847
2.5949999999999998
2.6661538461538465
2.811153846153846
2.9496153846153845
2.895
2.828461538461539
2.9407692307692304
2.8876923076923076
2.9557692307692305
2.8884615384615384
2.9080769230769232
2.8565384615384612
2.847692307692308
2.7826923076923076
2.6765384615384615
2.54
2.5930769230769233
2.6284615384615386
2.8146153846153847
2.787692307692308
2.601923076923077
2.5503846153846155
2.626153846153846
2.543461538461538
2.7165384615384616
2.641923076923077
2.7242307692307692
2.686153846153846
2.6896153846153847
2.8146153846153847
2.368076923076923
2.488076923076923
2.5573076923076923
2.4953846153846153
2.349615384615385
2.411153846153846
2.1903846153846156
2.036923076923077
2.3461538461538463
2.18
2.2915384615384613
2.2903846153846152
2.2046153846153844
2.2169230769230768
2.2826923076923076
2.24
2.0757692307692306
2.1553846153846155
2.2219230769230767
2.3430769230769233
2.393076923076923
2.4473076923076924
2.1465384615384617
1.9957692307692307
2.164615384615385
2.058076923076923
1.988076923076923
1.9634615384615384
2.015
1.9503846153846154
1.8753846153846152
1.886923076923077
1.8473076923076923
1.958846153846154
1.7507692307692309
1.8061538461538462
1.6892307692307693
1.7965384615384616
1.9284615384615384
1.823076923076923
1.8138461538461537
1.5230769230769232
1.536153846153846
1.4907692307692306
1.4657692307692307
1.4084615384615384
1.5096153846153846
1.4423076923076923
1.5780769230769232
1.3984615384615384
1.3857692307692309
1.371923076923077
1.4096153846153845
1.3534615384615383
1.4853846153846153
1.32
1.2657692307692305
1.246923076923077
1.3392307692307692
1.4530769230769232
1.3765384615384615
1.3165384615384614
1.2473076923076922
1.3576923076923075
1.2815384615384615
1.2650000000000001
1.1315384615384614
1.1730769230769231
1.1242307692307691
1.2923076923076924
1.2353846153846153
1.0323076923076924
1.1353846153846154
1.146153846153846
0.9623076923076923
0.9465384615384616
0.8742307692307693
0.89
0.8515384615384616
0.9153846153846155
0.8526923076923077
0.8484615384615384
0.7523076923076922
0.7276923076923077
0.8484615384615384
0.8042307692307692
0.9061538461538461
0.7715384615384615
0.8234615384615385
0.7330769230769231
0.8565384615384615
0.9711538461538461
0.8038461538461538
0.926923076923077
0.8476923076923076
0.7653846153846154
0.7184615384615385
0.583076923076923
0.7073076923076923
0.8726923076923078
0.7430769230769231
0.8099999999999999
0.7980769230769231
0.6180769230769231
0.5434615384615384
0.5484615384615384
0.5515384615384615
0.5326923076923077
0.49
0.5973076923076923
0.6038461538461538
0.4211538461538461
0.4115384615384615
0.4734615384615385
0.621923076923077
0.6688461538461539
0.5742307692307692
0.5992307692307692
0.525
0.4523076923076923
0.39807692307692305
0.39692307692307693
0.5696153846153846
0.5530769230769231
0.6511538461538462
0.5865384615384616
0.5196153846153846
0.39653846153846156
0.3807692307692308
0.4296153846153846
0.3142307692307692
0.3403846153846154
0.42653846153846153
0.46846153846153843
0.5684615384615385
0.4846153846153846
0.5080769230769231
0.46961538461538466
0.5084615384615385
0.45153846153846156
0.44846153846153847
0.47807692307692307
0.5696153846153846
0.49192307692307696
0.5215384615384615
0.4969230769230769
0.5700000000000001
0.5719230769230769
0.6338461538461538
0.6307692307692309
0.6707692307692308
0.5015384615384616
0.45000000000000007
0.5084615384615385
