temperature
4.785
4.6534615384615385
4.5576923076923075
5.288846153846153
5.243846153846154
4.573076923076924
4.858461538461539
5.2373076923076916
5.020384615384615
4.6923076923076925
3.8449999999999998
3.23
3.7238461538461536
4.421538461538462
4.3707692307692305
4.018076923076923
3.5734615384615385
3.9557692307692305
4.461923076923076
4.844230769230769
4.891538461538461
4.922692307692308
4.803846153846154
4.710769230769231
4.27923076923077
4.291153846153846
4.131153846153846
4.2784615384615385
3.8857692307692306
3.477692307692308
3.916153846153846
4.346153846153846
4.755769230769231
4.847307692307693
4.9484615384615385
5.139230769230769
5.023846153846154
4.757692307692308
4.490384615384615
3.9457692307692307
3.851923076923077
4.1838461538461535
3.81
3.1073076923076925
2.8461538461538463
2.9615384615384617
3.5173076923076922
3.813076923076923
3.4796153846153848
3.819230769230769
3.6015384615384614
4.163846153846154
4.599615384615385
4.632307692307692
4.394230769230769
4.349615384615385
4.828076923076923
4.962307692307693
4.966923076923076
5.016538461538461
5.131153846153846
4.87
5.100769230769231
5.743846153846154
5.932307692307693
5.837692307692308
5.851153846153846
5.69923076923077
6.21076923076923
5.943461538461539
5.915
6.1523076923076925
5.688846153846153
5.723076923076923
5.5030769230769225
5.585384615384616
5.901923076923077
5.583461538461538
5.5
5.5965384615384615
5.791153846153846
6.268076923076923
6.526538461538461
6.530384615384615
6.5673076923076925
6.171153846153846
5.790384615384616
6.518461538461538
6.422692307692308
7.118461538461539
6.575384615384616
5.6899999999999995
5.495384615384615
5.876153846153846
6.087692307692308
6.798846153846153
6.724615384615385
6.215
6.776153846153846
7.202307692307692
7.426923076923076
7.596923076923077
7.296923076923077
7.2930769230769235
7.978846153846154
8.056153846153846
7.656538461538461
8.225769230769231
7.896538461538461
8.079615384615384
8.328461538461537
8.74076923076923
8.274230769230769
8.206923076923077
7.998076923076923
8.313461538461539
8.25
8.49846153846154
8.972307692307693
8.758846153846154
8.21923076923077
8.82423076923077
8.746153846153847
9.076153846153845
9.160384615384617
9.273461538461538
9.666538461538462
9.443846153846154
9.09076923076923
9.413076923076924
9.902692307692309
10.146538461538462
10.095384615384615
10.088846153846154
10.343461538461538
10.209999999999999
10.329615384615384
10.319615384615386
10.983846153846153
11.264999999999999
11.254615384615384
11.507307692307693
11.628846153846155
11.993461538461538
11.399615384615384
11.705769230769231
11.483076923076924
11.311923076923078
11.496153846153845
11.442307692307692
11.98
11.956923076923077
12.196153846153846
12.081923076923077
11.707692307692307
12.36076923076923
12.007692307692308
12.047307692307694
12.363076923076923
12.489615384615385
12.242692307692307
12.338846153846154
12.178076923076922
12.148846153846154
12.253846153846155
12.87423076923077
13.37076923076923
13.18423076923077
13.327307692307691
13.400769230769232
14.032307692307691
13.356538461538461
13.585769230769232
13.333846153846155
13.5
13.739615384615385
14.061153846153847
13.698846153846155
14.350000000000001
14.356538461538461
14.386153846153848
14.17153846153846
14.411538461538461
14.816538461538462
15.231538461538461
15.184230769230767
15.031923076923077
15.348846153846154
15.368076923076924
15.578076923076924
15.443846153846154
15.603846153846153
15.513076923076921
15.526923076923076
15.405384615384616
15.178461538461537
14.860384615384616
15.081923076923077
15.206923076923077
15.711153846153847
15.709615384615384
15.186923076923078
15.096923076923076
15.368076923076924
15.192307692307692
15.675
15.521153846153847
15.766538461538461
15.691153846153847
15.752307692307692
16.129615384615384
14.97653846153846
15.301923076923078
15.492307692307692
15.430769230769231
15.052692307692308
15.240384615384615
14.649999999999999
14.306923076923077
15.166538461538462
14.63923076923077
15.054615384615385
15.066153846153847
14.793076923076923
14.893461538461539
15.121153846153845
15.016538461538461
14.531923076923077
14.833461538461538
15.031153846153845
15.376153846153844
15.545384615384616
15.698846153846155
14.831538461538461
14.413846153846153
14.808846153846154
14.596923076923076
14.397692307692308
14.253076923076922
14.52076923076923
14.295
14.102307692307694
14.12923076923077
13.927307692307693
14.100769230769231
13.49076923076923
13.710384615384616
13.274230769230769
13.580769230769231
13.984230769230768
13.664615384615384
13.63423076923077
12.774230769230769
12.765769230769232
12.640769230769232
12.584615384615384
12.373076923076923
12.590000000000002
12.426153846153845
12.695384615384615
12.349230769230768
12.30923076923077
12.265769230769232
12.173461538461538
12.164615384615384
12.534230769230769
12.061923076923078
11.852692307692308
11.701923076923077
11.879615384615384
12.27
12.021153846153847
11.833846153846155
11.510384615384615
11.687307692307693
11.405000000000001
11.275384615384617
10.98076923076923
11.142307692307693
10.915384615384616
11.381153846153847
11.221538461538461
10.42153846153846
10.67153846153846
10.701923076923077
9.843076923076923
9.909230769230769
9.639615384615384
9.495000000000001
9.33423076923077
9.784615384615385
9.531923076923077
9.311153846153847
8.929615384615385
8.862307692307693
9.292692307692308
9.22653846153846
9.56
9.057692307692308
8.927692307692308
8.601153846153846
8.974615384615385
9.439615384615385
8.787692307692307
8.992692307692307
8.703461538461537
8.336153846153847
8.016153846153845
7.445769230769231
8.110384615384616
8.795769230769231
8.108846153846155
8.046153846153846
8.125
7.642692307692308
6.92076923076923
6.709615384615384
6.617692307692308
6.587307692307693
6.401538461538461
6.920384615384616
6.96076923076923
5.813846153846153
5.885384615384615
5.826923076923077
6.428076923076923
6.718461538461539
6.465
6.249230769230769
5.759615384615385
5.484615384615385
5.098846153846154
5.276153846153846
5.844615384615385
5.864230769230769
6.415
6.276153846153846
6.167692307692307
5.545
5.352307692307692
5.448846153846153
4.465
4.519615384615385
5.063846153846153
5.225769230769231
5.712307692307693
5.4423076923076925
5.654615384615385
5.725384615384614
5.752692307692308
4.888846153846154
5.108076923076923
5.452692307692308
5.726538461538461
5.150769230769232
4.990769230769231
5.196538461538461
5.31923076923077
5.460384615384616
5.385
4.94423076923077
5.166923076923077
4.7069230769230765
4.598461538461539
4.656153846153846
