pet
0.3538461538461538
0.39807692307692305
0.3626923076923077
0.5326923076923077
0.5453846153846154
0.33884615384615385
0.41730769230769227
0.5003846153846154
0.45653846153846156
0.4884615384615385
0.3315384615384615
0.28923076923076924
0.3346153846153846
0.38269230769230766
0.3538461538461538
0.3453846153846154
0.28076923076923077
0.33884615384615385
0.34769230769230763
0.4326923076923077
0.5453846153846154
0.5111538461538461
0.4969230769230769
0.48384615384615387
0.45769230769230773
0.48115384615384615
0.45307692307692304
0.46384615384615385
0.4288461538461539
0.3707692307692308
0.4773076923076923
0.4569230769230769
0.5038461538461538
0.5438461538461539
0.6357692307692309
0.6680769230769231
0.6565384615384615
0.6146153846153847
0.5884615384615384
0.4623076923076923
0.5026923076923077
0.5230769230769231
0.4661538461538462
0.3896153846153846
0.40884615384615386
0.4257692307692308
0.4403846153846154
0.5023076923076923
0.46923076923076923
0.49653846153846154
0.5034615384615384
0.4834615384615385
0.6103846153846153
0.6653846153846155
0.5742307692307692
0.6288461538461537
0.7338461538461539
0.7192307692307692
0.6926923076923077
0.731153846153846
0.8511538461538461
0.7242307692307693
0.7753846153846153
0.8273076923076922
0.9003846153846153
0.9276923076923077
0.8961538461538462
0.9053846153846153
0.9923076923076923
0.9442307692307692
0.8996153846153846
0.9303846153846155
0.8442307692307692
0.8984615384615384
0.9411538461538461
1.0176923076923077
0.9569230769230769
0.9238461538461539
0.8819230769230769
0.935
1.0223076923076921
1.1984615384615385
1.2038461538461538
1.1073076923076923
1.1319230769230768
1.1442307692307692
1.1142307692307691
1.136153846153846
1.2373076923076924
1.3980769230769232
1.2634615384615384
1.156153846153846
1.0773076923076923
1.1403846153846153
1.1507692307692308
1.2792307692307692
1.473076923076923
1.3596153846153847
1.4426923076923077
1.5796153846153846
1.6192307692307693
1.6573076923076921
1.669230769230769
1.6515384615384614
1.8634615384615385
1.8661538461538463
1.7846153846153845
1.8634615384615385
1.848076923076923
1.7623076923076924
1.91
2.085384615384615
1.853846153846154
1.8615384615384616
1.931923076923077
1.8046153846153847
2.033846153846154
1.9442307692307692
2.0503846153846155
1.9911538461538463
1.853846153846154
2.1065384615384617
2.2084615384615387
2.191923076923077
2.279230769230769
2.2446153846153845
2.358846153846154
2.2903846153846152
2.243076923076923
2.2157692307692307
2.4123076923076923
2.2953846153846156
2.2965384615384616
2.375384615384615
2.513076923076923
2.3184615384615386
2.3076923076923075
2.368076923076923
2.5373076923076923
2.7192307692307693
2.6842307692307696
2.7465384615384614
2.6773076923076924
2.8276923076923075
2.793846153846154
2.7234615384615384
2.6550000000000002
2.5953846153846154
2.5715384615384616
2.4811538461538465
2.6580769230769232
2.5257692307692308
2.441923076923077
2.4203846153846156
2.358076923076923
2.4696153846153845
2.3203846153846155
2.3796153846153847
2.455769230769231
2.4384615384615382
2.272307692307692
2.4050000000000002
2.355769230769231
2.3253846153846154
2.4503846153846154
2.536153846153846
2.6946153846153846
2.495769230769231
2.5080769230769233
2.593461538461539
2.7346153846153842
2.605384615384615
2.5676923076923077
2.4742307692307692
2.5276923076923077
2.5665384615384617
2.7361538461538464
2.641153846153846
2.7311538461538456
2.6696153846153843
2.662692307692308
2.599615384615385
2.531538461538462
2.6842307692307688
3.0484615384615386
2.858076923076923
2.7988461538461538
2.8096153846153844
2.9342307692307696
2.7653846153846158
2.6742307692307694
2.7761538461538464
2.763076923076923
2.7638461538461536
2.7657692307692305
2.656538461538461
2.6003846153846153
2.543461538461538
2.52
2.681923076923077
2.680769230769231
2.556923076923077
2.5542307692307693
2.601153846153846
2.45
2.6396153846153845
2.638076923076923
2.7326923076923078
2.6511538461538464
2.758076923076923
2.8488461538461536
2.4823076923076925
2.458076923076923
2.5615384615384618
2.493846153846154
2.356923076923077
2.3446153846153845
2.227307692307692
2.1265384615384617
2.3242307692307693
2.295
2.248846153846154
2.2800000000000002
2.2553846153846155
2.253076923076923
2.2796153846153846
2.336923076923077
2.2453846153846153
2.188846153846154
2.236923076923077
2.430769230769231
2.4057692307692307
2.3784615384615386
2.131153846153846
1.9953846153846155
2.083846153846154
2.064230769230769
2.07
1.985769230769231
1.9653846153846155
1.9357692307692307
1.8153846153846156
1.8249999999999997
1.7980769230769231
1.7880769230769231
1.6630769230769231
1.701153846153846
1.6553846153846155
1.7638461538461538
1.8107692307692307
1.8111538461538461
1.7015384615384617
1.4500000000000002
1.463076923076923
1.4838461538461538
1.3423076923076922
1.4092307692307693
1.4473076923076924
1.4288461538461539
1.4561538461538461
1.4003846153846153
1.3026923076923076
1.2950000000000002
1.2946153846153847
1.2134615384615386
1.3461538461538463
1.2796153846153848
1.2257692307692307
1.2426923076923078
1.1623076923076925
1.2734615384615384
1.2269230769230768
1.169230769230769
1.1488461538461539
1.1876923076923076
1.0876923076923077
1.0992307692307692
0.9696153846153847
0.9742307692307691
0.9646153846153845
1.0307692307692309
1.0753846153846154
0.9934615384615385
1.0011538461538463
1.0253846153846153
0.8650000000000001
0.9103846153846153
0.8223076923076923
0.7380769230769231
0.7457692307692307
0.8226923076923077
0.7553846153846154
0.7203846153846154
0.6523076923076924
0.6588461538461539
0.6880769230769231
0.6407692307692308
0.7430769230769231
0.7392307692307691
0.7388461538461539
0.6757692307692308
0.7242307692307691
0.823076923076923
0.7811538461538461
0.8061538461538462
0.7819230769230769
0.5988461538461538
0.6103846153846153
0.543076923076923
0.6296153846153847
0.7438461538461538
0.7023076923076924
0.6707692307692308
0.6926923076923077
0.5634615384615385
0.495
0.4819230769230769
0.4369230769230769
0.525
0.4707692307692308
0.5257692307692308
0.5607692307692308
0.4115384615384615
0.4184615384615385
0.4269230769230769
0.47692307692307695
0.5365384615384615
0.4634615384615385
0.4707692307692308
0.5030769230769231
0.3780769230769231
0.3215384615384615
0.42461538461538456
0.5307692307692308
0.4973076923076923
0.5523076923076923
0.4634615384615385
0.4392307692307692
0.3353846153846154
0.36653846153846154
0.38153846153846155
0.25846153846153846
0.28692307692307695
0.3553846153846154
0.34192307692307694
0.4296153846153846
0.38961538461538464
0.39692307692307693
0.4115384615384616
0.39576923076923076
0.43346153846153845
0.39384615384615385
0.40076923076923077
0.5007692307692307
0.48653846153846153
0.4880769230769231
0.48615384615384616
0.4665384615384615
0.44
0.5315384615384615
0.5392307692307692
0.5507692307692308
0.3688461538461538
0.321923076923077
0.4046153846153846
