temperature
2.023076923076923
1.8465384615384615
1.521923076923077
1.5361538461538464
1.9361538461538463
1.9353846153846155
2.286923076923077
1.8800000000000001
1.863846153846154
2.5846153846153848
2.633846153846154
2.7638461538461536
2.375
2.017692307692308
2.2150000000000003
1.8673076923076921
1.6215384615384614
2.0711538461538463
2.2203846153846154
1.6700000000000002
1.3323076923076924
1.7303846153846154
1.7065384615384613
2.088461538461538
2.468461538461538
2.417307692307692
2.013076923076923
2.1234615384615383
1.6057692307692308
1.24
1.698076923076923
1.959230769230769
1.7084615384615385
2.121923076923077
2.503076923076923
2.1423076923076922
1.7449999999999999
1.5423076923076924
1.4184615384615382
1.4103846153846153
1.3442307692307691
2.0784615384615384
2.375
2.0346153846153845
2.7084615384615387
3.011923076923077
2.4680769230769233
2.665
2.596538461538462
2.7192307692307693
2.7146153846153847
2.9646153846153847
2.5657692307692312
2.8723076923076922
2.305
2.931923076923077
2.401923076923077
2.0803846153846157
1.731923076923077
1.5303846153846155
1.8611538461538462
1.5453846153846154
1.6961538461538461
1.886153846153846
2.491153846153846
3.143076923076923
3.2280769230769235
3.8115384615384613
3.615769230769231
3.5573076923076923
3.0688461538461542
3.3611538461538464
4.1438461538461535
4.626153846153846
4.665
4.2930769230769235
3.935769230769231
4.366538461538462
3.8261538461538462
3.9061538461538463
4.204615384615385
4.276538461538461
4.495
4.960384615384616
4.825769230769231
4.8149999999999995
4.7784615384615385
4.881923076923077
5.386153846153846
5.178461538461538
4.856538461538461
4.918846153846154
5.181923076923076
5.149230769230769
5.466153846153846
5.130384615384615
4.416153846153846
5.208461538461538
5.485384615384616
5.133846153846154
4.865
4.900384615384615
5.143461538461538
5.413461538461538
5.511923076923077
5.742307692307692
5.768076923076923
5.568461538461539
5.791538461538462
6.581538461538462
7.269230769230769
7.631923076923077
7.698076923076924
7.578846153846154
6.820769230769231
6.521538461538461
6.732692307692307
6.448846153846153
6.399230769230769
6.735
7.076153846153845
7.1850000000000005
7.500384615384615
7.6680769230769235
7.451538461538462
7.477307692307692
8.406538461538462
8.185
8.643461538461539
8.922307692307692
8.423461538461538
8.270384615384616
8.53
8.236538461538462
9.047692307692309
8.94153846153846
9.191153846153846
9.158846153846154
9.546923076923077
9.363461538461538
9.67423076923077
9.261153846153846
9.558076923076923
9.522692307692308
9.932692307692308
9.75
9.933846153846153
9.731923076923078
10.30923076923077
10.371923076923078
11.027692307692307
11.724230769230768
11.017692307692307
10.794615384615385
10.071538461538463
10.181923076923077
10.561153846153845
11.085769230769232
11.258461538461539
11.520384615384616
11.535384615384617
10.97653846153846
10.72923076923077
10.867307692307692
10.746923076923078
11.16
12.324615384615385
12.376923076923077
12.399230769230769
11.888076923076921
11.568846153846154
11.538461538461538
12.066538461538462
12.284999999999998
12.379999999999999
12.042307692307693
12.443076923076923
12.43423076923077
12.22
12.727307692307694
12.325
12.781153846153845
13.251923076923077
12.880384615384616
13.166153846153845
13.286153846153846
13.163461538461538
12.954615384615384
13.018076923076924
13.270384615384614
13.371923076923078
13.108846153846153
12.65576923076923
12.738461538461538
12.737692307692308
13.282307692307691
13.715384615384616
13.825769230769229
14.31576923076923
14.438461538461537
13.725769230769231
13.250384615384615
13.85423076923077
14.097307692307693
13.738846153846156
14.060384615384615
13.876923076923077
13.956538461538461
13.622307692307693
13.669615384615383
13.383076923076922
13.651538461538461
14.029230769230768
13.826153846153847
14.040000000000001
13.794615384615385
13.743076923076924
13.82346153846154
13.368846153846153
13.72653846153846
13.765384615384615
13.483846153846153
13.95923076923077
13.77346153846154
13.898846153846154
13.812307692307693
13.154230769230768
13.294615384615385
13.196153846153846
13.378846153846155
13.410384615384617
13.009615384615385
12.946153846153846
13.09153846153846
13.247307692307693
12.680769230769231
12.780384615384616
12.225384615384616
12.298461538461538
12.221153846153847
11.593846153846155
11.73423076923077
11.726923076923075
11.98076923076923
12.711153846153847
12.20346153846154
12.501538461538463
12.62846153846154
12.026538461538461
11.975769230769231
12.139999999999999
11.85423076923077
12.220384615384615
12.025769230769232
11.346923076923076
10.953076923076923
11.109230769230768
10.831153846153846
10.397692307692308
10.445769230769232
10.67
11.032307692307691
10.786923076923076
10.938846153846155
10.806153846153846
10.168076923076923
10.086538461538462
10.301923076923078
9.880384615384616
10.114615384615385
10.63076923076923
10.158076923076923
10.340384615384616
9.35153846153846
8.946538461538461
8.955
8.356153846153846
8.689615384615385
8.478461538461538
8.906538461538462
9.101153846153846
8.732307692307693
8.718846153846155
8.357307692307693
8.503846153846153
8.841923076923077
8.249230769230769
8.086538461538462
8.041153846153845
7.47
7.47423076923077
7.279615384615384
7.13
7.593461538461539
7.353461538461539
7.321923076923077
7.442692307692307
7.295
7.114230769230769
7.378846153846154
6.638461538461538
6.32423076923077
6.789615384615384
6.9423076923076925
6.72
6.495769230769231
5.920384615384616
5.791923076923077
5.585
5.434230769230769
5.524230769230769
4.946153846153846
4.931538461538461
5.314615384615385
5.198076923076924
5.253846153846154
4.82923076923077
5.137307692307692
5.681923076923076
5.048076923076923
4.8319230769230765
4.253846153846154
3.9438461538461542
3.5684615384615386
3.3
3.0280769230769233
3.4326923076923075
3.665
3.4538461538461536
3.7846153846153845
3.598846153846154
3.268076923076923
3.223076923076923
3.0819230769230765
2.7496153846153844
2.772692307692308
2.3842307692307694
2.526923076923077
3.0576923076923075
2.925
2.8684615384615384
2.718461538461539
2.8196153846153846
2.9296153846153845
2.665769230769231
2.8073076923076927
2.536153846153846
2.1392307692307693
2.560769230769231
2.2207692307692306
1.881153846153846
1.9403846153846156
2.0834615384615387
1.762692307692308
2.136923076923077
3.0484615384615386
3.433076923076923
3.0349999999999997
2.3053846153846154
2.131153846153846
1.7473076923076922
1.4123076923076923
1.7853846153846153
2.6107692307692307
2.417307692307692
