pet
0.5696153846153846
0.4653846153846154
0.4492307692307692
0.4115384615384616
0.41615384615384615
0.43538461538461537
0.5780769230769232
0.5573076923076923
0.5076923076923077
0.4773076923076923
0.5623076923076924
0.56
0.5511538461538461
0.4803846153846154
0.5357692307692308
0.4703846153846154
0.41923076923076924
0.551923076923077
0.6265384615384615
0.5161538461538462
0.3373076923076923
0.4592307692307692
0.47423076923076923
0.43230769230769234
0.4926923076923077
0.5030769230769231
0.5869230769230769
0.6392307692307693
0.6084615384615385
0.4957692307692308
0.615
0.6892307692307693
0.6892307692307693
0.6296153846153847
0.7903846153846155
0.8192307692307692
0.6176923076923077
0.5961538461538461
0.6334615384615384
0.6380769230769231
0.5834615384615385
0.73
0.6573076923076923
0.5296153846153846
0.64
0.8280769230769232
0.7373076923076923
0.8353846153846154
0.7342307692307692
0.8496153846153847
0.9053846153846153
0.9930769230769231
0.9273076923076923
0.9503846153846154
0.9196153846153846
0.8857692307692309
0.8615384615384615
0.8665384615384616
0.8188461538461538
0.8323076923076923
0.9073076923076923
0.8846153846153846
0.7715384615384615
0.8634615384615384
1.0323076923076924
1.1634615384615385
1.2315384615384615
1.3192307692307692
1.3219230769230768
1.268846153846154
1.3326923076923076
1.1115384615384616
1.4526923076923075
1.591923076923077
1.5615384615384615
1.4561538461538461
1.4011538461538462
1.316153846153846
1.275
1.3873076923076924
1.305
1.423846153846154
1.4673076923076922
1.4984615384615385
1.475
1.5265384615384614
1.6734615384615383
1.7696153846153846
1.9253846153846155
1.7950000000000002
1.7446153846153847
1.9357692307692307
1.8800000000000001
1.761153846153846
1.9038461538461537
1.7484615384615385
1.628076923076923
1.7334615384615384
1.936923076923077
1.8553846153846154
1.7238461538461538
1.8265384615384617
1.9061538461538463
2.0142307692307693
2.0088461538461537
1.9503846153846154
2.0111538461538463
1.9873076923076924
2.0257692307692308
2.1173076923076923
2.4499999999999997
2.545
2.5476923076923077
2.6507692307692308
2.4065384615384615
2.1723076923076925
2.257307692307692
2.3173076923076925
2.1565384615384615
2.301153846153846
2.4661538461538464
2.480384615384615
2.516923076923077
2.457307692307692
2.5399999999999996
2.7492307692307696
2.880769230769231
2.913846153846154
3.0134615384615384
3.075
2.900384615384615
2.7011538461538462
2.7826923076923076
2.601923076923077
2.7534615384615386
3.001153846153846
2.8915384615384614
2.8784615384615386
2.9665384615384616
2.978846153846154
2.957692307692308
2.9415384615384617
3.011923076923077
3.0507692307692307
3.1823076923076923
3.1723076923076925
3.156538461538461
3.0219230769230765
2.988076923076923
3.0803846153846157
3.041923076923077
3.178076923076923
3.112692307692308
2.878846153846154
2.7484615384615387
2.6950000000000003
2.726923076923077
2.686153846153846
2.7719230769230765
2.968461538461539
2.8369230769230773
2.8896153846153845
2.8288461538461536
2.936923076923077
3.0730769230769233
3.017692307692308
3.1653846153846152
3.273846153846154
3.188846153846154
3.145
3.101153846153846
3.0296153846153846
2.903461538461538
3.0838461538461535
3.133846153846154
3.1015384615384614
3.2446153846153845
3.171923076923077
3.0334615384615384
3.223846153846154
3.133846153846154
3.288846153846154
3.308846153846154
3.1234615384615383
3.2857692307692306
3.4342307692307696
3.298076923076923
3.2015384615384614
3.266923076923077
3.2838461538461536
3.243076923076923
3.1403846153846158
3.111923076923077
3.138076923076923
3.2057692307692305
3.3023076923076924
3.433076923076923
3.424615384615384
3.584230769230769
3.7265384615384614
3.3765384615384617
3.2384615384615385
3.2357692307692307
3.469615384615385
3.480769230769231
3.519230769230769
3.4088461538461536
3.303846153846154
3.306923076923077
3.1926923076923073
3.075
3.1092307692307695
3.2653846153846158
3.071923076923077
3.128076923076923
3.024230769230769
3.086153846153846
3.2130769230769234
3.082692307692308
3.2607692307692306
3.004230769230769
2.9899999999999998
3.226923076923077
2.9007692307692308
3.0303846153846155
2.9238461538461538
2.7565384615384616
2.583076923076923
2.8034615384615384
2.790769230769231
2.683846153846154
2.5923076923076924
2.6561538461538463
2.700384615384615
2.5742307692307693
2.4376923076923074
2.721538461538462
2.4673076923076924
2.2638461538461536
2.232307692307692
2.208846153846154
2.066923076923077
2.0534615384615384
2.006153846153846
2.296923076923077
2.2419230769230767
2.2984615384615386
2.3415384615384616
2.1746153846153846
2.0907692307692307
2.2053846153846157
2.0784615384615384
2.256923076923077
2.1926923076923077
1.9200000000000002
1.8615384615384616
1.790769230769231
1.8288461538461538
1.8142307692307693
1.5946153846153845
1.7857692307692308
1.7738461538461539
1.8146153846153845
1.7292307692307693
1.6403846153846153
1.6400000000000001
1.5534615384615384
1.518076923076923
1.481923076923077
1.5688461538461538
1.583076923076923
1.5638461538461537
1.65
1.5853846153846154
1.4288461538461539
1.3407692307692307
1.2369230769230768
1.2603846153846154
1.1642307692307692
1.1173076923076923
1.2542307692307693
1.3030769230769232
1.4100000000000001
1.1134615384615385
1.146153846153846
1.2007692307692308
1.0811538461538461
1.0215384615384615
1.0657692307692308
0.8976923076923077
1.003076923076923
0.9684615384615385
1.008076923076923
1.083846153846154
0.9315384615384615
1.0773076923076923
1.1023076923076922
1.1400000000000001
0.9507692307692307
1.058846153846154
1.0307692307692309
0.9765384615384616
0.9830769230769231
0.9542307692307692
0.8584615384615385
0.855
0.77
0.6846153846153846
0.7342307692307692
0.6942307692307692
0.6484615384615384
0.6323076923076923
0.6311538461538462
0.7100000000000001
0.6938461538461538
0.6207692307692307
0.6380769230769231
0.5773076923076923
0.6761538461538462
0.545
0.5223076923076924
0.558076923076923
0.4584615384615385
0.4573076923076923
0.4984615384615385
0.4765384615384616
0.40807692307692306
0.49769230769230766
0.47384615384615386
0.5238461538461539
0.5296153846153846
0.5715384615384616
0.5030769230769231
0.5126923076923077
0.45884615384615385
0.4792307692307692
0.35500000000000004
0.3596153846153846
0.4869230769230769
0.5549999999999999
0.4284615384615385
0.48384615384615387
0.3676923076923077
0.385
0.39384615384615385
0.45653846153846156
0.3723076923076923
0.3926923076923077
0.43846153846153846
0.39961538461538465
0.36
0.37846153846153846
0.37730769230769234
0.4103846153846154
0.5861538461538461
0.6453846153846154
0.7396153846153847
0.6896153846153846
0.49576923076923074
0.48653846153846153
0.4226923076923077
0.30653846153846154
0.48653846153846153
0.6115384615384616
0.5469230769230768
