temperature
5.581153846153847
4.904615384615385
4.780769230769231
4.568076923076923
4.661538461538462
4.607307692307692
5.197307692307692
5.124230769230769
4.700769230769231
4.983461538461539
5.321923076923077
5.624230769230769
5.413461538461538
5.058461538461539
5.003076923076923
4.603461538461539
4.4738461538461545
4.778846153846154
4.94923076923077
4.258461538461538
3.834230769230769
4.507307692307692
4.219615384615385
4.14
4.545384615384615
4.612692307692307
5.039615384615384
5.143846153846154
4.983846153846154
4.274615384615385
4.633076923076923
4.8865384615384615
4.837307692307692
4.901538461538461
5.814615384615385
5.798461538461538
4.909230769230769
4.542692307692308
4.6
4.658076923076923
4.307307692307692
5.022307692307693
4.941923076923077
4.369230769230769
5.014615384615384
5.816923076923077
5.380769230769231
5.8342307692307696
5.428846153846154
5.836538461538462
6.000384615384615
6.514615384615384
6.115384615384615
6.1619230769230775
5.9265384615384615
5.757307692307692
5.751923076923077
5.483461538461539
5.223461538461539
5.250384615384615
5.495
5.461153846153847
5.059615384615385
5.606923076923077
6.083076923076923
6.611538461538462
7.0515384615384615
7.408076923076923
7.389230769230769
7.045
7.369615384615385
6.523076923076923
7.848076923076923
8.376923076923077
8.243846153846153
7.6680769230769235
7.31923076923077
7.132692307692308
6.941923076923077
7.440384615384615
7.151538461538461
7.496538461538462
7.623461538461539
7.750769230769231
7.605
7.819999999999999
8.278461538461539
8.668846153846154
9.13923076923077
8.676923076923076
8.407692307692308
9.049615384615384
8.867307692307692
8.436153846153847
8.913461538461538
8.308076923076923
7.823076923076924
8.135769230769231
8.968461538461538
8.676923076923076
8.163461538461538
8.546153846153846
8.735384615384616
9.077692307692306
9.069230769230769
8.946153846153846
9.187692307692307
9.136923076923077
9.295
9.583846153846155
10.736153846153845
11.082692307692307
11.100769230769231
11.487692307692308
10.691923076923077
9.881923076923076
10.227307692307694
10.470769230769232
9.915000000000001
10.398076923076925
10.756538461538462
10.696538461538463
10.892307692307693
10.75576923076923
11.046923076923077
11.592307692307692
12.12923076923077
12.313846153846155
12.631153846153847
12.857307692307693
12.36576923076923
11.845769230769232
12.147692307692306
11.722307692307693
12.179230769230768
12.908076923076923
12.681923076923077
12.761923076923077
13.031538461538462
13.122692307692308
13.137692307692307
13.106538461538461
13.359230769230768
13.538846153846153
13.973461538461539
14.010384615384615
13.988076923076923
13.589615384615383
13.619615384615384
13.981538461538461
13.88576923076923
15.061923076923078
15.10576923076923
14.49
14.168846153846154
14.05923076923077
14.214615384615383
14.166153846153845
14.511538461538462
15.176153846153845
14.819615384615386
14.97923076923077
14.934230769230767
15.280000000000001
15.719999999999999
15.595769230769232
16.090769230769233
16.42576923076923
16.20846153846154
16.11846153846154
16.04
15.81576923076923
15.543846153846154
16.16769230769231
16.36846153846154
16.3
16.70730769230769
16.555
16.242307692307694
16.82
16.583076923076923
17.037692307692307
17.151153846153846
16.65730769230769
17.16423076923077
17.601153846153846
17.276153846153846
17.041153846153847
17.266538461538463
17.362692307692306
17.251153846153844
17.02653846153846
16.973076923076924
17.091923076923077
17.333846153846153
17.672307692307694
18.04346153846154
18.09923076923077
18.604230769230767
19.04769230769231
18.09653846153846
17.75807692307692
17.835384615384616
18.540769230769232
18.598076923076924
18.73730769230769
18.50923076923077
18.238076923076925
18.318846153846156
18.044615384615383
17.768846153846155
17.861538461538462
18.413846153846155
17.97653846153846
18.154615384615383
17.895769230769233
18.121153846153845
18.526923076923076
18.18076923076923
18.736923076923077
17.996153846153845
18.03
18.786538461538463
17.828846153846154
18.279615384615383
18.00653846153846
17.55923076923077
17.038076923076922
17.76153846153846
17.735384615384614
17.407692307692308
17.181923076923077
17.407692307692308
17.586923076923078
17.253846153846155
16.80576923076923
17.69576923076923
16.925
16.322692307692307
16.276153846153846
16.241153846153846
15.746153846153845
15.695384615384615
15.379615384615384
16.299615384615386
16.145
16.32730769230769
16.501923076923077
15.950769230769232
15.632692307692308
16.035384615384615
15.61076923076923
16.21846153846154
16.060769230769232
15.115384615384615
14.995384615384616
14.698076923076922
14.86153846153846
14.659230769230769
14.058846153846153
14.770384615384614
14.731923076923076
14.878076923076922
14.51076923076923
14.23653846153846
14.155384615384616
13.83
13.791153846153845
13.678461538461537
13.888076923076925
13.85923076923077
13.88576923076923
14.279615384615385
13.718846153846155
12.825
12.687307692307693
12.100384615384616
12.418846153846154
12.100000000000001
11.97653846153846
12.496153846153845
12.613461538461538
12.86923076923077
11.801153846153845
11.901923076923076
11.975769230769231
11.51923076923077
11.385384615384615
11.587692307692306
10.696923076923078
10.971923076923076
10.831153846153846
10.865384615384615
11.066538461538462
10.666538461538462
11.166923076923077
11.099615384615383
11.262692307692307
10.665000000000001
10.715769230769231
10.399230769230769
10.24576923076923
10.193461538461538
10.302692307692308
9.752307692307692
9.639999999999999
9.294230769230769
8.714615384615385
8.91
8.848461538461539
8.70076923076923
8.351153846153846
8.21576923076923
8.74076923076923
8.648846153846154
8.167307692307691
8.206923076923077
7.653846153846154
7.988846153846154
7.506153846153846
7.3403846153846155
7.482692307692308
6.751153846153846
6.548076923076923
6.625384615384615
6.704999999999999
6.188076923076922
6.691538461538461
6.596923076923077
6.852692307692307
6.609230769230769
6.71
6.380769230769231
6.130769230769231
5.908846153846154
5.595769230769231
5.531538461538461
5.427692307692308
5.761538461538462
6.053846153846154
5.672692307692308
5.730769230769231
5.288846153846153
5.388076923076923
5.081538461538462
5.46076923076923
5.059615384615385
5.219615384615385
5.28
4.941923076923077
4.761923076923077
4.749615384615384
4.543461538461538
4.7092307692307696
5.674230769230769
6.013846153846154
6.840769230769231
6.774230769230769
5.533461538461538
5.410384615384615
4.799230769230769
4.161538461538462
4.787692307692308
5.489230769230769
5.130384615384615
