pet
0.333
0.2105
0.1165
0.24499999999999997
0.2975
0.233
0.29050000000000004
0.286
0.3245
0.3125
0.313
0.3775
0.4025
0.396
0.355
0.3435
0.2405
0.2935
0.35350000000000004
0.39449999999999996
0.343
0.24700000000000003
0.3
0.2285
0.16899999999999998
0.336
0.233
0.27599999999999997
0.3635
0.369
0.39299999999999996
0.422
0.4805
0.561
0.563
0.6
0.567
0.404
0.40199999999999997
0.3825
0.339
0.47050000000000003
0.371
0.3255
0.43099999999999994
0.40099999999999997
0.3545
0.4345
0.453
0.4615
0.374
0.449
0.5229999999999999
0.58
0.4105
0.42750000000000005
0.45999999999999996
0.5435
0.48
0.457
0.4335
0.5065000000000001
0.6415
0.7115
0.8465
0.9155
0.8089999999999999
0.8215
0.8400000000000001
0.8939999999999999
0.851
0.8394999999999999
0.8515
0.7765000000000001
0.8535
0.906
0.6835
0.7325
0.844
0.8494999999999999
0.8965
0.8949999999999999
0.883
0.766
0.844
0.851
0.893
1.1055
1.2345000000000002
1.349
1.2550000000000001
1.04
1.0130000000000001
1.022
1.0955
1.159
1.1445
1.2005000000000001
1.24
1.2585000000000002
1.202
1.1345
1.114
1.279
1.261
1.427
1.4164999999999999
1.389
1.308
1.4675
1.6179999999999999
1.6195
1.6995
1.777
1.6735
1.7035
1.7985
1.7835
1.9579999999999997
1.9805
2.0420000000000003
2.2752631578947367
2.333157894736842
2.2047368421052633
1.8678947368421053
2.2821052631578946
2.3457894736842104
2.107894736842105
2.095263157894737
2.158421052631579
2.044736842105263
2.1715789473684213
2.3873684210526314
2.501578947368421
2.4926315789473685
2.3615789473684208
2.2863157894736843
2.1042105263157898
2.216315789473684
2.6026315789473684
2.356842105263158
2.4078947368421053
2.678421052631579
2.670526315789474
2.528421052631579
2.415263157894737
2.4357894736842107
2.4031578947368417
2.459473684210526
2.488947368421053
2.557894736842105
2.331578947368421
2.183157894736842
1.8663157894736842
1.8573684210526316
2.0121052631578946
1.9963157894736843
2.011578947368421
2.040526315789474
2.21
2.2078947368421056
1.9384210526315788
1.894736842105263
2.156315789473684
2.066315789473684
2.1610526315789476
2.360526315789474
2.3768421052631576
2.238947368421053
2.501578947368421
2.3378947368421055
2.14
1.9952631578947366
2.0436842105263158
2.2157894736842105
2.411578947368421
2.4226315789473687
2.2263157894736842
2.3810526315789473
2.4589473684210525
2.1957894736842105
1.978421052631579
2.154736842105263
2.334736842105263
2.34
2.2794736842105263
2.4089473684210523
2.4526315789473685
2.1694736842105264
2.1047368421052632
2.285263157894737
2.1726315789473687
1.9442105263157894
2.0694736842105264
2.1905263157894734
1.8905263157894738
1.8657894736842107
1.7815789473684212
2.1336842105263156
2.434736842105263
2.3289473684210527
2.1178947368421053
2.173157894736842
2.2321052631578944
2.221052631578947
2.225263157894737
2.1363157894736844
2.1089473684210525
2.108421052631579
2.094736842105263
2.0868421052631576
2.0942105263157895
2.14421052631579
2.1452631578947368
1.9473684210526316
1.743684210526316
1.7910526315789475
2.0342105263157895
1.6542105263157894
1.9442105263157894
1.7921052631578946
1.8021052631578949
1.7473684210526317
1.7963157894736843
1.838421052631579
1.7794736842105265
1.7121052631578948
1.6194736842105264
1.741578947368421
1.7857894736842106
1.8542105263157893
1.7778947368421054
1.6889473684210525
1.6031578947368421
1.5078947368421052
1.5615789473684212
1.4673684210526314
1.4121052631578948
1.4984210526315789
1.608421052631579
1.427894736842105
1.3905263157894738
1.4205263157894736
1.431578947368421
1.5989473684210527
1.4126315789473685
1.3673684210526316
1.2121052631578948
1.2473684210526315
1.17
1.2078947368421051
1.1394736842105262
1.236315789473684
1.2378947368421052
1.1326315789473684
0.9905263157894737
0.9136842105263158
0.9152631578947369
0.9473684210526315
1.0542105263157895
1.0073684210526317
1.1442105263157893
1.2936842105263158
1.1326315789473684
0.9989473684210527
0.9836842105263158
0.8710526315789474
0.7457894736842106
0.881578947368421
0.901578947368421
1.131578947368421
1.2205263157894737
1.1821052631578948
1.0
0.9578947368421052
0.8642105263157894
0.9342105263157895
0.8836842105263157
0.7747368421052632
0.7410526315789474
0.8184210526315789
0.8426315789473685
0.6942105263157895
0.7489473684210527
0.7231578947368421
0.951578947368421
0.89
0.7578947368421053
0.7468421052631579
0.6336842105263157
0.5147368421052632
0.5636842105263158
0.5484210526315789
0.5931578947368421
0.5810526315789474
0.5710526315789474
0.5863157894736842
0.52
0.48052631578947375
0.4794736842105263
0.44842105263157894
0.4963157894736842
0.45210526315789473
0.4189473684210526
0.5110526315789474
0.5036842105263158
0.4731578947368421
0.4147368421052631
0.37
0.43315789473684213
0.4678947368421053
0.37473684210526315
0.3794736842105263
0.41157894736842104
0.38421052631578945
0.41
0.3642105263157895
0.34842105263157896
0.4505263157894737
0.38842105263157894
0.31263157894736837
0.2805263157894737
0.2168421052631579
0.22421052631578947
0.28368421052631576
0.2926315789473684
0.3915789473684211
0.40842105263157896
0.3505263157894737
0.28210526315789475
0.35
0.3705263157894737
0.4326315789473685
0.5363157894736842
0.422
0.5700000000000001
0.44000000000000006
0.27549999999999997
0.2475
0.23349999999999999
0.25
0.27999999999999997
0.3045
0.29700000000000004
0.358
0.253
0.2985
0.2665
0.2955
0.3635
0.2645
0.2395
0.149
0.2565
0.272
0.263
0.33799999999999997
0.41100000000000003
0.22199999999999998
0.278
0.323
0.3605
0.2505
0.288
0.2765
