pet
0.33692307692307694
0.33692307692307694
0.3630769230769231
0.44846153846153847
0.4076923076923077
0.543076923076923
0.48615384615384616
0.3053846153846154
0.36
0.36230769230769233
0.36538461538461536
0.35692307692307695
0.2976923076923077
0.35615384615384615
0.4584615384615385
0.33384615384615385
0.37538461538461537
0.2946153846153846
0.17384615384615382
0.22615384615384615
0.4230769230769231
0.49076923076923074
0.44
0.7553846153846154
0.5769230769230769
0.5023076923076922
0.38461538461538464
0.41846153846153844
0.29923076923076924
0.28153846153846157
0.4338461538461539
0.41000000000000003
0.46307692307692305
0.3453846153846154
0.4107692307692308
0.3761538461538461
0.2653846153846154
0.3576923076923077
0.43538461538461537
0.42230769230769233
0.2376923076923077
0.23769230769230767
0.3923076923076923
0.42
0.7053846153846154
0.7461538461538461
0.7330769230769231
0.6469230769230769
0.6076923076923078
0.8538461538461538
0.7607692307692309
0.7100000000000001
0.7961538461538461
0.6707692307692308
0.6530769230769231
0.76
0.6423076923076922
0.6507692307692309
0.5707692307692308
0.625
0.597857142857143
0.5328571428571428
0.5135714285714286
0.6192857142857143
0.6292857142857143
0.6807142857142858
0.745
0.63
0.7464285714285713
0.8685714285714285
0.875
1.022857142857143
0.9935714285714285
1.055
0.8557142857142858
0.9314285714285715
1.0414285714285714
1.1764285714285714
1.0057142857142858
1.2464285714285714
1.157142857142857
0.9964285714285713
1.0585714285714285
1.2
1.1871428571428573
1.227142857142857
1.1521428571428571
1.2157142857142857
1.1785714285714286
1.1464285714285716
0.9550000000000001
1.2428571428571427
1.2478571428571428
1.1985714285714286
1.5385714285714285
1.595
1.3699999999999999
1.6164285714285713
1.6621428571428571
1.6314285714285715
1.6271428571428572
1.6357142857142857
1.6735714285714285
1.6464285714285716
1.9278571428571427
1.7771428571428571
1.7521428571428572
1.9442857142857142
2.092857142857143
2.13
2.2407142857142857
2.4714285714285715
2.099285714285714
1.9707142857142856
1.9028571428571428
1.667142857142857
1.6921428571428572
1.8114285714285714
1.8557142857142856
1.7542857142857142
1.8928571428571428
1.9942857142857144
1.8871428571428572
2.21
2.0828571428571427
2.0785714285714287
2.1735714285714285
2.265
2.1492857142857145
2.1335714285714285
2.045
2.1135714285714284
2.1478571428571427
2.119285714285714
2.157857142857143
1.977857142857143
2.222142857142857
2.2600000000000002
2.580714285714286
2.404285714285714
2.2728571428571427
2.177142857142857
2.1928571428571426
2.307142857142857
2.4878571428571425
2.6164285714285715
2.5135714285714283
2.634285714285714
2.86
2.7964285714285713
3.0221428571428572
2.6292857142857144
2.612142857142857
2.4092857142857143
2.367857142857143
2.157142857142857
2.2335714285714285
2.472857142857143
2.482142857142857
2.3657142857142857
2.395
1.97
2.0985714285714283
2.0314285714285716
2.1335714285714285
2.3428571428571425
2.302857142857143
2.1035714285714286
1.8892857142857142
1.9414285714285715
2.0464285714285713
2.1092857142857144
2.142857142857143
2.2914285714285714
2.2914285714285714
2.2735714285714286
2.6164285714285715
2.626428571428572
2.5421428571428573
2.422857142857143
2.46
2.424285714285714
2.1414285714285715
2.355
2.222142857142857
2.075714285714286
2.0414285714285714
2.1392857142857142
1.9557142857142857
1.9821428571428572
2.2435714285714288
2.2607142857142857
2.015
1.9628571428571429
1.967142857142857
1.9942857142857142
2.132857142857143
2.097142857142857
2.236428571428571
2.2728571428571427
2.1878571428571427
2.037857142857143
2.4735714285714288
2.4
2.1742857142857144
2.3285714285714287
2.130714285714286
1.9735714285714288
1.6864285714285714
1.685
1.7142857142857142
1.6657142857142857
1.8992857142857142
1.9878571428571428
1.9878571428571428
1.7892857142857144
1.8014285714285714
1.717857142857143
1.8578571428571429
1.685
1.5678571428571428
1.5571428571428572
1.5635714285714286
1.7457142857142858
1.9085714285714286
1.832142857142857
1.647142857142857
1.6364285714285713
1.7157142857142857
1.5542857142857145
1.662857142857143
1.7635714285714283
1.7335714285714285
1.8357142857142856
1.655
1.3378571428571429
1.487142857142857
1.4492857142857143
1.4821428571428572
1.3635714285714287
1.2349999999999999
1.0842857142857143
1.2149999999999999
1.3728571428571428
1.580714285714286
1.6257142857142857
1.5814285714285714
1.3392857142857142
1.3214285714285714
1.3992857142857142
1.7592857142857146
1.4278571428571427
1.4007142857142856
1.1785714285714286
1.0778571428571428
1.1085714285714285
1.1407142857142858
1.0664285714285715
1.0678571428571428
0.9628571428571429
1.0814285714285714
1.042142857142857
1.1742857142857144
1.2164285714285714
0.9821428571428571
0.9028571428571429
1.042142857142857
1.0385714285714287
1.01
1.0178571428571428
1.2557142857142858
1.1042857142857143
0.9042857142857142
0.8884615384615385
0.8546153846153846
0.8123076923076924
0.7569230769230769
0.8430769230769231
0.9246153846153846
0.9638461538461539
0.9853846153846154
0.7676923076923077
0.7707692307692308
0.6107692307692308
0.7430769230769231
0.7507692307692307
0.8046153846153847
0.6223076923076923
0.52
0.6838461538461539
0.7484615384615385
0.7307692307692307
0.6830769230769231
0.7100000000000001
0.8061538461538462
0.7976923076923076
0.6546153846153846
0.5607692307692308
0.693076923076923
0.7692307692307693
0.6776923076923077
0.5546153846153846
0.9069230769230769
0.8423076923076922
0.6161538461538462
0.5876923076923076
0.5292307692307692
0.38769230769230767
0.4392307692307692
0.5692307692307692
0.34076923076923077
0.48384615384615387
0.5146153846153847
0.4761538461538462
0.6215384615384616
0.566923076923077
0.6692307692307693
0.7400000000000001
0.7376923076923076
0.5692307692307692
0.566923076923077
0.7061538461538461
0.5423076923076923
0.4461538461538461
0.4107692307692308
0.28076923076923077
0.33999999999999997
0.2715384615384615
0.2976923076923077
0.45692307692307693
0.2561538461538462
0.2715384615384615
0.14307692307692307
0.25461538461538463
0.2553846153846154
0.35615384615384615
0.2030769230769231
0.26999999999999996
0.28846153846153844
0.2776923076923077
0.40230769230769237
0.4053846153846154
0.5030769230769231
0.4346153846153846
0.43230769230769234
0.39230769230769236
0.21
0.35461538461538455
0.3723076923076923
0.4746153846153846
0.5038461538461538
0.5030769230769231
0.5130769230769231
0.44
0.4661538461538462
0.3523076923076923
0.38153846153846155
0.3030769230769231
0.3523076923076923
0.37538461538461537
0.4084615384615385
0.44461538461538463
0.5953846153846154
0.5353846153846153
0.5784615384615385
