temperature
3.1538461538461537
2.946923076923077
3.1946153846153846
3.170769230769231
3.066153846153846
3.316153846153846
2.813846153846154
1.99
2.822307692307692
3.1784615384615384
3.1907692307692312
3.094615384615385
2.5246153846153847
3.196153846153846
3.6315384615384616
2.810769230769231
3.0276923076923077
2.3907692307692305
1.603076923076923
1.8376923076923077
3.223076923076923
3.203076923076923
2.897692307692308
4.88
4.149230769230769
3.4569230769230765
2.6561538461538463
2.9000000000000004
2.1392307692307693
1.9269230769230767
2.2207692307692306
2.269230769230769
2.423076923076923
2.529230769230769
2.960769230769231
2.8461538461538463
2.1092307692307695
2.473076923076923
2.8492307692307692
2.503076923076923
1.189230769230769
1.7115384615384615
2.5684615384615386
2.683076923076923
4.138461538461538
4.266153846153847
4.226153846153846
3.736923076923077
3.1538461538461537
4.486923076923077
4.108461538461539
3.7830769230769232
4.084615384615384
3.582307692307692
3.5676923076923077
4.121538461538462
3.436153846153846
3.36
3.011538461538462
3.4457142857142857
3.4757142857142855
3.099285714285714
2.880714285714286
3.3299999999999996
3.557142857142857
3.8228571428571425
4.09
3.595714285714286
4.0042857142857144
4.563571428571429
4.513571428571429
5.248571428571429
5.273571428571429
5.3500000000000005
4.585
4.774285714285715
5.105714285714286
5.777857142857143
5.000714285714286
5.827857142857143
5.597142857142857
4.865
5.210714285714286
5.718571428571429
5.558571428571429
5.702142857142857
5.179285714285714
5.566428571428572
5.117857142857143
4.871428571428572
4.2785714285714285
5.455
5.4471428571428575
5.161428571428571
6.242142857142857
6.456428571428572
5.78
6.522142857142858
6.597857142857143
6.5200000000000005
6.5
6.586428571428571
6.725714285714285
6.598571428571428
7.442857142857143
6.997857142857143
6.920714285714285
7.484999999999999
7.97
8.038571428571428
8.507857142857143
9.269285714285715
8.194285714285714
7.693571428571429
7.567142857142857
6.769285714285715
6.748571428571428
7.247142857142856
7.387857142857143
7.275714285714286
7.4592857142857145
7.838571428571428
7.497857142857143
8.553571428571429
8.077857142857143
8.115714285714287
8.385
8.955
8.685714285714285
8.626428571428571
8.155714285714286
8.774285714285714
8.802142857142858
8.852857142857143
9.192142857142857
8.63642857142857
9.517857142857142
9.674999999999999
10.734285714285715
10.305000000000001
9.919285714285715
9.688571428571427
9.732142857142858
10.170714285714286
10.764285714285714
11.275714285714285
10.971428571428572
11.368571428571428
12.053571428571429
11.911428571428571
12.622142857142858
12.196428571428571
12.36357142857143
11.827142857142858
11.766428571428571
11.084999999999999
11.396428571428572
12.237857142857141
12.339285714285714
12.03357142857143
12.155000000000001
10.957857142857142
11.487857142857143
11.304285714285713
11.683571428571428
12.382857142857144
12.232857142857142
11.785
11.132142857142856
11.460714285714285
11.737857142857143
11.991428571428571
12.247142857142858
12.640714285714285
12.782857142857143
12.828571428571427
13.882857142857144
13.874285714285715
13.670714285714284
13.445714285714287
13.587857142857143
13.467857142857143
12.705
13.517857142857142
13.180714285714286
12.842857142857143
12.723571428571429
13.118571428571428
12.671428571428573
12.757857142857144
13.592857142857143
13.688571428571427
13.050714285714287
12.939285714285715
13.007142857142856
13.165714285714285
13.615
13.49642857142857
13.902857142857142
14.072142857142856
13.857142857142858
13.417142857142858
14.790000000000001
14.630714285714285
13.959999999999999
14.498571428571427
13.971428571428572
13.545
12.64
12.700714285714286
12.867857142857144
12.640714285714285
13.375714285714285
13.78
13.735
13.127142857142857
13.16642857142857
13.057142857142859
13.515
12.950714285714286
12.516428571428571
12.444285714285714
12.395
13.159285714285716
13.732857142857142
13.567857142857141
13.012857142857143
12.891428571428571
13.198571428571428
12.56
13.040714285714285
13.426428571428572
13.350714285714286
13.674999999999999
13.006428571428572
11.919285714285715
12.50357142857143
12.42357142857143
12.570714285714287
12.147857142857143
11.662142857142857
11.127857142857142
11.598571428571429
12.036428571428571
12.804285714285713
12.897857142857143
12.718571428571428
11.869285714285713
11.699285714285713
11.995000000000001
13.202142857142858
12.162142857142857
12.141428571428571
11.437857142857142
11.023571428571428
11.094999999999999
11.016428571428571
10.777142857142858
10.617142857142856
10.522857142857143
10.91
10.786428571428571
11.248571428571429
11.218571428571428
10.379285714285714
10.088571428571429
10.5
10.424999999999999
10.263571428571428
10.165000000000001
11.16
10.676428571428572
9.922857142857142
9.366923076923076
9.094615384615384
9.066153846153846
8.88923076923077
9.24076923076923
9.542307692307691
9.716923076923077
9.819230769230769
8.736923076923077
8.633846153846154
8.087692307692308
8.733846153846155
8.678461538461537
8.886153846153848
7.854615384615385
7.433076923076923
8.033846153846154
8.257692307692308
7.898461538461539
7.913076923076924
8.24846153846154
8.64076923076923
8.36923076923077
7.640000000000001
7.392307692307692
7.676923076923076
7.582307692307692
7.454615384615384
6.664615384615384
8.426153846153847
8.083846153846155
6.995384615384615
6.877692307692308
6.140769230769231
5.577692307692308
5.404615384615385
6.361538461538462
5.096153846153846
5.627692307692308
5.406153846153846
5.668461538461538
6.484615384615385
6.110769230769231
6.319230769230769
6.777692307692307
6.811538461538461
6.002307692307692
5.7846153846153845
5.813846153846153
5.430000000000001
4.726923076923077
4.184615384615385
4.023846153846154
4.406923076923077
3.696923076923077
3.9415384615384617
4.531538461538461
3.476153846153846
3.335384615384615
2.1907692307692304
2.569230769230769
2.9000000000000004
3.886923076923077
3.0369230769230766
2.8907692307692305
2.864615384615384
2.831538461538462
3.668461538461538
3.8723076923076927
4.128461538461538
3.813076923076923
3.8146153846153847
3.0415384615384613
2.414615384615385
3.620769230769231
3.746923076923077
4.103076923076923
3.7800000000000002
3.7453846153846153
4.135384615384615
3.829230769230769
3.5953846153846154
2.7800000000000002
2.98
2.7915384615384613
3.103846153846154
3.45
3.331538461538462
3.2361538461538464
4.5369230769230775
4.4884615384615385
4.524615384615385
