pet
0.5123076923076924
0.45423076923076927
0.4211538461538461
0.4034615384615385
0.4815384615384615
0.51
0.5615384615384615
0.47538461538461535
0.48730769230769233
0.5026923076923077
0.6115384615384616
0.6146153846153847
0.5338461538461539
0.5361538461538461
0.6403846153846154
0.5665384615384615
0.4823076923076923
0.5842307692307692
0.6357692307692309
0.48307692307692307
0.5096153846153846
0.46499999999999997
0.4734615384615385
0.533076923076923
0.5430769230769231
0.5230769230769231
0.5565384615384615
0.6142307692307692
0.5911538461538461
0.59
0.6223076923076923
0.6411538461538462
0.6365384615384616
0.5853846153846154
0.6561538461538461
0.6380769230769231
0.6019230769230769
0.6088461538461538
0.5746153846153846
0.5511538461538461
0.6053846153846154
0.6869230769230769
0.663076923076923
0.5911538461538461
0.7330769230769231
0.8042307692307692
0.746923076923077
0.7788461538461539
0.7538461538461539
0.8592307692307692
0.8619230769230769
0.8923076923076922
0.9038461538461539
0.8480769230769231
0.7903846153846155
0.7938461538461539
0.7511538461538462
0.7888461538461538
0.73
0.7723076923076924
0.8342307692307693
0.73
0.6230769230769231
0.7296153846153846
0.9657692307692307
1.0561538461538462
1.1673076923076924
1.2215384615384617
1.215
1.2292307692307693
0.995
1.0146153846153845
1.2523076923076923
1.3815384615384616
1.2838461538461539
1.3146153846153845
1.165
1.2738461538461539
1.286153846153846
1.338846153846154
1.3792307692307693
1.418076923076923
1.4188461538461539
1.554230769230769
1.5657692307692308
1.5780769230769232
1.580769230769231
1.541153846153846
1.6203846153846153
1.7080769230769233
1.7196153846153845
1.7307692307692308
1.6315384615384616
1.5769230769230769
1.7773076923076923
1.7361538461538462
1.4926923076923078
1.691153846153846
1.82
1.7184615384615385
1.7730769230769232
1.833846153846154
1.8415384615384616
1.956923076923077
1.9284615384615384
1.9484615384615382
1.99
1.8526923076923079
1.8926923076923077
2.1973076923076924
2.543461538461538
2.4076923076923076
2.479230769230769
2.4892307692307694
2.2484615384615383
2.0576923076923075
2.1946153846153846
2.1234615384615383
1.9611538461538462
2.0376923076923075
2.1915384615384617
2.458076923076923
2.4696153846153845
2.3584615384615386
2.4288461538461537
2.4353846153846153
2.689230769230769
2.7142307692307694
2.709230769230769
2.8603846153846155
2.6553846153846155
2.6165384615384615
2.485
2.5153846153846158
2.7600000000000002
2.686923076923077
2.6134615384615385
2.509230769230769
2.5626923076923074
2.5300000000000002
2.7419230769230767
2.6653846153846152
2.651923076923077
2.650384615384615
2.765
2.8115384615384613
2.8288461538461536
2.8273076923076923
2.9119230769230766
3.0942307692307693
2.975769230769231
3.0900000000000003
2.819230769230769
2.762307692307692
2.587307692307692
2.6234615384615383
2.628846153846154
2.538846153846154
2.5623076923076926
2.686923076923077
2.751923076923077
2.563846153846154
2.5326923076923076
2.518076923076923
2.605384615384615
2.5146153846153845
2.834230769230769
2.9084615384615384
2.939230769230769
2.8307692307692305
2.6915384615384617
2.6215384615384614
2.659615384615385
2.6423076923076922
2.6992307692307693
2.903461538461538
2.9396153846153847
2.858846153846154
2.791153846153846
2.7984615384615386
2.825384615384615
2.7734615384615386
2.7750000000000004
2.831153846153846
2.6842307692307688
2.623846153846154
2.626923076923077
2.697307692307692
2.7792307692307694
2.914230769230769
2.9042307692307694
2.7476923076923074
2.7607692307692306
2.5896153846153847
2.815
2.738846153846154
2.7496153846153844
2.8442307692307693
3.0257692307692308
3.053076923076923
2.7761538461538464
2.6376923076923076
2.7399999999999998
2.765
2.7653846153846158
2.9465384615384616
2.7596153846153846
2.566153846153846
2.608076923076923
2.5319230769230767
2.3834615384615385
2.398846153846154
2.5730769230769233
2.601153846153846
2.5646153846153847
2.4403846153846156
2.524230769230769
2.419230769230769
2.2823076923076924
2.556923076923077
2.3853846153846154
2.4123076923076923
2.495
2.3673076923076923
2.5203846153846152
2.3607692307692307
2.2034615384615384
2.2211538461538463
2.2196153846153845
2.1034615384615383
2.161153846153846
2.123846153846154
2.161923076923077
2.245769230769231
2.209230769230769
2.0330769230769232
2.1773076923076924
2.017692307692308
1.866153846153846
1.85
1.7784615384615385
1.8923076923076925
1.7161538461538461
1.7669230769230768
2.004230769230769
1.9415384615384617
2.015769230769231
1.9946153846153847
1.9253846153846155
1.8896153846153847
1.881153846153846
1.8815384615384616
2.0046153846153847
1.8838461538461537
1.7726923076923076
1.6123076923076924
1.5484615384615383
1.6088461538461538
1.5484615384615383
1.5353846153846153
1.508846153846154
1.6492307692307693
1.6242307692307691
1.6119230769230768
1.5557692307692308
1.4492307692307693
1.3003846153846155
1.311923076923077
1.3242307692307693
1.3288461538461538
1.3753846153846152
1.4653846153846155
1.5507692307692307
1.338846153846154
1.2473076923076922
1.2049999999999998
1.136923076923077
1.2276923076923079
1.0896153846153847
1.1242307692307691
1.286923076923077
1.1480769230769232
1.2496153846153848
1.001923076923077
1.0446153846153847
1.1542307692307694
0.9784615384615385
1.0776923076923077
0.9773076923076923
0.8984615384615384
0.9815384615384615
0.8046153846153847
0.8773076923076922
0.9146153846153846
0.841923076923077
1.0023076923076923
1.0242307692307693
0.9896153846153847
0.9996153846153847
0.9750000000000001
1.0376923076923077
0.996923076923077
1.0015384615384615
0.9634615384615385
0.8515384615384616
0.8115384615384614
0.6830769230769231
0.7653846153846153
0.7703846153846154
0.7038461538461539
0.621923076923077
0.6757692307692308
0.6826923076923077
0.7273076923076923
0.6734615384615383
0.6046153846153847
0.6003846153846154
0.62
0.6807692307692308
0.5619230769230769
0.6492307692307692
0.575
0.5465384615384615
0.5338461538461539
0.49115384615384616
0.44846153846153847
0.46384615384615385
0.4807692307692308
0.5215384615384615
0.5246153846153846
0.5426923076923077
0.5411538461538462
0.545
0.5173076923076922
0.42499999999999993
0.44461538461538463
0.38346153846153846
0.41500000000000004
0.5030769230769231
0.5657692307692307
0.4803846153846154
0.4688461538461538
0.4730769230769231
0.4915384615384616
0.4338461538461538
0.5057692307692307
0.43230769230769234
0.4346153846153846
0.4211538461538461
0.4273076923076923
0.39499999999999996
0.46153846153846156
0.3819230769230769
0.49115384615384616
0.6265384615384615
0.6030769230769231
0.7138461538461538
0.6092307692307692
0.48653846153846153
0.5326923076923077
0.4803846153846154
0.38923076923076927
0.6176923076923077
0.5957692307692308
0.5630769230769231
