temperature
2.518333333333333
2.4875
1.9291666666666665
2.285
3.1437500000000003
2.4670833333333335
2.4708333333333337
3.2591666666666668
3.300416666666667
2.92
2.482083333333333
2.4579166666666663
2.59
2.8275
2.7691666666666666
2.4341666666666666
2.2095833333333332
2.0679166666666666
2.268333333333333
2.6416666666666666
3.26125
2.56625
2.240416666666667
2.2441666666666666
1.7283333333333333
1.74875
1.5729166666666667
1.9529166666666666
2.6287499999999997
2.2220833333333334
2.118333333333333
2.3979166666666667
2.6975
3.1575
3.3358333333333334
3.924166666666667
3.8349999999999995
3.1429166666666664
2.6891666666666665
2.8541666666666665
2.2129166666666666
2.517916666666667
2.61875
2.1620833333333334
1.9891666666666665
1.9591666666666665
1.8966666666666667
2.518333333333333
2.236666666666667
2.1495833333333336
2.1995833333333334
2.296666666666667
3.1470833333333332
3.675416666666667
3.282083333333333
2.88875
3.0812500000000003
3.8033333333333332
3.2475
3.6008333333333336
3.890416666666667
3.55625
4.024166666666667
4.864166666666667
5.090833333333333
4.98625
4.49125
4.679583333333333
5.16
4.849166666666666
4.969166666666667
4.98125
4.315833333333333
4.27125
4.23625
4.507083333333333
4.130833333333333
4.0408333333333335
3.91375
4.055833333333333
4.41125
4.3275
4.484166666666667
5.002916666666667
5.005416666666666
4.697916666666667
4.6779166666666665
5.182916666666666
5.42875
5.976666666666667
5.727916666666666
5.0200000000000005
4.358333333333333
4.589166666666666
5.1775
5.5475
5.06
4.498333333333333
5.5
6.295833333333333
6.65125
6.404166666666666
5.663333333333334
6.24625
6.510416666666667
7.020416666666667
6.482916666666667
7.269166666666667
7.177916666666667
7.071666666666666
7.557916666666666
7.7441666666666675
7.348333333333334
7.177083333333333
6.8758333333333335
7.345
7.5425
7.34125
7.720416666666666
8.1775
7.543333333333333
7.773333333333333
8.021666666666667
8.334583333333333
7.754166666666666
8.598333333333334
9.079166666666667
8.622916666666667
8.221666666666666
8.546666666666667
8.400416666666667
8.895000000000001
8.978333333333333
9.21125
9.465416666666666
9.071250000000001
9.51375
9.27
9.879583333333334
10.349166666666667
9.59625
10.077916666666667
10.137916666666667
10.56375
10.801250000000001
10.51
9.848333333333333
10.654166666666667
11.04625
10.875416666666666
11.619166666666667
11.719166666666666
11.346666666666666
11.290416666666667
11.6
12.287083333333333
12.234583333333333
11.532916666666667
12.029166666666667
11.97375
11.913333333333334
11.59125
11.590000000000002
11.926250000000001
11.6425
11.6475
12.46125
12.5075
12.82625
13.132916666666667
12.892916666666666
12.137500000000001
12.245416666666666
12.510833333333332
12.762916666666667
13.100833333333334
13.250416666666666
13.059583333333334
13.40875
13.177083333333334
13.59375
13.359166666666667
13.61125
13.9325
14.282083333333333
14.218333333333334
14.887500000000001
14.96375
14.799166666666666
14.440833333333332
14.640833333333333
15.040416666666667
15.161666666666667
15.06375
14.7675
14.920833333333334
14.3125
14.21875
14.289583333333333
15.1275
14.755833333333333
14.559583333333334
14.838333333333333
14.7975
14.610833333333334
14.872916666666667
15.479999999999999
15.686666666666667
15.578333333333333
15.52875
15.517083333333332
14.669166666666667
14.83875
15.549999999999999
15.42
14.9475
15.094583333333333
15.08
14.543199999999999
14.7624
14.296800000000001
14.735999999999999
15.4176
14.9812
15.2224
15.464
15.3892
14.7292
14.5752
14.9648
15.3776
15.39
15.334000000000001
14.302
13.9676
13.8036
13.696
13.2212
13.3776
14.154000000000002
13.971200000000001
13.5436
13.4848
13.494000000000002
13.5144
12.883333333333333
12.84625
12.42375
12.148333333333333
12.90625
12.556666666666667
12.96
12.775416666666667
12.155833333333334
11.823749999999999
11.6875
11.687916666666666
11.483333333333334
12.210416666666667
12.564583333333333
11.630833333333333
11.702083333333334
11.90125
11.781666666666666
11.340833333333334
11.620833333333332
10.804166666666667
10.687916666666666
11.0725
10.748750000000001
11.43125
11.38875
11.559166666666668
10.731666666666667
10.677083333333334
10.46375
10.609583333333333
10.13
10.257916666666667
9.619583333333333
10.282083333333334
10.245416666666666
8.98
9.273333333333333
9.55125
8.940416666666666
8.689166666666667
8.83
8.18875
8.11875
8.393749999999999
8.655416666666667
7.655833333333334
7.809166666666666
7.883333333333333
8.175416666666667
8.18375
8.37375
8.06
7.39375
7.280833333333334
6.987916666666667
7.517083333333333
7.00875
7.062916666666666
7.271249999999999
6.833749999999999
6.522083333333334
6.2875000000000005
6.0975
6.573333333333333
6.451666666666667
6.239999999999999
6.453749999999999
5.915416666666666
5.168333333333334
5.031666666666667
5.13375
5.545833333333333
5.343333333333334
5.189583333333333
5.277916666666667
4.69
4.00875
4.32625
4.962083333333333
4.69
4.5075
5.1137500000000005
4.342083333333333
3.965833333333333
3.7879166666666664
3.372916666666667
3.5708333333333333
4.21875
4.58125
4.462083333333333
4.207916666666667
4.0375000000000005
3.5050000000000003
3.080833333333333
3.296666666666667
3.3179166666666666
3.4320833333333334
3.26625
2.9725
3.080833333333333
3.30875
3.625833333333333
3.3641666666666663
3.22875
3.1525
3.31625
3.234583333333333
3.4466666666666668
3.27
3.77
3.828333333333333
3.53125
3.2412500000000004
3.2587499999999996
3.4658333333333338
2.7220833333333334
2.9170833333333337
2.6533333333333333
