pet
0.46384615384615385
0.4519230769230769
0.3638461538461539
0.3607692307692308
0.43730769230769234
0.4419230769230769
0.5496153846153846
0.43
0.41730769230769227
0.5019230769230769
0.595
0.558076923076923
0.47961538461538455
0.5088461538461538
0.591923076923077
0.49
0.4857692307692308
0.5596153846153846
0.5930769230769231
0.435
0.4046153846153846
0.44692307692307687
0.46846153846153843
0.5253846153846153
0.5596153846153846
0.5292307692307692
0.568076923076923
0.6288461538461539
0.5634615384615385
0.5661538461538462
0.6269230769230769
0.6553846153846153
0.6307692307692307
0.5857692307692308
0.6742307692307693
0.6396153846153846
0.5107692307692308
0.5938461538461539
0.5957692307692308
0.5238461538461539
0.5603846153846154
0.6696153846153846
0.6661538461538462
0.5465384615384615
0.6938461538461538
0.7892307692307692
0.7034615384615385
0.7530769230769232
0.7153846153846154
0.8284615384615385
0.8430769230769232
0.8926923076923077
0.9126923076923077
0.8146153846153846
0.7542307692307693
0.8407692307692307
0.7346153846153847
0.7153846153846154
0.6896153846153846
0.6888461538461539
0.7657692307692308
0.7003846153846154
0.5842307692307692
0.7223076923076923
0.9442307692307692
1.0765384615384614
1.111923076923077
1.2161538461538461
1.2103846153846154
1.1700000000000002
0.9634615384615385
1.0407692307692307
1.2834615384615384
1.3557692307692308
1.2557692307692307
1.3392307692307692
1.1319230769230768
1.2507692307692306
1.2415384615384615
1.3261538461538462
1.3657692307692306
1.4319230769230769
1.4561538461538461
1.5057692307692307
1.5230769230769232
1.503076923076923
1.5450000000000002
1.4853846153846153
1.585
1.6976923076923076
1.7957692307692308
1.8061538461538462
1.643846153846154
1.5857692307692308
1.75
1.6753846153846155
1.4869230769230768
1.7684615384615383
1.7746153846153847
1.7119230769230769
1.8465384615384615
1.738076923076923
1.9103846153846153
1.9923076923076921
1.8880769230769232
1.9438461538461538
1.9084615384615384
1.8442307692307693
1.9061538461538463
2.2123076923076925
2.5311538461538463
2.4080769230769232
2.4857692307692307
2.503846153846154
2.2796153846153846
2.104230769230769
2.154230769230769
2.0596153846153844
2.111923076923077
2.1173076923076923
2.365
2.498076923076923
2.5300000000000002
2.4973076923076922
2.501923076923077
2.4923076923076923
2.814230769230769
2.737692307692307
2.7646153846153845
2.8346153846153848
2.615769230769231
2.7423076923076923
2.6000000000000005
2.62
2.8850000000000002
2.685
2.685769230769231
2.54
2.6484615384615386
2.6092307692307695
2.754230769230769
2.7069230769230765
2.670384615384615
2.6111538461538464
2.858076923076923
2.8573076923076925
2.848076923076923
2.8746153846153844
3.0415384615384613
3.1388461538461536
3.1996153846153845
3.197307692307692
2.891923076923077
2.8053846153846154
2.6142307692307694
2.6092307692307695
2.5403846153846152
2.605
2.561153846153846
2.7119230769230773
2.7688461538461535
2.5034615384615386
2.5203846153846152
2.434230769230769
2.601153846153846
2.4923076923076923
2.8092307692307688
2.792692307692308
2.8634615384615385
2.748846153846154
2.606923076923077
2.5930769230769233
2.5188461538461535
2.6015384615384614
2.623846153846154
2.8296153846153844
3.015
2.733846153846154
2.8207692307692307
2.8265384615384614
2.7807692307692307
2.7657692307692305
2.787692307692308
2.8438461538461537
2.6469230769230774
2.6680769230769235
2.572307692307692
2.5992307692307692
2.736923076923077
2.923076923076923
2.8096153846153844
2.7069230769230765
2.5788461538461536
2.440769230769231
2.7503846153846156
2.733076923076923
2.6753846153846155
2.7915384615384613
3.076923076923077
2.959230769230769
2.626153846153846
2.5676923076923077
2.7084615384615387
2.852692307692308
2.6773076923076924
2.9492307692307693
2.626923076923077
2.519230769230769
2.4899999999999998
2.5176923076923075
2.376923076923077
2.3734615384615383
2.4973076923076927
2.5184615384615388
2.4796153846153848
2.3696153846153845
2.438076923076923
2.3842307692307694
2.1884615384615382
2.488076923076923
2.453076923076923
2.3076923076923075
2.3915384615384614
2.353076923076923
2.464230769230769
2.265
2.05
2.1823076923076923
2.158846153846154
1.9826923076923075
2.102692307692308
2.088461538461538
2.0684615384615386
2.1346153846153846
2.0965384615384615
1.8726923076923077
2.08
1.8711538461538462
1.8030769230769232
1.75
1.6700000000000002
1.7780769230769233
1.706923076923077
1.6765384615384618
2.0573076923076923
1.7892307692307694
1.9773076923076922
1.9346153846153844
1.863076923076923
1.8111538461538463
1.8111538461538461
1.7596153846153846
1.9499999999999997
1.7623076923076924
1.72
1.5461538461538462
1.4219230769230768
1.5873076923076925
1.3646153846153846
1.3919230769230768
1.4834615384615384
1.5734615384615382
1.543076923076923
1.651923076923077
1.4623076923076925
1.4353846153846155
1.2603846153846154
1.2607692307692309
1.311923076923077
1.3876923076923076
1.4484615384615382
1.491923076923077
1.6211538461538462
1.2538461538461538
1.1723076923076923
1.0965384615384615
0.9973076923076923
1.1284615384615384
1.0215384615384615
1.1334615384615385
1.3250000000000002
1.1342307692307694
1.2461538461538462
0.9565384615384616
1.0580769230769231
1.1284615384615384
1.0196153846153846
1.071923076923077
1.011153846153846
0.8630769230769231
0.9857692307692307
0.875
0.8703846153846153
0.9123076923076923
0.8057692307692308
1.0123076923076924
1.0192307692307692
0.9434615384615385
0.963076923076923
1.0573076923076923
0.9442307692307692
0.9634615384615385
1.008076923076923
0.8942307692307693
0.8373076923076923
0.791923076923077
0.7157692307692307
0.7134615384615385
0.7046153846153846
0.6526923076923077
0.5957692307692308
0.6511538461538462
0.6346153846153846
0.7284615384615385
0.6503846153846153
0.56
0.5903846153846154
0.655
0.7176923076923077
0.5646153846153846
0.6565384615384615
0.583076923076923
0.5034615384615384
0.48653846153846153
0.4565384615384615
0.3346153846153846
0.42076923076923073
0.4257692307692308
0.4573076923076923
0.5442307692307693
0.51
0.5346153846153846
0.5176923076923077
0.5061538461538462
0.4453846153846154
0.4423076923076923
0.3792307692307692
0.40269230769230774
0.5338461538461539
0.5776923076923077
0.5119230769230769
0.535
0.48115384615384615
0.4984615384615384
0.4465384615384615
0.5230769230769231
0.40884615384615386
0.4507692307692308
0.43230769230769234
0.4338461538461538
0.3480769230769231
0.41230769230769226
0.37961538461538463
0.48000000000000004
0.6203846153846153
0.6261538461538462
0.713076923076923
0.6084615384615385
0.48423076923076924
0.5130769230769231
0.4507692307692308
0.3926923076923077
0.583076923076923
0.6111538461538462
0.6453846153846154
