pet
0.4238461538461538
0.45269230769230767
0.38769230769230767
0.48115384615384615
0.6223076923076923
0.3807692307692308
0.3903846153846154
0.5242307692307693
0.575
0.5973076923076923
0.43884615384615383
0.40076923076923077
0.45615384615384613
0.5307999999999999
0.49920000000000003
0.442
0.2828
0.348
0.4296
0.5044
0.6356
0.5920000000000001
0.6056
0.556
0.5296
0.48560000000000003
0.5168
0.5136
0.516
0.48839999999999995
0.552
0.5388000000000001
0.5396
0.5972
0.6548
0.7796
0.7668
0.6859999999999999
0.5992000000000001
0.5888
0.5508
0.552
0.48
0.41
0.3564
0.43560000000000004
0.48200000000000004
0.5732
0.48879999999999996
0.5092
0.5488000000000001
0.586
0.638
0.7415999999999999
0.6408
0.6156
0.7372
0.7968000000000001
0.8756
0.9168000000000001
0.9892
0.8992
0.894
1.048
1.09
1.1188
1.0816
1.0136
1.2156
1.1068
1.058
1.124
1.074
1.0592
1.1104
1.1488
1.228
1.12
1.1124
1.1476
1.1768
1.3828
1.3932
1.3608000000000002
1.3124
1.2564
1.3007999999999997
1.2704
1.3344
1.6424
1.5604
1.3944
1.2316
1.3188
1.3752000000000002
1.492
1.5519999999999998
1.4132
1.5408000000000002
1.8344
1.7856
1.8719999999999999
1.6808
1.784
1.9752
2.0492000000000004
1.8
2.0024
1.9904
1.8747999999999998
2.0707999999999998
2.2803999999999998
1.9268
1.9944
2.0328
1.9691999999999998
2.0987999999999998
2.1092
2.1108000000000002
2.2163999999999997
2.1553846153846155
2.2873076923076923
2.3373076923076925
2.3223076923076924
2.4673076923076924
2.392692307692308
2.629230769230769
2.5046153846153847
2.454230769230769
2.6557692307692307
2.584230769230769
2.6146153846153846
2.5380769230769227
2.5907692307692307
2.751923076923077
2.608846153846154
2.4053846153846155
2.565
2.769615384615385
2.9273076923076924
2.7046153846153844
2.975769230769231
2.938846153846154
2.9784615384615383
2.915769230769231
2.938076923076923
2.742692307692308
2.641923076923077
2.884230769230769
2.6853846153846153
2.9650000000000003
2.9026923076923077
2.689230769230769
2.6142307692307694
2.5803846153846157
2.7676923076923075
2.6811538461538458
2.868846153846154
2.7884615384615383
2.7130769230769234
2.6465384615384617
2.651923076923077
2.522307692307692
2.7069230769230765
2.6946153846153846
2.7188461538461537
3.0938461538461537
2.678076923076923
2.7473076923076927
2.8034615384615384
2.8996153846153847
2.6896153846153843
2.696153846153846
2.664230769230769
2.7942307692307695
2.933846153846154
3.0523076923076924
2.911153846153846
2.933076923076923
2.938076923076923
3.041923076923077
3.081153846153846
2.808846153846154
3.036538461538462
3.393076923076923
3.183846153846154
3.1469230769230765
3.170769230769231
3.2776923076923077
3.1184615384615384
3.1246153846153844
3.159615384615385
3.0453846153846156
3.210769230769231
3.2165384615384616
3.008846153846154
2.9269230769230767
2.849615384615385
2.958846153846154
3.1203846153846153
3.0430769230769235
2.956153846153846
3.103846153846154
2.962307692307692
2.802692307692308
3.076923076923077
3.0280769230769233
3.103846153846154
3.088846153846154
3.198846153846154
3.3857692307692306
2.9753846153846153
2.936923076923077
3.0930769230769233
2.9853846153846155
2.8503846153846153
2.868846153846154
2.7296153846153848
2.6769230769230767
2.8853846153846154
2.840384615384615
2.7176923076923076
2.8103846153846153
2.6680769230769235
2.7826923076923076
2.916153846153846
2.8203846153846155
2.7646153846153845
2.6696153846153843
2.6665384615384613
2.8846153846153846
2.8165384615384617
2.791923076923077
2.5330769230769232
2.2434615384615384
2.331153846153846
2.411153846153846
2.3449999999999998
2.269230769230769
2.4057692307692307
2.4699999999999998
2.271153846153846
2.1534615384615385
2.183846153846154
2.148846153846154
2.1196153846153845
2.1723076923076925
2.083076923076923
2.003076923076923
2.206153846153846
2.2592307692307694
2.1434615384615388
1.888076923076923
1.8757692307692309
1.7592307692307694
1.6342307692307694
1.6565384615384615
1.651923076923077
1.8146153846153845
1.7453846153846153
1.8115384615384615
1.6084615384615384
1.6415384615384616
1.701153846153846
1.6076923076923075
1.6811538461538462
1.4876923076923076
1.5573076923076923
1.54
1.4815384615384617
1.511923076923077
1.513076923076923
1.458846153846154
1.3392307692307692
1.419230769230769
1.4184615384615382
1.3192307692307692
1.238846153846154
1.253076923076923
1.1861538461538461
1.3746153846153848
1.459230769230769
1.2776923076923077
1.196923076923077
1.2365384615384616
1.0276923076923077
0.9976923076923078
0.9788461538461538
0.8403846153846154
0.8538461538461538
0.9492307692307692
1.0384615384615385
0.9634615384615385
0.8126923076923076
0.8746153846153847
0.9546153846153846
0.9523076923076922
1.03
0.9596153846153845
0.8761538461538462
0.7988461538461539
0.8188461538461538
0.9273076923076923
0.9269230769230768
0.9715384615384615
0.9523076923076924
0.8534615384615385
0.7865384615384615
0.6811538461538462
0.6476923076923077
0.8896153846153846
0.8142307692307692
0.745
0.7769230769230769
0.6215384615384616
0.5265384615384615
0.5642307692307692
0.5307692307692308
0.5423076923076923
0.4776923076923077
0.5442307692307693
0.591923076923077
0.4211538461538462
0.39961538461538465
0.485
0.5411538461538462
0.6242307692307693
0.5096153846153846
0.5465384615384615
0.49461538461538457
0.40653846153846157
0.33692307692307694
0.34346153846153843
0.5107692307692309
0.5773076923076924
0.6796153846153847
0.6038461538461538
0.5738461538461539
0.3738461538461539
0.3923076923076923
0.4480769230769231
0.3630769230769231
0.3330769230769231
0.37846153846153846
0.41923076923076924
0.47384615384615386
0.4380769230769231
0.47961538461538467
0.4496153846153846
0.43846153846153846
0.49230769230769234
0.40576923076923077
0.4569230769230769
0.5288461538461539
0.5380769230769231
0.5630769230769231
0.5542307692307692
0.5588461538461538
0.5161538461538462
0.5538461538461539
0.6373076923076924
0.6661538461538462
0.5003846153846154
0.3861538461538461
0.4380769230769231
