temperature
3.3123076923076926
3.241153846153846
2.9026923076923077
3.409615384615385
4.351923076923077
3.3596153846153842
3.646153846153846
4.196923076923077
4.157692307692307
4.001153846153846
3.325384615384616
2.7873076923076923
3.025384615384615
3.5338461538461536
3.645769230769231
3.251923076923077
2.4165384615384613
2.8642307692307694
3.147307692307692
3.425
4.068076923076923
3.7492307692307696
3.8715384615384614
3.631153846153846
3.2023076923076923
2.846538461538462
2.6784615384615384
3.090384615384615
3.3473076923076923
2.776923076923077
2.879230769230769
3.131153846153846
3.527307692307692
3.893076923076923
3.7026923076923075
4.246153846153846
4.343461538461539
4.001153846153846
3.4057692307692307
3.248076923076923
2.9873076923076924
2.958076923076923
2.7946153846153843
2.251153846153846
1.8903846153846153
2.038846153846154
2.261923076923077
3.085769230769231
2.6469230769230774
2.601153846153846
2.636153846153846
3.3903846153846158
3.5838461538461535
3.715384615384615
3.7296153846153848
3.363076923076923
3.5684615384615386
4.193846153846154
4.106923076923077
4.337692307692308
4.793846153846154
4.5346153846153845
4.636923076923077
5.142692307692308
5.244230769230769
5.491923076923077
5.481923076923077
5.148076923076923
5.936153846153847
5.461923076923076
5.541153846153846
5.412307692307692
5.082692307692308
4.9411538461538465
5.252307692307692
5.345384615384615
5.65
5.2846153846153845
5.245769230769231
5.383461538461538
5.335384615384616
6.091538461538462
5.9630769230769225
5.842692307692308
5.733076923076923
5.684230769230769
5.568076923076924
5.932307692307693
6.202692307692308
6.936153846153847
6.686923076923076
5.870384615384615
5.59
5.549615384615384
6.111923076923077
6.2226923076923075
6.1388461538461545
5.44423076923077
6.41423076923077
7.0138461538461545
7.603461538461539
7.25
6.615
7.178461538461539
8.106923076923078
8.202307692307691
7.446538461538462
8.272307692307693
8.294615384615385
8.01923076923077
8.588076923076922
8.982692307692307
7.941538461538461
7.651153846153846
7.77576923076923
8.07576923076923
7.821538461538462
8.172692307692309
8.460384615384616
8.656538461538462
8.145
8.53076923076923
8.77076923076923
9.093846153846155
9.206153846153846
9.868461538461538
10.299615384615386
9.954230769230769
9.62923076923077
10.028846153846153
9.811153846153847
10.17153846153846
9.786923076923078
9.910769230769231
10.25576923076923
10.040000000000001
10.276538461538461
10.043846153846154
10.814615384615385
11.44
10.930769230769231
11.640384615384617
11.392307692307693
11.759615384615385
11.677307692307693
11.691923076923077
11.054230769230768
11.40576923076923
11.603076923076923
11.276153846153846
12.03
12.623461538461537
12.094999999999999
12.318076923076923
12.318076923076923
13.056153846153846
12.766538461538461
12.484615384615385
13.19
12.732692307692307
12.91576923076923
13.047692307692309
12.81423076923077
13.05
12.707692307692307
12.977307692307694
13.723846153846154
13.751153846153848
13.74076923076923
14.033846153846154
13.98576923076923
13.546153846153846
13.662692307692309
13.710769230769232
13.987307692307693
14.366923076923078
14.693076923076923
14.391153846153847
14.265769230769232
14.372307692307693
15.087307692307691
14.73423076923077
14.63423076923077
14.98
15.558846153846153
15.438461538461537
15.64423076923077
16.012307692307694
15.919615384615385
15.918846153846154
15.617307692307692
16.118076923076924
15.532307692307691
16.395769230769233
16.248076923076923
15.918461538461539
15.593076923076923
15.36576923076923
15.333076923076923
16.26615384615385
15.680769230769231
15.754999999999999
15.866538461538463
15.74423076923077
15.636538461538462
16.057307692307692
16.24192307692308
16.67153846153846
16.341153846153848
16.746153846153845
17.15730769230769
16.053461538461537
15.87923076923077
16.357307692307693
16.073846153846155
15.957692307692307
15.928846153846154
15.666923076923077
15.139615384615384
15.37923076923077
15.223846153846154
15.449615384615385
15.88576923076923
15.599615384615383
16.009615384615383
16.37807692307692
16.146538461538462
15.565384615384614
15.27
15.604615384615386
16.00923076923077
16.127307692307692
16.06346153846154
15.088461538461539
14.96923076923077
14.991923076923078
14.92653846153846
14.511923076923077
14.590000000000002
14.858076923076924
15.032307692307691
14.415384615384616
14.584615384615384
14.399230769230769
14.61423076923077
14.074615384615385
13.889999999999999
13.387692307692307
13.200384615384614
13.862692307692308
13.609615384615385
14.170384615384616
13.336538461538462
12.90576923076923
12.843076923076923
12.843461538461538
12.534230769230769
12.421153846153846
13.281538461538462
12.996538461538462
12.58423076923077
12.437307692307693
12.558846153846153
12.648076923076925
12.097307692307691
12.63923076923077
11.756153846153847
11.574615384615385
11.551153846153845
11.493846153846153
11.754615384615384
11.781923076923077
12.026923076923076
11.356538461538461
11.74
11.136538461538462
10.916153846153845
11.022692307692306
11.183461538461538
10.313846153846153
10.961923076923076
11.17
10.04076923076923
10.145384615384616
10.451923076923077
9.281538461538462
9.024230769230769
9.181538461538462
8.829230769230769
8.738076923076923
9.370000000000001
9.389999999999999
8.323846153846155
8.454230769230769
8.64576923076923
9.08423076923077
9.186538461538461
8.904615384615385
8.74
8.33
8.002307692307692
8.082307692307692
8.81576923076923
8.59423076923077
8.293076923076923
8.32
7.780384615384615
7.591923076923076
6.796538461538462
6.753846153846154
7.716538461538462
7.4569230769230765
7.083461538461538
7.369230769230769
6.787307692307692
6.238846153846154
5.8015384615384615
5.725384615384616
5.931923076923076
5.190384615384615
5.459615384615384
5.883461538461538
5.238076923076923
4.813461538461539
5.119230769230769
5.774230769230769
5.9057692307692315
5.612307692307693
5.975769230769231
4.845384615384615
4.506923076923077
4.056538461538461
3.7823076923076924
4.2
4.841153846153846
5.448846153846154
5.634615384615385
5.503461538461538
4.833846153846154
4.1230769230769235
4.019615384615385
3.858461538461538
3.7007692307692306
4.108461538461539
3.9515384615384614
4.081538461538462
4.01
4.194615384615385
4.781923076923077
4.335384615384616
4.216923076923077
4.265384615384615
4.416538461538462
4.542692307692308
4.316923076923077
4.023461538461539
4.163461538461538
4.226923076923077
4.108076923076923
4.188076923076923
4.071153846153846
4.503846153846154
3.9434615384615386
3.405384615384615
3.4757692307692305
