pet
0.43952380952380954
0.3547619047619047
0.33428571428571424
0.2938095238095238
0.31
0.35714285714285715
0.5276190476190477
0.4971428571428571
0.4904761904761905
0.4538095238095238
0.4809523809523809
0.4928571428571428
0.48714285714285716
0.4166666666666667
0.508095238095238
0.47095238095238096
0.35428571428571426
0.47619047619047616
0.5961904761904762
0.5114285714285715
0.32666666666666666
0.4152380952380953
0.4042857142857143
0.3771428571428571
0.4809523809523809
0.5076190476190476
0.5923809523809523
0.6147619047619047
0.5323809523809524
0.4257142857142857
0.5904761904761905
0.6676190476190476
0.6585714285714286
0.55
0.6714285714285714
0.6857142857142857
0.45285714285714285
0.5257142857142857
0.6171428571428572
0.5576190476190477
0.49380952380952375
0.5666666666666667
0.5642857142857143
0.5257142857142858
0.5742857142857143
0.8114285714285714
0.7219047619047619
0.79
0.6328571428571429
0.7923809523809524
0.8285714285714285
0.9166666666666666
0.8852380952380953
0.9033333333333333
0.917142857142857
0.8966666666666667
0.7961904761904761
0.829047619047619
0.7385714285714285
0.6513636363636364
0.7509090909090909
0.7213636363636363
0.7113636363636364
0.8504545454545455
0.9522727272727273
1.0654545454545454
1.1613636363636364
1.2795454545454545
1.2495454545454545
1.2281818181818183
1.210909090909091
0.9704545454545456
1.3213636363636363
1.5113636363636365
1.4363636363636365
1.3213636363636363
1.303181818181818
1.3395454545454546
1.1727272727272728
1.345909090909091
1.2254545454545456
1.3709090909090909
1.414090909090909
1.4195454545454547
1.4318181818181819
1.4163636363636363
1.5836363636363637
1.666818181818182
1.8895454545454546
1.7027272727272729
1.718181818181818
1.7895454545454543
1.8231818181818182
1.6336363636363636
1.8672727272727272
1.755909090909091
1.583181818181818
1.622272727272727
1.8354545454545457
1.7868181818181819
1.7090909090909092
1.8536363636363637
2.028181818181818
2.1395454545454546
2.1213636363636366
2.0109090909090908
2.1
2.0527272727272727
2.04
2.1122727272727273
2.384090909090909
2.5177272727272726
2.5404545454545455
2.644090909090909
2.2922727272727275
2.0445454545454544
2.127727272727273
2.135
2.001818181818182
2.188181818181818
2.321818181818182
2.3436363636363637
2.335
2.317727272727273
2.5177272727272726
2.716818181818182
2.835
2.77
2.848181818181818
2.9322727272727276
2.687727272727273
2.585909090909091
2.559090909090909
2.3295454545454546
2.5586363636363636
2.6986363636363637
2.6445454545454545
2.7586363636363633
2.858636363636364
2.8686363636363637
2.9277272727272727
2.9377272727272725
2.99
3.0177272727272726
3.1163636363636367
3.0427272727272725
3.097727272727273
3.022272727272727
2.915909090909091
2.955
3.061363636363636
3.095
3.088636363636364
2.8204545454545453
2.6677272727272725
2.536818181818182
2.5931818181818183
2.745
2.7613636363636362
2.9259090909090912
2.765909090909091
2.856818181818182
2.81
2.88
2.967727272727273
2.9786363636363635
3.158181818181818
3.319090909090909
3.058181818181818
2.93
2.8854545454545453
3.012272727272727
2.919545454545455
3.0786363636363636
3.1063636363636364
3.1245454545454545
3.194090909090909
3.2318181818181815
2.9872727272727273
3.191363636363636
3.1181818181818177
3.2627272727272727
3.247272727272727
3.110454545454546
3.2586363636363633
3.3068181818181817
3.2
3.0577272727272726
3.0954545454545452
3.135
3.2022727272727276
3.019090909090909
3.0763636363636366
2.997727272727273
3.1454545454545455
3.200454545454545
3.440909090909091
3.441363636363637
3.6040909090909086
3.6313636363636363
3.274090909090909
3.1545454545454548
3.205
3.367272727272727
3.4031818181818183
3.4790909090909095
3.382727272727273
3.2409090909090907
3.180454545454545
3.0404545454545455
2.9277272727272727
3.0040909090909094
3.125
3.0281818181818183
3.117272727272727
2.940909090909091
3.0504545454545453
3.1209090909090906
2.9372727272727275
3.076363636363636
2.8231818181818182
2.774090909090909
3.157272727272727
2.7781818181818183
2.9013636363636364
2.7668181818181816
2.752727272727273
2.536818181818182
2.742272727272727
2.7745454545454544
2.6609090909090907
2.545
2.6422727272727276
2.724090909090909
2.555454545454545
2.4463636363636363
2.615
2.421818181818182
2.361818181818182
2.2754545454545454
2.200909090909091
2.0377272727272726
1.9954545454545454
2.027727272727273
2.3459090909090907
2.2418181818181817
2.291818181818182
2.3795454545454544
2.0890909090909093
2.0804545454545456
2.1095454545454544
2.1145454545454547
2.2186363636363637
2.1463636363636365
1.945
1.9727272727272727
1.9295454545454547
1.8977272727272727
1.8368181818181817
1.6050000000000002
1.7031818181818181
1.7513636363636365
1.8213636363636363
1.7713636363636363
1.6813636363636364
1.5527272727272725
1.4045454545454545
1.4359090909090908
1.4027272727272726
1.518181818181818
1.528181818181818
1.4845454545454544
1.5327272727272727
1.53
1.4542857142857142
1.408095238095238
1.2452380952380953
1.3376190476190477
1.1371428571428572
1.0776190476190475
1.2228571428571429
1.1938095238095239
1.4095238095238096
1.2057142857142857
1.2023809523809523
1.1790476190476191
1.006190476190476
0.9942857142857142
0.959047619047619
0.9152380952380952
0.9485714285714286
0.9014285714285715
0.9133333333333333
0.9342857142857144
0.779047619047619
0.9666666666666667
1.0071428571428571
1.0347619047619048
0.8904761904761904
0.8933333333333334
0.8976190476190476
0.8476190476190476
0.9352380952380953
0.8923809523809523
0.8114285714285714
0.7952380952380952
0.6704761904761904
0.5866666666666667
0.6019047619047619
0.5952380952380952
0.4847619047619047
0.5052380952380953
0.5676190476190476
0.6919047619047619
0.6485714285714286
0.600952380952381
0.6171428571428572
0.600952380952381
0.6542857142857142
0.5133333333333334
0.540952380952381
0.5376190476190476
0.40904761904761905
0.4371428571428571
0.5128571428571428
0.4361904761904762
0.33904761904761904
0.4042857142857143
0.36190476190476195
0.3795238095238095
0.4552380952380953
0.4042857142857143
0.37666666666666665
0.4152380952380952
0.3642857142857143
0.3852380952380952
0.26571428571428574
0.30619047619047624
0.4480952380952381
0.4361904761904762
0.3385714285714286
0.30333333333333334
0.20904761904761904
0.21761904761904763
0.20047619047619047
0.3347619047619047
0.2785714285714286
0.31
0.4442857142857143
0.36
0.2995238095238095
0.3157142857142857
0.3157142857142857
0.3628571428571429
0.569047619047619
0.590952380952381
0.6690476190476191
0.5866666666666667
0.43238095238095237
0.4552380952380953
0.44619047619047614
0.310952380952381
0.47619047619047616
0.5623809523809524
0.5314285714285715
