temperature
3.0349999999999997
3.159615384615385
3.085769230769231
3.714230769230769
4.275
3.3453846153846154
3.6276923076923073
4.103461538461539
4.265769230769231
4.053846153846154
3.0442307692307695
2.5380769230769236
2.7915384615384613
3.4780769230769235
3.661153846153846
3.2419230769230767
2.402307692307692
2.769615384615385
3.0984615384615384
3.516153846153846
4.205
3.959230769230769
3.8788461538461543
3.6046153846153848
3.461153846153846
2.95
2.8892307692307693
3.1257692307692304
3.290769230769231
2.644615384615385
2.9038461538461537
3.071923076923077
3.471538461538462
3.7903846153846152
3.704230769230769
4.346923076923077
4.280384615384616
3.767692307692308
3.3203846153846155
3.1326923076923077
2.9584615384615387
3.021153846153846
2.721538461538462
2.0684615384615386
1.8280769230769232
1.9230769230769231
2.2376923076923076
3.1107692307692307
2.7346153846153842
2.6030769230769235
2.6165384615384615
3.3173076923076925
3.6569230769230767
3.9134615384615383
3.327307692307692
3.234615384615385
3.741153846153846
4.210384615384616
4.161923076923077
4.371153846153846
4.801923076923076
4.481923076923077
4.45
5.08576923076923
5.25076923076923
5.587692307692308
5.396538461538461
5.084615384615384
5.997307692307692
5.476923076923077
5.505769230769231
5.408076923076924
5.227692307692308
5.293846153846153
5.345769230769231
5.495384615384615
6.008076923076923
5.431538461538461
5.521538461538461
5.608846153846154
5.378076923076923
6.3380769230769225
6.359615384615385
6.072307692307692
6.028076923076924
5.852692307692307
5.747692307692308
5.929615384615384
5.976538461538462
7.083461538461538
6.895769230769231
6.041923076923077
5.5746153846153845
5.655
6.333461538461538
6.495384615384615
6.506923076923077
5.811153846153847
6.61
7.436923076923078
7.732692307692308
7.490384615384615
6.859230769230769
7.3465384615384615
8.246538461538462
8.293076923076923
7.549230769230769
8.23576923076923
8.326923076923077
8.037692307692307
8.669615384615385
9.258461538461539
8.046923076923077
7.996153846153846
8.076153846153845
8.106538461538461
7.988076923076923
8.428846153846154
8.677307692307693
8.994615384615384
8.543461538461539
8.842692307692307
8.835384615384616
9.236153846153847
9.523076923076923
9.699615384615385
10.416538461538462
9.97653846153846
9.811153846153847
10.174230769230771
10.233076923076924
10.349230769230768
10.346153846153847
10.333461538461538
10.903076923076924
10.470769230769232
10.098846153846154
10.335769230769232
10.92576923076923
11.68
11.149615384615384
11.883846153846154
11.738461538461538
11.998461538461537
11.778846153846153
11.934230769230767
11.337307692307691
11.413076923076924
11.891538461538461
11.442692307692308
12.36153846153846
12.751538461538463
12.492307692307692
12.34423076923077
12.290384615384616
13.073076923076922
12.893461538461539
13.095769230769232
13.41
12.961538461538462
13.071923076923078
13.050384615384615
12.738461538461538
13.158846153846154
13.068461538461538
13.258076923076922
14.332307692307692
13.628076923076922
13.836923076923076
14.012307692307692
14.336923076923076
13.781923076923077
13.758846153846154
13.606538461538461
14.307307692307692
14.583846153846155
14.853076923076923
14.664230769230768
14.728461538461538
14.746923076923078
15.406538461538462
15.199615384615385
14.98923076923077
15.435384615384615
16.14076923076923
15.771923076923077
15.90846153846154
16.43423076923077
16.386153846153846
16.12923076923077
16.031153846153845
16.29
15.950769230769232
16.595384615384617
16.508846153846154
16.241153846153846
15.774999999999999
15.503461538461538
15.815384615384614
16.70653846153846
16.295384615384616
16.064230769230768
16.333076923076923
15.951153846153845
15.979615384615384
16.52846153846154
16.617307692307694
16.888461538461538
16.804615384615385
17.000384615384615
17.658461538461538
16.665384615384617
16.170384615384616
16.655
16.439230769230768
16.03846153846154
16.240384615384617
15.900000000000002
15.677692307692308
15.904615384615385
16.040769230769232
15.988076923076923
16.21076923076923
16.009615384615383
16.258846153846154
16.580384615384613
16.45846153846154
15.896923076923077
15.748846153846156
16.038076923076922
16.423461538461538
16.581923076923076
16.313076923076924
15.474615384615387
14.930384615384614
15.206153846153846
15.302692307692308
15.071923076923078
14.731153846153846
15.100000000000001
15.321923076923078
14.745000000000001
14.680769230769231
14.74923076923077
14.678461538461537
14.09769230769231
14.493076923076924
14.079230769230769
13.811923076923078
14.51076923076923
14.221538461538461
14.430769230769231
13.524999999999999
13.598846153846154
13.382692307692308
12.930384615384614
12.885
12.656153846153845
13.345384615384615
13.080769230769231
12.907692307692308
12.578846153846154
13.01423076923077
12.906923076923077
12.535
13.037692307692309
12.171923076923077
12.089230769230769
12.05153846153846
11.776153846153846
12.22923076923077
12.116538461538463
12.165000000000001
11.636153846153848
11.749615384615385
11.421923076923077
11.306538461538462
11.086538461538462
11.311153846153845
10.488076923076923
11.117307692307692
11.62076923076923
10.631153846153847
10.701538461538462
10.473461538461539
9.550384615384615
9.470384615384615
9.360384615384616
8.885769230769231
9.089615384615383
9.481153846153846
9.373846153846154
8.716923076923077
8.463461538461539
8.76
9.160384615384617
9.294615384615385
9.263461538461538
9.011153846153846
8.464230769230769
8.322307692307692
8.23
8.946153846153846
8.70923076923077
8.504615384615384
8.346923076923078
7.809230769230769
7.626538461538461
6.739615384615385
6.765384615384615
7.822307692307692
7.489615384615385
7.278846153846154
7.508461538461538
6.968461538461539
6.213846153846154
5.913461538461538
5.668846153846155
5.882692307692308
5.225384615384614
5.508846153846154
5.891923076923077
5.109615384615385
4.789230769230769
4.9969230769230775
5.359230769230769
5.922692307692308
5.648846153846154
5.775384615384615
4.864230769230769
4.408461538461538
3.8653846153846154
3.6276923076923073
4.207692307692308
4.827307692307692
5.673461538461538
5.528076923076923
5.46076923076923
4.729615384615385
4.343076923076923
4.3173076923076925
3.703461538461539
3.348076923076923
3.706153846153846
3.8326923076923074
3.8757692307692304
4.015384615384615
4.365769230769231
4.817692307692308
4.5892307692307694
4.3730769230769235
4.046923076923077
4.474615384615385
4.698846153846154
4.453461538461538
4.0588461538461535
4.018461538461539
4.234230769230769
4.205384615384616
4.413076923076923
4.214615384615384
4.5503846153846155
3.823846153846154
3.0703846153846155
3.168461538461538
