pet
0.3421739130434783
0.3130434782608696
0.3
0.2526086956521739
0.3139130434782609
0.3408695652173913
0.45173913043478264
0.31043478260869567
0.27956521739130435
0.3739130434782609
0.42782608695652175
0.40391304347826085
0.36869565217391304
0.33869565217391306
0.41434782608695647
0.3839130434782609
0.2717391304347826
0.3708695652173913
0.4578260869565217
0.39
0.29304347826086957
0.3591304347826087
0.3582608695652174
0.3708695652173913
0.40739130434782606
0.45782608695652177
0.4743478260869565
0.5095652173913043
0.42826086956521736
0.3960869565217391
0.5034782608695653
0.568695652173913
0.51
0.45217391304347826
0.5508695652173913
0.5152173913043478
0.418695652173913
0.4665217391304348
0.5195652173913043
0.41304347826086957
0.40608695652173915
0.5034782608695653
0.5130434782608696
0.4126086956521739
0.4995652173913044
0.6330434782608696
0.588695652173913
0.6121739130434782
0.5669565217391305
0.6173913043478261
0.6239130434782608
0.7343478260869566
0.6434782608695653
0.7339130434782608
0.6286956521739131
0.6873913043478261
0.6334782608695653
0.6
0.5852173913043478
0.5039130434782608
0.5852173913043479
0.5639130434782609
0.5373913043478261
0.6426086956521739
0.7878260869565218
0.9404347826086956
0.948695652173913
1.102608695652174
1.047391304347826
0.991304347826087
0.8634782608695651
0.8273913043478262
1.056521739130435
1.1734782608695653
1.1878260869565218
1.131304347826087
1.0734782608695652
1.1430434782608696
1.0582608695652174
1.1478260869565218
1.117391304347826
1.1969565217391305
1.2143478260869565
1.3182608695652174
1.3578260869565217
1.288695652173913
1.32
1.353913043478261
1.5126086956521738
1.5043478260869565
1.4391304347826088
1.4178260869565218
1.5278260869565217
1.3691304347826085
1.5304347826086957
1.451304347826087
1.232608695652174
1.431304347826087
1.5804347826086957
1.5134782608695654
1.5604347826086957
1.5021739130434781
1.695217391304348
1.7708695652173916
1.7947826086956522
1.7895652173913046
1.8869565217391304
1.7413043478260868
1.7482608695652175
1.9934782608695654
2.226086956521739
2.3143478260869563
2.2247826086956524
2.2508695652173913
2.0295652173913044
1.9291304347826086
1.9691304347826086
1.8904347826086956
1.8330434782608698
1.9447826086956523
2.0860869565217395
2.0786956521739133
2.1404347826086956
2.2243478260869565
2.2960869565217394
2.25
2.557391304347826
2.4208695652173913
2.493913043478261
2.65695652173913
2.453478260869565
2.3343478260869563
2.3230434782608698
2.213478260869565
2.4321739130434783
2.462608695652174
2.3816666666666664
2.3845833333333335
2.4766666666666666
2.4316666666666666
2.638333333333333
2.52875
2.6041666666666665
2.5295833333333335
2.620416666666667
2.5783333333333336
2.6841666666666666
2.544583333333333
2.5779166666666664
2.59375
2.7895833333333333
2.89875
2.6704166666666667
2.53875
2.282083333333333
2.2808333333333333
2.2833333333333337
2.4466666666666668
2.4445833333333336
2.5170833333333333
2.5933333333333333
2.450833333333333
2.3316666666666666
2.330416666666667
2.3558333333333334
2.4058333333333333
2.7624999999999997
2.6687499999999997
2.6483333333333334
2.5091666666666668
2.347916666666667
2.3279166666666664
2.4354166666666663
2.4883333333333333
2.4875000000000003
2.5341666666666667
2.685416666666667
2.527083333333333
2.4879166666666666
2.6258333333333335
2.50125
2.6045833333333333
2.6999999999999997
2.5429166666666667
2.567083333333333
2.6025
2.549166666666667
2.495
2.43375
2.4766666666666666
2.52625
2.43
2.3154166666666667
2.3029166666666665
2.3379166666666666
2.44625
2.5054166666666666
2.560416666666667
2.73875
2.6891666666666665
2.4587499999999998
2.3016666666666663
2.47
2.5812500000000003
2.4479166666666665
2.5904166666666666
2.47125
2.4345833333333333
2.330416666666667
2.3379166666666666
2.3116666666666665
2.2916666666666665
2.4404166666666667
2.36
2.4320833333333334
2.3033333333333332
2.2441666666666666
2.24125
2.0791666666666666
2.1666666666666665
2.2025
2.0108333333333333
2.1945833333333336
2.1233333333333335
2.2033333333333336
2.1729166666666666
1.97375
1.9733333333333334
1.9558333333333333
1.9541666666666666
1.8895833333333334
1.8616666666666666
1.925
1.9991666666666665
1.9479166666666667
1.7620833333333332
1.83625
1.6900000000000002
1.6729166666666666
1.6137499999999998
1.4858333333333331
1.5308333333333335
1.4820833333333334
1.5770833333333334
1.79125
1.6529166666666668
1.7858333333333334
1.7741666666666667
1.6125
1.602083333333333
1.6020833333333335
1.5579166666666666
1.6354166666666667
1.6362499999999998
1.5216666666666667
1.4391666666666667
1.3579166666666669
1.33125
1.2570833333333333
1.2041666666666666
1.2741666666666667
1.2495833333333335
1.25125
1.3025
1.2529166666666667
1.1483333333333332
1.1433333333333333
1.12125
1.0754166666666667
1.1395833333333334
1.2295833333333333
1.1199999999999999
1.1829166666666666
1.1265217391304347
1.0691304347826087
0.9878260869565217
0.946086956521739
0.9747826086956523
0.91
0.9739130434782608
1.076521739130435
0.9452173913043479
1.0291304347826087
0.9330434782608696
0.9630434782608697
0.9743478260869566
0.8769565217391305
0.83
0.8256521739130435
0.7482608695652174
0.7613043478260869
0.7182608695652174
0.6926086956521739
0.73
0.6791304347826087
0.7478260869565218
0.812608695652174
0.7543478260869566
0.7452173913043478
0.8578260869565217
0.7143478260869565
0.7386956521739131
0.8130434782608695
0.6978260869565218
0.7221739130434782
0.6404347826086957
0.5504347826086956
0.5860869565217391
0.5369565217391304
0.5008695652173912
0.4708695652173913
0.42043478260869566
0.4717391304347826
0.5752173913043478
0.5339130434782609
0.52
0.4856521739130435
0.46913043478260874
0.5634782608695652
0.43565217391304345
0.45086956521739124
0.43000000000000005
0.3873913043478261
0.371304347826087
0.3878260869565217
0.29
0.3239130434782609
0.32521739130434785
0.3204347826086957
0.35695652173913045
0.36869565217391304
0.4008695652173913
0.39652173913043476
0.41304347826086957
0.32782608695652177
0.35130434782608694
0.24000000000000002
0.29347826086956524
0.42347826086956525
0.3873913043478261
0.32913043478260867
0.2982608695652174
0.24695652173913046
0.2817391304347826
0.25173913043478263
0.3678260869565218
0.27695652173913043
0.2526086956521739
0.29
0.25086956521739134
0.22565217391304349
0.2308695652173913
0.27043478260869563
0.29434782608695653
0.3917391304347826
0.45826086956521733
0.5130434782608696
0.4265217391304348
0.33608695652173914
0.30173913043478257
0.3243478260869565
0.2747826086956522
0.3508695652173913
0.40869565217391307
0.4513043478260869
