temperature
3.620769230769231
3.5573076923076923
3.3815384615384616
3.7315384615384612
4.425
3.816923076923077
3.7473076923076927
4.271538461538461
4.680769230769231
4.49
3.446923076923077
3.0865384615384617
3.313846153846154
3.9688461538461537
4.0673076923076925
3.6334615384615385
2.7584615384615385
3.1773076923076924
3.354230769230769
3.7353846153846155
4.606538461538461
4.349230769230769
4.436538461538461
4.002692307692308
3.843461538461539
3.426153846153846
3.493846153846154
3.6076923076923078
3.611923076923077
2.8484615384615384
3.4123076923076923
3.3438461538461537
3.5065384615384616
3.994230769230769
3.9823076923076925
4.741538461538462
4.783846153846154
4.111153846153846
3.725769230769231
3.2765384615384616
3.1584615384615384
3.3834615384615385
3.0911538461538464
2.4430769230769234
2.186923076923077
2.3242307692307693
2.619230769230769
3.206538461538462
3.117692307692308
2.772307692307692
3.06
3.4438461538461542
3.6742307692307694
4.28
4.0115384615384615
3.7800000000000002
3.7157692307692307
4.432307692307692
4.618846153846154
4.931153846153847
5.339615384615384
4.773461538461539
4.638461538461538
5.404615384615385
5.681923076923076
5.836538461538462
6.001538461538461
5.670000000000001
6.481923076923077
6.116923076923077
6.105769230769231
5.745384615384615
5.755769230769231
5.683076923076923
5.952307692307692
6.271923076923077
6.819615384615385
5.93076923076923
6.101153846153846
6.226923076923077
6.073846153846154
6.876923076923077
7.042307692307692
6.663076923076924
6.537692307692307
6.052692307692308
6.215
6.375769230769231
6.500769230769231
7.711538461538462
7.466538461538462
6.921923076923077
6.305384615384615
5.849615384615385
6.655
7.099615384615385
7.172692307692308
6.413076923076924
6.981538461538461
7.951538461538462
7.770384615384615
7.983461538461539
7.555000000000001
7.666538461538461
8.406538461538462
8.643461538461539
7.94923076923077
7.97
8.761923076923077
8.33423076923077
8.988846153846154
9.829230769230769
8.665
8.47423076923077
8.572307692307692
8.586923076923076
8.453076923076923
8.891153846153847
9.008461538461539
9.606153846153846
9.025
9.474230769230768
9.188461538461539
9.188076923076924
9.720769230769232
10.007307692307693
10.567307692307692
10.462692307692306
10.491153846153846
10.584615384615384
10.345
10.896923076923077
10.659615384615384
10.825384615384614
11.452692307692306
11.296153846153846
10.75076923076923
11.055769230769231
11.41576923076923
12.098076923076924
11.523076923076925
12.112692307692308
12.150769230769232
12.491538461538461
12.146538461538462
12.487692307692308
12.020384615384616
11.716153846153846
12.522307692307692
12.3
12.879615384615384
13.418076923076923
13.18576923076923
12.935384615384615
13.093076923076923
13.461923076923076
13.461923076923076
13.695
13.817307692307692
13.518846153846154
13.436923076923078
13.540384615384616
13.40846153846154
13.942307692307692
13.714230769230769
13.55923076923077
14.415384615384616
13.826153846153847
14.400384615384617
14.614615384615385
14.628846153846155
14.457307692307692
14.188846153846155
14.288076923076924
14.658076923076923
15.03730769230769
15.408846153846154
15.298461538461538
15.247692307692308
15.205384615384617
15.700769230769232
15.856153846153846
15.600000000000001
15.583076923076923
16.556923076923077
16.424230769230768
16.646923076923077
16.695
17.23153846153846
16.501153846153844
16.568846153846156
16.928846153846152
16.52230769230769
17.068076923076923
17.22153846153846
16.73923076923077
16.25076923076923
16.200384615384614
16.167307692307695
16.954615384615384
16.784615384615385
16.66653846153846
16.67653846153846
16.61846153846154
16.425384615384615
16.87192307692308
17.042307692307695
17.306153846153844
17.395
17.780384615384616
18.060384615384613
17.411538461538463
16.692307692307693
17.083076923076923
17.228076923076923
16.838461538461537
16.553461538461537
16.700384615384614
16.537692307692307
16.80153846153846
16.74923076923077
16.451923076923077
16.598076923076924
16.514615384615386
16.80807692307692
17.439230769230768
17.318076923076923
16.66423076923077
16.24346153846154
16.39076923076923
17.036923076923078
16.91769230769231
17.046153846153846
15.950384615384614
15.443076923076923
15.444230769230769
15.811153846153847
15.517692307692307
15.07846153846154
15.566538461538462
15.687692307692307
15.291923076923077
15.040000000000001
15.19576923076923
15.061538461538463
14.816538461538462
14.971923076923076
14.621538461538462
14.098846153846154
14.875
14.957692307692307
15.005384615384616
14.208076923076923
14.029230769230768
13.86153846153846
13.229615384615386
13.329615384615384
13.412692307692309
13.858461538461539
13.629615384615384
13.684615384615386
13.069615384615386
13.434615384615386
13.525384615384617
13.09423076923077
13.526923076923076
12.787692307692309
12.635769230769231
12.820769230769232
12.503076923076922
12.742307692307692
13.085769230769232
12.558846153846153
12.155384615384616
12.18923076923077
11.967692307692309
11.929615384615385
11.714230769230769
11.748076923076923
11.098076923076924
11.847307692307691
12.09769230769231
11.677307692307693
11.345
11.569230769230769
10.57
10.053076923076922
10.09423076923077
9.563076923076922
9.991923076923078
10.139615384615384
10.032692307692308
9.367307692307692
9.055384615384614
9.272692307692308
9.510769230769231
9.749615384615385
9.706538461538461
9.415
9.203076923076923
8.838846153846154
8.716923076923077
9.190384615384614
9.057692307692308
8.906538461538462
8.862307692307693
8.256923076923076
7.917307692307692
7.29
7.170384615384616
8.274615384615384
8.142692307692307
7.723076923076923
8.21653846153846
7.330384615384616
6.680384615384615
6.420384615384616
6.167307692307692
6.361538461538462
6.009230769230769
6.231153846153846
6.461538461538462
5.695769230769231
5.224230769230768
5.426153846153847
5.7807692307692315
6.140769230769231
5.896923076923077
6.037692307692307
5.230769230769231
4.779615384615385
4.253461538461538
4.049230769230769
4.8730769230769235
5.305384615384615
5.946923076923077
5.789615384615384
5.853461538461539
5.406538461538461
4.696153846153846
4.841153846153846
4.3769230769230765
3.9915384615384615
4.16
4.032307692307692
4.415384615384616
4.509615384615385
4.433076923076923
4.924615384615384
4.78
4.793461538461538
4.6899999999999995
4.957692307692308
5.134615384615385
5.189230769230769
4.6292307692307695
4.572692307692308
4.585
4.601153846153846
4.964230769230769
4.786538461538462
4.791923076923077
4.1850000000000005
3.3776923076923078
3.388076923076923
