pet
0.43956521739130433
0.4947826086956522
0.43478260869565216
0.47565217391304343
0.6269565217391304
0.371304347826087
0.3852173913043478
0.5260869565217391
0.5704347826086956
0.5304347826086956
0.3782608695652174
0.3991304347826087
0.45086956521739124
0.48782608695652174
0.5456521739130435
0.45521739130434785
0.3443478260869565
0.4134782608695652
0.45826086956521744
0.4982608695652174
0.5930434782608696
0.4978260869565217
0.5182608695652174
0.5439130434782609
0.5369565217391304
0.46
0.5156521739130434
0.528695652173913
0.5495652173913044
0.4865217391304348
0.5595652173913044
0.48782608695652174
0.5165217391304348
0.6678260869565217
0.7647826086956522
0.8973913043478261
0.8908695652173914
0.6421739130434783
0.62
0.7004347826086956
0.6056521739130435
0.6208695652173912
0.5308695652173913
0.5065217391304347
0.46347826086956523
0.5295652173913044
0.4882608695652174
0.6495652173913044
0.62
0.611304347826087
0.611304347826087
0.6286956521739131
0.7034782608695652
0.802608695652174
0.6017391304347826
0.6482608695652174
0.7865217391304348
0.8973913043478261
0.8930434782608695
0.9778260869565218
1.1013043478260869
0.8995652173913044
0.8947826086956521
1.0756521739130436
1.163478260869565
1.2430434782608695
1.1278260869565218
1.093913043478261
1.3304347826086957
1.1443478260869566
1.1865217391304348
1.2195652173913043
1.1808695652173913
1.131304347826087
1.182608695652174
1.2691304347826087
1.2569565217391305
1.002608695652174
1.1369565217391304
1.0621739130434782
1.1265217391304347
1.3556521739130434
1.3634782608695653
1.316521739130435
1.3091304347826087
1.3695652173913044
1.3708695652173915
1.3782608695652174
1.3156521739130433
1.6443478260869566
1.6369565217391304
1.4047826086956523
1.2760869565217392
1.34
1.4673913043478262
1.5034782608695652
1.4260869565217391
1.483913043478261
1.6852173913043478
1.8265217391304347
1.8082608695652176
1.7695652173913046
1.5647826086956522
1.695217391304348
1.8878260869565218
1.9195652173913043
1.6504347826086956
1.8678260869565217
1.9717391304347827
1.8578260869565215
2.152608695652174
2.3326086956521737
2.009130434782609
2.1117391304347826
2.1282608695652177
2.031304347826087
2.107391304347826
2.2447826086956524
2.2704347826086955
2.319130434782609
2.296521739130435
2.428695652173913
2.3517391304347828
2.3178260869565217
2.413913043478261
2.3965217391304345
2.5917391304347825
2.4208695652173913
2.3578260869565217
2.526521739130435
2.620434782608696
2.6247826086956523
2.7256521739130433
2.7043478260869565
2.9060869565217393
2.666086956521739
2.4791304347826086
2.5391304347826087
2.7378260869565216
2.967391304347826
2.6204347826086956
2.8508333333333336
2.8845833333333335
2.91625
2.8791666666666664
2.83375
2.6416666666666666
2.63625
2.9150000000000005
2.6595833333333334
3.01375
2.9591666666666665
2.7433333333333336
2.68625
2.537916666666667
2.8191666666666664
2.6916666666666664
2.716666666666667
2.72625
2.705416666666667
2.6620833333333334
2.5675
2.4379166666666667
2.6275
2.5304166666666665
2.59375
2.888333333333333
2.672083333333333
2.6675
2.8179166666666666
2.9075
2.518333333333333
2.64875
2.513333333333333
2.6570833333333335
2.7408333333333332
2.9287500000000004
2.827083333333333
3.025
2.828333333333333
2.9583333333333335
2.86375
2.7975
2.942083333333333
3.1925000000000003
3.1179166666666664
3.235416666666667
3.2675
3.379166666666667
3.1429166666666664
3.1645833333333333
3.219583333333333
3.1820833333333334
3.2525
3.185
3.12125
2.9466666666666668
2.955833333333333
3.025
3.2541666666666664
3.1833333333333336
2.9416666666666664
3.1079166666666667
3.095416666666667
2.984166666666667
3.175416666666667
3.143333333333333
3.2691304347826087
3.2756521739130435
3.2282608695652173
3.3343478260869563
2.9773913043478264
2.93
3.037391304347826
2.986521739130435
2.8334782608695654
2.9404347826086954
2.816521739130435
2.772608695652174
2.8317391304347823
2.8717391304347823
3.008695652173913
3.0152173913043474
2.8078260869565215
2.7708695652173914
2.822608695652174
2.8260869565217392
2.756521739130435
2.736086956521739
2.719130434782609
2.923478260869565
2.9017391304347826
2.951304347826087
2.5917391304347825
2.3404347826086958
2.292608695652174
2.376086956521739
2.1908695652173913
2.226086956521739
2.2795652173913044
2.32695652173913
2.245217391304348
2.1995652173913043
2.223913043478261
2.1921739130434785
1.9695652173913043
2.157391304347826
1.9734782608695653
1.9469565217391305
2.1539130434782607
2.044782608695652
2.1291304347826085
1.9865217391304346
1.9230434782608694
1.7195652173913043
1.6221739130434785
1.6430434782608696
1.6721739130434783
1.7708695652173916
1.836521739130435
1.856521739130435
1.6282608695652174
1.6930434782608694
1.7643478260869565
1.586086956521739
1.7147826086956521
1.5182608695652176
1.5682608695652174
1.5904347826086955
1.537391304347826
1.5965217391304347
1.5639130434782609
1.6265217391304347
1.4734782608695653
1.3830434782608696
1.3456521739130434
1.3343478260869566
1.2765217391304347
1.343913043478261
1.2295652173913043
1.3404347826086955
1.4365217391304348
1.2117391304347827
1.2352173913043478
1.2543478260869565
1.067391304347826
0.9991304347826088
1.0343478260869565
0.9339130434782609
0.8547826086956521
0.928695652173913
1.0434782608695652
0.9821739130434782
0.8582608695652175
0.85
0.8856521739130435
0.8721739130434782
0.9391304347826087
0.8786956521739131
0.8595652173913043
0.8178260869565217
0.8086956521739131
0.8634782608695651
0.792608695652174
0.8126086956521739
0.7952173913043478
0.7626086956521739
0.7030434782608697
0.6295652173913043
0.6108695652173913
0.7965217391304348
0.7395652173913042
0.7460869565217392
0.7373913043478261
0.6752173913043479
0.5013043478260869
0.4982608695652174
0.508695652173913
0.5060869565217392
0.5156521739130434
0.5769565217391304
0.6339130434782608
0.4504347826086956
0.3882608695652174
0.4547826086956521
0.5721739130434783
0.6221739130434782
0.4830434782608695
0.5860869565217391
0.5395652173913044
0.39956521739130435
0.3843478260869565
0.3530434782608695
0.46260869565217394
0.48869565217391303
0.6034782608695652
0.5313043478260869
0.4773913043478261
0.2682608695652174
0.2991304347826087
0.358695652173913
0.4434782608695652
0.4134782608695652
0.44565217391304346
0.46347826086956523
0.4947826086956522
0.3882608695652174
0.5021739130434782
0.42173913043478256
0.41826086956521735
0.45608695652173914
0.40304347826086956
0.42695652173913046
0.4008695652173913
0.3982608695652174
0.4743478260869565
0.5652173913043478
0.6513043478260869
0.5321739130434783
0.5491304347826087
0.5356521739130435
0.5669565217391305
0.5017391304347827
0.4678260869565217
0.4830434782608695
