temperature
3.4743478260869565
3.5556521739130433
3.568260869565217
4.193913043478261
4.706521739130435
3.4904347826086957
3.4078260869565216
3.8578260869565217
4.179130434782609
3.506086956521739
2.5456521739130435
2.3904347826086956
2.5473913043478262
3.2034782608695656
3.8660869565217393
3.255217391304348
2.787391304347826
3.1613043478260865
3.467826086956522
3.83
4.044347826086956
3.504782608695652
3.6160869565217393
3.781304347826087
3.6421739130434783
2.885652173913044
2.9817391304347827
3.425652173913044
3.688695652173913
3.218695652173913
3.4826086956521736
3.3765217391304345
3.7430434782608697
4.32
4.606086956521739
5.2504347826086954
4.919130434782609
3.71304347826087
3.511304347826087
3.4691304347826084
3.146521739130435
3.1882608695652173
2.903913043478261
2.451304347826087
2.3065217391304347
2.6582608695652175
2.787391304347826
3.582608695652174
3.3395652173913044
3.1626086956521737
3.154782608695652
3.6495652173913045
3.9526086956521738
4.254347826086956
3.5460869565217394
3.781304347826087
4.472173913043478
5.044347826086956
5.125652173913044
5.369130434782609
5.808695652173912
4.9482608695652175
5.033913043478261
5.864347826086957
6.294782608695653
6.546086956521739
5.9995652173913046
5.901739130434783
6.808695652173912
6.152608695652174
6.413913043478261
6.435652173913044
6.288695652173913
6.154782608695652
6.043478260869565
6.307391304347826
6.530869565217392
5.5
5.923478260869565
5.745217391304347
5.8713043478260865
6.872608695652174
6.86
6.656956521739131
6.5978260869565215
6.581304347826087
6.630434782608695
6.668695652173913
6.474347826086956
7.684782608695652
7.423043478260871
6.5773913043478265
6.033913043478261
6.208695652173914
6.7413043478260875
6.897391304347826
6.51304347826087
6.759130434782609
7.430434782608696
7.661304347826087
7.668260869565217
7.535217391304348
6.789130434782609
7.237826086956522
8.036521739130436
8.22304347826087
7.223478260869566
7.892173913043479
8.265652173913043
7.851304347826088
9.022608695652174
9.632608695652173
8.51695652173913
8.674782608695653
8.758695652173913
8.582608695652175
8.81
9.478260869565217
9.56913043478261
9.76
9.374782608695652
9.683478260869565
9.521304347826087
9.491304347826087
9.858695652173912
9.795652173913044
10.46304347826087
9.965652173913044
9.726086956521739
10.29391304347826
10.621304347826086
10.682173913043478
11.034782608695652
11.090434782608694
11.787826086956523
11.120869565217392
10.581739130434782
10.811304347826086
11.425217391304347
12.189565217391305
11.278695652173914
12.001249999999999
12.171666666666667
12.312916666666666
12.235833333333334
12.21375
11.752083333333333
11.805416666666666
12.73375
12.020416666666668
13.185416666666667
13.534583333333332
13.278333333333334
13.104166666666666
12.723333333333334
13.711666666666666
13.383333333333333
13.521666666666667
13.654166666666667
13.629166666666668
13.607916666666668
13.2725
12.982083333333334
13.571666666666665
13.37
13.652916666666668
14.695
14.061666666666667
14.129166666666668
14.595
14.932916666666666
13.744583333333333
14.219166666666666
13.84625
14.352083333333333
14.705833333333333
15.309583333333334
15.062916666666666
15.737916666666665
15.155
15.584583333333333
15.269166666666665
15.073749999999999
15.568333333333333
16.336666666666666
16.190833333333334
16.62125
16.714583333333334
17.080416666666668
16.462083333333332
16.5225
16.758333333333333
16.71
16.9275
16.785416666666666
16.585
16.12625
16.12125
16.398333333333333
17.122916666666665
16.92875
16.234583333333333
16.7525
16.777916666666666
16.444166666666668
17.017500000000002
16.99416666666667
17.414347826086956
17.482608695652175
17.340434782608696
17.727826086956522
16.653478260869566
16.506521739130434
16.851304347826087
16.777391304347827
16.351739130434783
16.715217391304346
16.378695652173914
16.296521739130434
16.461739130434783
16.646521739130435
17.10086956521739
17.16
16.565652173913044
16.507826086956523
16.696956521739132
16.716521739130435
16.567391304347826
16.53608695652174
16.499565217391304
17.22217391304348
17.167391304347827
17.327826086956524
16.20304347826087
15.394782608695651
15.260434782608696
15.573478260869566
14.977826086956522
15.100434782608696
15.289565217391305
15.45304347826087
15.253043478260869
15.156956521739131
15.124347826086957
14.961739130434783
14.164347826086955
14.789130434782608
14.134347826086955
14.067826086956522
14.84
14.432608695652174
14.758695652173913
14.26391304347826
14.07913043478261
13.352608695652174
13.090434782608694
13.107826086956523
13.227391304347828
13.595217391304347
13.868695652173914
13.89304347826087
13.198260869565217
13.410434782608695
13.45608695652174
12.991739130434782
13.358695652173912
12.739999999999998
12.890434782608697
12.98304347826087
12.764347826086956
12.96391304347826
12.867391304347825
13.141304347826088
12.333913043478262
11.861739130434783
11.771739130434783
11.69
11.506086956521738
11.834782608695651
11.301739130434783
11.698260869565217
12.088260869565218
11.090434782608694
11.262608695652174
11.259565217391303
10.386521739130435
10.20608695652174
10.170434782608694
9.715652173913044
9.285652173913043
9.750869565217391
10.23391304347826
9.789130434782608
9.257391304347825
9.152608695652173
9.255217391304347
9.25
9.556521739130435
9.4
8.93304347826087
8.576956521739131
8.624347826086957
8.863913043478261
8.55
8.492608695652175
8.367391304347825
7.989130434782608
7.695652173913044
7.161304347826087
7.329565217391304
8.306521739130435
7.99
7.96391304347826
8.005652173913044
7.388695652173913
6.554347826086956
6.165217391304348
6.07304347826087
6.3908695652173915
6.090434782608696
6.383478260869565
6.761304347826086
5.828695652173913
5.125217391304347
5.214782608695652
5.6552173913043475
5.84695652173913
5.89
6.211739130434783
5.5486956521739135
4.754782608695652
4.379130434782609
4.266521739130434
4.8478260869565215
5.017391304347826
5.727826086956522
5.417826086956522
5.052173913043478
3.938695652173913
3.8021739130434784
4.428260869565217
4.393478260869565
4.049130434782609
3.9156521739130437
4.089130434782609
4.086956521739131
4.328260869565217
4.83
4.837826086956522
4.6982608695652175
4.635217391304348
4.2986956521739135
4.576086956521739
4.249130434782609
4.108260869565217
4.1
4.43304347826087
5.021739130434782
4.43608695652174
4.532173913043478
4.0465217391304344
4.262608695652174
3.821304347826087
3.8095652173913046
3.7991304347826085
