temperature
2.4865384615384616
1.7015384615384617
1.3023076923076924
2.3984615384615386
2.743846153846154
2.4496153846153845
2.3123076923076926
2.650384615384615
2.257307692307692
2.073076923076923
1.6784615384615384
1.1876923076923076
2.2553846153846155
2.530384615384615
2.44
1.9223076923076923
1.7096153846153848
1.8896153846153845
2.255
2.5411538461538465
2.8776923076923073
2.4673076923076924
2.293846153846154
2.170769230769231
1.3873076923076924
1.544230769230769
1.416153846153846
1.8676923076923078
1.988846153846154
1.5073076923076922
1.5284615384615385
2.1392307692307693
2.921923076923077
2.6950000000000003
2.781538461538461
3.313846153846154
2.730384615384615
2.0696153846153846
1.8107692307692307
1.7992307692307692
1.432307692307692
1.408076923076923
1.7042307692307692
1.2915384615384615
0.9892307692307694
0.8957692307692308
1.0523076923076924
1.7496153846153848
1.915
1.9746153846153847
2.188076923076923
2.183076923076923
2.7976923076923077
2.909615384615385
2.688846153846154
2.4246153846153846
2.528461538461538
3.0865384615384617
2.617692307692308
2.6226923076923074
3.0188461538461535
2.789230769230769
3.325
4.0188461538461535
4.368846153846154
4.614615384615385
4.065384615384615
3.8753846153846156
4.205
4.214230769230769
4.228461538461539
3.838461538461538
3.066923076923077
3.1234615384615383
3.39
3.460384615384615
3.0342307692307693
3.081538461538462
3.0084615384615385
3.286538461538462
3.6276923076923073
3.751153846153846
4.052692307692308
3.9265384615384615
3.9946153846153845
3.7796153846153846
3.8246153846153845
4.309230769230769
4.866923076923078
4.968076923076922
4.723846153846154
4.05
3.980384615384615
4.746923076923077
4.711538461538462
4.926153846153847
4.703846153846154
4.633461538461538
5.1923076923076925
5.867307692307692
5.711153846153847
5.467692307692308
5.1899999999999995
6.050000000000001
6.698846153846154
6.290384615384616
6.362692307692308
6.721153846153846
6.326538461538462
6.664615384615384
7.033461538461538
6.554230769230769
6.676153846153847
7.066538461538461
6.730384615384616
6.97423076923077
6.821538461538462
6.8549999999999995
7.045384615384616
7.15
6.959615384615384
7.108461538461539
7.374230769230769
7.616923076923077
7.62423076923077
8.086153846153847
8.29
7.925000000000001
7.937307692307693
8.227692307692307
8.146923076923077
8.393846153846154
8.36076923076923
8.55076923076923
8.838461538461539
8.325384615384616
8.903461538461539
8.817692307692308
8.913076923076924
9.697307692307692
9.522307692307693
9.46076923076923
10.346153846153847
10.042307692307693
10.266923076923076
9.931538461538462
10.121538461538462
10.246538461538462
10.158076923076923
10.593846153846155
10.611923076923079
11.242307692307692
10.865
10.725769230769231
10.725769230769231
11.004615384615384
10.90846153846154
11.091923076923077
11.464230769230769
11.211538461538462
11.386923076923077
11.122307692307693
11.008846153846154
11.102307692307694
11.389999999999999
11.643076923076924
11.802307692307693
11.962692307692306
12.113076923076923
12.81576923076923
11.943461538461538
11.723846153846154
11.923461538461538
11.819230769230769
12.251153846153844
12.592307692307692
12.346153846153847
12.256153846153845
12.488076923076923
12.954615384615384
13.03076923076923
12.399615384615384
12.64576923076923
13.271153846153847
13.476153846153846
13.42653846153846
14.044615384615385
14.103076923076923
13.513846153846155
13.452307692307691
13.392307692307693
13.601153846153846
13.300384615384615
13.792307692307693
13.696153846153846
12.991923076923078
12.987307692307693
13.218846153846155
13.693076923076923
14.298846153846153
13.834999999999999
13.808076923076923
13.35153846153846
13.243461538461538
13.746923076923078
14.223076923076924
14.321153846153846
14.356538461538461
14.082692307692307
14.096923076923076
14.029230769230768
13.601923076923075
13.899999999999999
13.830769230769231
13.509615384615385
13.355
13.50076923076923
13.608076923076924
13.278076923076924
13.38076923076923
13.538846153846153
13.241923076923078
13.649999999999999
13.516153846153847
13.446538461538463
13.525384615384617
13.581923076923077
12.971153846153847
13.191538461538462
13.18
13.418076923076923
13.548076923076923
13.241923076923078
12.762692307692307
13.198076923076922
13.214230769230769
12.874615384615385
12.697692307692307
12.731538461538461
13.23576923076923
12.532692307692308
12.205
12.295384615384616
12.161923076923076
11.946923076923078
12.022692307692306
11.855
11.099615384615383
11.481923076923076
11.603846153846153
11.195384615384615
10.96269230769231
10.716923076923077
10.58
10.674615384615386
10.27076923076923
10.18576923076923
10.500384615384615
10.875384615384615
10.907307692307691
10.65230769230769
10.548076923076923
10.643076923076924
10.379615384615384
10.133846153846154
10.246923076923078
9.36923076923077
8.991153846153846
9.163076923076924
9.251153846153846
9.666153846153845
9.93576923076923
10.067692307692308
9.55076923076923
9.642307692307693
9.399230769230769
9.295769230769231
9.129615384615384
9.036538461538463
8.700384615384616
9.208461538461538
8.903461538461539
8.112692307692308
8.305384615384614
7.696923076923077
7.712692307692308
7.775384615384615
7.55076923076923
7.194999999999999
7.134615384615385
7.171153846153846
6.915
6.511153846153846
6.628846153846154
7.068076923076924
7.365384615384615
7.138461538461538
7.048076923076923
6.770384615384615
6.503461538461538
6.6753846153846155
6.588461538461539
6.8719230769230775
6.1292307692307695
6.1
6.359230769230769
6.1850000000000005
5.6557692307692315
5.313846153846153
5.770769230769231
6.063461538461539
5.650384615384615
5.609615384615385
5.552307692307693
5.163076923076924
4.492307692307692
3.996923076923077
4.336538461538462
4.238076923076923
3.5999999999999996
3.733846153846154
3.8565384615384612
3.105769230769231
2.961153846153846
3.881923076923077
4.192692307692308
4.015769230769231
3.933846153846154
3.851153846153846
2.9873076923076924
3.1073076923076925
2.911923076923077
2.7750000000000004
3.088461538461538
3.4134615384615383
4.103846153846154
4.0600000000000005
3.946923076923077
3.693076923076923
2.7242307692307692
2.1357692307692306
2.1215384615384614
2.671923076923077
2.9946153846153845
2.98
3.0492307692307694
3.1123076923076924
3.2157692307692307
3.543846153846154
2.951923076923077
2.573846153846154
2.945
2.468461538461539
2.378846153846154
2.458076923076923
2.588461538461538
3.064230769230769
3.331153846153846
3.1196153846153845
2.471538461538462
1.9942307692307693
2.310769230769231
2.017692307692308
2.414615384615385
2.4584615384615387
