pet
0.4969230769230769
0.4273076923076923
0.4392307692307692
0.39115384615384613
0.41846153846153844
0.44461538461538463
0.5473076923076923
0.4819230769230769
0.47807692307692307
0.4642307692307692
0.556923076923077
0.5526923076923077
0.5042307692307693
0.44269230769230766
0.5611538461538461
0.5053846153846154
0.4165384615384615
0.5484615384615384
0.5934615384615385
0.44961538461538464
0.40384615384615385
0.4273076923076923
0.43192307692307697
0.4169230769230769
0.5111538461538462
0.48000000000000004
0.5546153846153846
0.6076923076923076
0.5634615384615385
0.5061538461538462
0.625
0.6196153846153846
0.6376923076923077
0.578076923076923
0.6792307692307692
0.7069230769230769
0.5784615384615385
0.6115384615384616
0.6092307692307692
0.5430769230769231
0.5676923076923077
0.6919230769230769
0.6757692307692308
0.5288461538461539
0.6576923076923078
0.7834615384615385
0.7311538461538463
0.818076923076923
0.7223076923076923
0.8830769230769231
0.8673076923076923
0.9565384615384614
0.8911538461538461
0.8903846153846153
0.83
0.838076923076923
0.7876923076923077
0.8165384615384615
0.7361538461538462
0.7930769230769231
0.8407692307692307
0.7961538461538461
0.7173076923076922
0.7423076923076923
0.9473076923076923
1.0788461538461538
1.2034615384615384
1.2269230769230768
1.2330769230769232
1.2115384615384615
1.156923076923077
1.0603846153846155
1.3203846153846153
1.4500000000000002
1.3403846153846155
1.3457692307692308
1.2373076923076924
1.23
1.2615384615384615
1.3857692307692309
1.3188461538461538
1.4007692307692308
1.3792307692307693
1.4765384615384616
1.5065384615384616
1.5676923076923077
1.7026923076923077
1.6400000000000001
1.7207692307692308
1.6396153846153845
1.6142307692307691
1.6442307692307692
1.6453846153846154
1.610769230769231
1.6603846153846153
1.6392307692307695
1.4388461538461537
1.6003846153846153
1.743846153846154
1.6792307692307693
1.6123076923076924
1.723076923076923
1.764230769230769
1.811923076923077
1.848076923076923
1.8084615384615383
1.9153846153846152
1.8423076923076922
1.835
2.0892307692307694
2.374230769230769
2.2876923076923075
2.3253846153846154
2.397307692307692
2.2242307692307692
2.0515384615384615
2.096923076923077
2.1376923076923076
1.9284615384615384
2.139615384615385
2.3069230769230766
2.4073076923076924
2.458846153846154
2.4296153846153845
2.487692307692308
2.542307692307692
2.7657692307692305
2.745769230769231
2.7800000000000002
2.9342307692307696
2.816923076923077
2.697307692307692
2.6438461538461535
2.590384615384615
2.7719230769230774
2.7396153846153846
2.7096153846153848
2.6526923076923077
2.693076923076923
2.7526923076923078
2.814230769230769
2.7800000000000002
2.832692307692308
2.824230769230769
2.9030769230769233
2.9996153846153844
2.9269230769230767
2.89
2.963846153846154
2.995
2.9734615384615384
3.188076923076923
2.9269230769230767
2.868846153846154
2.7126923076923077
2.708846153846154
2.6392307692307693
2.585
2.6692307692307695
2.851153846153846
2.803076923076923
2.759230769230769
2.6453846153846152
2.7634615384615384
2.8023076923076924
2.7526923076923073
3.0
3.022307692307692
3.0176923076923075
2.9511538461538462
2.8596153846153842
2.8226923076923076
2.733076923076923
2.86
2.8515384615384614
2.9738461538461536
3.012307692307692
2.9526923076923075
3.0173076923076922
3.025384615384615
2.9734615384615384
3.034615384615385
2.933076923076923
2.963461538461538
2.8423076923076924
2.9134615384615383
3.003846153846154
3.018076923076923
3.0700000000000003
3.1711538461538464
3.0069230769230773
2.9784615384615383
2.9015384615384616
2.8703846153846153
3.045769230769231
3.053076923076923
3.1584615384615384
3.1561538461538463
3.2842307692307693
3.3307692307692305
3.023076923076923
3.028461538461538
2.928846153846154
3.0384615384615383
3.0319230769230767
3.2223076923076923
3.0507692307692307
3.0157692307692305
2.917307692307692
2.8042307692307693
2.7242307692307692
2.766153846153846
2.861923076923077
2.81
2.8484615384615384
2.7646153846153845
2.748076923076923
2.7249999999999996
2.665
2.8457692307692306
2.678846153846154
2.6842307692307688
2.7515384615384613
2.641923076923077
2.709230769230769
2.546923076923077
2.471538461538462
2.3815384615384616
2.401923076923077
2.3776923076923078
2.2984615384615386
2.3219230769230768
2.3834615384615385
2.4453846153846155
2.3215384615384616
2.1784615384615384
2.4523076923076923
2.2465384615384614
2.088846153846154
2.003076923076923
1.9615384615384615
1.9946153846153847
1.8819230769230768
1.9065384615384615
2.161923076923077
2.1607692307692306
2.186923076923077
2.180769230769231
2.1115384615384616
2.0165384615384614
2.0534615384615384
1.9315384615384614
2.1342307692307694
1.9834615384615384
1.868846153846154
1.7476923076923077
1.6573076923076924
1.7315384615384617
1.6542307692307692
1.5892307692307692
1.6407692307692305
1.665769230769231
1.7073076923076924
1.661923076923077
1.6019230769230768
1.584230769230769
1.4707692307692308
1.4353846153846155
1.4476923076923076
1.4776923076923079
1.5003846153846152
1.5296153846153844
1.6400000000000001
1.4511538461538462
1.3699999999999999
1.3519230769230768
1.215
1.283076923076923
1.1457692307692307
1.115
1.3453846153846152
1.286153846153846
1.4088461538461539
1.12
1.1253846153846154
1.1846153846153846
1.0657692307692308
1.0853846153846154
1.0734615384615385
0.9126923076923077
0.9992307692307693
0.9088461538461539
0.9861538461538462
1.0084615384615385
0.8680769230769231
1.0907692307692307
1.0426923076923076
1.1084615384615384
1.0342307692307693
1.0176923076923077
1.0726923076923076
0.9996153846153847
1.0296153846153846
0.9900000000000001
0.8773076923076922
0.8211538461538462
0.7303846153846154
0.7284615384615384
0.7423076923076923
0.6865384615384615
0.6023076923076923
0.6603846153846155
0.696923076923077
0.7250000000000001
0.7030769230769232
0.6103846153846154
0.6084615384615385
0.6046153846153846
0.66
0.5603846153846154
0.6315384615384616
0.5896153846153847
0.5084615384615385
0.5507692307692308
0.5219230769230769
0.45423076923076927
0.40076923076923077
0.4803846153846154
0.4926923076923077
0.5053846153846154
0.5396153846153846
0.5465384615384615
0.4696153846153846
0.5280769230769231
0.44461538461538463
0.475
0.3507692307692307
0.38
0.5034615384615384
0.578076923076923
0.47423076923076923
0.4676923076923077
0.4157692307692308
0.39653846153846156
0.3765384615384615
0.5
0.40576923076923077
0.4596153846153846
0.4357692307692308
0.42615384615384616
0.39538461538461533
0.4269230769230769
0.3646153846153846
0.4938461538461538
0.6111538461538462
0.6346153846153846
0.7423076923076923
0.6246153846153847
0.5119230769230769
0.49615384615384617
0.45423076923076927
0.34346153846153843
0.5230769230769231
0.5788461538461538
0.5584615384615385
