temperature
5.486538461538462
5.059230769230769
4.899615384615385
4.592307692307693
4.771538461538461
4.730769230769231
5.1657692307692304
4.988846153846154
4.714615384615384
5.3380769230769225
5.636538461538462
5.962307692307693
5.4715384615384615
5.359230769230769
5.718461538461539
5.304615384615384
5.002692307692308
5.266153846153846
5.163461538461538
4.435769230769231
4.475384615384615
4.643076923076923
4.426923076923076
4.399230769230769
4.826923076923077
4.80076923076923
5.118846153846154
5.276538461538461
5.086923076923076
4.572692307692308
5.155384615384615
4.914615384615384
4.929615384615384
4.9350000000000005
5.729615384615385
5.693461538461539
5.0965384615384615
5.013461538461538
4.793461538461538
4.504615384615385
4.563076923076923
5.162692307692307
5.562307692307693
4.833846153846154
5.401153846153846
5.940384615384615
5.616923076923077
6.075769230769231
5.695384615384616
6.235769230769231
6.19423076923077
6.619230769230769
6.2373076923076916
6.137307692307692
5.876153846153846
5.843076923076922
5.621538461538462
5.503076923076923
5.013076923076923
5.156153846153846
5.471153846153846
5.3342307692307696
5.141923076923077
5.226153846153846
5.916153846153846
6.606153846153846
7.217692307692308
7.171153846153846
7.265384615384615
7.068461538461539
6.936153846153847
6.509230769230769
7.544615384615384
8.053461538461537
7.641538461538461
7.442692307692307
6.7869230769230775
6.915384615384616
7.041538461538461
7.620384615384615
7.3476923076923075
7.5576923076923075
7.4630769230769225
7.81923076923077
7.848461538461539
8.044230769230769
8.536153846153846
8.236538461538462
8.448846153846153
8.108076923076924
7.968076923076922
8.021153846153847
8.031153846153845
7.839230769230769
7.949999999999999
7.869230769230769
7.132692307692308
7.584615384615384
8.154615384615385
7.968846153846154
7.683461538461539
8.105384615384615
8.187692307692307
8.293461538461539
8.38423076923077
8.267307692307693
8.706538461538461
8.417692307692308
8.453461538461537
9.374615384615385
10.361153846153845
10.091153846153846
10.234230769230768
10.480384615384615
9.901923076923076
9.346923076923078
9.49423076923077
9.68
9.032307692307693
9.703461538461537
10.11576923076923
10.383461538461539
10.590384615384616
10.535769230769231
10.768846153846154
10.867692307692307
11.669615384615385
11.67576923076923
11.797307692307694
12.327692307692306
12.006153846153847
11.695769230769232
11.662692307692309
11.561153846153845
12.119615384615384
11.99
12.025384615384617
11.988846153846152
12.154230769230768
12.340384615384616
12.592307692307692
12.541153846153845
12.738076923076923
12.783076923076923
13.048461538461538
13.325769230769232
13.079230769230769
13.068461538461538
13.431923076923077
13.56076923076923
13.550384615384615
14.91230769230769
14.386538461538462
14.281923076923077
13.86423076923077
13.938846153846155
13.78076923076923
13.604615384615386
13.975769230769231
14.601153846153846
14.49
14.366923076923076
14.128846153846155
14.561538461538463
14.709615384615384
14.600000000000001
15.38423076923077
15.465000000000002
15.497307692307693
15.294615384615385
15.082692307692307
14.967692307692309
14.821538461538463
15.28076923076923
15.326923076923077
15.696923076923078
15.816923076923077
15.67923076923077
15.937692307692307
16.00576923076923
15.891153846153847
16.074615384615385
15.82423076923077
15.939615384615385
15.634615384615385
15.871538461538462
16.177692307692308
16.273076923076925
16.45076923076923
16.77769230769231
16.338461538461537
16.31153846153846
16.134615384615383
16.100384615384616
16.623076923076923
16.678461538461537
17.053461538461537
17.09769230769231
17.517692307692307
17.69923076923077
16.892307692307693
16.98076923076923
16.735384615384614
17.098076923076924
17.101153846153846
17.682307692307692
17.28076923076923
17.242307692307694
17.016923076923078
16.74153846153846
16.568076923076923
16.715384615384615
17.11923076923077
17.076538461538462
17.218846153846155
17.029999999999998
17.00923076923077
17.003846153846155
16.888846153846153
17.446538461538463
16.928461538461537
17.070384615384615
17.341153846153848
17.024615384615384
17.268846153846155
16.788846153846155
16.584615384615383
16.37923076923077
16.492307692307694
16.36846153846154
16.18423076923077
16.306923076923077
16.550384615384615
16.759999999999998
16.408846153846152
15.87923076923077
16.794230769230772
16.181923076923077
15.714230769230769
15.489230769230769
15.34423076923077
15.423461538461538
15.061153846153845
14.955769230769231
15.767692307692307
15.771153846153847
15.867307692307692
15.857307692307693
15.597307692307693
15.248461538461537
15.413461538461538
15.016538461538461
15.68576923076923
15.142307692307693
14.760384615384615
14.474615384615383
14.095
14.411538461538461
13.98653846153846
13.871923076923078
14.16576923076923
14.213846153846154
14.355
14.140769230769232
13.974615384615383
13.75576923076923
13.393846153846154
13.246923076923078
13.385
13.49423076923077
13.419615384615385
13.591923076923077
14.092307692307692
13.121923076923078
12.624615384615385
12.554615384615385
11.913076923076924
12.437307692307693
11.878461538461538
11.812307692307693
12.59
12.471538461538461
12.748846153846156
11.768846153846154
11.770384615384614
11.741153846153846
11.361923076923075
11.558846153846153
11.361153846153845
10.60576923076923
10.850769230769231
10.599230769230768
10.766923076923076
10.836153846153847
10.49
11.048076923076923
10.735384615384616
11.100384615384616
10.909999999999998
10.44076923076923
10.487307692307693
10.26423076923077
10.377307692307692
10.340769230769231
9.655384615384616
9.391538461538461
9.191153846153846
8.83576923076923
8.957692307692309
8.803846153846154
8.613461538461538
8.456153846153846
8.586923076923076
9.00153846153846
8.778461538461539
8.163846153846153
8.051923076923076
7.713461538461539
8.077692307692308
7.713846153846154
7.962692307692308
7.625769230769231
7.241923076923077
7.278076923076923
7.005
6.641538461538461
6.3003846153846155
6.848846153846154
6.611538461538462
6.754230769230769
6.684230769230769
6.759615384615385
6.333076923076923
6.1315384615384625
5.66
5.597307692307693
5.478461538461539
5.517692307692308
6.01
6.356923076923077
6.004615384615385
5.765384615384615
5.799230769230769
5.703461538461538
5.371538461538462
6.006923076923077
5.706153846153847
5.971153846153846
5.684230769230769
5.354615384615385
5.214230769230769
5.243076923076923
4.657307692307692
5.173076923076923
5.917692307692307
6.264615384615384
6.993846153846154
6.573076923076924
5.726153846153846
5.576923076923077
5.130384615384615
4.378461538461538
5.363461538461538
5.721923076923077
5.510384615384615
