temperature
1.4063636363636365
1.1486363636363637
1.2045454545454546
1.4163636363636363
1.3404545454545456
1.8190909090909093
1.511818181818182
0.9681818181818183
1.4727272727272727
2.0686363636363634
2.237727272727273
2.1436363636363636
1.6768181818181818
2.1136363636363638
2.26
1.456818181818182
1.3972727272727274
1.7322727272727272
1.2440909090909091
1.0277272727272726
1.5827272727272728
1.714090909090909
1.8713636363636363
2.502727272727273
2.566818181818182
2.5272727272727273
1.8031818181818182
1.679090909090909
1.0881818181818181
1.3218181818181818
1.6772727272727272
1.6381818181818182
1.964090909090909
1.86
1.830909090909091
1.3613636363636363
1.252727272727273
1.2750000000000001
1.355909090909091
1.0872727272727274
1.2654545454545454
1.5568181818181819
2.0395454545454546
1.7622727272727274
2.5177272727272726
2.905
2.9086363636363637
2.3863636363636362
1.785909090909091
2.6054545454545455
2.7431818181818177
2.8622727272727273
2.4386363636363635
2.3318181818181816
1.9649999999999999
2.760909090909091
2.2877272727272726
2.226363636363636
1.497272727272727
1.4527272727272729
1.8254545454545457
1.7004545454545452
1.9281818181818182
2.165
2.5586363636363636
2.846818181818182
3.149545454545455
2.7381818181818183
2.858636363636364
2.807727272727273
2.3886363636363637
3.5472727272727274
3.622727272727273
3.8240909090909088
3.7677272727272726
4.142272727272727
3.6972727272727273
4.071818181818181
3.4145454545454546
4.132272727272727
4.119090909090909
3.755909090909091
3.962727272727273
4.306363636363636
4.8536363636363635
4.970909090909091
4.511818181818182
4.454090909090909
4.138181818181819
4.525909090909091
3.605909090909091
4.846363636363637
4.926363636363636
4.504090909090909
5.13909090909091
4.842727272727273
4.350454545454546
5.119545454545454
4.98590909090909
5.3109090909090915
5.139545454545455
5.305
5.625
5.901818181818182
6.091363636363636
5.885454545454545
5.554090909090909
5.6854545454545455
6.386363636363637
6.7286363636363635
7.267272727272727
7.96
7.09
7.151818181818182
6.4359090909090915
5.915454545454546
5.867727272727273
6.522272727272727
6.084090909090909
6.030454545454545
6.157272727272727
6.4786363636363635
6.577272727272727
7.678181818181819
7.245909090909091
7.751818181818181
7.747272727272727
8.07909090909091
8.092727272727272
8.055
8.05590909090909
8.292727272727273
7.945454545454546
7.758636363636364
8.343636363636364
8.078181818181818
8.573636363636364
8.049545454545454
9.182727272727274
8.799090909090909
8.815454545454545
8.639090909090909
8.92090909090909
9.20409090909091
9.330454545454545
9.480909090909092
9.467727272727272
9.971363636363636
9.676363636363636
10.14090909090909
11.031818181818181
11.51590909090909
11.52909090909091
10.957727272727272
10.643181818181818
10.541363636363636
11.205
11.665454545454544
11.272272727272728
11.25590909090909
11.67181818181818
10.272727272727273
10.377272727272727
10.107727272727272
10.514545454545454
10.950454545454546
11.322727272727272
11.479090909090909
10.936818181818182
10.562272727272727
10.85
10.775
11.567272727272726
11.745454545454544
11.269545454545455
11.59590909090909
12.559545454545455
12.12590909090909
12.410909090909092
12.402727272727274
12.186363636363637
12.523181818181818
12.120454545454544
12.57
12.359090909090908
12.072272727272725
12.102727272727272
12.195
11.946363636363635
12.42909090909091
12.600909090909092
12.548636363636364
12.134090909090908
12.064545454545454
12.495454545454544
12.607272727272727
12.917272727272728
13.013181818181819
13.30090909090909
13.206363636363637
12.898181818181818
12.597272727272726
13.732727272727272
13.386818181818182
13.342272727272727
13.445
13.387272727272727
12.94681818181818
12.564545454545454
12.573636363636364
12.35
12.262727272727272
12.93
13.017727272727273
13.136363636363637
12.69590909090909
13.20909090909091
12.785909090909092
12.471363636363636
12.72090909090909
12.505
12.319545454545455
12.11909090909091
12.519545454545455
12.832272727272727
12.862727272727273
12.490454545454547
12.307272727272727
12.472272727272726
12.196363636363635
11.951818181818181
12.476818181818182
12.179545454545455
12.297727272727274
12.321363636363635
11.516818181818183
12.009545454545453
11.25
11.886363636363637
11.528636363636364
11.084090909090909
10.856363636363637
10.883181818181818
11.050454545454544
11.447272727272727
11.681363636363637
11.75590909090909
11.378181818181817
10.950909090909091
10.987272727272726
11.662272727272727
10.980454545454545
11.235909090909091
11.412727272727272
11.103636363636364
10.842272727272727
9.897727272727273
10.023181818181818
9.741363636363637
9.636818181818182
10.158636363636363
9.838636363636363
10.485
10.318636363636363
9.397727272727273
8.995909090909091
9.381818181818183
9.53
9.192272727272726
9.170454545454545
9.837272727272726
9.693181818181818
9.414545454545454
8.737272727272726
8.392727272727273
7.79
7.799545454545455
8.114545454545455
8.10590909090909
8.676363636363636
8.75
8.090454545454547
7.917272727272728
7.873181818181819
7.953181818181818
8.120454545454546
8.086363636363636
7.144090909090909
7.028181818181818
7.016363636363637
7.069999999999999
6.869545454545454
6.591818181818183
6.696363636363636
6.917272727272728
6.8159090909090905
6.788636363636363
6.4368181818181816
6.626363636363636
6.847727272727273
6.157272727272727
5.653636363636363
6.586818181818182
6.347727272727273
5.67
5.791818181818182
5.184545454545455
4.992272727272727
5.107272727272727
5.539545454545455
4.805
4.361363636363636
4.478181818181818
5.068636363636363
5.050000000000001
4.496818181818182
4.433181818181819
5.338636363636364
5.291818181818182
4.221363636363637
3.9918181818181817
4.228181818181818
4.03
3.8463636363636367
3.085909090909091
2.564090909090909
3.5127272727272727
3.2631818181818177
2.8822727272727273
3.9063636363636363
3.274545454545454
2.8804545454545454
2.389090909090909
1.9972727272727275
1.8313636363636363
2.647727272727273
2.195
2.471818181818182
2.5431818181818184
2.2236363636363636
2.273636363636364
2.369090909090909
3.0768181818181817
2.815909090909091
2.2236363636363636
1.978181818181818
2.2436363636363637
2.7677272727272726
2.430909090909091
2.1036363636363635
1.6695454545454547
1.8427272727272728
1.888636363636364
2.074090909090909
2.202272727272727
2.44
3.1709090909090913
2.212727272727273
1.7468181818181818
1.7340909090909091
1.5086363636363636
1.144090909090909
1.7563636363636363
1.960909090909091
2.2322727272727274
