pet
0.4570588235294118
0.42705882352941177
0.36411764705882355
0.41764705882352937
0.48
0.5529411764705883
0.47764705882352937
0.3947058823529412
0.5129411764705881
0.5447058823529412
0.5641176470588235
0.6329411764705882
0.6417647058823529
0.6264705882352941
0.6141176470588235
0.5235294117647059
0.4764705882352941
0.5952941176470588
0.5829411764705883
0.5658823529411764
0.631764705882353
0.5417647058823529
0.42176470588235293
0.3364705882352941
0.3205882352941177
0.41705882352941176
0.36764705882352944
0.3811764705882353
0.4329411764705883
0.4023529411764706
0.5317647058823529
0.5188235294117647
0.5688235294117647
0.6788235294117646
0.723529411764706
0.8311764705882352
0.6200000000000001
0.5652941176470588
0.5782352941176471
0.4611764705882353
0.5329411764705883
0.6535294117647058
0.62
0.5823529411764706
0.6094117647058823
0.5888235294117647
0.5311764705882352
0.5776470588235294
0.47235294117647053
0.4870588235294117
0.39
0.4782352941176471
0.6517647058823529
0.6129411764705882
0.43117647058823527
0.4517647058823529
0.43647058823529417
0.4894117647058824
0.3770588235294118
0.4264705882352941
0.46235294117647063
0.6241176470588234
0.7870588235294118
0.7111764705882353
0.9370588235294117
0.9729411764705882
0.7952941176470588
0.7964705882352942
0.9147058823529413
0.9470588235294118
1.031764705882353
1.1205882352941177
0.9405882352941176
0.9241176470588235
1.2523529411764704
1.203529411764706
0.9588235294117647
0.9476470588235294
0.9558823529411765
0.9064705882352941
0.9470588235294118
0.9970588235294118
1.0170588235294118
0.9717647058823529
1.1088235294117648
1.0558823529411765
1.0988235294117648
1.2464705882352942
1.4570588235294117
1.5694117647058823
1.4841176470588235
1.2588235294117647
1.072941176470588
1.0082352941176471
1.2141176470588235
1.296470588235294
1.2252941176470586
1.4100000000000001
1.5241176470588236
1.7829411764705883
1.4311764705882355
1.1876470588235295
1.2158823529411766
1.2458823529411764
1.4070588235294117
1.3323529411764705
1.300625
1.2237500000000001
1.16
1.46875
1.8112499999999998
1.77125
1.97
2.078125
1.6525
1.75375
1.755
1.901875
1.915625
2.0525
2.54875
2.271875
2.26
2.105625
2.10125
1.986875
2.015
2.026875
2.07375
2.024375
2.216875
2.36875
2.50875
2.7506250000000003
2.47
2.115625
2.094375
2.125
2.1975000000000002
2.41875
2.24625
2.3268750000000002
2.480625
2.664375
2.384375
2.38125
2.503125
2.731875
2.563125
2.705625
2.9187499999999997
2.508125
2.249375
2.065
2.0125
2.0675
2.19625
2.341875
2.30625
2.475625
2.278125
2.026875
1.991875
2.09875
2.100625
2.056875
2.119375
2.178125
2.125625
2.07
2.128125
1.8825
1.935625
2.0875
2.231875
2.255625
2.439375
2.298125
2.43125
2.368125
1.825625
1.79
2.110625
2.134375
2.0500000000000003
1.91375
1.9125
2.1574999999999998
2.0481249999999998
2.2775
2.21125
2.118125
1.8025
1.98625
1.99625
1.794375
1.91625
2.089375
2.294375
2.420625
2.180625
2.073125
2.168125
2.1125
1.99375
2.078125
2.139375
2.23875
2.144375
2.28125
2.290625
2.29875
2.48125
2.268125
2.2175
2.0775
2.05
2.04
1.87125
1.96875
2.1325
2.093125
1.9175
1.9012499999999999
1.790625
1.829375
1.801875
1.88875
1.678125
1.866875
1.87625
1.7393750000000001
1.62875
1.523125
1.445625
1.50625
1.475
1.52125
1.4693749999999999
1.59625
1.330625
1.4075
1.57625
1.51125
1.6475
1.578125
1.694375
1.566875
1.303125
1.3243749999999999
1.32375
1.37625
1.365625
1.3825
1.298125
1.13625
0.91875
1.02
0.9881249999999999
1.1356249999999999
1.285
1.120625
1.39375
1.2225
1.115
1.0118749999999999
1.0425
1.00625
0.925
0.994375
1.04625
1.0875
1.1875
0.966875
1.09125
0.7906249999999999
0.8975
0.891875
0.886875
0.984375
1.0743749999999999
0.9918750000000001
0.745625
0.819375
0.91
1.0325
1.0725
0.88625
0.849375
0.5525
0.65625
0.548125
0.515625
0.7525
0.61625
0.7025
0.80125
0.66625
0.5975
0.63375
0.60875
0.688125
0.64125
0.64375
0.5423529411764706
0.5435294117647059
0.5688235294117647
0.49235294117647055
0.62
0.6858823529411765
0.6370588235294118
0.49294117647058827
0.4717647058823529
0.4982352941176471
0.48176470588235293
0.44705882352941173
0.46352941176470586
0.47411764705882353
0.538235294117647
0.4505882352941177
0.4511764705882353
0.38882352941176473
0.4023529411764706
0.548235294117647
0.5488235294117647
0.4711764705882353
0.6941176470588236
0.6247058823529411
0.558235294117647
0.4547058823529412
0.5170588235294118
0.4611764705882353
0.45941176470588235
0.6623529411764706
0.5529411764705883
0.7323529411764705
0.4882352941176471
0.3976470588235294
0.5041176470588236
0.46235294117647063
0.47
0.47705882352941176
0.76
0.6852941176470588
0.5905882352941176
0.4647058823529412
0.4982352941176471
0.5635294117647058
0.4005882352941177
0.5170588235294117
0.3476470588235294
0.31882352941176473
0.16058823529411764
0.18588235294117647
0.29352941176470587
0.43470588235294116
0.5599999999999999
0.4882352941176471
0.34294117647058825
0.19294117647058825
0.17882352941176471
0.22764705882352942
0.1864705882352941
0.27058823529411763
0.21411764705882352
