pet
0.4471428571428571
0.4585714285714286
0.28500000000000003
0.33999999999999997
0.36428571428571427
0.45357142857142857
0.6235714285714286
0.4471428571428571
0.34214285714285714
0.5028571428571429
0.6142857142857142
0.45785714285714285
0.3628571428571429
0.42642857142857143
0.5885714285714286
0.435
0.3407142857142857
0.3607142857142857
0.31142857142857144
0.19857142857142857
0.3321428571428572
0.48
0.44785714285714284
0.6785714285714286
0.6014285714285714
0.6057142857142858
0.6607142857142857
0.7028571428571428
0.4907142857142857
0.44642857142857145
0.5714285714285714
0.6207142857142857
0.5764285714285714
0.4942857142857143
0.5042857142857143
0.5014285714285714
0.36
0.4328571428571429
0.555
0.43000000000000005
0.27071428571428574
0.2542857142857143
0.45357142857142857
0.44857142857142857
0.6771428571428572
0.8764285714285714
0.8721428571428572
0.8678571428571429
0.7614285714285715
0.9621428571428572
0.9335714285714286
0.9878571428571429
0.99
0.9292857142857143
0.8550000000000001
0.8735714285714286
0.7492857142857143
0.7050000000000001
0.6849999999999999
0.6507142857142857
0.7128571428571429
0.5942857142857143
0.5278571428571428
0.7699999999999999
0.8071428571428572
0.8264285714285714
0.9850000000000001
1.250714285714286
1.0957142857142856
1.1764285714285714
1.1242857142857143
1.0692857142857144
1.2257142857142858
1.47
1.1885714285714286
1.1878571428571427
1.3271428571428572
1.3692857142857144
1.2057142857142857
1.249285714285714
1.172857142857143
1.1921428571428572
1.3135714285714286
1.4542857142857142
1.4235714285714285
1.3499999999999999
1.497142857142857
1.5757142857142856
1.667142857142857
1.502857142857143
1.2564285714285715
1.3335714285714286
1.6085714285714285
1.477857142857143
1.682857142857143
1.8014285714285714
1.4892857142857143
1.9421428571428572
1.9735714285714285
1.7642857142857142
1.7557142857142856
1.7107142857142856
1.8699999999999999
1.9407142857142856
1.9385714285714286
1.997142857142857
2.120714285714286
2.0021428571428572
1.9564285714285714
2.2378571428571425
2.3850000000000002
2.492857142857143
2.3649999999999998
2.3114285714285714
1.9657142857142857
1.787857142857143
1.6607142857142858
1.782857142857143
1.8507142857142858
1.955
2.0678571428571426
2.035
2.19
2.2457142857142856
2.495
2.404285714285714
2.758571428571429
2.527857142857143
2.585714285714286
2.707142857142857
2.2807142857142857
2.1342857142857143
2.257857142857143
2.2742857142857145
2.492142857142857
2.369285714285714
2.4014285714285712
2.5485714285714285
2.676428571428571
2.576
2.976
2.814
2.7353333333333336
2.762
3.1426666666666665
2.9133333333333336
2.8433333333333333
2.9533333333333336
3.066666666666667
2.920666666666667
3.267333333333333
3.146
2.9433333333333334
2.6353333333333335
2.527333333333333
2.283333333333333
2.35
2.5540000000000003
2.4193333333333333
2.4739999999999998
2.648
2.402
2.5006666666666666
2.428
2.3713333333333333
2.429333333333333
2.8133333333333335
2.6206666666666667
2.628
2.4466666666666668
2.55
2.562
2.493333333333333
2.6473333333333335
2.606666666666667
2.8926666666666665
3.1420000000000003
2.9733333333333336
2.798
2.780666666666667
2.7606666666666664
2.804666666666667
2.76
2.727333333333333
2.6606666666666667
2.7293333333333334
2.6386666666666665
2.4766666666666666
2.656
2.7706666666666666
2.8033333333333332
2.7340000000000004
2.482666666666667
2.36
2.521333333333333
2.579333333333333
2.6406666666666667
2.777333333333333
3.3246666666666664
3.0366666666666666
2.6633333333333336
2.503333333333333
2.734
3.0106666666666664
2.788
3.038
2.762
2.6013333333333337
2.2079999999999997
2.2873333333333337
2.238
2.3766666666666665
2.6286666666666667
2.546
2.4979999999999998
2.2359999999999998
2.1559999999999997
2.1940000000000004
2.134666666666667
2.3473333333333333
2.241333333333333
2.068
2.3753333333333333
2.344666666666667
2.384666666666667
2.436
2.114
2.1420000000000003
2.0073333333333334
2.1166666666666667
2.3
2.3246666666666664
2.2886666666666664
2.3573333333333335
1.9753333333333332
1.864
2.004
1.8706666666666665
1.84
1.8133333333333332
1.6653333333333333
1.6373333333333335
1.5
1.6426666666666667
2.0526666666666666
1.76
1.8506666666666665
1.6933333333333331
1.5873333333333333
1.754
1.9173333333333333
1.8599999999999999
1.8960000000000001
1.6640000000000001
1.5113333333333334
1.486
1.4426666666666668
1.6126666666666665
1.4566666666666668
1.3013333333333332
1.3053333333333335
1.456
1.3
1.4826666666666668
1.4340000000000002
1.2886666666666666
1.2066666666666668
1.38
1.1226666666666667
1.2086666666666666
1.4553333333333331
1.3153333333333335
1.4313333333333333
1.2035714285714287
1.202142857142857
1.1135714285714287
1.102142857142857
1.1435714285714287
0.9521428571428572
1.0778571428571428
1.2671428571428571
1.0242857142857142
1.1792857142857145
0.9242857142857143
1.065
1.1028571428571428
0.7971428571428572
0.8614285714285714
0.8857142857142858
0.74
0.9285714285714286
0.9207142857142857
0.9157142857142857
0.88
0.7885714285714285
0.96
0.9614285714285714
0.8264285714285714
0.9307142857142857
0.9457142857142857
0.7985714285714286
0.692857142857143
0.9907142857142857
0.9421428571428571
0.765
0.6514285714285715
0.5914285714285714
0.5807142857142857
0.5428571428571428
0.5599999999999999
0.35428571428571426
0.5057142857142857
0.6207142857142857
0.6314285714285715
0.6635714285714285
0.6285714285714287
0.6442857142857142
0.7064285714285715
0.9171428571428571
0.6628571428571429
0.6471428571428571
0.6900000000000001
0.5750000000000001
0.5657142857142857
0.6114285714285714
0.4164285714285714
0.37857142857142856
0.31285714285714283
0.27714285714285714
0.43000000000000005
0.3435714285714285
0.42
0.27214285714285713
0.24785714285714283
0.27785714285714286
0.31071428571428567
0.2285714285714286
0.2178571428571429
0.4114285714285714
0.4335714285714286
0.445
0.46
0.42857142857142855
0.34928571428571425
0.3028571428571429
0.36428571428571427
0.21214285714285716
0.3692857142857143
0.48071428571428576
0.46714285714285714
0.4807142857142857
0.5107142857142857
0.5364285714285714
0.6
0.7778571428571429
0.6978571428571428
0.6214285714285713
0.4714285714285715
0.5335714285714286
0.45785714285714285
0.45642857142857146
0.4278571428571429
0.6235714285714286
0.6892857142857143
0.7435714285714285
