temperature
3.829285714285714
3.8364285714285713
2.8742857142857146
3.11
3.1457142857142855
3.4735714285714288
4.292857142857143
3.8071428571428574
3.224285714285714
4.527857142857143
4.797857142857143
4.042857142857143
3.4307142857142856
3.7721428571428572
4.496428571428572
3.6614285714285715
3.3307142857142855
3.1914285714285713
2.8164285714285713
1.919285714285714
2.9035714285714285
3.572857142857143
3.532142857142857
4.3585714285714285
4.469285714285714
4.352857142857142
4.535714285714286
4.489285714285715
3.3164285714285713
2.4864285714285717
3.3385714285714285
3.7328571428571427
3.314285714285714
3.4250000000000003
3.7964285714285713
3.602857142857143
2.955714285714286
2.962142857142857
3.3207142857142857
2.8685714285714283
2.1471428571428572
2.192142857142857
3.31
3.4378571428571427
4.493571428571428
5.137142857142857
5.295714285714285
5.265
4.784285714285715
5.5164285714285715
5.385714285714286
5.4557142857142855
5.53
5.28
5.0685714285714285
5.180714285714286
4.545714285714285
4.0685714285714285
3.775
3.766428571428572
4.012142857142857
3.7064285714285714
3.2257142857142855
4.092142857142857
4.005714285714285
4.172857142857143
5.122142857142856
6.230714285714285
5.457857142857143
5.801428571428572
5.712142857142857
5.359285714285714
6.048571428571429
6.922857142857143
5.9157142857142855
5.673571428571429
6.075
6.397857142857142
5.747857142857143
5.964999999999999
5.597142857142857
5.647142857142858
6.178571428571429
6.668571428571428
6.530714285714287
6.1899999999999995
6.593571428571429
6.989285714285714
7.159285714285715
6.487142857142857
5.614285714285715
5.962142857142857
6.905714285714287
6.546428571428572
7.085
7.491428571428571
6.510714285714286
8.035714285714286
8.057857142857143
7.369999999999999
7.409285714285715
7.267142857142857
7.7749999999999995
7.917857142857143
7.942857142857143
8.12
8.584999999999999
8.23
8.124285714285714
9.05
9.361428571428572
9.832142857142857
9.54142857142857
9.395
8.267857142857142
7.6935714285714285
7.273571428571429
7.665
7.864285714285714
8.174285714285714
8.505714285714285
8.310714285714285
8.823571428571428
8.942142857142857
9.590714285714286
9.337857142857143
10.497857142857143
9.909285714285714
10.126428571428573
10.492857142857144
9.327857142857143
8.92
9.555000000000001
9.570714285714287
10.21642857142857
9.822142857142856
10.06142857142857
10.715
11.079285714285716
10.901333333333332
12.036
11.651333333333334
11.536666666666667
11.600666666666665
12.656666666666666
12.096
11.991999999999999
12.331999999999999
12.691333333333334
12.479999999999999
13.458666666666666
13.837333333333333
13.607333333333333
12.74
12.429333333333334
11.881333333333334
12.132
12.812000000000001
12.516
12.689333333333334
13.198
12.411333333333335
13.0
12.878666666666668
12.651333333333334
12.974
14.095333333333334
13.614666666666666
13.638
13.144
13.513333333333332
13.586666666666668
13.572666666666667
14.106666666666666
14.022666666666668
14.870000000000001
15.640666666666666
15.229333333333333
14.730666666666668
14.729333333333333
14.764000000000001
14.927333333333333
14.853333333333333
14.835333333333333
14.672
14.922
14.677333333333333
14.387333333333334
14.923333333333334
15.220666666666666
15.408
15.317333333333332
14.593333333333334
14.212
14.872666666666667
15.062000000000001
15.303333333333335
15.738
17.242666666666665
16.495333333333335
15.383999999999999
14.996666666666666
15.837333333333333
16.610666666666667
15.978000000000002
16.702666666666666
15.996
15.695333333333334
14.614666666666666
14.78
14.644666666666668
15.162666666666667
15.975999999999999
15.759333333333332
15.667333333333334
14.879999999999999
14.696
14.874666666666666
14.748
15.358
15.100666666666665
14.611333333333333
15.549333333333333
15.476666666666667
15.660666666666666
15.8
14.860000000000001
14.995333333333333
14.632000000000001
14.891333333333334
15.431999999999999
15.569999999999999
15.466666666666667
15.661333333333333
14.528666666666668
14.110666666666667
14.640666666666668
14.252666666666666
14.208
14.134666666666668
13.524000000000001
13.292
12.85
13.365333333333332
14.652
13.821333333333333
14.062666666666667
13.610000000000001
13.169333333333332
13.54
14.122666666666667
14.010666666666667
14.174000000000001
13.493333333333334
13.004666666666667
12.829333333333333
12.571333333333333
13.177999999999999
12.482
12.117333333333333
12.225333333333333
12.725333333333333
12.189333333333334
12.740666666666668
12.510666666666667
12.026
11.51
12.159333333333333
11.421999999999999
11.603333333333333
12.292666666666666
12.008666666666667
12.402
11.231428571428571
10.762857142857143
10.877142857142857
10.695714285714287
11.305714285714286
10.126428571428573
10.676428571428572
11.375714285714285
10.555714285714286
10.899285714285714
9.954285714285716
10.563571428571427
10.53357142857143
9.420714285714284
9.78
9.714285714285714
9.077857142857143
9.782142857142857
9.555000000000001
9.637857142857143
9.669285714285715
9.337857142857143
9.66
9.542857142857143
9.127857142857142
9.297142857142857
9.052142857142858
8.389285714285714
7.735714285714286
8.955
9.172142857142857
8.347142857142858
8.072857142857142
7.587142857142857
7.278571428571429
6.9678571428571425
7.157857142857144
6.211428571428572
6.740714285714286
7.115
7.479285714285715
7.694285714285714
7.346428571428571
7.539285714285714
7.601428571428571
8.435714285714285
7.390714285714286
7.251428571428571
7.105714285714286
6.700714285714286
6.378571428571428
6.034285714285715
5.245
5.260714285714286
5.147857142857142
4.710714285714286
5.236428571428571
4.643571428571429
4.588571428571428
3.8892857142857147
3.5742857142857147
3.649285714285714
4.101428571428571
4.265
3.9978571428571428
4.714285714285714
4.674285714285714
4.890714285714286
4.909999999999999
5.232142857142857
4.679285714285714
3.932857142857143
4.177142857142857
3.505
4.366428571428572
5.1899999999999995
4.913571428571429
4.763571428571429
4.462857142857143
4.657857142857144
5.098571428571428
5.827857142857143
5.7057142857142855
5.422142857142857
4.615
4.576428571428571
4.718571428571429
4.372857142857143
3.9057142857142857
4.980714285714286
5.320714285714286
5.0564285714285715
