pet
0.3261538461538462
0.34346153846153843
0.32230769230769235
0.30230769230769233
0.35307692307692307
0.4061538461538462
0.4465384615384615
0.3188461538461539
0.3153846153846154
0.43615384615384617
0.4507692307692308
0.41923076923076924
0.3811538461538462
0.3342307692307692
0.43346153846153845
0.35923076923076924
0.30538461538461537
0.36615384615384616
0.33115384615384613
0.27653846153846157
0.33
0.3973076923076923
0.40076923076923077
0.4703846153846154
0.45269230769230767
0.5153846153846154
0.47923076923076924
0.47423076923076923
0.3246153846153846
0.37884615384615383
0.5015384615384615
0.5073076923076922
0.4973076923076923
0.4969230769230769
0.4761538461538461
0.4107692307692308
0.38384615384615384
0.41884615384615387
0.5376923076923077
0.4115384615384615
0.37269230769230766
0.47384615384615386
0.5511538461538461
0.5042307692307693
0.5857692307692308
0.6926923076923076
0.6007692307692308
0.6057692307692307
0.5665384615384615
0.7326923076923078
0.675
0.7303846153846154
0.6807692307692308
0.7465384615384616
0.5938461538461538
0.7411538461538462
0.6057692307692307
0.6284615384615384
0.5815384615384616
0.5307692307692308
0.5850000000000001
0.5446153846153846
0.5169230769230769
0.5611538461538461
0.7503846153846154
0.8534615384615385
0.9261538461538461
0.9284615384615384
0.8934615384615385
0.9261538461538461
0.8753846153846154
1.02
1.166153846153846
1.176153846153846
1.1546153846153846
1.1996153846153847
1.1034615384615383
1.156923076923077
1.1319230769230768
1.1776923076923078
1.1442307692307692
1.1073076923076923
1.2284615384615385
1.3069230769230769
1.2507692307692309
1.3599999999999999
1.3211538461538461
1.3726923076923077
1.3365384615384615
1.4442307692307692
1.2407692307692306
1.406923076923077
1.433846153846154
1.4746153846153847
1.5961538461538463
1.4776923076923079
1.29
1.5596153846153844
1.6296153846153845
1.54
1.445
1.4015384615384614
1.5153846153846153
1.6346153846153846
1.6623076923076923
1.585
1.5719230769230768
1.5323076923076921
1.7276923076923079
1.918076923076923
2.0900000000000003
2.1084615384615386
2.131153846153846
2.0876923076923077
1.9096153846153845
1.7176923076923076
1.7496153846153848
1.7826923076923078
1.8476923076923077
1.7815384615384615
1.9461538461538461
2.124230769230769
2.117692307692308
2.3376923076923077
2.185769230769231
2.180769230769231
2.3876923076923076
2.2746153846153847
2.3607692307692307
2.458846153846154
2.3034615384615384
2.2653846153846153
2.251153846153846
2.355769230769231
2.605384615384615
2.458076923076923
2.5534615384615384
2.4346153846153844
2.7053846153846157
2.515
2.564230769230769
2.4673076923076924
2.522307692307692
2.5100000000000002
2.7161538461538464
2.689230769230769
2.543461538461538
2.5819230769230765
2.68
2.5288461538461537
2.77
2.768076923076923
2.5684615384615386
2.4153846153846152
2.190769230769231
2.233846153846154
2.3249999999999997
2.4103846153846153
2.4057692307692307
2.416923076923077
2.480769230769231
2.1338461538461537
2.1315384615384616
2.141923076923077
2.0723076923076924
2.2976923076923077
2.496923076923077
2.5503846153846155
2.505
2.2976923076923077
2.485
2.2884615384615383
2.338846153846154
2.456153846153846
2.283846153846154
2.289615384615385
2.316923076923077
2.3257692307692306
2.3953846153846152
2.335384615384615
2.2953846153846156
2.4238461538461538
2.465384615384615
2.460769230769231
2.444230769230769
2.420769230769231
2.336923076923077
2.292692307692308
2.3607692307692307
2.453076923076923
2.4107692307692306
2.3376923076923077
2.1592307692307693
2.226153846153846
2.256923076923077
2.3892307692307693
2.4669230769230768
2.4484615384615385
2.5684615384615386
2.5446153846153843
2.3673076923076923
2.286923076923077
2.496923076923077
2.48
2.3623076923076924
2.332307692307692
2.305769230769231
2.33
2.2392307692307694
2.193846153846154
2.0919230769230768
2.2373076923076924
2.3165384615384617
2.227692307692308
2.31
2.215
2.2234615384615384
2.1853846153846153
1.945
2.1573076923076924
2.124230769230769
2.0923076923076924
1.9676923076923076
2.076923076923077
2.176923076923077
2.0288461538461537
1.8726923076923077
1.9030769230769229
1.9661538461538461
1.8426923076923079
1.8811538461538464
1.8365384615384615
1.7934615384615387
1.7373076923076924
1.7973076923076923
1.7392307692307691
1.7707692307692307
1.5150000000000001
1.5973076923076923
1.6326923076923079
1.4615384615384615
1.5253846153846153
1.6046153846153846
1.5746153846153845
1.7976923076923077
1.6357692307692309
1.7488461538461537
1.8330769230769233
1.6180769230769232
1.5996153846153844
1.683076923076923
1.4553846153846155
1.573846153846154
1.6146153846153848
1.4446153846153846
1.3834615384615385
1.2707692307692307
1.2384615384615385
1.2073076923076924
1.1180769230769232
1.1946153846153846
1.2184615384615385
1.326153846153846
1.3438461538461537
1.261923076923077
1.12
1.1526923076923077
1.1688461538461539
1.1373076923076924
1.0396153846153846
1.2692307692307692
1.1223076923076922
1.161923076923077
1.031153846153846
1.0053846153846153
0.9315384615384615
0.8861538461538461
0.898076923076923
0.8469230769230769
0.9815384615384615
0.9730769230769231
0.925
0.8765384615384615
0.8015384615384615
0.8173076923076923
0.9061538461538461
0.8653846153846154
0.7192307692307692
0.7253846153846154
0.7215384615384616
0.6961538461538462
0.6857692307692307
0.6957692307692308
0.7776923076923077
0.6615384615384615
0.7053846153846154
0.7588461538461538
0.6926923076923077
0.7257692307692308
0.8169230769230769
0.6546153846153846
0.6057692307692307
0.6976923076923077
0.7357692307692307
0.6392307692307693
0.56
0.5665384615384615
0.5476923076923077
0.5015384615384615
0.4819230769230769
0.49807692307692303
0.4346153846153846
0.4253846153846154
0.4580769230769231
0.4642307692307692
0.43038461538461537
0.4030769230769231
0.49769230769230777
0.6342307692307692
0.4626923076923077
0.4776923076923077
0.44692307692307687
0.39807692307692305
0.36615384615384616
0.3557692307692308
0.20500000000000002
0.3353846153846154
0.3223076923076923
0.2715384615384615
0.40499999999999997
0.39653846153846156
0.3469230769230769
0.35
0.38769230769230767
0.3092307692307692
0.3423076923076923
0.20961538461538462
0.2946153846153846
0.3923076923076923
0.3942307692307692
0.3457692307692308
0.35307692307692307
0.41115384615384615
0.42461538461538456
0.2576923076923077
0.31653846153846155
0.31846153846153846
0.3284615384615384
0.3553846153846154
0.3557692307692308
0.3230769230769231
0.31153846153846154
0.3415384615384615
0.3026923076923077
0.38846153846153847
0.4
0.5346153846153846
0.42346153846153844
0.31346153846153846
0.2926923076923077
0.2796153846153846
0.25461538461538463
0.36423076923076925
0.4257692307692308
0.48615384615384616
