temperature
3.7007692307692306
3.585
3.546923076923077
3.8907692307692305
4.451923076923077
3.992692307692308
3.7776923076923077
4.147692307692308
4.705
4.485384615384616
3.394615384615385
2.954230769230769
3.237692307692308
4.161153846153846
3.983076923076923
3.582692307692308
2.781538461538461
3.1496153846153847
3.4353846153846157
3.7173076923076924
4.604230769230769
4.438461538461539
4.356538461538461
3.9134615384615383
3.9046153846153846
3.5492307692307694
3.8073076923076923
3.8407692307692307
3.551153846153846
2.673076923076923
3.3134615384615382
3.4665384615384616
3.584230769230769
4.0430769230769235
3.947307692307692
4.741923076923078
4.746153846153846
4.130769230769231
3.7961538461538464
3.0876923076923077
3.147692307692308
3.2611538461538463
3.1757692307692307
2.3757692307692304
2.147692307692308
2.3765384615384617
2.616923076923077
3.180769230769231
2.928846153846154
2.7357692307692307
3.1165384615384615
3.358461538461538
3.545769230769231
4.211538461538462
3.799615384615385
3.5892307692307694
3.713461538461538
4.210384615384616
4.593461538461538
4.615384615384615
5.061153846153847
4.424615384615385
4.250384615384616
4.791153846153846
5.216923076923076
5.240769230769231
5.32423076923077
5.097307692307693
6.016923076923077
5.766538461538461
5.730384615384616
5.33
5.436538461538461
5.393461538461538
5.692692307692307
5.857307692307692
6.431153846153847
5.635769230769231
5.676153846153847
5.792692307692308
5.640769230769231
6.43923076923077
6.656538461538461
6.292307692307692
6.152692307692307
5.624230769230769
6.046153846153846
6.071538461538462
6.225
7.264230769230769
6.96
6.568461538461539
5.997307692307692
5.5600000000000005
6.0407692307692304
6.510769230769231
6.901538461538461
6.093846153846154
6.4934615384615375
7.593076923076923
7.15076923076923
7.708076923076923
7.165384615384616
7.2711538461538465
8.142692307692307
8.38076923076923
7.811923076923078
7.615769230769231
8.114230769230769
7.906538461538461
8.67423076923077
9.534615384615385
8.419230769230769
8.146538461538462
8.118846153846153
8.311923076923078
8.279615384615385
8.517692307692307
8.62653846153846
9.227692307692308
8.759615384615385
9.261153846153846
8.920384615384616
9.008461538461539
9.638846153846155
9.781923076923077
10.218846153846155
10.012692307692307
10.221538461538461
10.341153846153846
10.311538461538463
10.583846153846155
10.428846153846154
10.39423076923077
11.177692307692308
11.042692307692308
10.486153846153845
10.846153846153847
11.302307692307693
11.605
11.07076923076923
11.74
11.756153846153847
12.283076923076923
11.910769230769231
12.15576923076923
11.849230769230768
11.356153846153846
12.383076923076922
12.11923076923077
12.705769230769231
13.203076923076924
12.85576923076923
12.652692307692307
12.783846153846154
13.010769230769231
13.095769230769232
13.345384615384615
13.408846153846154
13.319230769230769
13.186153846153845
13.051923076923078
13.003076923076922
13.709999999999999
13.503076923076922
13.485000000000001
14.22923076923077
13.503846153846155
14.053846153846154
14.33423076923077
14.275769230769232
14.113846153846152
14.013846153846155
14.178076923076922
14.483076923076924
14.471538461538461
15.282307692307691
15.087307692307691
15.095384615384615
14.956153846153846
15.618076923076924
15.569230769230769
15.253846153846155
15.478461538461538
16.404615384615383
16.11230769230769
16.30576923076923
16.47576923076923
16.91769230769231
16.34346153846154
16.105
16.497307692307693
16.51576923076923
16.892692307692307
16.901923076923076
16.395
16.08923076923077
15.889999999999999
15.89846153846154
16.443461538461538
16.665
16.522692307692306
16.547307692307694
16.366153846153846
16.17
16.63
16.66653846153846
16.98153846153846
16.930384615384614
17.377307692307692
17.450384615384618
16.93423076923077
16.442692307692308
16.768846153846155
17.034615384615385
16.807307692307692
16.263846153846153
16.37807692307692
16.13076923076923
16.692307692307693
16.50653846153846
16.208846153846153
16.39730769230769
16.195
16.471923076923076
16.945384615384615
16.80576923076923
16.373846153846156
16.054615384615385
16.112692307692306
16.768846153846155
16.689230769230768
16.889615384615386
15.880384615384616
15.147692307692308
15.194230769230769
15.548076923076923
15.511923076923077
15.014615384615384
15.353846153846153
15.3
15.036538461538461
14.629999999999999
14.932692307692308
14.645384615384616
14.351923076923075
14.36076923076923
14.103461538461538
13.786538461538461
14.392692307692307
14.545384615384616
14.512692307692307
13.706538461538461
13.524230769230769
13.242692307692307
12.891923076923076
12.973461538461539
13.211923076923076
13.306153846153846
13.295384615384616
13.481538461538461
12.760384615384615
12.851923076923075
13.025769230769232
12.746923076923078
12.955
12.571923076923078
12.366538461538461
12.700384615384614
12.168846153846154
12.349230769230768
12.775769230769232
12.168846153846154
11.79653846153846
11.823076923076922
11.669615384615385
11.400769230769232
11.130384615384616
11.124615384615385
10.565384615384614
11.370384615384616
11.797692307692309
11.42653846153846
11.115384615384615
11.353846153846153
10.19346153846154
10.013076923076921
9.918076923076923
9.270384615384616
9.760769230769231
9.736153846153845
9.676538461538462
9.41
8.792307692307691
8.871538461538462
9.135769230769231
9.264615384615384
9.658846153846154
9.30846153846154
9.036538461538461
8.483461538461539
8.747307692307693
9.001923076923077
8.884615384615385
8.807307692307692
8.764615384615384
8.050384615384615
7.658076923076924
7.003076923076923
7.085384615384616
8.22653846153846
8.136153846153846
7.679230769230769
8.01923076923077
7.396538461538461
6.688461538461539
6.442692307692307
6.14
6.322307692307692
6.085
6.327692307692308
6.356923076923077
5.62423076923077
5.446923076923077
5.51
5.770769230769231
5.981923076923077
5.7942307692307695
5.866153846153846
5.060384615384615
4.566923076923077
4.364230769230769
4.220384615384615
5.0903846153846155
5.341923076923076
5.993076923076923
5.4630769230769225
5.6692307692307695
5.147692307692308
4.6850000000000005
4.927692307692308
4.318461538461539
4.098461538461539
4.314230769230769
4.020769230769231
4.513461538461538
4.602307692307692
4.486538461538462
4.968461538461539
4.841153846153846
4.804230769230769
4.693076923076923
4.955
5.056538461538461
5.056538461538461
4.580384615384616
4.718076923076923
4.553461538461539
4.631538461538462
4.913461538461538
4.671153846153846
4.675
4.020384615384615
3.353846153846154
3.4526923076923075
