pet
0.37307692307692303
0.3738461538461539
0.27076923076923076
0.2784615384615385
0.2846153846153846
0.3484615384615385
0.5976923076923076
0.4730769230769231
0.3507692307692307
0.36538461538461536
0.49538461538461537
0.4284615384615385
0.3915384615384615
0.34923076923076923
0.4592307692307692
0.39
0.20846153846153845
0.3046153846153846
0.28307692307692306
0.19769230769230767
0.19538461538461538
0.38923076923076927
0.36538461538461536
0.49461538461538457
0.5369230769230768
0.47384615384615386
0.535
0.6971428571428572
0.4907142857142857
0.4007142857142857
0.5599999999999999
0.6049999999999999
0.5599999999999999
0.42357142857142854
0.5478571428571428
0.5478571428571428
0.37214285714285716
0.38499999999999995
0.5407142857142857
0.43571428571428567
0.2885714285714286
0.26357142857142857
0.3628571428571429
0.3814285714285714
0.5392857142857143
0.8278571428571428
0.8507142857142858
0.9307142857142858
0.625
0.8792857142857143
1.0171428571428571
0.9800000000000001
0.9450000000000001
0.9564285714285715
0.955
0.8185714285714286
0.7092857142857143
0.7907142857142857
0.7671428571428571
0.6328571428571428
0.7528571428571428
0.6271428571428571
0.595
0.7828571428571429
0.7842857142857144
0.8785714285714287
0.96
1.287857142857143
1.1242857142857143
1.3121428571428573
1.1935714285714287
1.0507142857142857
1.297857142857143
1.5471428571428572
1.1707142857142858
1.1521428571428571
1.3835714285714287
1.3271428571428572
1.1428571428571428
1.3699999999999999
1.1321428571428571
1.2457142857142858
1.3057142857142858
1.3335714285714286
1.3807142857142856
1.2750000000000001
1.5121428571428572
1.5678571428571428
1.7557142857142858
1.4907142857142859
1.3257142857142856
1.3935714285714285
1.635
1.5364285714285715
1.647857142857143
1.93
1.67
1.8807142857142856
1.9707142857142856
1.7685714285714285
1.7735714285714284
1.6600000000000001
1.9657142857142857
2.04
2.1028571428571428
1.8871428571428572
2.064285714285714
2.0185714285714282
2.02
2.1278571428571427
2.3542857142857145
2.34
2.4042857142857144
2.422857142857143
2.025714285714286
1.7314285714285713
1.7335714285714285
1.787857142857143
1.7292857142857143
2.0707142857142857
2.17
2.1564285714285716
2.124285714285714
2.1264285714285713
2.5814285714285714
2.6221428571428573
2.9614285714285713
2.7135714285714285
2.7657142857142856
2.852857142857143
2.4085714285714284
2.2292857142857145
2.2614285714285716
2.2157142857142857
2.454285714285714
2.5300000000000002
2.4414285714285713
2.595714285714286
2.8935714285714282
2.7235714285714283
3.0264285714285712
3.112142857142857
2.887857142857143
2.968571428571429
3.007857142857143
2.823571428571429
3.0214285714285714
3.136428571428571
2.968571428571429
2.8992857142857145
3.052142857142857
3.0007142857142854
3.0892857142857144
2.6457142857142855
2.459285714285714
2.278571428571429
2.342142857142857
2.580714285714286
2.4499999999999997
2.492142857142857
2.507142857142857
2.580714285714286
2.585714285714286
2.702142857142857
2.6214285714285714
2.580714285714286
2.980714285714286
2.995
2.7399999999999998
2.6814285714285715
2.7328571428571427
2.9200000000000004
2.7728571428571427
2.8978571428571427
2.950714285714286
3.0121428571428575
3.2764285714285712
3.2357142857142853
2.8614285714285717
3.0300000000000002
3.0364285714285715
3.1935714285714285
2.8892857142857147
2.9549999999999996
3.0778571428571433
3.1207142857142856
3.162142857142857
3.0342857142857143
3.0235714285714286
3.2028571428571424
3.172857142857143
3.0914285714285716
3.0157142857142856
2.8885714285714283
2.887857142857143
2.809285714285714
3.1750000000000003
3.357142857142857
3.652857142857143
3.5685714285714285
3.184285714285714
3.0435714285714286
3.1557142857142857
3.3457142857142856
3.1785714285714284
3.487142857142857
3.204285714285714
3.0271428571428567
2.6392857142857147
2.417857142857143
2.552142857142857
2.785
3.1149999999999998
2.8642857142857143
2.9364285714285714
2.65
2.595714285714286
2.6864285714285714
2.6664285714285714
2.8721428571428573
2.6807142857142856
2.415714285714286
2.8907142857142856
2.6964285714285716
2.7635714285714283
2.665
2.516428571428571
2.3964285714285714
2.400714285714286
2.367142857142857
2.585714285714286
2.547857142857143
2.5235714285714286
2.7721428571428572
2.2714285714285714
2.2407142857142857
2.4314285714285715
2.189285714285714
2.1271428571428572
2.0028571428571427
1.9628571428571429
1.7392857142857143
1.615
1.805
2.1907142857142854
2.1257142857142854
2.0957142857142856
1.9149999999999998
1.8185714285714287
1.9007142857142856
2.0557142857142856
1.9828571428571429
2.1364285714285716
1.862142857142857
1.6757142857142857
1.6292857142857144
1.7035714285714287
1.7314285714285713
1.8007142857142857
1.499285714285714
1.545
1.717857142857143
1.5985714285714285
1.512857142857143
1.5842857142857143
1.4478571428571427
1.3414285714285714
1.4357142857142857
1.2907142857142857
1.3985714285714284
1.452142857142857
1.45
1.3800000000000001
1.2953846153846154
1.4792307692307693
1.3330769230769233
1.2892307692307692
1.293076923076923
1.0584615384615383
0.9653846153846154
1.2338461538461538
1.0815384615384616
1.3153846153846156
0.9607692307692308
1.0407692307692307
0.9384615384615385
0.7623076923076924
0.7092307692307693
0.8738461538461538
0.9184615384615384
0.9661538461538461
0.8830769230769231
0.8215384615384616
0.8884615384615384
0.7092307692307693
1.04
0.9553846153846154
0.9092307692307693
0.823076923076923
0.8523076923076923
0.9015384615384616
0.77
0.9923076923076923
0.9938461538461538
0.8115384615384615
0.6592307692307693
0.6176923076923078
0.6107692307692308
0.5146153846153847
0.4584615384615385
0.2507692307692308
0.34307692307692306
0.6207692307692307
0.6276923076923077
0.6415384615384615
0.643846153846154
0.6561538461538461
0.6661538461538462
0.7253846153846154
0.49
0.5684615384615385
0.5846153846153845
0.41384615384615386
0.3792307692307692
0.5092307692307693
0.4507692307692307
0.30153846153846153
0.3169230769230769
0.28
0.38923076923076927
0.30692307692307697
0.3153846153846154
0.25461538461538463
0.2746153846153846
0.22692307692307695
0.27692307692307694
0.12692307692307694
0.13846153846153847
0.3776923076923077
0.44846153846153847
0.35769230769230764
0.3446153846153846
0.24615384615384614
0.2746153846153846
0.1853846153846154
0.3384615384615385
0.21461538461538462
0.3538461538461538
0.45153846153846156
0.41846153846153844
0.34307692307692306
0.40923076923076923
0.3984615384615384
0.4230769230769231
0.6169230769230769
0.6161538461538462
0.5346153846153846
0.36846153846153845
0.40692307692307694
0.45461538461538464
0.45153846153846156
0.3392307692307692
0.55
0.6138461538461539
0.5630769230769231
