pet
0.36833333333333335
0.25875
0.27208333333333334
0.3183333333333333
0.42166666666666663
0.48500000000000004
0.45625
0.405
0.3970833333333333
0.4116666666666667
0.37625
0.38958333333333334
0.4945833333333333
0.4791666666666667
0.5216666666666666
0.38916666666666666
0.3833333333333333
0.39125000000000004
0.45708333333333334
0.515
0.5233333333333333
0.4320833333333333
0.41958333333333336
0.39999999999999997
0.24750000000000003
0.3433333333333333
0.26166666666666666
0.3745833333333333
0.5075
0.45458333333333334
0.47333333333333333
0.42250000000000004
0.4683333333333333
0.5120833333333333
0.5058333333333334
0.6845833333333333
0.4475
0.3445833333333333
0.39083333333333337
0.35708333333333336
0.29124999999999995
0.40458333333333335
0.5045833333333333
0.4504166666666667
0.47750000000000004
0.37875
0.35625
0.47291666666666665
0.45166666666666666
0.45208333333333334
0.4058333333333333
0.47583333333333333
0.6445833333333333
0.6170833333333333
0.5599999999999999
0.6020833333333333
0.5654166666666667
0.7054166666666667
0.5545833333333333
0.68
0.6520833333333333
0.6883333333333334
0.8408333333333333
1.01625
1.0829166666666665
1.0416666666666667
0.875
0.9004166666666666
0.9941666666666666
1.0804166666666666
1.10625
1.0195833333333333
0.9170833333333334
0.8295833333333333
0.9475000000000001
0.8366666666666666
0.6633333333333333
0.7095833333333333
0.6258333333333334
0.695
0.7008333333333333
0.71625
0.8166666666666668
0.8833333333333333
0.8875000000000001
0.8433333333333333
0.9
1.0654166666666667
1.2595833333333333
1.3066666666666666
1.2579166666666668
0.9145833333333333
0.9120833333333334
1.1554166666666668
1.2779166666666668
1.29
1.1866666666666668
1.2874999999999999
1.4629166666666666
1.5079166666666666
1.4254166666666668
1.195
1.2316666666666667
1.4124999999999999
1.5320833333333332
1.3483333333333334
1.4783333333333333
1.4116666666666668
1.425
1.5066666666666666
1.6204166666666666
1.4904166666666667
1.60375
1.7179166666666665
1.6270833333333332
1.7283333333333335
1.8204166666666666
1.82125
1.9479166666666667
1.9204166666666669
2.1754166666666666
1.9749999999999999
2.0504166666666666
1.9808333333333332
1.9141666666666666
1.9891666666666667
2.044583333333333
2.0204166666666667
1.9825
2.027083333333333
2.07625
2.3454166666666665
2.502083333333333
2.6662500000000002
2.4608333333333334
2.1725
2.357391304347826
2.2330434782608695
2.207826086956522
2.5017391304347827
2.466521739130435
2.3965217391304345
2.72
2.7395652173913043
2.5695652173913044
2.492608695652174
2.433478260869565
2.526086956521739
2.5708695652173916
2.7556521739130435
2.8691304347826083
2.670434782608696
2.522173913043478
2.3878260869565215
2.4065217391304348
2.272173913043478
2.245217391304348
2.199130434782609
2.1708695652173913
2.2404347826086957
2.1921739130434785
2.0604347826086955
2.12
2.130434782608696
1.9630434782608694
2.1708695652173913
2.3504347826086955
2.286086956521739
2.293913043478261
2.4669565217391307
2.3334782608695654
2.143478260869565
2.1204347826086956
2.11304347826087
2.2804347826086957
2.1252173913043477
2.152608695652174
2.210434782608696
2.1365217391304347
2.2469565217391305
1.896086956521739
1.9265217391304348
2.2
2.34
2.433478260869565
2.345217391304348
2.456086956521739
2.507391304347826
2.256521739130435
2.362608695652174
2.3282608695652174
2.4947826086956524
2.2491304347826087
2.206086956521739
2.127391304347826
1.8621739130434782
1.836521739130435
1.9065217391304348
2.0460869565217394
2.2691304347826087
2.152173913043478
1.9717391304347827
2.1365217391304347
2.1556521739130434
2.194782608695652
2.2865217391304347
2.2943478260869568
2.261304347826087
2.221304347826087
2.146086956521739
2.119565217391304
1.952173913043478
2.086521739130435
2.0478260869565217
1.8282608695652172
1.8452173913043477
1.8360869565217393
1.7869565217391306
1.752608695652174
1.7639130434782608
1.8456521739130436
2.0434782608695654
2.1478260869565218
1.91
1.8769565217391304
1.854782608695652
1.8782608695652174
1.7869565217391306
1.8626086956521737
2.036521739130435
2.0708695652173916
2.0569565217391306
1.7878260869565217
1.6378260869565218
1.626086956521739
1.627391304347826
1.5439130434782609
1.5299999999999998
1.6021739130434782
1.7799999999999998
1.5791304347826087
1.477391304347826
1.5917391304347825
1.4930434782608695
1.4956521739130435
1.646086956521739
1.4556521739130432
1.3334782608695652
1.31
1.4539130434782608
1.3778260869565218
1.3991304347826088
1.2043478260869565
1.1043478260869564
1.0539130434782609
1.0143478260869565
1.0513043478260868
0.9791304347826086
1.2056521739130435
1.154782608695652
1.1721739130434783
1.2373913043478262
1.326086956521739
1.3030434782608695
1.16
1.1182608695652174
1.0160869565217392
1.0756521739130434
1.0543478260869565
1.0552173913043479
1.1552173913043478
1.1465217391304348
1.2517391304347825
1.071304347826087
1.0421739130434782
0.991304347826087
0.9439130434782609
0.9478260869565218
0.83
0.8591304347826088
1.008695652173913
0.8578260869565217
0.7308695652173912
0.8426086956521739
0.8099999999999999
0.7956521739130435
0.9117391304347826
0.8069565217391304
0.8630434782608696
0.6991304347826086
0.8108695652173913
0.7108695652173914
0.5956521739130435
0.7247826086956523
0.6408695652173914
0.6908695652173913
0.6917391304347826
0.638695652173913
0.6047826086956521
0.6221739130434782
0.6756521739130434
0.661304347826087
0.6317391304347826
0.5591304347826087
0.5730434782608695
0.5856521739130435
0.5039130434782608
0.48130434782608694
0.5065217391304347
0.662608695652174
0.6021739130434782
0.5317391304347826
0.6339130434782608
0.468695652173913
0.3856521739130435
0.3943478260869565
0.4739130434782609
0.3869565217391305
0.5582608695652174
0.5169565217391304
0.4891304347826087
0.4121739130434783
0.2669565217391304
0.4165217391304348
0.6717391304347826
0.5078260869565218
0.4665217391304348
0.4804347826086957
0.44565217391304346
0.40304347826086956
0.4956521739130435
0.49086956521739133
0.43565217391304345
0.5060869565217392
0.5521739130434782
0.7156521739130435
0.5182608695652174
0.3739130434782609
0.3639130434782609
0.22347826086956524
0.26869565217391306
0.35000000000000003
0.4469565217391304
0.5856521739130435
0.5947826086956521
0.4947826086956521
0.5304347826086956
0.5226086956521739
0.3747826086956522
0.37086956521739134
0.31130434782608696
0.2843478260869565
0.27217391304347827
0.23217391304347826
0.2773913043478261
0.3034782608695652
0.40217391304347827
0.5139130434782608
0.4256521739130435
0.2852173913043478
0.30043478260869566
0.3660869565217391
0.3626086956521739
0.35434782608695653
0.3926086956521739
