temperature
3.871923076923077
3.9353846153846153
3.7553846153846155
4.467692307692308
4.832307692307692
4.098076923076923
4.187307692307693
4.658461538461538
4.867307692307692
4.593076923076923
3.4476923076923076
3.0561538461538458
3.4265384615384615
4.277692307692307
4.179230769230769
3.873076923076923
3.113076923076923
3.4719230769230767
3.9719230769230767
4.240384615384615
4.838461538461538
4.853076923076923
4.722307692307693
4.1996153846153845
4.095384615384615
3.7653846153846158
3.950384615384615
4.168461538461538
3.7965384615384616
2.9234615384615386
3.5173076923076922
3.726923076923077
4.0284615384615385
4.363846153846153
4.381923076923077
4.966923076923076
5.007692307692308
4.337307692307692
4.1534615384615385
3.451923076923077
3.347692307692308
3.590384615384615
3.463846153846154
2.784615384615385
2.476923076923077
2.7526923076923073
2.965384615384615
3.612692307692307
3.235
3.368846153846154
3.373846153846154
3.6407692307692305
4.005
4.447692307692308
3.9507692307692306
3.6153846153846154
4.049230769230769
4.526923076923077
5.006923076923077
4.898461538461539
5.261153846153846
4.821153846153846
4.695384615384615
5.114230769230769
5.486923076923077
5.541153846153846
5.4338461538461535
5.302307692307693
6.192692307692307
5.9423076923076925
5.864615384615385
5.676153846153846
5.746923076923077
5.684615384615385
5.753461538461538
5.891923076923077
6.437692307692307
5.828846153846153
5.745384615384615
6.046538461538462
5.923076923076923
6.703076923076923
6.8161538461538465
6.713461538461539
6.500384615384615
6.153076923076923
6.285769230769231
6.1523076923076925
6.46
7.2626923076923084
6.92076923076923
6.495384615384615
6.118461538461539
6.026923076923077
6.183461538461539
6.810384615384615
7.143846153846154
6.397692307692308
6.923076923076923
7.641153846153846
7.5842307692307696
7.974230769230768
7.6207692307692305
7.607692307692308
8.463461538461539
8.454615384615384
7.831153846153847
8.192692307692308
8.314230769230768
8.048076923076923
8.855384615384615
9.545384615384616
8.582692307692309
8.544615384615385
8.491538461538461
8.355384615384615
8.84153846153846
8.786538461538461
9.098461538461539
9.388846153846153
8.917692307692308
9.420384615384616
9.391538461538461
9.449615384615385
9.897307692307692
9.996153846153845
10.329615384615384
10.252692307692307
10.308461538461538
10.706538461538461
10.54076923076923
10.641538461538461
10.734230769230768
10.750384615384615
11.298846153846153
11.08423076923077
10.469615384615384
11.136538461538462
11.608461538461539
11.855
11.425
12.193846153846154
12.088846153846154
12.50423076923077
12.43
12.58423076923077
12.081923076923077
11.869615384615384
12.50576923076923
12.182307692307692
12.63076923076923
13.06423076923077
12.813846153846153
12.72269230769231
12.655384615384614
13.118846153846153
13.033076923076923
13.315
13.525384615384613
13.441153846153846
13.191538461538462
13.235384615384616
13.034230769230769
13.584999999999999
13.623461538461537
13.77730769230769
14.566538461538462
13.925
14.02346153846154
14.197307692307692
14.452692307692306
14.32
14.261923076923077
14.350000000000001
14.692692307692308
14.846153846153847
15.457692307692307
15.204615384615384
15.257307692307693
15.271153846153847
15.616153846153846
15.543461538461539
15.188461538461537
15.800384615384615
16.739615384615384
16.346923076923076
16.373461538461537
16.503846153846155
16.828846153846154
16.416923076923077
16.35884615384615
16.482692307692307
16.56346153846154
16.865000000000002
16.813076923076924
16.353461538461538
16.001923076923077
15.92576923076923
16.218846153846155
16.64076923076923
16.653846153846153
16.276923076923076
16.61923076923077
16.37846153846154
16.001538461538463
16.771538461538462
16.806153846153848
16.985
16.83653846153846
17.103076923076923
17.601153846153846
16.690384615384616
16.59423076923077
17.013846153846153
16.918846153846154
16.69846153846154
16.42269230769231
16.19192307692308
15.952692307692306
16.76846153846154
16.784230769230767
16.292307692307695
16.36576923076923
16.13423076923077
16.511153846153846
16.838076923076922
16.77730769230769
16.49192307692308
16.12192307692308
16.18769230769231
16.927307692307693
16.73423076923077
16.683461538461536
16.06
15.287307692307694
15.508076923076922
15.794615384615383
15.653076923076924
15.12576923076923
15.34423076923077
15.470769230769232
15.218846153846155
14.982692307692307
15.023076923076925
14.808461538461538
14.364615384615385
14.518846153846154
14.205769230769231
14.122307692307693
14.709999999999999
14.825
14.498846153846156
13.899999999999999
13.84423076923077
13.521153846153847
13.116923076923078
13.159615384615384
13.252307692307692
13.394615384615385
13.38423076923077
13.64576923076923
13.08
13.025384615384617
13.085769230769232
12.998846153846156
13.11576923076923
12.87076923076923
12.595384615384615
12.870384615384616
12.36576923076923
12.395384615384616
12.623461538461537
12.287692307692309
12.02
11.97653846153846
12.02730769230769
11.809615384615386
11.254999999999999
11.279615384615385
10.80076923076923
11.491923076923078
11.957692307692307
11.403461538461539
11.243461538461538
11.474615384615383
10.391923076923076
10.170769230769231
10.083846153846155
9.445769230769232
9.75576923076923
10.053846153846154
9.859230769230768
9.707692307692309
8.908076923076923
9.28
9.403076923076922
9.633461538461539
9.942692307692308
9.573076923076924
9.148076923076923
8.691153846153846
9.002307692307692
9.411153846153846
9.300384615384615
9.241153846153846
8.991153846153846
8.198076923076924
7.92
7.303461538461539
7.586923076923076
8.625
8.33576923076923
7.9180769230769235
8.151923076923076
7.651923076923077
6.968846153846154
6.72
6.32923076923077
6.5576923076923075
6.378076923076923
6.671153846153846
6.486538461538462
5.833461538461538
5.705
5.793846153846155
5.90076923076923
6.240769230769231
6.257307692307692
5.953846153846154
5.461153846153847
4.997307692307692
4.7215384615384615
4.761923076923077
5.295000000000001
5.672692307692308
6.328461538461538
5.822692307692307
5.821538461538462
5.332692307692308
5.158076923076924
5.411153846153846
4.585384615384616
4.192692307692308
4.480384615384615
4.447307692307692
4.796538461538462
4.951538461538462
4.9592307692307696
5.250384615384615
5.255
5.111153846153846
4.739615384615385
5.141153846153846
5.329615384615384
5.239230769230769
4.740384615384615
4.944999999999999
4.835384615384616
4.861538461538462
5.121923076923077
4.891153846153847
4.994230769230769
4.337307692307692
3.6738461538461538
3.796923076923077
