temperature
3.870769230769231
3.9630769230769234
3.744230769230769
4.515
4.933461538461539
4.128461538461538
4.247307692307692
4.698076923076924
5.021923076923077
4.718461538461539
3.523076923076923
3.0523076923076924
3.481923076923077
4.328461538461538
4.24423076923077
3.8984615384615386
3.116153846153846
3.498076923076923
3.9826923076923078
4.271923076923077
4.852692307692307
4.903846153846154
4.757307692307692
4.246923076923077
4.196153846153846
3.8784615384615386
3.9384615384615387
4.2057692307692305
3.8757692307692304
3.073846153846154
3.5549999999999997
3.766538461538462
4.111538461538461
4.526538461538461
4.4946153846153845
5.129230769230769
5.140000000000001
4.5
4.309230769230769
3.598846153846154
3.5184615384615388
3.7526923076923073
3.5869230769230773
2.8703846153846153
2.542307692307692
2.766153846153846
3.046538461538461
3.7161538461538464
3.3876923076923076
3.4046153846153846
3.487692307692308
3.765
4.183076923076923
4.5407692307692304
4.062307692307693
3.768076923076923
4.216153846153846
4.72076923076923
5.098846153846154
5.0819230769230765
5.477307692307692
5.025384615384615
4.818461538461539
5.466538461538462
5.712307692307693
5.8100000000000005
5.758076923076923
5.506153846153846
6.416923076923077
6.161153846153846
5.965
5.965769230769231
6.011538461538461
5.92076923076923
5.915384615384616
6.111538461538462
6.758846153846154
6.08576923076923
5.9946153846153845
6.203076923076923
6.107307692307692
7.018076923076923
7.121153846153846
6.841538461538462
6.662307692307692
6.292692307692308
6.513461538461538
6.387307692307692
6.556923076923076
7.596923076923077
7.207307692307692
6.768461538461538
6.257307692307692
6.162307692307692
6.4715384615384615
7.047692307692308
7.275
6.561153846153847
7.079615384615384
7.901923076923077
7.802692307692308
8.120000000000001
7.640000000000001
7.797692307692308
8.605384615384615
8.681923076923077
7.930000000000001
8.409615384615385
8.587692307692308
8.311153846153847
9.096538461538461
9.83423076923077
8.687692307692307
8.692307692307692
8.598076923076924
8.544615384615385
8.899230769230769
9.021538461538462
9.208846153846155
9.589230769230769
9.19
9.62923076923077
9.504999999999999
9.613846153846154
10.178076923076922
10.229615384615386
10.602692307692308
10.471153846153847
10.466923076923077
10.958461538461538
10.740384615384615
10.900384615384617
10.958461538461538
11.049230769230768
11.602692307692308
11.38076923076923
10.649230769230769
11.265769230769232
11.787307692307694
12.115
11.668076923076923
12.492692307692307
12.337692307692306
12.721153846153847
12.55923076923077
12.708461538461538
12.291153846153845
12.048461538461538
12.739230769230769
12.377307692307692
13.011153846153848
13.44
13.180384615384614
13.045
13.004999999999999
13.534615384615384
13.387692307692307
13.792307692307693
13.89076923076923
13.701153846153847
13.53076923076923
13.600384615384616
13.40230769230769
13.866538461538463
13.96269230769231
14.076538461538462
15.064615384615385
14.251923076923077
14.395384615384614
14.581538461538461
14.87076923076923
14.525384615384613
14.507692307692308
14.588461538461539
14.998076923076923
15.241538461538461
15.780384615384616
15.50576923076923
15.531153846153845
15.591923076923077
16.001153846153844
15.993846153846153
15.580384615384617
16.115384615384617
17.101153846153846
16.723076923076924
16.758846153846154
16.833846153846153
17.275000000000002
16.822692307692307
16.683846153846154
16.946153846153848
16.828846153846154
17.215
17.25076923076923
16.736153846153847
16.357692307692307
16.246538461538464
16.61653846153846
17.086153846153845
17.08076923076923
16.701538461538462
16.991153846153846
16.740384615384617
16.331153846153846
17.146153846153847
17.218076923076925
17.34846153846154
17.216153846153848
17.51269230769231
18.08576923076923
17.065
16.915384615384617
17.326153846153847
17.25
16.888461538461538
16.748461538461537
16.54269230769231
16.313846153846153
17.002307692307692
16.950384615384618
16.548461538461538
16.75846153846154
16.497692307692308
16.79230769230769
17.24153846153846
17.121538461538464
16.728846153846153
16.465384615384615
16.45307692307692
17.189230769230768
17.045384615384616
16.99269230769231
16.325
15.492307692307692
15.697307692307692
15.985384615384616
15.82846153846154
15.274999999999999
15.743076923076924
15.800384615384615
15.39423076923077
15.073846153846155
15.303076923076922
14.949615384615385
14.515384615384615
14.836538461538462
14.494615384615384
14.268461538461539
14.977307692307694
15.032692307692308
14.743076923076924
14.068846153846154
13.980384615384615
13.69076923076923
13.299230769230768
13.306153846153846
13.358076923076924
13.702692307692306
13.518846153846154
13.785384615384617
13.145384615384616
13.218846153846155
13.288461538461538
13.125384615384615
13.38076923076923
12.958846153846155
12.753076923076922
12.977307692307694
12.537307692307694
12.549230769230771
12.790000000000001
12.528461538461539
12.137692307692307
12.165000000000001
12.135
11.966923076923077
11.392307692307693
11.459999999999999
10.959615384615384
11.650384615384617
12.116153846153846
11.488076923076923
11.28
11.565384615384614
10.480384615384615
10.221538461538461
10.136538461538462
9.494615384615384
9.823076923076924
10.147692307692306
10.054615384615385
9.712307692307693
9.010769230769231
9.306538461538462
9.531538461538462
9.729615384615384
10.029615384615385
9.66576923076923
9.232692307692307
8.689615384615385
8.91423076923077
9.465384615384615
9.423461538461538
9.342307692307692
9.115384615384615
8.296153846153846
8.012692307692308
7.385769230769231
7.526538461538461
8.654615384615385
8.447307692307692
8.053461538461537
8.315384615384614
7.7626923076923084
7.035769230769231
6.751153846153846
6.402692307692307
6.5942307692307685
6.334615384615384
6.603076923076923
6.6461538461538465
5.884230769230769
5.6596153846153845
5.69423076923077
5.912692307692307
6.319615384615385
6.350769230769231
6.115384615384615
5.494615384615385
4.988076923076923
4.736153846153846
4.64
5.125384615384615
5.577692307692308
6.416153846153846
5.893846153846154
5.935384615384615
5.358461538461539
5.111538461538462
5.30576923076923
4.419615384615384
4.108076923076923
4.396923076923077
4.420384615384616
4.736538461538462
4.916923076923077
4.896923076923077
5.210384615384616
5.235384615384616
5.177307692307693
4.799615384615385
5.157692307692307
5.388461538461538
5.221153846153846
4.802307692307692
4.922307692307692
4.865
4.883076923076922
5.127692307692308
4.998846153846154
5.091538461538462
4.353461538461539
3.6550000000000002
3.7384615384615385
