temperature
3.792608695652174
3.954782608695652
3.8721739130434782
4.443913043478261
4.56391304347826
3.4899999999999998
3.5256521739130435
3.641304347826087
3.655217391304348
3.3408695652173916
3.013913043478261
2.546956521739131
2.827826086956522
3.4756521739130433
3.6213043478260873
3.1608695652173915
2.8304347826086955
3.2343478260869567
3.494782608695652
3.7691304347826087
3.7404347826086957
3.2530434782608695
3.256521739130435
3.471304347826087
3.0608695652173914
2.752608695652174
2.9556521739130437
3.686086956521739
3.696521739130435
3.3108695652173914
3.5643478260869568
3.327391304347826
3.4613043478260868
4.125652173913044
4.309130434782609
4.655217391304348
4.106521739130435
3.463478260869565
3.0595652173913046
2.7169565217391303
2.3591304347826085
2.964782608695652
2.6456521739130436
2.451304347826087
2.1430434782608696
2.3369565217391304
2.6982608695652175
3.1495652173913045
2.9804347826086954
2.8730434782608696
2.4543478260869565
2.968260869565217
3.5504347826086957
3.7282608695652173
3.424782608695652
3.5126086956521743
4.135652173913043
4.433913043478261
4.247391304347826
4.356086956521739
4.378260869565217
4.160434782608696
4.311739130434782
5.079565217391305
5.409565217391305
5.568260869565217
5.2504347826086954
5.312608695652174
6.09
5.700869565217391
5.67
5.9247826086956525
5.55304347826087
5.00695652173913
4.950434782608696
5.147826086956522
5.0230434782608695
4.382173913043479
4.873043478260869
4.717826086956522
5.116086956521739
5.670434782608695
5.973478260869564
5.563478260869566
5.482608695652174
5.713478260869565
5.7504347826086954
5.893478260869566
5.8908695652173915
6.466956521739131
5.7013043478260865
5.187391304347826
4.750869565217391
4.940434782608696
5.168695652173913
5.75
5.932173913043478
6.050869565217391
6.461304347826086
6.133478260869565
6.246521739130435
6.032608695652174
5.694347826086957
6.078260869565218
6.8426086956521734
6.970434782608695
6.415652173913044
6.890434782608695
6.5826086956521745
6.651304347826087
7.583478260869565
7.866086956521738
7.806521739130435
7.8252173913043475
7.543043478260869
7.829565217391304
8.318695652173913
8.728260869565217
9.07391304347826
9.102173913043478
8.680434782608696
9.048260869565217
9.122608695652174
8.906956521739131
8.954782608695652
9.086521739130434
9.468260869565217
9.238260869565218
9.035652173913043
9.549565217391304
9.997826086956522
9.889565217391304
10.611739130434783
10.678260869565218
11.024347826086956
10.481304347826086
10.26695652173913
10.293181818181818
10.681818181818182
11.310454545454546
10.852727272727272
10.875454545454547
11.521363636363636
11.30590909090909
11.301363636363636
11.255
11.20409090909091
10.953181818181818
11.376818181818182
11.74409090909091
12.32818181818182
12.229545454545455
11.858181818181817
11.527272727272727
11.492727272727272
11.860000000000001
11.346363636363636
11.359545454545454
11.378636363636364
11.725909090909092
11.826818181818181
11.843181818181819
11.547272727272727
11.743181818181819
11.854545454545455
12.184545454545455
13.193636363636363
12.915
13.1
13.440454545454545
13.772272727272728
12.510909090909092
12.666818181818183
12.233636363636363
12.702272727272726
13.154545454545454
13.262272727272727
13.260454545454547
13.764999999999999
13.577272727272726
13.507272727272728
13.114090909090908
13.09681818181818
13.611818181818181
14.193181818181818
14.17090909090909
14.219545454545454
14.226818181818182
14.895
14.981363636363637
15.086363636363636
15.284090909090908
15.04681818181818
15.039545454545454
14.944545454545453
14.492727272727272
14.519545454545455
14.335454545454546
14.67
15.251363636363635
15.343181818181819
14.601363636363637
14.788636363636362
15.299090909090909
15.048636363636364
15.361363636363636
15.295
15.726818181818182
15.188181818181818
15.632727272727273
15.789090909090909
14.581818181818182
15.014545454545454
15.467272727272729
14.812272727272727
14.759090909090908
14.957272727272727
14.421363636363635
14.452272727272726
14.908181818181818
14.705
14.951363636363636
14.870909090909093
14.280909090909091
14.25590909090909
14.140909090909092
14.09590909090909
14.15
14.436818181818182
14.520454545454545
15.32
15.388181818181819
15.18409090909091
14.324545454545454
13.82
13.786363636363637
13.907272727272726
13.525
13.55181818181818
13.80090909090909
13.520454545454545
13.860454545454546
13.705909090909092
13.585909090909091
13.649090909090908
13.212727272727273
13.138636363636364
12.798181818181819
13.05
13.344545454545454
13.133636363636363
12.975454545454545
12.495909090909093
12.485909090909091
11.931818181818182
11.61
11.431818181818182
12.041363636363638
12.372272727272728
12.795454545454545
12.731363636363636
12.221363636363636
12.125
11.943636363636363
11.84818181818182
12.075454545454546
11.42681818181818
11.543636363636365
11.363181818181818
11.635
11.785454545454543
11.479090909090909
11.50590909090909
10.721363636363636
10.577272727272726
10.140454545454546
10.19409090909091
10.223181818181818
10.207727272727272
10.24
10.752727272727272
10.60909090909091
9.997272727272728
10.158636363636363
10.127272727272727
9.638636363636364
9.516363636363636
9.158636363636363
8.956363636363635
8.237272727272726
8.564545454545454
8.822727272727272
8.698636363636364
8.451818181818181
8.325909090909091
8.276818181818182
8.376818181818182
8.602272727272727
7.996363636363637
8.30590909090909
7.841363636363636
8.172727272727274
8.200000000000001
8.123636363636363
8.110000000000001
7.872727272727272
7.440454545454545
7.193181818181818
6.822272727272727
7.175909090909091
8.041363636363636
7.419545454545454
7.21409090909091
7.138636363636365
6.9804545454545455
5.976363636363636
5.794545454545455
5.872272727272727
6.040909090909091
6.125
6.778636363636363
6.284545454545454
5.193636363636364
5.029545454545455
5.025454545454545
5.295
5.624545454545455
5.717272727272728
5.982272727272728
5.178636363636364
4.8940909090909095
4.418636363636364
4.760909090909091
5.488181818181818
5.1872727272727275
5.608636363636363
5.339545454545455
4.865454545454545
4.181363636363636
4.1499999999999995
4.678181818181819
4.145909090909091
4.260454545454546
4.638636363636364
4.495909090909091
4.565454545454545
4.424090909090909
4.661818181818182
4.4395454545454545
4.775909090909091
4.2690909090909095
3.899090909090909
3.733636363636364
4.030909090909091
4.056818181818182
3.944545454545455
4.160454545454545
4.8149999999999995
4.511818181818182
4.5195454545454545
3.9513636363636366
4.042272727272728
3.919545454545455
3.9568181818181816
3.775
