pet
0.39961538461538465
0.3426923076923077
0.2603846153846154
0.3719230769230769
0.5207692307692308
0.43230769230769234
0.47269230769230774
0.5076923076923077
0.5226923076923077
0.5703846153846154
0.5219230769230769
0.44269230769230766
0.49115384615384616
0.5130769230769231
0.535
0.4242307692307692
0.35461538461538455
0.39653846153846156
0.4276923076923077
0.4957692307692308
0.6169230769230769
0.48730769230769233
0.48730769230769233
0.46384615384615385
0.37576923076923074
0.4088461538461538
0.37115384615384617
0.4230769230769231
0.5473076923076923
0.48269230769230764
0.4926923076923077
0.48615384615384616
0.6076923076923078
0.635
0.61
0.7519230769230769
0.693076923076923
0.535
0.49038461538461536
0.5361538461538461
0.4553846153846154
0.4376923076923077
0.4403846153846154
0.40115384615384614
0.42230769230769233
0.39384615384615385
0.415
0.5146153846153847
0.5046153846153846
0.5080769230769231
0.5634615384615385
0.5711538461538461
0.6696153846153846
0.7257692307692308
0.6526923076923077
0.5957692307692308
0.62
0.7696153846153846
0.7061538461538461
0.7642307692307693
0.8284615384615385
0.7938461538461539
0.9069230769230768
1.07
1.0923076923076922
1.1907692307692308
1.053076923076923
1.0284615384615383
1.135
1.088076923076923
1.121923076923077
1.0826923076923076
0.931923076923077
0.9096153846153846
0.9834615384615385
1.0934615384615385
0.9769230769230769
0.9665384615384615
0.9157692307692307
1.0326923076923078
1.1023076923076922
1.1073076923076923
1.106923076923077
1.1196153846153847
1.0746153846153847
1.1388461538461538
1.106923076923077
1.2384615384615385
1.2969230769230768
1.3699999999999999
1.4246153846153846
1.1303846153846153
1.0634615384615385
1.17
1.2788461538461537
1.326153846153846
1.163846153846154
1.0842307692307693
1.3065384615384614
1.6115384615384616
1.686923076923077
1.5626923076923078
1.4442307692307692
1.6300000000000001
1.726153846153846
1.7046153846153846
1.6726923076923077
1.8934615384615383
1.758076923076923
1.7630769230769232
1.813076923076923
1.8288461538461538
1.8003846153846155
1.7565384615384616
1.665769230769231
1.7726923076923076
1.7576923076923079
1.753076923076923
1.8157692307692308
1.8834615384615385
1.8426923076923079
1.8742307692307691
2.02
2.1142307692307694
1.9207692307692308
2.1173076923076923
2.286923076923077
2.1738461538461538
2.1773076923076924
2.2173076923076924
2.1992307692307693
2.2665384615384614
2.180769230769231
2.1376923076923076
2.2346153846153847
2.1446153846153844
2.32
2.2634615384615384
2.3223076923076924
2.4857692307692307
2.460769230769231
2.5453846153846156
2.5138461538461536
2.588461538461538
2.5946153846153845
2.6742307692307694
2.5100000000000002
2.4650000000000003
2.5746153846153845
2.546923076923077
2.6496153846153847
2.629230769230769
2.435
2.371923076923077
2.3796153846153847
2.572307692307692
2.46
2.3915384615384614
2.4434615384615386
2.3607692307692307
2.351923076923077
2.3565384615384612
2.3242307692307693
2.2784615384615385
2.3476923076923075
2.330769230769231
2.526923076923077
2.4426923076923077
2.5984615384615384
2.633846153846154
2.4015384615384616
2.32
2.3534615384615383
2.3446153846153845
2.4226923076923077
2.5930769230769233
2.515
2.4023076923076925
2.477307692307692
2.46
2.626923076923077
2.601153846153846
2.6434615384615388
2.63
2.6734615384615386
2.5992307692307692
2.7973076923076925
2.8334615384615387
2.6996153846153845
2.5373076923076923
2.678076923076923
2.7653846153846158
2.6165384615384615
2.7265384615384614
2.661153846153846
2.5592307692307696
2.4007692307692308
2.3626923076923076
2.426923076923077
2.6976923076923076
2.496153846153846
2.4457692307692307
2.425
2.2826923076923076
2.483461538461538
2.585769230769231
2.666923076923077
2.6226923076923074
2.633076923076923
2.5349999999999997
2.576923076923077
2.2857692307692306
2.4457692307692307
2.5053846153846155
2.4257692307692307
2.2626923076923076
2.373076923076923
2.316153846153846
2.135
2.2146153846153847
2.1723076923076925
2.1607692307692306
2.2796153846153846
2.270769230769231
2.291153846153846
2.3226923076923076
2.3546153846153848
2.1334615384615385
2.105
2.121923076923077
2.1526923076923077
2.2226923076923075
2.2453846153846153
2.078076923076923
2.0446153846153843
2.0465384615384616
1.9250000000000003
1.8707692307692307
1.8353846153846154
2.0276923076923077
1.9103846153846153
1.7873076923076923
1.7788461538461537
1.843076923076923
1.8269230769230769
1.78
1.746923076923077
1.518076923076923
1.573076923076923
1.6742307692307692
1.576153846153846
1.6826923076923077
1.5946153846153845
1.4311538461538462
1.4915384615384615
1.4176923076923076
1.3788461538461538
1.3407692307692307
1.5780769230769232
1.5788461538461538
1.3919230769230768
1.3523076923076924
1.4334615384615386
1.3915384615384616
1.326153846153846
1.3753846153846152
1.0834615384615385
1.040769230769231
1.1211538461538462
1.1403846153846153
1.2484615384615385
1.2396153846153846
1.315
1.2073076923076924
1.2969230769230768
1.1830769230769231
1.175
1.103846153846154
1.080769230769231
0.9838461538461538
1.0584615384615383
1.0973076923076923
0.92
0.9953846153846153
0.9353846153846154
0.8573076923076923
0.8303846153846154
0.8076923076923077
0.7157692307692307
0.7357692307692307
0.7511538461538462
0.7411538461538462
0.5984615384615385
0.6065384615384615
0.7384615384615384
0.8196153846153845
0.8057692307692308
0.735
0.6996153846153846
0.6703846153846154
0.6526923076923077
0.6653846153846155
0.7996153846153846
0.6688461538461539
0.6588461538461539
0.7146153846153845
0.7203846153846154
0.6011538461538461
0.5138461538461538
0.55
0.7038461538461539
0.6234615384615385
0.6153846153846154
0.6796153846153845
0.5361538461538461
0.4584615384615385
0.4184615384615385
0.46384615384615385
0.41807692307692307
0.3496153846153846
0.39115384615384613
0.47000000000000003
0.3269230769230769
0.2446153846153846
0.4623076923076923
0.5969230769230769
0.5865384615384616
0.5011538461538462
0.5584615384615385
0.43153846153846154
0.3807692307692308
0.3984615384615384
0.36615384615384616
0.3930769230769231
0.48000000000000004
0.5188461538461538
0.5230769230769231
0.48846153846153845
0.43961538461538463
0.29
0.275
0.3038461538461539
0.3480769230769231
0.45153846153846156
0.43038461538461537
0.4084615384615385
0.40384615384615385
0.43884615384615383
0.4603846153846154
0.3734615384615384
0.37884615384615383
0.3923076923076923
0.3584615384615385
0.446923076923077
0.4369230769230769
0.4
0.44269230769230766
0.5215384615384615
0.5161538461538462
0.4938461538461538
0.5092307692307693
0.5757692307692308
0.47923076923076924
0.4211538461538462
0.4592307692307692
