pet
0.4688461538461538
0.4284615384615385
0.39115384615384613
0.36692307692307696
0.42192307692307696
0.4596153846153846
0.5526923076923077
0.46192307692307694
0.46153846153846156
0.4723076923076924
0.5838461538461538
0.5903846153846154
0.515
0.49615384615384617
0.6130769230769231
0.5411538461538462
0.4573076923076923
0.5811538461538461
0.6146153846153847
0.46615384615384614
0.46307692307692305
0.42807692307692313
0.45423076923076927
0.5084615384615385
0.5173076923076922
0.4803846153846154
0.5542307692307692
0.5846153846153845
0.5592307692307693
0.5526923076923077
0.5965384615384616
0.6115384615384616
0.6238461538461538
0.566923076923077
0.6469230769230769
0.6519230769230769
0.5603846153846154
0.5892307692307692
0.5969230769230769
0.5226923076923077
0.5688461538461539
0.6799999999999999
0.6307692307692307
0.5461538461538461
0.6880769230769231
0.7946153846153846
0.7115384615384616
0.7623076923076924
0.7123076923076923
0.8150000000000001
0.8315384615384616
0.8738461538461538
0.8526923076923076
0.8115384615384615
0.7507692307692307
0.7761538461538462
0.7261538461538461
0.7338461538461538
0.7126923076923077
0.7538461538461539
0.7823076923076923
0.693076923076923
0.6165384615384616
0.7061538461538461
0.9411538461538461
1.0553846153846154
1.1373076923076924
1.2126923076923077
1.2007692307692308
1.1688461538461539
1.008076923076923
1.011923076923077
1.2261538461538461
1.3923076923076925
1.2788461538461537
1.3126923076923078
1.1676923076923076
1.2546153846153845
1.2342307692307695
1.2726923076923078
1.2999999999999998
1.3280769230769232
1.385
1.4907692307692306
1.4953846153846155
1.4984615384615385
1.583076923076923
1.5469230769230768
1.6203846153846155
1.6723076923076923
1.686923076923077
1.6884615384615385
1.6334615384615385
1.6253846153846152
1.7592307692307694
1.7307692307692308
1.478846153846154
1.6961538461538461
1.7965384615384616
1.6942307692307694
1.708846153846154
1.7999999999999998
1.835
1.9665384615384616
1.9042307692307692
1.9107692307692308
1.956923076923077
1.8369230769230769
1.8626923076923076
2.136923076923077
2.451923076923077
2.336923076923077
2.4246153846153846
2.4934615384615384
2.246538461538462
2.0311538461538463
2.1257692307692304
2.0926923076923076
1.9046153846153848
2.048076923076923
2.249615384615385
2.386923076923077
2.4703846153846154
2.3446153846153845
2.4292307692307693
2.4288461538461537
2.676153846153846
2.706538461538462
2.704615384615385
2.8499999999999996
2.6484615384615386
2.5942307692307693
2.4646153846153847
2.464230769230769
2.728846153846154
2.605769230769231
2.5726923076923076
2.5107692307692306
2.5703846153846155
2.5707692307692307
2.718461538461539
2.6765384615384615
2.6350000000000002
2.649230769230769
2.7396153846153846
2.8492307692307692
2.8053846153846154
2.8096153846153844
2.8953846153846152
3.004230769230769
2.953461538461539
3.1123076923076924
2.762307692307692
2.723076923076923
2.5107692307692306
2.55
2.549615384615384
2.477307692307692
2.5069230769230773
2.668846153846154
2.7238461538461536
2.576923076923077
2.481923076923077
2.5215384615384617
2.585769230769231
2.5384615384615383
2.815
2.876153846153846
2.853846153846154
2.776923076923077
2.641538461538462
2.6030769230769226
2.5930769230769233
2.641153846153846
2.6511538461538464
2.832692307692308
2.8499999999999996
2.758076923076923
2.7569230769230773
2.792307692307692
2.769230769230769
2.7192307692307693
2.730384615384615
2.7776923076923077
2.6515384615384616
2.629230769230769
2.661538461538462
2.713846153846154
2.7615384615384615
2.897307692307692
2.8715384615384614
2.748846153846154
2.7311538461538465
2.5938461538461537
2.7976923076923077
2.7434615384615384
2.7792307692307694
2.850769230769231
3.0503846153846155
3.0930769230769233
2.756153846153846
2.678846153846154
2.735
2.7761538461538464
2.773846153846154
2.943076923076923
2.759230769230769
2.573846153846154
2.5865384615384617
2.5349999999999997
2.4165384615384613
2.4273076923076924
2.5999999999999996
2.602692307692308
2.582692307692308
2.4065384615384615
2.4919230769230767
2.417307692307692
2.3015384615384615
2.543846153846154
2.420769230769231
2.415
2.4515384615384614
2.4038461538461537
2.492692307692308
2.3392307692307694
2.2184615384615385
2.173076923076923
2.1576923076923076
2.0711538461538463
2.143846153846154
2.1561538461538463
2.1788461538461537
2.225
2.1303846153846155
1.9542307692307692
2.1034615384615383
1.9753846153846153
1.8426923076923079
1.820769230769231
1.7303846153846154
1.7926923076923076
1.7053846153846155
1.758076923076923
2.0057692307692307
1.9365384615384615
2.002307692307692
1.9573076923076924
1.918076923076923
1.895
1.8519230769230768
1.8269230769230769
1.9803846153846154
1.8546153846153846
1.7119230769230769
1.5776923076923077
1.5253846153846153
1.6123076923076924
1.5015384615384615
1.5026923076923078
1.4815384615384617
1.5942307692307691
1.566153846153846
1.5780769230769232
1.541153846153846
1.429230769230769
1.2742307692307693
1.3111538461538463
1.316923076923077
1.3165384615384614
1.3761538461538463
1.459230769230769
1.5153846153846153
1.2953846153846154
1.2296153846153846
1.1930769230769231
1.1076923076923078
1.175
1.0480769230769231
1.0696153846153846
1.2553846153846153
1.116923076923077
1.2011538461538462
0.9807692307692307
1.0284615384615383
1.1142307692307691
0.9434615384615385
1.011923076923077
0.9246153846153846
0.8669230769230769
0.9273076923076923
0.8034615384615384
0.8403846153846154
0.9038461538461539
0.8026923076923077
0.966923076923077
0.9876923076923076
0.9803846153846153
0.95
0.9603846153846154
1.008076923076923
0.9411538461538461
1.0046153846153847
0.9203846153846154
0.8465384615384616
0.7853846153846153
0.6738461538461539
0.7123076923076923
0.7461538461538461
0.6642307692307692
0.5769230769230769
0.645
0.661923076923077
0.7242307692307691
0.6569230769230768
0.5988461538461538
0.5596153846153846
0.6042307692307692
0.6680769230769231
0.5288461538461539
0.6242307692307693
0.5496153846153846
0.5265384615384615
0.5038461538461538
0.4853846153846154
0.4269230769230769
0.43038461538461537
0.46692307692307694
0.5
0.5142307692307693
0.5265384615384615
0.5176923076923077
0.5115384615384616
0.5126923076923077
0.4176923076923077
0.4288461538461539
0.35615384615384615
0.39
0.5007692307692307
0.5453846153846154
0.4411538461538462
0.43153846153846154
0.43038461538461537
0.45423076923076916
0.4157692307692308
0.4926923076923077
0.4076923076923077
0.44038461538461543
0.41923076923076924
0.4288461538461539
0.3723076923076923
0.4380769230769231
0.38153846153846155
0.4734615384615385
0.6076923076923076
0.6123076923076923
0.7003846153846154
0.58
0.46846153846153843
0.5011538461538462
0.4496153846153846
0.36346153846153845
0.5646153846153846
0.5534615384615384
0.5388461538461539
