pet
0.3688
0.40519999999999995
0.3956
0.38
0.42200000000000004
0.496
0.5172
0.37560000000000004
0.38839999999999997
0.5304
0.5184000000000001
0.4464
0.408
0.37920000000000004
0.5244
0.4304
0.3452
0.4068
0.3824
0.338
0.428
0.5264
0.49439999999999995
0.5404
0.5376
0.594
0.5564
0.5552
0.3696
0.456
0.5972
0.5760000000000001
0.5796
0.5588000000000001
0.5596
0.4636
0.43079999999999996
0.514
0.5732
0.456
0.41359999999999997
0.5256000000000001
0.5896
0.594
0.6808
0.7868
0.68
0.6920000000000001
0.6559999999999999
0.8112
0.7736
0.7948000000000001
0.7212000000000001
0.8192
0.6684
0.8192
0.7064
0.6996000000000001
0.6524
0.6012
0.672
0.6448
0.5816
0.63
0.8332
1.0112
1.05
1.0144
1.0108
1.0132
0.9504
1.1148
1.2031999999999998
1.2388
1.2556
1.2788
1.1736
1.258
1.2756
1.3092
1.272
1.1732
1.3324
1.3764
1.3368
1.4608
1.39
1.4268
1.4136000000000002
1.5119999999999998
1.3056
1.4587999999999999
1.4872
1.5404
1.6824000000000001
1.5428
1.3128
1.6428
1.682
1.5592
1.508
1.4252
1.5415999999999999
1.7008
1.7268000000000001
1.6176
1.5732
1.5748
1.8312
1.9828000000000001
2.1908
2.2304
2.1868
2.142
1.9756
1.804
1.776
1.7888
1.8663999999999998
1.74
1.9656
2.0612
2.1348
2.418
2.3756
2.3224
2.4556
2.3792
2.4236
2.4944
2.3280000000000003
2.1763999999999997
2.276
2.3848
2.6268000000000002
2.4859999999999998
2.6239999999999997
2.5232
2.7739999999999996
2.6812
2.7116000000000002
2.608
2.6092
2.5836
2.7372
2.6795999999999998
2.5664
2.548
2.5672
2.5140000000000002
2.7739999999999996
2.8528
2.6416000000000004
2.4092000000000002
2.1796
2.1912000000000003
2.2424
2.3364
2.4332
2.3916
2.4928
2.2064
2.1068000000000002
2.176
2.1576
2.3819999999999997
2.5652
2.582
2.54
2.3788
2.55
2.3392
2.4716
2.5852
2.3716
2.4036
2.4219999999999997
2.42
2.4588
2.42
2.3904
2.5768
2.4979999999999998
2.5224
2.4816
2.4096
2.3572
2.34
2.384
2.4932
2.4372
2.3896
2.206
2.32
2.3184
2.472
2.5784
2.5044
2.6472
2.5316
2.4064
2.3388
2.4619999999999997
2.5392
2.41
2.4224
2.4307999999999996
2.3764
2.3204
2.248
2.2048
2.302
2.432
2.3564
2.4388
2.3116
2.3072
2.2444
2.0508
2.1836
2.1912000000000003
2.1672
1.9768000000000001
2.0303999999999998
2.2407999999999997
2.1112
1.9724000000000002
1.9972
2.106
1.9076
1.9444
1.9056
1.96
1.8788
1.9376
1.8624
1.85
1.6107999999999998
1.7488
1.7384
1.5784
1.6612
1.7431999999999999
1.7668000000000001
1.9332
1.7728
1.9143999999999999
1.9864
1.7919999999999998
1.7080000000000002
1.8276
1.5932
1.7216
1.7644
1.632
1.5284
1.334
1.3228
1.2848
1.2384
1.3184
1.3224
1.4904
1.4944
1.3528
1.216
1.2368000000000001
1.2508
1.2776
1.1872
1.3524
1.2304
1.2548000000000001
1.1466666666666667
1.1075
0.9975
0.9370833333333334
0.9983333333333334
0.9658333333333333
1.0775
1.1141666666666667
1.0404166666666665
0.9979166666666667
0.9229166666666666
0.97625
1.0370833333333334
0.9704166666666666
0.80875
0.8045833333333333
0.7629166666666666
0.77375
0.7966666666666667
0.8133333333333334
0.9008333333333334
0.80375
0.8270833333333334
0.8333333333333334
0.7833333333333333
0.8829166666666667
0.945
0.7591666666666667
0.7408333333333333
0.86625
0.8491666666666666
0.6704166666666667
0.6145833333333334
0.61
0.5904166666666667
0.5741666666666666
0.5854166666666666
0.6245833333333334
0.5641666666666666
0.5145833333333333
0.59875
0.5870833333333333
0.56125
0.5475
0.6204166666666667
0.6904166666666667
0.5136
0.5256000000000001
0.5632
0.5148
0.4636
0.45799999999999996
0.2832
0.4296
0.414
0.37
0.5
0.5072
0.4232
0.4228
0.45120000000000005
0.3728
0.39799999999999996
0.2412
0.3628
0.4828
0.4644
0.4276
0.41839999999999994
0.4888
0.4692
0.3164
0.37799999999999995
0.4028
0.4304
0.4064
0.4316
0.3832
0.3892
0.38799999999999996
0.35159999999999997
0.4432
0.4692
0.6136
0.48119999999999996
0.368
0.358
0.3452
0.3156
0.4496
0.5047999999999999
0.5676000000000001
