pet
0.3780769230769231
0.3107692307692308
0.31
0.2996153846153846
0.33076923076923076
0.33576923076923076
0.44307692307692303
0.36730769230769234
0.35384615384615387
0.39653846153846156
0.47384615384615386
0.4565384615384615
0.42038461538461536
0.33192307692307693
0.4507692307692308
0.40384615384615385
0.33884615384615385
0.4480769230769231
0.5084615384615385
0.4146153846153846
0.2703846153846154
0.35307692307692307
0.3607692307692308
0.38307692307692304
0.46115384615384614
0.4184615384615385
0.4788461538461538
0.5465384615384615
0.4926923076923077
0.44576923076923075
0.5692307692307692
0.5803846153846154
0.5526923076923077
0.5230769230769231
0.6880769230769231
0.6496153846153846
0.49807692307692314
0.5030769230769231
0.5834615384615385
0.5084615384615384
0.49538461538461537
0.6326923076923077
0.5961538461538461
0.46076923076923076
0.5534615384615384
0.7403846153846154
0.655
0.7219230769230769
0.6342307692307693
0.7415384615384616
0.8292307692307692
0.8365384615384616
0.8
0.8461538461538461
0.7553846153846154
0.8107692307692307
0.7396153846153847
0.7688461538461537
0.713076923076923
0.711923076923077
0.7573076923076922
0.6776923076923077
0.6476923076923077
0.6911538461538461
0.8676923076923077
1.028076923076923
1.013076923076923
1.1834615384615383
1.1353846153846154
1.138076923076923
1.0557692307692308
1.0057692307692307
1.2534615384615386
1.4038461538461537
1.2915384615384615
1.3376923076923077
1.2126923076923077
1.168076923076923
1.143076923076923
1.238076923076923
1.198846153846154
1.2957692307692308
1.2996153846153846
1.3580769230769232
1.3942307692307692
1.313076923076923
1.5034615384615386
1.5492307692307692
1.6596153846153845
1.6853846153846155
1.6484615384615384
1.6626923076923075
1.7111538461538462
1.6123076923076924
1.7188461538461537
1.6707692307692308
1.388076923076923
1.6688461538461539
1.7442307692307693
1.6215384615384614
1.6015384615384616
1.6292307692307693
1.7692307692307692
1.9088461538461539
1.8576923076923075
1.7857692307692308
1.8696153846153847
1.820769230769231
1.791153846153846
1.9861538461538462
2.1903846153846156
2.3203846153846155
2.3015384615384615
2.397692307692308
2.191923076923077
2.026153846153846
2.148076923076923
2.0465384615384616
1.9357692307692307
2.125384615384615
2.2388461538461537
2.3096153846153844
2.33
2.275384615384615
2.4434615384615386
2.43
2.6903846153846156
2.6588461538461536
2.685
2.7323076923076925
2.5492307692307694
2.4546153846153844
2.472692307692308
2.358846153846154
2.7234615384615384
2.631153846153846
2.5726923076923076
2.623846153846154
2.8226923076923076
2.745769230769231
2.668846153846154
2.706538461538462
2.793846153846154
2.7415384615384615
2.8015384615384615
2.7746153846153847
2.879230769230769
2.789615384615385
2.7823076923076924
2.8103846153846153
2.9396153846153843
3.026923076923077
2.8938461538461535
2.661153846153846
2.492692307692308
2.5688461538461542
2.5142307692307693
2.566923076923077
2.6246153846153844
2.805769230769231
2.666923076923077
2.6907692307692304
2.6223076923076927
2.7776923076923077
2.703076923076923
2.7634615384615384
2.9557692307692305
2.9873076923076924
2.950384615384616
2.8673076923076923
2.7842307692307693
2.7576923076923077
2.748846153846154
2.910769230769231
2.826923076923077
2.8176923076923077
2.927692307692308
2.7800000000000002
2.7853846153846153
2.923076923076923
2.8469230769230767
2.9919230769230767
3.0069230769230773
2.948846153846154
2.938846153846154
3.082692307692308
2.988076923076923
2.9749999999999996
3.003846153846154
2.9738461538461536
3.0107692307692306
2.8561538461538465
2.8850000000000002
2.776153846153846
2.8623076923076924
2.9396153846153843
3.108846153846154
3.1030769230769235
3.2399999999999998
3.277307692307692
2.9919230769230767
2.7776923076923077
2.9711538461538463
3.0549999999999997
2.955
3.1242307692307696
3.0069230769230773
2.9119230769230766
2.9311538461538467
2.8126923076923074
2.7353846153846155
2.772307692307692
2.9203846153846156
2.8503846153846153
2.8734615384615383
2.748846153846154
2.7830769230769232
2.8969230769230765
2.8053846153846154
2.880769230769231
2.7992307692307694
2.632307692307692
2.8846153846153846
2.6653846153846152
2.6784615384615384
2.603846153846154
2.496153846153846
2.4453846153846155
2.491153846153846
2.433076923076923
2.421923076923077
2.3673076923076923
2.3776923076923078
2.488076923076923
2.3765384615384617
2.176923076923077
2.294230769230769
2.0896153846153847
2.0257692307692308
1.9776923076923079
1.9434615384615386
1.8915384615384616
1.8580769230769232
1.9092307692307693
2.189230769230769
2.011923076923077
2.1315384615384616
2.1115384615384616
2.0330769230769232
1.9223076923076923
1.9426923076923077
1.893846153846154
2.003846153846154
1.9507692307692308
1.7807692307692307
1.7003846153846154
1.6596153846153845
1.6565384615384615
1.5746153846153845
1.5242307692307693
1.5892307692307692
1.6088461538461538
1.5803846153846155
1.5480769230769231
1.5165384615384616
1.498076923076923
1.378076923076923
1.363846153846154
1.3796153846153845
1.4284615384615384
1.455769230769231
1.4249999999999998
1.4576923076923076
1.2996153846153846
1.221923076923077
1.1730769230769231
1.143076923076923
1.1884615384615385
1.0523076923076924
1.0638461538461539
1.2092307692307693
1.1065384615384615
1.2246153846153847
1.0361538461538462
1.0561538461538462
1.0561538461538462
0.9807692307692307
0.8973076923076924
0.9515384615384617
0.8042307692307692
0.8680769230769231
0.8530769230769231
0.8157692307692308
0.8992307692307692
0.7961538461538461
0.9115384615384615
0.926923076923077
0.9026923076923077
0.7926923076923077
0.8630769230769231
0.8680769230769231
0.7730769230769231
0.8415384615384615
0.7573076923076923
0.7396153846153847
0.7107692307692308
0.6511538461538462
0.621923076923077
0.63
0.5742307692307692
0.5138461538461538
0.515
0.5311538461538462
0.5480769230769231
0.5465384615384615
0.515
0.5007692307692307
0.4823076923076923
0.5838461538461538
0.4573076923076923
0.48192307692307695
0.43961538461538463
0.3942307692307692
0.3261538461538462
0.35461538461538467
0.2873076923076923
0.2826923076923077
0.3396153846153846
0.3261538461538462
0.41192307692307695
0.4257692307692308
0.38846153846153847
0.3703846153846154
0.4311538461538461
0.3465384615384615
0.39
0.27884615384615385
0.3
0.4042307692307692
0.44153846153846155
0.34730769230769226
0.37538461538461537
0.29115384615384615
0.2988461538461539
0.2746153846153846
0.38653846153846155
0.3119230769230769
0.3396153846153846
0.33576923076923076
0.34769230769230774
0.26807692307692305
0.2946153846153846
0.28307692307692306
0.3169230769230769
0.4230769230769231
0.46499999999999997
0.5219230769230769
0.4734615384615385
0.3646153846153846
0.3565384615384615
0.3411538461538462
0.24807692307692308
0.3973076923076923
0.4534615384615384
0.4523076923076923
