temperature
3.7446153846153845
3.7011538461538462
3.5215384615384617
3.840384615384615
4.530384615384616
3.95
3.863846153846154
4.385384615384615
4.789230769230769
4.616538461538462
3.615
3.2596153846153846
3.4780769230769226
4.140769230769231
4.20423076923077
3.766538461538462
2.8965384615384617
3.3165384615384617
3.474615384615385
3.8426923076923076
4.740769230769231
4.483461538461539
4.541923076923077
4.1207692307692305
3.9669230769230768
3.5576923076923075
3.630769230769231
3.759230769230769
3.7715384615384617
3.0476923076923077
3.583076923076923
3.483846153846154
3.638461538461539
4.118461538461538
4.121923076923077
4.8561538461538465
4.921923076923077
4.230384615384615
3.8376923076923077
3.421923076923077
3.33
3.5542307692307693
3.255
2.6107692307692307
2.3607692307692307
2.5007692307692304
2.766923076923077
3.356923076923077
3.2673076923076922
2.9057692307692307
3.223076923076923
3.5846153846153848
3.7788461538461537
4.403846153846154
4.1753846153846155
3.9303846153846154
3.8638461538461537
4.533461538461538
4.796153846153846
5.135384615384615
5.532692307692307
4.996923076923077
4.851538461538461
5.598076923076923
5.881538461538461
6.079615384615384
6.232307692307692
5.88
6.736538461538462
6.351923076923077
6.321538461538461
5.962307692307693
5.965769230769231
5.898846153846154
6.163076923076924
6.500384615384615
7.036538461538462
6.167692307692308
6.359999999999999
6.488846153846154
6.2846153846153845
7.114615384615385
7.275384615384615
6.921538461538462
6.761153846153846
6.300000000000001
6.435384615384615
6.601923076923077
6.779230769230769
7.936153846153847
7.6911538461538465
7.185769230769231
6.566923076923077
6.07423076923077
6.899230769230769
7.345769230769231
7.396538461538461
6.665
7.21
8.19
8.014615384615384
8.196538461538461
7.805000000000001
7.863076923076923
8.629615384615384
8.892692307692307
8.185
8.208846153846155
8.971153846153847
8.568846153846154
9.233846153846155
10.040384615384616
8.927692307692308
8.712307692307693
8.783076923076923
8.83576923076923
8.676923076923076
9.117692307692307
9.254615384615384
9.860000000000001
9.223461538461539
9.682307692307692
9.363846153846154
9.381923076923076
9.930769230769231
10.208846153846155
10.75423076923077
10.70346153846154
10.724230769230768
10.773846153846154
10.546923076923077
11.100384615384616
10.895384615384614
11.055769230769231
11.678461538461537
11.545
10.974615384615383
11.27
11.66576923076923
12.309615384615386
11.712307692307691
12.30153846153846
12.365384615384615
12.693461538461538
12.354615384615386
12.677692307692308
12.206153846153846
11.928461538461537
12.73923076923077
12.571153846153846
13.049230769230768
13.589615384615383
13.39846153846154
13.165000000000001
13.338461538461539
13.65230769230769
13.699615384615385
13.950384615384614
14.03346153846154
13.756153846153847
13.646538461538462
13.743076923076924
13.606153846153846
14.194230769230769
13.943076923076923
13.776153846153846
14.528461538461539
14.011153846153848
14.62076923076923
14.837692307692306
14.790000000000001
14.669615384615385
14.42
14.529230769230768
14.871538461538462
15.24076923076923
15.61423076923077
15.53346153846154
15.464230769230769
15.400769230769232
15.906153846153845
16.048846153846153
15.815
15.801923076923078
16.726923076923075
16.63423076923077
16.862692307692306
16.87576923076923
17.416923076923077
16.682307692307692
16.79653846153846
17.153846153846153
16.72769230769231
17.288846153846155
17.482307692307693
16.973846153846154
16.462692307692308
16.450769230769232
16.384615384615383
17.143076923076926
17.01076923076923
16.907692307692308
16.88346153846154
16.86576923076923
16.642692307692307
17.085384615384616
17.22653846153846
17.575769230769232
17.62
18.037307692307692
18.25923076923077
17.66
16.825384615384614
17.20730769230769
17.376923076923077
16.97269230769231
16.683846153846154
16.86576923076923
16.696538461538463
16.95653846153846
16.908461538461538
16.615384615384617
16.75307692307692
16.68
16.96769230769231
17.595384615384617
17.467307692307692
16.83346153846154
16.42653846153846
16.57
17.162307692307692
17.050384615384615
17.20346153846154
16.12
15.603461538461538
15.598461538461539
15.932692307692308
15.65230769230769
15.214615384615383
15.698846153846155
15.848076923076924
15.45
15.186923076923078
15.404615384615385
15.268846153846154
15.036923076923076
15.142692307692307
14.807307692307692
14.276153846153846
15.044615384615385
15.162692307692309
15.17653846153846
14.437692307692307
14.206538461538461
14.048846153846153
13.418461538461539
13.540000000000001
13.633846153846154
14.042307692307693
13.821923076923078
13.886538461538462
13.264999999999999
13.629615384615384
13.717307692307692
13.291923076923077
13.684615384615386
12.948076923076922
12.822307692307692
13.017307692307693
12.68423076923077
12.918461538461539
13.275769230769232
12.737307692307693
12.354615384615386
12.353076923076923
12.126538461538463
12.061153846153847
11.928461538461537
11.930769230769231
11.279615384615385
11.978846153846153
12.207307692307692
11.816923076923077
11.49576923076923
11.704615384615384
10.747307692307693
10.238076923076923
10.279615384615385
9.722692307692308
10.14576923076923
10.286153846153846
10.188461538461537
9.524230769230769
9.232307692307693
9.414615384615384
9.659230769230769
9.92653846153846
9.833846153846155
9.572692307692307
9.37653846153846
8.971923076923078
8.871538461538462
9.303846153846154
9.176153846153845
9.060384615384615
9.041923076923077
8.389999999999999
8.065384615384614
7.448846153846153
7.350769230769231
8.433076923076923
8.288076923076924
7.883461538461538
8.364615384615384
7.4957692307692305
6.821538461538462
6.564615384615385
6.331538461538462
6.496538461538462
6.179615384615385
6.390384615384615
6.612692307692308
5.853461538461539
5.343461538461539
5.583846153846154
5.922692307692308
6.254615384615385
6.027692307692307
6.186923076923078
5.3876923076923084
4.963461538461539
4.404615384615385
4.188846153846153
5.027692307692307
5.431538461538461
6.0880769230769225
5.922307692307692
6.025
5.564615384615385
4.851923076923077
4.987692307692308
4.577692307692308
4.190769230769231
4.333076923076923
4.1899999999999995
4.596923076923077
4.690769230769231
4.607692307692308
5.057307692307693
4.920384615384615
4.937307692307693
4.828076923076923
5.096153846153846
5.247692307692308
5.3403846153846155
4.813846153846153
4.733461538461539
4.793846153846154
4.757307692307692
5.109615384615385
4.948076923076924
4.940384615384615
4.351923076923077
3.5415384615384613
3.5307692307692307
