pet
0.43230769230769234
0.4973076923076923
0.4757692307692307
0.5661538461538462
0.6692307692307692
0.43192307692307697
0.5034615384615384
0.5846153846153845
0.6080769230769231
0.6703846153846154
0.4565384615384615
0.46115384615384614
0.47000000000000003
0.5438461538461539
0.4730769230769231
0.4623076923076923
0.34423076923076923
0.40576923076923077
0.46499999999999997
0.5246153846153846
0.66
0.6157692307692308
0.6611538461538462
0.5726923076923077
0.5269230769230769
0.5811538461538462
0.5907692307692307
0.5734615384615385
0.533076923076923
0.4653846153846154
0.5842307692307692
0.5876923076923076
0.5773076923076923
0.6592307692307693
0.7311538461538463
0.8211538461538462
0.8138461538461539
0.735
0.6765384615384615
0.6096153846153846
0.5646153846153846
0.5961538461538461
0.5726923076923077
0.5057692307692307
0.44269230769230766
0.4957692307692308
0.48576923076923073
0.6426923076923077
0.556923076923077
0.6273076923076922
0.6226923076923078
0.5761538461538461
0.6880769230769231
0.7819230769230768
0.6357692307692309
0.61
0.7953846153846154
0.8730769230769231
0.9034615384615385
0.8415384615384615
0.9973076923076923
0.8953846153846154
0.88
0.9880769230769231
1.0238461538461539
1.0646153846153845
1.0734615384615385
1.0396153846153846
1.1907692307692308
1.0869230769230769
1.0999999999999999
1.1142307692307691
1.1076923076923078
1.1019230769230768
1.0742307692307693
1.2296153846153846
1.2473076923076922
1.1734615384615383
1.156153846153846
1.1873076923076924
1.1646153846153846
1.4503846153846154
1.4892307692307691
1.3911538461538462
1.3792307692307693
1.3919230769230768
1.3553846153846154
1.3242307692307693
1.416153846153846
1.6303846153846153
1.5584615384615386
1.4188461538461539
1.2999999999999998
1.3807692307692307
1.4207692307692308
1.5634615384615385
1.7203846153846152
1.4961538461538462
1.6319230769230768
1.8761538461538463
1.8373076923076925
1.9115384615384616
1.838846153846154
1.8203846153846153
2.0923076923076924
2.080769230769231
1.9092307692307693
2.0907692307692307
2.0596153846153844
1.9826923076923075
2.241153846153846
2.3546153846153848
2.168846153846154
2.1453846153846152
2.115
2.033846153846154
2.2257692307692305
2.145769230769231
2.24
2.24
2.1592307692307693
2.45
2.4234615384615386
2.445
2.579230769230769
2.4473076923076924
2.641538461538462
2.5442307692307695
2.5634615384615387
2.7084615384615387
2.7069230769230765
2.644230769230769
2.598076923076923
2.6065384615384612
2.7988461538461538
2.7399999999999998
2.528461538461538
2.718461538461538
2.8888461538461536
2.9896153846153846
2.933846153846154
3.175
3.058076923076923
3.1934615384615386
3.096538461538462
3.0930769230769233
2.96
2.806923076923077
2.996153846153846
2.8515384615384614
3.0250000000000004
2.8965384615384617
2.6984615384615385
2.6753846153846155
2.5930769230769233
2.853846153846154
2.7465384615384614
2.736923076923077
2.800769230769231
2.831153846153846
2.6926923076923077
2.7392307692307694
2.6357692307692306
2.711153846153846
2.777307692307692
2.7796153846153846
3.0553846153846154
2.786153846153846
2.8284615384615384
2.9073076923076924
3.0096153846153846
2.8819230769230773
2.855
2.828076923076923
2.9546153846153844
3.013076923076923
3.090384615384615
2.936923076923077
3.024230769230769
3.0473076923076925
3.0746153846153845
2.9965384615384614
2.850769230769231
3.105384615384615
3.4438461538461542
3.2284615384615383
3.1976923076923076
3.1796153846153845
3.388076923076923
3.213461538461538
3.1465384615384617
3.143076923076923
3.1284615384615386
3.1976923076923076
3.2046153846153844
3.0673076923076925
2.9196153846153843
2.9011538461538464
2.996923076923077
3.133846153846154
3.1103846153846155
2.931923076923077
3.016923076923077
2.979230769230769
2.768076923076923
3.043846153846154
3.066923076923077
3.148846153846154
2.9853846153846155
3.1396153846153845
3.2392307692307694
2.8846153846153846
2.879230769230769
3.083076923076923
2.898076923076923
2.811923076923077
2.8415384615384616
2.737692307692308
2.5865384615384617
2.7884615384615383
2.8396153846153847
2.664230769230769
2.8034615384615384
2.683846153846154
2.698846153846154
2.7453846153846153
2.755
2.6434615384615388
2.5676923076923077
2.636153846153846
2.751923076923077
2.785769230769231
2.756923076923077
2.5188461538461535
2.3003846153846155
2.4253846153846155
2.4153846153846152
2.3673076923076923
2.235384615384615
2.3046153846153845
2.335
2.1957692307692307
2.1734615384615386
2.128461538461538
2.136923076923077
2.0323076923076924
2.0846153846153848
1.8876923076923076
1.958076923076923
2.0965384615384615
2.115
2.0723076923076924
1.8519230769230768
1.8515384615384616
1.7857692307692308
1.6626923076923075
1.698076923076923
1.705769230769231
1.7884615384615385
1.736923076923077
1.771153846153846
1.5973076923076923
1.551923076923077
1.5446153846153845
1.5253846153846153
1.5653846153846156
1.536153846153846
1.4661538461538461
1.468076923076923
1.386923076923077
1.4796153846153846
1.4373076923076924
1.4565384615384613
1.3376923076923077
1.3757692307692309
1.4107692307692308
1.3873076923076924
1.2315384615384617
1.2276923076923079
1.2073076923076924
1.2730769230769232
1.3742307692307691
1.268846153846154
1.1776923076923076
1.2442307692307693
0.9973076923076923
1.0161538461538462
1.0203846153846154
0.8469230769230769
0.9419230769230769
1.0196153846153846
0.9584615384615385
0.9415384615384615
0.7857692307692308
0.8292307692307692
0.91
0.8888461538461538
0.9696153846153847
0.8715384615384616
0.8980769230769231
0.7357692307692307
0.8723076923076923
1.0042307692307693
0.9553846153846154
0.9584615384615384
0.9188461538461539
0.7684615384615385
0.7111538461538462
0.6223076923076923
0.6826923076923077
0.8415384615384615
0.8461538461538461
0.7930769230769231
0.7903846153846155
0.6788461538461538
0.5819230769230769
0.5334615384615385
0.5238461538461539
0.5338461538461539
0.5196153846153846
0.595
0.6523076923076924
0.46
0.43538461538461537
0.49769230769230766
0.5538461538461539
0.6869230769230769
0.588076923076923
0.5765384615384616
0.5776923076923077
0.49076923076923074
0.39115384615384613
0.39269230769230773
0.5465384615384615
0.5626923076923077
0.661923076923077
0.6034615384615385
0.5396153846153846
0.44999999999999996
0.46153846153846156
0.5565384615384615
0.36346153846153845
0.3153846153846154
0.4342307692307692
0.4592307692307692
0.5107692307692308
0.495
0.5007692307692307
0.49807692307692303
0.5184615384615385
0.5488461538461539
0.44615384615384623
0.4788461538461538
0.5980769230769231
0.5923076923076923
0.5911538461538461
0.5776923076923077
0.5492307692307692
0.4834615384615385
0.6238461538461538
0.63
0.7126923076923077
0.5073076923076922
0.40499999999999997
0.46153846153846156
