pet
0.3
0.3315384615384615
0.2734615384615385
0.27884615384615385
0.3223076923076923
0.43115384615384617
0.43
0.2973076923076923
0.3038461538461538
0.39115384615384613
0.4176923076923077
0.41615384615384615
0.36423076923076925
0.36423076923076925
0.43038461538461537
0.34423076923076923
0.3169230769230769
0.3830769230769231
0.3053846153846154
0.25384615384615383
0.34423076923076923
0.4053846153846154
0.3796153846153846
0.43961538461538463
0.3973076923076923
0.4773076923076923
0.41846153846153844
0.4215384615384616
0.28923076923076924
0.3526923076923077
0.49615384615384617
0.4715384615384615
0.47538461538461535
0.45615384615384613
0.4438461538461539
0.36230769230769233
0.34730769230769226
0.3934615384615385
0.4646153846153846
0.3707692307692308
0.3480769230769231
0.4492307692307692
0.5265384615384615
0.4338461538461538
0.5703846153846154
0.6588461538461539
0.5742307692307692
0.5142307692307692
0.4957692307692308
0.6634615384615384
0.5792307692307692
0.6738461538461539
0.6403846153846153
0.6323076923076923
0.5188461538461538
0.675
0.5430769230769231
0.5480769230769231
0.4880769230769231
0.4957692307692308
0.5103846153846153
0.4461538461538461
0.45884615384615385
0.5246153846153846
0.6788461538461538
0.7584615384615384
0.8111538461538461
0.7923076923076924
0.806923076923077
0.8073076923076923
0.7373076923076922
0.9292307692307692
1.0546153846153847
1.1057692307692308
1.0523076923076924
1.1034615384615385
0.9515384615384614
1.061923076923077
0.9846153846153847
1.1107692307692307
1.0584615384615383
1.0715384615384616
1.1219230769230768
1.1876923076923076
1.2323076923076923
1.2792307692307692
1.2165384615384616
1.3361538461538462
1.283076923076923
1.4076923076923078
1.2376923076923076
1.4053846153846155
1.3007692307692307
1.3396153846153847
1.4607692307692306
1.373076923076923
1.2588461538461537
1.4753846153846153
1.5496153846153846
1.4523076923076923
1.4126923076923075
1.4030769230769229
1.5303846153846155
1.6565384615384615
1.6353846153846152
1.5734615384615382
1.5765384615384617
1.5507692307692307
1.7353846153846153
1.9234615384615383
2.141923076923077
2.1784615384615384
2.115
2.143846153846154
1.9307692307692308
1.6711538461538462
1.73
1.8219230769230768
1.8296153846153846
1.82
1.9523076923076923
2.1423076923076922
2.164230769230769
2.356923076923077
2.173076923076923
2.242692307692308
2.4353846153846153
2.3473076923076923
2.4276923076923076
2.4853846153846155
2.3634615384615385
2.348076923076923
2.3592307692307695
2.3634615384615385
2.5430769230769235
2.4523076923076923
2.4723076923076923
2.286923076923077
2.629230769230769
2.4080769230769232
2.379230769230769
2.327692307692308
2.348846153846154
2.418846153846154
2.5288461538461537
2.573846153846154
2.5184615384615388
2.541923076923077
2.6065384615384612
2.613076923076923
2.882307692307692
2.792692307692308
2.6073076923076925
2.365
2.2523076923076926
2.2434615384615384
2.352692307692308
2.4711538461538463
2.350769230769231
2.4326923076923075
2.4873076923076924
2.1234615384615383
2.1403846153846153
2.0234615384615386
2.0803846153846153
2.194230769230769
2.334230769230769
2.4534615384615384
2.3626923076923076
2.165
2.3430769230769233
2.125384615384615
2.231153846153846
2.308076923076923
2.1373076923076924
2.255
2.3984615384615386
2.290769230769231
2.338846153846154
2.3403846153846155
2.271923076923077
2.375769230769231
2.3615384615384616
2.4253846153846155
2.311153846153846
2.2346153846153847
2.2557692307692307
2.1865384615384618
2.255
2.336923076923077
2.3615384615384616
2.293846153846154
2.065769230769231
2.06
2.171923076923077
2.1976923076923076
2.326923076923077
2.2788461538461537
2.4861538461538464
2.428076923076923
2.2996153846153846
2.18
2.5246153846153847
2.414615384615385
2.3419230769230768
2.3426923076923076
2.286923076923077
2.1984615384615385
2.055
2.029230769230769
2.0157692307692305
2.121923076923077
2.2203846153846154
2.2007692307692306
2.207692307692308
2.0942307692307693
2.1492307692307695
2.0484615384615386
1.8696153846153847
2.0680769230769234
2.0919230769230768
1.966923076923077
1.876923076923077
1.9823076923076923
2.101923076923077
2.0300000000000002
1.793076923076923
1.856153846153846
1.7715384615384617
1.69
1.7523076923076923
1.753076923076923
1.6807692307692308
1.6934615384615386
1.691923076923077
1.5657692307692308
1.6738461538461538
1.466923076923077
1.501923076923077
1.4434615384615386
1.3311538461538461
1.3746153846153848
1.5023076923076923
1.4696153846153845
1.6865384615384615
1.595
1.6634615384615385
1.6696153846153845
1.4142307692307694
1.4607692307692306
1.541153846153846
1.3311538461538461
1.4723076923076923
1.4469230769230768
1.256153846153846
1.281923076923077
1.093076923076923
1.138076923076923
1.0761538461538462
1.031923076923077
1.1584615384615384
1.1507692307692308
1.2703846153846154
1.3226923076923076
1.1803846153846154
0.9976923076923078
1.0842307692307693
1.0773076923076923
1.0573076923076923
0.9826923076923078
1.1811538461538462
1.0873076923076923
1.1146153846153846
0.9538461538461539
0.9173076923076924
0.8392307692307692
0.7984615384615386
0.8311538461538461
0.8007692307692308
0.9453846153846153
0.9284615384615384
0.8773076923076922
0.841923076923077
0.7419230769230769
0.7946153846153846
0.8326923076923076
0.8680769230769231
0.6880769230769231
0.7561538461538462
0.6888461538461539
0.681923076923077
0.6950000000000001
0.6503846153846153
0.7426923076923077
0.6684615384615384
0.713076923076923
0.7892307692307692
0.6346153846153846
0.7146153846153845
0.8169230769230769
0.6153846153846154
0.5892307692307692
0.7165384615384615
0.7138461538461538
0.6096153846153846
0.5407692307692308
0.5292307692307692
0.5319230769230769
0.4761538461538461
0.4719230769230769
0.485
0.3915384615384615
0.35923076923076924
0.4761538461538462
0.43423076923076925
0.3776923076923077
0.34461538461538466
0.47115384615384615
0.591923076923077
0.43538461538461537
0.4273076923076923
0.43615384615384617
0.37000000000000005
0.34615384615384615
0.3346153846153846
0.1803846153846154
0.31269230769230766
0.32961538461538464
0.28192307692307694
0.3973076923076923
0.34192307692307694
0.30653846153846154
0.3342307692307692
0.36346153846153845
0.2915384615384615
0.3353846153846154
0.19692307692307692
0.29
0.35923076923076924
0.37461538461538463
0.37538461538461537
0.36346153846153845
0.455
0.4253846153846154
0.28
0.31230769230769234
0.29730769230769233
0.3023076923076923
0.3107692307692308
0.37423076923076926
0.3107692307692308
0.2980769230769231
0.3303846153846154
0.29846153846153844
0.3942307692307692
0.3965384615384615
0.5092307692307693
0.37384615384615383
0.29346153846153844
0.28423076923076923
0.28115384615384614
0.25961538461538464
0.3780769230769231
0.41615384615384615
0.45576923076923076
