temperature
2.5346153846153845
2.598076923076923
2.265
2.1903846153846156
2.4457692307692307
2.8492307692307692
2.6273076923076926
2.0403846153846152
2.5546153846153845
3.209230769230769
3.3623076923076924
3.4726923076923075
3.025384615384615
3.131153846153846
3.3115384615384618
2.620769230769231
2.6526923076923077
2.953076923076923
2.3846153846153846
1.9823076923076923
2.585769230769231
2.516923076923077
2.753846153846154
3.0880769230769234
3.1823076923076923
3.3726923076923074
2.8565384615384612
2.6903846153846156
2.1034615384615383
2.2423076923076923
2.8892307692307693
2.8903846153846158
2.871153846153846
3.0653846153846156
2.9292307692307693
2.581153846153846
2.5
2.341153846153846
2.5573076923076923
2.151923076923077
2.124615384615385
2.916923076923077
3.3226923076923076
2.9619230769230773
3.6276923076923073
3.9699999999999998
3.479230769230769
3.383076923076923
3.0919230769230768
3.7830769230769232
3.6000000000000005
3.819230769230769
3.5657692307692312
3.4811538461538465
3.082692307692308
3.8365384615384617
3.1711538461538464
2.886923076923077
2.3288461538461536
2.508846153846154
2.7853846153846153
2.6173076923076923
2.5869230769230773
2.765
3.723076923076923
4.024615384615385
4.213076923076923
4.274615384615385
4.2773076923076925
4.020384615384615
3.8242307692307693
4.613076923076923
5.248076923076923
5.313461538461539
5.136153846153846
5.274230769230769
4.571538461538461
5.130384615384615
4.703846153846154
5.217692307692308
5.0965384615384615
5.0576923076923075
5.3442307692307685
5.511153846153846
5.665
5.831538461538462
5.4557692307692305
5.973461538461539
5.602307692307692
6.001923076923077
5.399230769230769
5.94423076923077
5.5273076923076925
5.507692307692308
5.931923076923076
5.8076923076923075
5.374615384615385
6.070769230769231
6.156923076923078
5.9715384615384615
5.826923076923077
5.825769230769231
6.059615384615385
6.5346153846153845
6.45423076923077
6.252307692307692
6.322692307692307
6.233846153846154
6.877692307692308
7.515384615384615
8.218076923076923
8.346923076923078
8.241923076923076
8.288076923076924
7.638846153846154
6.860384615384616
7.045384615384616
7.310384615384615
7.3234615384615385
7.394230769230769
7.565769230769231
8.038846153846153
8.129999999999999
8.678461538461537
8.02576923076923
8.287692307692307
8.846153846153847
8.788461538461538
9.113461538461538
9.271538461538462
8.896153846153847
9.04076923076923
9.196538461538463
9.035769230769231
9.787692307692309
9.51923076923077
9.71076923076923
9.192692307692308
10.232692307692307
9.668846153846154
9.699615384615385
9.471153846153847
9.758846153846154
10.011538461538462
10.363076923076923
10.536538461538461
10.37576923076923
10.582692307692307
10.818461538461538
10.884615384615385
11.732307692307693
12.211923076923076
11.983846153846153
11.44076923076923
11.157692307692308
11.158076923076923
11.532692307692308
11.960769230769232
11.756538461538462
12.016538461538461
12.257692307692308
11.25923076923077
11.459999999999999
11.174230769230768
11.387692307692307
11.771923076923077
12.214615384615383
12.676923076923078
12.411538461538461
11.943076923076923
12.494615384615384
11.912692307692309
12.409230769230769
12.67
12.223461538461539
12.575769230769232
13.106923076923078
12.857692307692307
12.98576923076923
13.099230769230768
12.990384615384615
13.29653846153846
13.28346153846154
13.586538461538462
13.303461538461537
13.156538461538462
13.219615384615384
13.12923076923077
13.368461538461538
13.589615384615383
13.78
13.63076923076923
12.905
12.921923076923076
13.363461538461538
13.457307692307692
13.930769230769231
13.867307692307692
14.395
14.336538461538462
13.98923076923077
13.664230769230768
14.778076923076924
14.481923076923078
14.295769230769231
14.292692307692308
14.223076923076924
14.061538461538463
13.639999999999999
13.653846153846153
13.627307692307692
13.897307692307692
14.27730769230769
14.295769230769231
14.332307692307692
14.04653846153846
14.246538461538462
13.989615384615385
13.456153846153846
13.964230769230769
13.992692307692307
13.715384615384616
13.50423076923077
13.871538461538462
14.295
14.12923076923077
13.431153846153846
13.637307692307692
13.421153846153846
13.133461538461537
13.317307692307692
13.316923076923077
13.097307692307691
13.14423076923077
13.157692307692308
12.745384615384616
13.221923076923076
12.528461538461539
12.764615384615384
12.536538461538461
12.01423076923077
12.161538461538461
12.498461538461537
12.508461538461539
13.087692307692306
12.822307692307692
12.933461538461538
12.961538461538462
12.12153846153846
12.23923076923077
12.610384615384616
12.020384615384614
12.451923076923077
12.306923076923077
11.562692307692307
11.477307692307694
11.015769230769232
11.061923076923078
10.711923076923076
10.76
11.295
11.203846153846154
11.677307692307693
11.654615384615385
11.085384615384616
10.486923076923079
10.678076923076922
10.612692307692308
10.370384615384616
10.186153846153845
11.002692307692307
10.705
10.655
9.703461538461537
9.464230769230769
9.233076923076924
8.877692307692307
9.039615384615384
8.951153846153845
9.520384615384616
9.544615384615385
9.18
8.887692307692307
8.511538461538462
8.722307692307693
8.74076923076923
8.910384615384615
8.135769230769231
8.4
7.715769230769231
7.961923076923076
7.595
7.4861538461538455
8.075
7.823076923076924
7.694999999999999
7.909230769230769
7.601153846153846
7.595
7.799230769230769
7.022692307692308
6.667692307692308
7.376923076923077
7.356153846153846
6.837692307692308
6.583461538461538
6.237692307692308
6.174230769230769
5.959615384615384
6.119230769230769
5.859230769230769
5.244615384615385
5.211153846153847
5.9057692307692315
5.640384615384615
5.326923076923077
5.042307692307692
5.81076923076923
6.113461538461538
5.150384615384615
5.07423076923077
4.765
4.604230769230769
4.353461538461539
3.8453846153846154
3.3307692307692305
4.194615384615385
4.211923076923077
3.8969230769230765
4.315769230769231
4.025384615384615
3.6784615384615384
3.4557692307692305
3.2915384615384613
3.175769230769231
3.531538461538461
2.8926923076923075
2.9996153846153844
3.2180769230769233
3.2046153846153844
3.4353846153846153
3.546923076923077
4.24923076923077
3.821923076923077
3.0246153846153847
2.8953846153846152
2.9346153846153844
3.144230769230769
3.3134615384615387
3.1865384615384613
2.6469230769230765
2.3715384615384614
2.4992307692307696
2.4857692307692307
2.9484615384615385
3.382307692307692
3.936923076923077
3.1511538461538464
2.5657692307692304
2.5257692307692308
2.110384615384615
1.7346153846153847
2.561153846153846
2.895
3.003076923076923
