temperature
4.908461538461538
4.363846153846154
4.216153846153846
4.093076923076923
4.142692307692308
4.015
4.813461538461539
4.573846153846154
4.322307692307692
4.531923076923077
4.891153846153847
5.194999999999999
4.860769230769231
4.481538461538462
4.521923076923077
4.068846153846153
3.9526923076923075
4.45
4.608846153846153
3.8453846153846154
3.2207692307692306
3.9073076923076924
3.8411538461538464
3.7803846153846155
4.205384615384616
4.302692307692308
4.57923076923077
4.621923076923077
4.519615384615385
3.8923076923076922
4.241923076923077
4.436153846153847
4.391538461538461
4.514615384615384
5.2299999999999995
5.273846153846154
4.459615384615384
4.11
4.206153846153846
4.231538461538461
3.9180769230769235
4.597307692307693
4.608846153846153
4.217307692307693
4.680769230769231
5.503076923076923
4.8561538461538465
5.377307692307692
4.905
5.3950000000000005
5.6996153846153845
5.9957692307692305
5.6596153846153845
5.841153846153846
5.533846153846154
5.551923076923076
5.3442307692307685
5.193846153846153
4.841923076923077
4.777692307692307
4.930384615384615
4.913076923076924
4.708076923076923
5.235769230769231
5.542692307692308
6.208461538461538
6.484999999999999
7.021538461538461
6.75
6.685384615384615
6.885384615384615
5.948846153846154
7.314615384615385
7.885
7.785769230769231
7.270769230769231
6.82923076923077
6.7153846153846155
6.546538461538462
6.854230769230769
6.558076923076923
6.9946153846153845
7.061153846153847
7.336923076923076
7.145769230769231
7.269230769230769
7.8465384615384615
8.181923076923077
8.786923076923078
8.373076923076923
8.206538461538461
8.583461538461538
8.479615384615384
8.222307692307693
8.623076923076923
7.958461538461538
7.355769230769231
7.711153846153847
8.511538461538462
8.259615384615385
7.67576923076923
7.963461538461539
8.435
8.775769230769232
8.51
8.347692307692308
8.840769230769231
8.772307692307693
8.830769230769231
9.126923076923077
10.161923076923076
10.754999999999999
10.754999999999999
11.166153846153845
10.350384615384616
9.51923076923077
9.925
10.066153846153846
9.293846153846154
10.008846153846154
10.372307692307693
10.521923076923077
10.588076923076924
10.278846153846153
10.901538461538461
11.18576923076923
11.811153846153845
12.089615384615383
12.534230769230769
12.516538461538461
11.815384615384614
11.52076923076923
11.765769230769232
11.286538461538461
11.826153846153847
12.498076923076923
12.27346153846154
12.524230769230769
12.913461538461538
12.880384615384616
12.651153846153846
12.770384615384614
13.14846153846154
13.098076923076924
13.357307692307693
13.468076923076923
13.543846153846154
13.254999999999999
13.194230769230769
13.39576923076923
13.484230769230768
14.762692307692307
14.837692307692306
14.089230769230769
13.797692307692309
13.748076923076923
13.920384615384616
14.170769230769231
14.254999999999999
14.906538461538462
14.511538461538462
14.545384615384616
14.648076923076925
15.085769230769232
15.169230769230769
15.346153846153847
15.844615384615384
16.27653846153846
15.907692307692306
15.782307692307691
15.67576923076923
15.559230769230767
15.355
16.036538461538463
16.013461538461538
15.821538461538463
16.18153846153846
16.209230769230768
15.923461538461538
16.377692307692307
15.945384615384615
16.624615384615385
16.783461538461538
16.361153846153847
16.99153846153846
17.276153846153846
16.81269230769231
16.548076923076923
16.90346153846154
16.92576923076923
17.196538461538463
16.595000000000002
16.423846153846153
16.50807692307692
16.735
17.109615384615385
17.75307692307692
17.64076923076923
18.289615384615384
18.689230769230768
17.91076923076923
17.318846153846156
17.453846153846154
18.201538461538462
18.32
18.31153846153846
18.15153846153846
18.061923076923076
17.95
17.87076923076923
17.42192307692308
17.541153846153847
18.06
17.908076923076923
17.93076923076923
17.63346153846154
17.96076923076923
18.531923076923075
18.074615384615385
18.481153846153845
17.689230769230768
17.744230769230768
18.775000000000002
17.595769230769232
18.06923076923077
17.800384615384615
17.44
16.968846153846155
17.61230769230769
17.66
17.30576923076923
17.091153846153848
17.246153846153845
17.469615384615384
17.13230769230769
16.576153846153847
17.275
16.56923076923077
16.140384615384615
16.19423076923077
16.157307692307693
15.394615384615385
15.465
15.468076923076923
16.433846153846154
16.013461538461538
16.113846153846154
16.429615384615385
15.860384615384616
15.575769230769232
15.71923076923077
15.582692307692307
16.069615384615386
16.106923076923074
15.087692307692306
14.914615384615384
14.743846153846155
14.774615384615384
14.563846153846153
13.935
14.762307692307692
14.665000000000001
14.696153846153846
14.483076923076924
14.497307692307693
14.13923076923077
13.676153846153845
13.660384615384617
13.429615384615385
13.849230769230768
13.818461538461538
13.70923076923077
14.004999999999999
13.432307692307692
12.602692307692308
12.49923076923077
12.031153846153845
12.501153846153844
11.55
11.762307692307692
12.457307692307692
12.318461538461538
12.630384615384616
11.76346153846154
11.786538461538461
11.833846153846155
11.366153846153846
11.318076923076923
11.340384615384616
10.468846153846155
10.697307692307692
10.587307692307691
10.57
10.960769230769232
10.448461538461537
10.904615384615385
10.918461538461539
10.948076923076922
10.529615384615385
10.25423076923077
10.133846153846154
9.787307692307692
9.93423076923077
9.908076923076923
9.443461538461538
9.37346153846154
8.974230769230768
8.367307692307692
8.464615384615383
8.42
8.274615384615384
8.012307692307692
7.773076923076923
8.245384615384616
8.154230769230768
7.834615384615384
7.631538461538461
7.392307692307692
7.708846153846154
7.07923076923077
6.9726923076923075
6.763076923076923
6.176923076923076
5.968076923076922
6.170000000000001
6.107307692307692
5.616923076923077
6.066538461538461
5.9861538461538455
6.225
6.269230769230769
6.070384615384616
5.828846153846153
5.636153846153846
5.3769230769230765
5.322692307692307
4.983076923076923
4.895
5.568846153846153
5.52576923076923
5.008461538461538
5.1619230769230775
4.783461538461538
4.946153846153846
4.685384615384615
5.09
4.698846153846154
4.725
5.097307692307693
4.6269230769230765
4.163461538461538
3.9873076923076924
3.959230769230769
4.1292307692307695
4.901538461538461
5.201153846153845
6.209615384615384
6.1523076923076925
4.934615384615385
4.854230769230769
4.387307692307692
3.585769230769231
4.096923076923077
4.998076923076923
4.662307692307692
