pet
0.3880769230769231
0.36423076923076925
0.35500000000000004
0.3261538461538462
0.35807692307692307
0.4538461538461539
0.44269230769230766
0.34307692307692306
0.3761538461538461
0.45423076923076916
0.4807692307692308
0.5142307692307692
0.4180769230769231
0.3861538461538461
0.46846153846153843
0.4046153846153846
0.3465384615384615
0.36961538461538457
0.295
0.2857692307692308
0.42192307692307696
0.5180769230769231
0.46807692307692306
0.5092307692307693
0.4823076923076923
0.5542307692307692
0.4453846153846154
0.47269230769230763
0.32
0.42
0.5046153846153846
0.4673076923076923
0.49192307692307696
0.5388461538461539
0.45769230769230773
0.41423076923076924
0.3988461538461538
0.4392307692307692
0.5165384615384615
0.5023076923076923
0.4211538461538461
0.5180769230769231
0.5415384615384615
0.5511538461538461
0.7011538461538461
0.7234615384615384
0.6723076923076923
0.6773076923076923
0.5896153846153847
0.6796153846153847
0.7076923076923076
0.6676923076923077
0.6646153846153846
0.7380769230769231
0.6046153846153847
0.7242307692307691
0.6353846153846153
0.6411538461538462
0.5973076923076923
0.56
0.5238461538461539
0.5480769230769231
0.5184615384615385
0.6034615384615385
0.7776923076923077
0.8707692307692307
0.8492307692307691
0.7942307692307692
0.8411538461538461
0.9442307692307692
0.91
1.0953846153846154
1.1073076923076923
1.1400000000000001
1.2038461538461538
1.2107692307692308
1.0965384615384615
1.103076923076923
1.0988461538461538
1.1726923076923077
1.0738461538461537
1.0584615384615383
1.0792307692307692
1.2561538461538464
1.2888461538461538
1.3211538461538461
1.2715384615384617
1.2707692307692307
1.2665384615384616
1.2976923076923077
1.1865384615384615
1.2880769230769231
1.285
1.2950000000000002
1.4719230769230771
1.4038461538461537
1.3030769230769232
1.5376923076923075
1.5784615384615384
1.6300000000000001
1.3734615384615385
1.3153846153846156
1.4107692307692308
1.5492307692307692
1.655
1.5876923076923077
1.3815384615384616
1.518076923076923
1.6080769230769232
1.8361538461538462
2.0334615384615384
2.08
1.9253846153846155
1.9607692307692308
1.7242307692307692
1.6584615384615384
1.6673076923076924
1.7950000000000002
1.688076923076923
1.661923076923077
1.9361538461538463
1.941923076923077
2.058846153846154
2.2611538461538463
2.167307692307692
2.2734615384615386
2.291923076923077
2.2565384615384616
2.4007692307692308
2.3434615384615385
2.256153846153846
2.2473076923076922
2.328076923076923
2.3934615384615383
2.4619230769230773
2.3
2.5249999999999995
2.376923076923077
2.5930769230769233
2.48
2.309230769230769
2.3073076923076923
2.396923076923077
2.444230769230769
2.4692307692307693
2.3365384615384617
2.43
2.5034615384615386
2.542307692307692
2.5142307692307693
2.8969230769230774
2.755769230769231
2.487692307692308
2.2126923076923077
2.1746153846153846
2.062307692307692
2.216153846153846
2.4303846153846154
2.3303846153846157
2.356923076923077
2.3334615384615387
1.981153846153846
1.9092307692307693
1.9146153846153846
1.9346153846153844
2.1234615384615383
2.263076923076923
2.3665384615384615
2.2146153846153847
2.035
2.2053846153846153
2.0703846153846155
2.2011538461538462
2.334230769230769
2.0892307692307694
2.0926923076923076
2.1334615384615385
2.293076923076923
2.373076923076923
2.266153846153846
2.1792307692307693
2.2873076923076923
2.2465384615384614
2.29
2.305
2.1796153846153845
2.1376923076923076
2.086153846153846
2.0903846153846155
2.255
2.18
2.106153846153846
1.8576923076923075
1.9511538461538462
1.9946153846153847
2.187307692307692
2.2776923076923077
2.2234615384615384
2.1796153846153845
2.2453846153846153
2.154230769230769
2.086153846153846
2.287692307692308
2.31
2.228076923076923
2.1184615384615384
2.165
2.1780769230769232
1.9796153846153846
1.908076923076923
1.8665384615384615
1.9142307692307694
2.017692307692308
1.9661538461538461
2.0546153846153845
1.9673076923076922
1.9915384615384615
1.9276923076923076
1.81
1.8111538461538463
1.78
1.8365384615384615
1.7434615384615384
1.876923076923077
1.9869230769230768
1.8523076923076922
1.6546153846153848
1.6888461538461537
1.741923076923077
1.6199999999999999
1.6715384615384616
1.6811538461538462
1.6303846153846153
1.5973076923076923
1.5538461538461539
1.5173076923076925
1.4219230769230768
1.3723076923076922
1.4011538461538462
1.4796153846153846
1.2915384615384615
1.3757692307692309
1.415
1.4015384615384614
1.6457692307692307
1.5134615384615384
1.606153846153846
1.6119230769230768
1.5315384615384615
1.4765384615384616
1.6019230769230768
1.326153846153846
1.4607692307692308
1.5107692307692309
1.3976923076923076
1.335
1.1503846153846153
1.141923076923077
1.103846153846154
1.041923076923077
1.111923076923077
1.0999999999999999
1.3857692307692309
1.4796153846153846
1.2157692307692307
1.0565384615384614
1.133846153846154
1.1673076923076924
1.113076923076923
1.1334615384615385
1.1826923076923077
1.0076923076923077
1.083846153846154
0.9553846153846154
0.9330769230769231
0.8465384615384616
0.7942307692307692
0.8746153846153847
0.8211538461538462
0.9476923076923077
0.9996153846153846
0.9557692307692308
0.8388461538461538
0.7442307692307693
0.8373076923076923
0.9503846153846154
0.9092307692307693
0.7496153846153846
0.6738461538461539
0.6419230769230769
0.6349999999999999
0.6396153846153846
0.7126923076923077
0.7730769230769231
0.7019230769230769
0.7807692307692308
0.7276923076923077
0.6973076923076923
0.7411538461538462
0.8142307692307693
0.676923076923077
0.6192307692307693
0.768076923076923
0.8523076923076923
0.6530769230769231
0.6146153846153847
0.5915384615384615
0.4688461538461538
0.4673076923076923
0.5461538461538461
0.49115384615384616
0.46076923076923076
0.42653846153846153
0.4226923076923077
0.44576923076923075
0.38769230769230767
0.3961538461538462
0.6349999999999999
0.6692307692307692
0.4942307692307692
0.4734615384615385
0.5307692307692308
0.4288461538461539
0.4296153846153846
0.3811538461538462
0.2253846153846154
0.3484615384615385
0.3392307692307692
0.26884615384615385
0.49615384615384617
0.44846153846153847
0.3346153846153846
0.34153846153846157
0.44
0.3080769230769231
0.42076923076923073
0.2507692307692308
0.35
0.47000000000000003
0.42076923076923073
0.42
0.4969230769230769
0.5946153846153845
0.5346153846153846
0.36576923076923074
0.37615384615384617
0.4242307692307693
0.49192307692307696
0.40076923076923077
0.45307692307692304
0.3596153846153846
0.3853846153846154
0.40115384615384614
0.3403846153846154
0.39961538461538465
0.4519230769230769
0.5634615384615385
0.4076923076923077
0.29346153846153844
0.3396153846153846
0.2919230769230769
0.31653846153846155
0.4603846153846154
0.5219230769230769
0.5157692307692308
