pet
0.5776923076923077
0.4869230769230769
0.45692307692307693
0.42038461538461536
0.44461538461538463
0.4573076923076923
0.5957692307692308
0.5711538461538461
0.5253846153846153
0.4930769230769231
0.578076923076923
0.575
0.5673076923076923
0.4953846153846154
0.5584615384615385
0.4984615384615385
0.4392307692307692
0.5700000000000001
0.6488461538461539
0.5265384615384615
0.3573076923076923
0.4730769230769231
0.4926923076923077
0.46846153846153843
0.5307692307692308
0.5273076923076924
0.6176923076923077
0.6703846153846154
0.6257692307692307
0.5111538461538462
0.6530769230769231
0.7238461538461538
0.7226923076923076
0.6688461538461539
0.8296153846153846
0.86
0.6726923076923076
0.6326923076923077
0.6803846153846155
0.6896153846153846
0.6265384615384615
0.7615384615384616
0.6996153846153846
0.5807692307692308
0.6753846153846155
0.8842307692307692
0.7892307692307692
0.8753846153846154
0.7823076923076923
0.895
0.9723076923076923
1.0542307692307693
0.985
1.0115384615384615
0.9811538461538463
0.9488461538461538
0.9265384615384615
0.9199999999999999
0.8692307692307693
0.8742307692307693
0.9546153846153846
0.9276923076923076
0.8365384615384616
0.9415384615384615
1.0799999999999998
1.2342307692307695
1.3038461538461539
1.3926923076923077
1.3765384615384615
1.3369230769230769
1.3934615384615385
1.183846153846154
1.5257692307692308
1.6700000000000002
1.6365384615384615
1.5292307692307692
1.4646153846153847
1.3915384615384616
1.3296153846153846
1.4423076923076923
1.3753846153846152
1.4988461538461537
1.533076923076923
1.570769230769231
1.5476923076923077
1.5996153846153847
1.7446153846153847
1.8526923076923079
2.017692307692308
1.9115384615384616
1.8796153846153845
2.0376923076923075
1.9896153846153846
1.878076923076923
2.0473076923076925
1.8703846153846155
1.7323076923076923
1.8292307692307692
2.036153846153846
1.965
1.8146153846153845
1.9142307692307692
2.0330769230769232
2.129230769230769
2.1165384615384615
2.060769230769231
2.135
2.0949999999999998
2.1338461538461537
2.233076923076923
2.5742307692307693
2.713461538461538
2.6873076923076926
2.8065384615384614
2.5626923076923074
2.3076923076923075
2.4046153846153846
2.4523076923076923
2.271923076923077
2.4469230769230768
2.6315384615384616
2.6553846153846155
2.6803846153846154
2.6096153846153842
2.7353846153846155
2.9073076923076924
3.0665384615384617
3.1034615384615383
3.2373076923076924
3.250384615384615
3.061153846153846
2.8746153846153844
2.955
2.77
2.910769230769231
3.1769230769230767
3.0869230769230773
3.078076923076923
3.1896153846153847
3.197307692307692
3.1507692307692308
3.141538461538462
3.2473076923076922
3.253846153846154
3.3703846153846153
3.3696153846153845
3.3153846153846156
3.2269230769230766
3.161538461538462
3.2315384615384612
3.2265384615384614
3.3746153846153844
3.322307692307692
3.0503846153846155
2.9000000000000004
2.867692307692308
2.899230769230769
2.916923076923077
2.9699999999999998
3.2015384615384614
3.04
3.0992307692307692
3.0265384615384616
3.1584615384615384
3.2584615384615385
3.221538461538462
3.367692307692308
3.5100000000000002
3.4050000000000002
3.3415384615384616
3.3242307692307693
3.227307692307692
3.125
3.3076923076923075
3.350769230769231
3.2819230769230767
3.4134615384615383
3.3903846153846158
3.2484615384615387
3.405384615384615
3.2946153846153843
3.4676923076923076
3.5219230769230765
3.3296153846153844
3.5142307692307693
3.630769230769231
3.4857692307692307
3.3884615384615384
3.456538461538462
3.458846153846154
3.4680769230769233
3.3273076923076923
3.3023076923076924
3.3115384615384613
3.413846153846154
3.460384615384615
3.6438461538461544
3.6357692307692306
3.8203846153846155
3.9238461538461538
3.6284615384615386
3.451538461538462
3.4446153846153846
3.6696153846153843
3.697307692307692
3.7096153846153848
3.6184615384615384
3.5338461538461536
3.515
3.421923076923077
3.3053846153846154
3.3426923076923076
3.496153846153846
3.32
3.3573076923076925
3.2553846153846155
3.333076923076923
3.477692307692308
3.3423076923076924
3.4915384615384615
3.207692307692308
3.1946153846153846
3.4976923076923074
3.116923076923077
3.245
3.1407692307692305
2.9903846153846154
2.8242307692307693
3.0399999999999996
3.0076923076923077
2.9007692307692308
2.8146153846153843
2.879230769230769
2.914615384615385
2.798076923076923
2.637307692307692
2.9069230769230767
2.644230769230769
2.4780769230769235
2.44
2.4265384615384615
2.250384615384615
2.2388461538461537
2.233846153846154
2.5311538461538463
2.4257692307692307
2.4780769230769226
2.5415384615384613
2.3596153846153847
2.2757692307692308
2.36
2.2415384615384615
2.4265384615384615
2.3884615384615384
2.107307692307692
2.0526923076923076
1.9676923076923076
1.9996153846153848
1.9607692307692306
1.7334615384615384
1.9673076923076922
1.9434615384615386
1.963076923076923
1.8815384615384616
1.8292307692307692
1.7996153846153846
1.6853846153846155
1.6484615384615384
1.6165384615384615
1.7119230769230769
1.7246153846153847
1.708846153846154
1.7857692307692308
1.7034615384615384
1.5426923076923076
1.463846153846154
1.3599999999999999
1.3973076923076921
1.2623076923076924
1.2276923076923076
1.3957692307692307
1.43
1.5146153846153847
1.2353846153846153
1.2550000000000001
1.2934615384615387
1.183076923076923
1.1384615384615384
1.17
0.9807692307692307
1.083076923076923
1.0534615384615384
1.0984615384615386
1.1665384615384615
1.0396153846153846
1.1719230769230768
1.1946153846153846
1.228076923076923
1.0461538461538462
1.1165384615384615
1.1088461538461538
1.025
1.0473076923076923
0.9853846153846154
0.9153846153846155
0.8961538461538462
0.8099999999999999
0.7250000000000001
0.7573076923076923
0.7203846153846154
0.6676923076923077
0.6607692307692308
0.6538461538461539
0.7257692307692308
0.7123076923076923
0.6553846153846153
0.6365384615384616
0.6007692307692308
0.6907692307692308
0.5607692307692308
0.5534615384615384
0.5773076923076923
0.4653846153846154
0.4511538461538462
0.49653846153846154
0.46923076923076923
0.4184615384615385
0.4942307692307692
0.4761538461538461
0.5165384615384615
0.5434615384615384
0.5807692307692307
0.5180769230769231
0.525
0.47000000000000003
0.5026923076923077
0.37
0.3630769230769231
0.5096153846153846
0.571923076923077
0.44846153846153847
0.4869230769230769
0.375
0.3988461538461539
0.4042307692307692
0.4596153846153846
0.3930769230769231
0.4030769230769231
0.45576923076923076
0.4107692307692308
0.3630769230769231
0.38653846153846155
0.39076923076923076
0.43153846153846154
0.583076923076923
0.6492307692307692
0.7423076923076923
0.7069230769230769
0.5038461538461538
0.5042307692307693
0.44461538461538463
0.31038461538461537
0.48230769230769227
0.6246153846153846
0.5546153846153846
