temperature
5.7907692307692304
5.186538461538461
5.003461538461538
4.818461538461539
4.993461538461539
4.896923076923077
5.5211538461538465
5.415384615384616
5.031923076923078
5.269230769230769
5.582692307692308
5.870384615384615
5.663461538461538
5.256538461538461
5.2711538461538465
4.905769230769231
4.728846153846154
5.087307692307693
5.274615384615386
4.511153846153846
4.12423076923077
4.774615384615385
4.542692307692308
4.4884615384615385
4.898076923076923
4.951538461538462
5.345
5.453846153846154
5.261538461538462
4.5673076923076925
5.005769230769231
5.272307692307692
5.180384615384615
5.218461538461539
6.104230769230769
6.140769230769231
5.305000000000001
4.900769230769231
4.996538461538462
5.0503846153846155
4.680769230769231
5.320769230769231
5.266538461538461
4.798076923076923
5.341923076923077
6.229230769230769
5.763846153846154
6.172692307692308
5.768076923076923
6.183461538461539
6.444615384615385
6.875769230769231
6.486923076923077
6.580384615384616
6.376538461538461
6.19923076923077
6.160769230769231
5.948076923076924
5.639615384615384
5.581153846153847
5.851923076923077
5.7565384615384625
5.468461538461539
6.056153846153847
6.401538461538461
7.002692307692308
7.403846153846154
7.800000000000001
7.703846153846154
7.443846153846153
7.720769230769231
6.913461538461538
8.224615384615385
8.73846153846154
8.613076923076923
8.028846153846153
7.658461538461538
7.5515384615384615
7.311923076923078
7.770384615384615
7.545000000000001
7.886923076923077
7.985769230769231
8.153076923076922
7.985769230769231
8.198461538461538
8.687307692307693
9.09153846153846
9.600769230769231
9.215384615384615
9.009615384615385
9.511153846153846
9.363846153846154
8.97
9.501153846153846
8.863461538461538
8.338846153846154
8.626153846153846
9.45923076923077
9.173461538461538
8.640384615384615
8.989230769230769
9.315
9.600769230769231
9.581153846153846
9.448846153846153
9.700384615384616
9.611153846153847
9.75923076923077
10.075384615384614
11.205769230769231
11.67576923076923
11.600384615384616
12.022307692307692
11.241923076923078
10.40230769230769
10.794230769230769
10.974615384615383
10.370384615384616
10.950769230769229
11.312307692307693
11.28346153846154
11.438846153846155
11.25423076923077
11.674230769230771
12.124615384615385
12.685
12.87923076923077
13.290000000000001
13.367307692307692
12.843461538461538
12.360000000000001
12.650384615384613
12.220384615384615
12.66576923076923
13.414615384615384
13.253846153846155
13.345384615384615
13.693461538461538
13.75346153846154
13.693461538461538
13.696153846153846
14.022307692307692
14.098461538461539
14.478076923076923
14.575769230769229
14.445
14.178846153846154
14.122307692307693
14.411923076923078
14.438461538461537
15.639615384615384
15.753846153846155
15.034615384615384
14.637307692307692
14.600000000000001
14.761153846153848
14.896923076923077
15.132307692307693
15.86423076923077
15.438846153846153
15.622307692307693
15.535769230769231
15.951538461538462
16.28576923076923
16.215769230769233
16.710384615384616
17.131153846153843
16.843846153846155
16.69423076923077
16.69423076923077
16.44423076923077
16.223076923076924
16.834230769230768
16.99653846153846
16.850384615384616
17.249615384615385
17.224615384615383
16.86769230769231
17.336923076923078
17.048846153846153
17.545
17.74076923076923
17.23576923076923
17.801153846153845
18.145769230769233
17.79
17.56269230769231
17.800384615384615
17.84730769230769
17.869615384615386
17.548461538461538
17.50423076923077
17.557307692307692
17.89923076923077
18.071538461538463
18.626153846153844
18.66423076923077
19.235384615384614
19.564230769230768
18.78576923076923
18.334615384615383
18.383846153846154
19.06153846153846
19.160384615384615
19.231153846153845
19.039615384615384
18.84346153846154
18.82730769230769
18.63230769230769
18.362692307692306
18.468076923076925
19.033461538461538
18.64923076923077
18.776153846153846
18.513076923076923
18.761153846153846
19.231153846153845
18.891923076923078
19.33653846153846
18.547307692307694
18.577692307692306
19.51423076923077
18.435384615384613
18.863076923076925
18.622692307692308
18.216538461538462
17.728461538461538
18.42076923076923
18.341538461538462
18.036153846153844
17.82
18.04346153846154
18.195
17.88
17.38653846153846
18.21153846153846
17.438846153846153
16.965769230769233
16.91653846153846
16.90730769230769
16.33153846153846
16.30423076923077
16.122307692307693
17.034615384615385
16.72153846153846
16.888076923076923
17.119615384615386
16.523076923076925
16.243846153846153
16.545384615384616
16.16653846153846
16.765
16.67076923076923
15.741153846153846
15.628076923076922
15.315
15.458846153846155
15.268846153846154
14.615384615384615
15.398076923076925
15.307307692307692
15.381153846153845
15.089230769230769
14.928076923076922
14.740384615384615
14.350384615384616
14.295
14.179615384615385
14.416538461538462
14.393846153846154
14.425384615384615
14.73576923076923
14.149615384615384
13.349999999999998
13.205769230769231
12.622307692307693
12.962307692307691
12.485384615384616
12.400769230769232
13.0
13.089615384615383
13.293461538461539
12.321538461538463
12.397692307692308
12.40576923076923
11.998461538461537
11.873461538461537
12.042692307692308
11.150769230769232
11.416153846153845
11.270384615384614
11.303461538461537
11.567307692307692
11.180769230769231
11.626538461538463
11.554615384615385
11.666538461538462
11.133461538461539
11.084615384615384
10.858076923076924
10.571538461538463
10.561923076923078
10.548076923076923
10.09153846153846
9.98576923076923
9.598461538461539
9.070769230769232
9.154615384615385
9.116923076923076
8.956538461538461
8.625769230769231
8.469615384615384
8.951153846153845
8.897692307692308
8.493846153846153
8.374615384615385
7.971153846153846
8.239615384615384
7.775769230769232
7.654615384615385
7.693076923076924
6.946923076923077
6.694615384615385
6.805769230769231
6.845384615384615
6.406538461538461
6.844615384615385
6.758846153846154
6.964615384615385
6.849615384615385
6.931923076923076
6.595384615384615
6.375769230769231
6.16423076923077
5.928076923076923
5.7457692307692305
5.641923076923077
6.134230769230769
6.264615384615384
5.892307692307692
5.956538461538462
5.520769230769231
5.640769230769231
5.2869230769230775
5.655
5.324999999999999
5.458461538461538
5.677307692307693
5.271538461538461
4.97
4.899230769230769
4.76
4.911153846153846
5.737692307692308
6.108846153846154
7.006153846153846
6.945384615384616
5.716923076923076
5.654615384615385
5.0600000000000005
4.338846153846154
4.94923076923077
5.6996153846153845
5.348461538461539
