pet
0.5219230769230769
0.3626923076923077
0.30423076923076925
0.4930769230769231
0.6211538461538461
0.5684615384615385
0.565
0.5911538461538461
0.5715384615384616
0.6007692307692307
0.5769230769230769
0.4788461538461538
0.5926923076923077
0.6269230769230769
0.6434615384615385
0.49615384615384617
0.40692307692307694
0.47269230769230763
0.5530769230769231
0.6273076923076922
0.6849999999999999
0.6092307692307692
0.5865384615384616
0.5646153846153846
0.4346153846153846
0.5096153846153846
0.4073076923076923
0.5076923076923077
0.6142307692307691
0.5357692307692308
0.556923076923077
0.566923076923077
0.711923076923077
0.6857692307692308
0.6796153846153847
0.8326923076923076
0.7580769230769231
0.5746153846153846
0.5176923076923077
0.5807692307692307
0.46192307692307694
0.42923076923076925
0.5034615384615384
0.445
0.4453846153846154
0.4465384615384615
0.4507692307692308
0.541923076923077
0.5423076923076923
0.5953846153846154
0.6261538461538462
0.6342307692307692
0.7261538461538461
0.7861538461538462
0.708076923076923
0.6957692307692308
0.7142307692307692
0.8496153846153847
0.7407692307692308
0.8076923076923077
0.8907692307692308
0.8488461538461538
0.9646153846153845
1.1653846153846155
1.2592307692307694
1.3246153846153845
1.1223076923076922
1.1019230769230768
1.2011538461538462
1.1853846153846155
1.231153846153846
1.1303846153846153
0.9569230769230769
0.9726923076923076
1.031923076923077
1.1326923076923077
0.9484615384615385
0.9423076923076923
0.9246153846153846
1.0492307692307692
1.1153846153846154
1.111923076923077
1.1811538461538462
1.1503846153846153
1.125
1.1703846153846154
1.1096153846153847
1.2934615384615387
1.3661538461538463
1.4884615384615383
1.4757692307692307
1.205769230769231
1.1926923076923077
1.3215384615384616
1.3865384615384615
1.3803846153846153
1.2803846153846155
1.2692307692307692
1.488076923076923
1.81
1.8026923076923076
1.5965384615384615
1.580769230769231
1.8007692307692307
1.9423076923076923
1.828846153846154
1.8753846153846152
2.0165384615384614
1.9084615384615384
1.9326923076923077
2.0142307692307693
1.9073076923076924
1.9142307692307692
1.9619230769230769
1.8280769230769232
1.9623076923076925
1.8819230769230768
1.9038461538461537
2.0080769230769233
2.028076923076923
2.0634615384615382
2.06
2.176923076923077
2.3203846153846155
2.1376923076923076
2.325
2.4811538461538465
2.331153846153846
2.326923076923077
2.397307692307692
2.3219230769230768
2.3853846153846154
2.391923076923077
2.4242307692307694
2.4676923076923076
2.265
2.463846153846154
2.4507692307692306
2.4630769230769234
2.6576923076923076
2.6234615384615383
2.5715384615384616
2.7523076923076926
2.7484615384615383
2.7523076923076926
2.6826923076923075
2.7315384615384612
2.726923076923077
2.7199999999999998
2.8242307692307693
2.89
2.8007692307692307
2.5938461538461537
2.4984615384615383
2.5353846153846153
2.6588461538461536
2.5646153846153843
2.566153846153846
2.62
2.5353846153846153
2.5288461538461537
2.4861538461538464
2.3576923076923078
2.380769230769231
2.4915384615384615
2.4934615384615384
2.5773076923076923
2.608461538461538
2.701923076923077
2.8346153846153848
2.479230769230769
2.4203846153846156
2.5053846153846155
2.417307692307692
2.553076923076923
2.7476923076923074
2.6184615384615384
2.503076923076923
2.5696153846153846
2.6392307692307693
2.7219230769230767
2.553076923076923
2.6453846153846152
2.7280769230769235
2.7642307692307693
2.659615384615385
2.917692307692308
2.930769230769231
2.741923076923077
2.602692307692308
2.689230769230769
2.710384615384615
2.6061538461538465
2.805
2.730769230769231
2.460384615384615
2.2800000000000002
2.3834615384615385
2.4815384615384612
2.7534615384615386
2.5696153846153846
2.56
2.388076923076923
2.3626923076923076
2.542307692307692
2.6303846153846155
2.7192307692307693
2.6784615384615384
2.6223076923076927
2.636923076923077
2.625
2.3376923076923077
2.4630769230769234
2.4703846153846154
2.353846153846154
2.2784615384615385
2.296923076923077
2.3646153846153846
2.1303846153846155
2.1930769230769234
2.2034615384615384
2.1696153846153847
2.2526923076923078
2.2830769230769232
2.2357692307692307
2.2626923076923076
2.318846153846154
2.085769230769231
2.104230769230769
2.043846153846154
2.181923076923077
2.225
2.176153846153846
2.003076923076923
2.106153846153846
2.085
2.0184615384615388
1.9611538461538462
1.938076923076923
2.110384615384615
1.9073076923076921
1.7653846153846153
1.8361538461538462
1.8734615384615385
1.8334615384615385
1.841923076923077
1.856923076923077
1.566923076923077
1.6876923076923078
1.793076923076923
1.6492307692307693
1.643076923076923
1.5788461538461538
1.478846153846154
1.5476923076923077
1.433846153846154
1.3911538461538462
1.418076923076923
1.66
1.6757692307692307
1.496923076923077
1.459230769230769
1.5
1.481923076923077
1.4076923076923078
1.4684615384615385
1.1488461538461539
1.0923076923076922
1.1915384615384617
1.2226923076923077
1.3215384615384616
1.3957692307692307
1.4792307692307693
1.3392307692307692
1.3884615384615384
1.2984615384615383
1.281923076923077
1.2157692307692307
1.1984615384615385
1.0834615384615385
1.2434615384615384
1.2226923076923077
1.0196153846153846
1.0996153846153847
0.9919230769230769
0.9503846153846154
0.9623076923076923
0.9569230769230769
0.9038461538461539
0.8453846153846154
0.8500000000000001
0.7930769230769231
0.6984615384615385
0.7219230769230769
0.8715384615384616
0.9507692307692307
0.8980769230769231
0.8696153846153846
0.8623076923076923
0.7661538461538462
0.8519230769230769
0.88
0.981923076923077
0.7807692307692308
0.7842307692307693
0.838076923076923
0.8673076923076923
0.7157692307692307
0.6146153846153847
0.7357692307692307
0.8488461538461538
0.7342307692307692
0.8096153846153846
0.7757692307692307
0.6938461538461538
0.5484615384615384
0.5280769230769231
0.5992307692307692
0.5376923076923077
0.4346153846153846
0.49
0.5188461538461538
0.3603846153846154
0.3303846153846154
0.6453846153846154
0.7211538461538461
0.6757692307692308
0.6219230769230768
0.6726923076923076
0.5030769230769231
0.5034615384615384
0.5080769230769231
0.5023076923076923
0.533076923076923
0.5792307692307692
0.6796153846153847
0.6592307692307693
0.6288461538461539
0.5426923076923077
0.3707692307692308
0.33076923076923076
0.35884615384615387
0.45653846153846156
0.5657692307692308
0.5588461538461539
0.5396153846153846
0.5123076923076924
0.5665384615384615
0.5996153846153847
0.48653846153846153
0.4646153846153846
0.49
0.42230769230769233
0.4919230769230769
0.48384615384615387
0.49115384615384616
0.5792307692307692
0.6169230769230769
0.6257692307692307
0.5700000000000001
0.5296153846153846
0.6053846153846154
0.5423076923076923
0.5203846153846153
0.5303846153846153
