temperature
4.973846153846154
4.428846153846154
4.439230769230769
4.252307692307692
4.217692307692308
4.083076923076923
4.914230769230769
4.595384615384615
4.406538461538462
4.513846153846154
4.938461538461539
5.263461538461538
4.912692307692308
4.587692307692308
4.487692307692307
4.167692307692308
4.031923076923077
4.407692307692307
4.658076923076923
3.941923076923077
3.381923076923077
4.045
3.928846153846154
3.746153846153846
4.121538461538462
4.325769230769231
4.516923076923077
4.6523076923076925
4.655384615384616
3.946923076923077
4.310384615384615
4.4484615384615385
4.503846153846154
4.690769230769231
5.452692307692308
5.391538461538461
4.691538461538461
4.106923076923077
4.3076923076923075
4.291538461538462
3.9753846153846153
4.686923076923077
4.615384615384615
4.333076923076923
4.683076923076923
5.594615384615385
5.053461538461538
5.41
4.961538461538462
5.516153846153846
5.693076923076924
6.11
5.765384615384615
5.855384615384616
5.640384615384615
5.639615384615384
5.520384615384615
5.269615384615384
4.977692307692307
4.894615384615384
5.124230769230769
5.025384615384615
4.819999999999999
5.362307692307693
5.608846153846154
6.31923076923077
6.641153846153847
7.041153846153846
6.769230769230769
6.656538461538461
6.957307692307692
6.149615384615384
7.4484615384615385
7.912692307692307
7.944999999999999
7.292692307692308
6.961538461538462
6.814615384615385
6.613076923076923
6.975
6.646923076923077
7.1123076923076916
7.142307692307692
7.495
7.259230769230769
7.360769230769231
7.842692307692308
8.31576923076923
8.878076923076923
8.538076923076924
8.284615384615385
8.75423076923077
8.492692307692307
8.467692307692307
8.801153846153845
8.028846153846153
7.595384615384615
7.7215384615384615
8.492307692307692
8.348461538461539
7.982307692307692
8.172307692307694
8.575384615384616
8.848461538461539
8.570769230769232
8.508076923076924
8.898076923076923
8.892307692307693
8.958076923076923
9.277307692307692
10.233076923076924
10.733846153846153
10.709999999999999
11.297692307692309
10.57076923076923
9.580384615384615
10.093846153846155
10.493461538461538
9.657307692307693
10.178461538461537
10.710384615384616
10.552692307692308
10.61076923076923
10.422692307692309
11.112307692307693
11.338076923076924
11.786923076923076
12.271538461538462
12.796923076923076
12.710384615384616
12.101923076923075
11.691153846153847
11.957692307692307
11.413461538461538
11.853846153846153
12.680769230769231
12.482307692307693
12.661538461538461
13.133076923076922
13.062692307692307
12.929615384615385
13.003846153846155
13.326538461538462
13.327307692307691
13.525384615384617
13.78
13.62076923076923
13.50076923076923
13.394615384615385
13.541538461538462
13.386153846153844
14.890384615384615
14.978076923076923
14.188846153846153
14.033076923076923
13.997307692307693
14.139999999999999
14.265384615384617
14.342307692307692
15.131538461538462
14.486923076923075
14.640384615384615
14.855
15.23423076923077
15.500384615384615
15.533076923076923
16.021923076923077
16.473846153846154
16.04576923076923
15.978076923076923
15.947692307692307
15.69
15.499615384615385
16.24692307692308
16.32846153846154
15.94
16.20346153846154
16.432692307692307
16.185384615384613
16.531923076923075
16.086153846153845
16.763461538461538
16.971153846153847
16.57
17.295384615384616
17.488076923076925
16.962307692307693
16.746153846153845
17.073076923076922
17.000384615384615
17.473846153846154
16.971153846153847
16.640384615384615
16.711153846153845
16.909230769230767
17.357307692307693
17.984615384615385
17.854230769230767
18.428846153846152
18.837307692307693
18.19846153846154
17.650384615384613
17.56153846153846
18.391538461538463
18.71
18.603461538461538
18.474615384615383
18.236538461538462
18.18076923076923
18.161153846153844
17.755384615384614
17.75730769230769
18.22653846153846
18.150384615384617
18.14769230769231
17.83
18.088846153846156
18.77346153846154
18.25307692307692
18.588461538461537
17.953846153846154
18.004615384615384
18.846923076923076
17.893846153846155
18.331153846153846
18.213846153846156
17.67653846153846
17.159615384615385
17.966538461538462
17.890384615384615
17.618076923076924
17.406923076923075
17.576538461538462
17.77653846153846
17.44192307692308
16.792307692307695
17.603461538461538
16.943461538461538
16.5
16.428461538461537
16.459230769230768
15.809230769230767
15.713846153846154
15.733846153846153
16.519615384615385
16.20423076923077
16.283846153846152
16.689615384615387
16.07076923076923
15.897692307692306
15.877307692307692
15.785769230769231
16.25346153846154
16.304230769230767
15.417307692307693
15.075
14.885384615384615
15.00576923076923
14.808076923076923
14.093846153846155
14.967692307692309
14.868076923076924
14.960769230769232
14.692692307692308
14.726153846153846
14.381923076923076
13.758461538461539
13.946153846153846
13.533076923076923
14.026538461538461
14.088846153846154
13.868461538461538
14.073076923076922
13.680769230769231
12.835384615384616
12.743076923076924
12.186538461538463
12.612692307692308
11.754999999999999
11.858846153846153
12.457692307692307
12.603076923076923
12.655384615384616
11.985384615384616
11.852692307692308
11.981538461538461
11.517307692307693
11.539615384615386
11.553461538461537
10.683076923076923
10.89423076923077
10.72653846153846
10.782307692307691
11.140384615384615
10.641153846153847
11.073076923076922
11.090769230769231
11.092692307692307
10.724615384615383
10.425384615384615
10.263846153846155
9.88423076923077
10.055384615384614
9.941538461538462
9.569230769230769
9.578846153846154
9.141923076923076
8.527307692307692
8.604615384615384
8.509615384615385
8.401923076923076
8.268846153846154
7.876923076923077
8.346153846153847
8.31576923076923
7.9034615384615385
7.7700000000000005
7.511923076923077
7.758846153846154
7.258846153846155
7.017692307692308
6.916153846153846
6.2907692307692304
6.156923076923077
6.4
6.316538461538461
5.758461538461538
6.109615384615385
6.0842307692307696
6.228076923076923
6.291923076923077
6.251538461538461
5.953461538461538
5.864615384615385
5.56923076923077
5.420384615384616
5.029230769230769
4.9592307692307696
5.67076923076923
5.603076923076923
5.130769230769231
5.277692307692307
4.825384615384616
5.058461538461539
4.864230769230769
5.218461538461539
4.7907692307692304
4.855384615384616
5.264615384615384
4.65423076923077
4.286538461538462
4.147692307692308
4.121153846153846
4.3319230769230765
5.113846153846154
5.268846153846154
6.383846153846154
6.387692307692307
5.046153846153846
5.033846153846154
4.532307692307692
3.705
4.166538461538462
4.981153846153846
4.6911538461538465
