temperature
3.8786956521739127
3.606086956521739
3.070869565217391
3.066521739130435
3.3782608695652177
3.615217391304348
4.293913043478261
3.7995652173913044
3.4904347826086957
4.326086956521739
4.42
4.402608695652174
3.9082608695652175
3.65
4.020434782608696
3.720434782608695
3.3117391304347827
3.720434782608695
3.9956521739130437
3.6004347826086955
3.1643478260869564
3.4139130434782605
3.3278260869565215
3.508260869565217
4.092173913043479
4.14695652173913
4.055217391304348
4.148260869565218
3.5304347826086957
3.0495652173913044
3.6239130434782605
4.050869565217392
3.708260869565217
3.7195652173913043
4.379565217391304
4.100869565217391
3.4382608695652173
3.5960869565217393
3.577391304347826
3.1595652173913042
3.082608695652174
3.61304347826087
3.9747826086956524
3.453478260869565
3.9826086956521736
4.680434782608696
4.230434782608696
4.377826086956522
4.127826086956522
4.213478260869565
4.409130434782608
4.999130434782609
4.4656521739130435
4.832173913043478
4.297826086956522
4.670434782608695
4.299565217391304
3.8469565217391306
3.4808695652173913
3.3017391304347825
3.4404347826086954
3.508260869565217
3.5252173913043476
3.9060869565217393
4.460869565217391
5.1726086956521735
5.530434782608696
6.251739130434783
5.900434782608696
5.65391304347826
4.995217391304348
4.897391304347826
5.98304347826087
6.380434782608695
6.295652173913043
5.914782608695652
5.64695652173913
6.083043478260869
5.535217391304348
6.075652173913044
5.840434782608695
6.127391304347826
6.386956521739131
6.577826086956521
6.679130434782609
6.42608695652174
6.556956521739131
6.845652173913043
7.242173913043478
7.196521739130435
6.717391304347826
6.837391304347825
7.253478260869565
6.607391304347826
7.1499999999999995
6.966521739130434
6.079130434782608
6.936521739130434
7.2700000000000005
7.076521739130435
7.253913043478261
7.032173913043478
7.6952173913043485
7.938695652173913
8.009565217391303
7.9943478260869565
8.275652173913043
7.828260869565218
7.834347826086956
8.857826086956521
9.574782608695653
9.88
9.746521739130435
9.823478260869566
9.060434782608695
8.576086956521738
8.744782608695653
8.477391304347826
8.27086956521739
8.81
9.221739130434782
9.12782608695652
9.343478260869565
9.583478260869565
9.941304347826087
9.723478260869566
10.79391304347826
10.475217391304348
10.869130434782608
11.322608695652175
10.631739130434783
10.269130434782609
10.44217391304348
10.083478260869565
10.932608695652174
10.939565217391303
10.928695652173914
10.977826086956522
11.370434782608696
11.164347826086955
12.002173913043478
11.651739130434782
12.020434782608698
11.854347826086956
12.202173913043477
12.037391304347826
12.227391304347828
11.909130434782607
12.14304347826087
12.391739130434782
13.068695652173913
14.035217391304348
13.711739130434783
13.157826086956522
12.431739130434783
12.546521739130435
12.524782608695652
13.302173913043477
13.4
13.755652173913044
13.790434782608695
13.511304347826087
13.185652173913043
13.342173913043478
13.360869565217392
13.57913043478261
14.798695652173913
14.811304347826086
14.54304347826087
14.108695652173912
13.984782608695651
13.86608695652174
14.334347826086956
14.549999999999999
14.459565217391305
14.550869565217392
15.108260869565218
14.76695652173913
14.67608695652174
15.201304347826087
14.960869565217392
15.300869565217392
15.416086956521738
15.12913043478261
15.279565217391305
15.42304347826087
15.19608695652174
15.14608695652174
14.876086956521737
15.12391304347826
15.338695652173914
15.05608695652174
14.842608695652174
14.797826086956523
15.197826086956523
15.549130434782608
15.894782608695651
16.102608695652176
16.85391304347826
16.594347826086956
15.839130434782609
15.271304347826087
16.06086956521739
16.376521739130435
15.906086956521738
16.723478260869566
16.40478260869565
16.13391304347826
15.861304347826087
15.73
15.574347826086955
15.525652173913045
16.355
16.228333333333335
16.483333333333334
15.993333333333334
15.890416666666667
15.945416666666667
15.515
15.705
15.8075
15.234166666666667
15.975
15.644583333333335
15.999583333333334
16.012916666666666
15.274583333333334
15.22125
15.280833333333334
15.429583333333333
15.234166666666667
15.083333333333334
15.237916666666665
15.629583333333334
15.52875
14.8225
15.011666666666668
14.54875
14.626666666666667
14.259583333333333
13.68125
13.852083333333333
13.615833333333335
13.9475
14.872916666666667
14.2675
14.659166666666666
14.766666666666666
14.124166666666667
13.969999999999999
14.099166666666667
14.007916666666667
14.316666666666668
14.279583333333333
13.865833333333333
13.402083333333332
13.272083333333333
13.157499999999999
12.625416666666666
12.372916666666667
12.770000000000001
12.947083333333333
12.795
12.99
12.710833333333333
12.315
11.977916666666667
12.247083333333334
11.829166666666666
12.13375
12.490833333333333
12.159166666666666
12.3675
11.595652173913043
11.22391304347826
10.922608695652174
10.501304347826087
11.083043478260869
10.533043478260868
10.907826086956522
11.445652173913043
10.85391304347826
11.277826086956521
10.742608695652175
10.852173913043478
10.792608695652174
10.189130434782609
10.13304347826087
9.994782608695653
9.512173913043478
9.55695652173913
9.246956521739131
9.154347826086957
9.550869565217392
9.250869565217391
9.416086956521738
9.632608695652175
9.506086956521738
9.188695652173914
9.506521739130434
9.000434782608695
8.756521739130434
9.277826086956523
8.80304347826087
8.570869565217391
8.235652173913042
7.689130434782609
7.484347826086956
7.291739130434783
7.181304347826086
7.179130434782609
6.589130434782609
6.651739130434783
7.578695652173913
7.355652173913044
7.209999999999999
6.9308695652173915
6.825652173913044
7.363043478260869
6.5230434782608695
6.4247826086956525
6.07391304347826
5.761304347826086
5.456956521739131
5.2269565217391305
4.871304347826087
5.024347826086957
5.363043478260869
5.080869565217391
5.444347826086957
5.145652173913043
5.036521739130435
5.01
4.8673913043478265
4.661739130434783
4.747391304347826
4.403043478260869
4.565652173913044
5.15
4.864347826086957
4.544782608695653
4.382173913043478
4.407826086956521
4.224347826086956
3.9613043478260868
4.411304347826087
3.8921739130434783
3.795217391304348
4.25
3.720869565217391
3.3604347826086958
3.152608695652174
3.427826086956522
3.571304347826087
4.197826086956522
4.90391304347826
5.265652173913043
4.750869565217391
3.966521739130435
3.816521739130435
3.5652173913043477
3.3108695652173914
3.6186956521739133
3.9773913043478264
4.197391304347827
