pet
0.38923076923076927
0.4046153846153846
0.33653846153846156
0.5046153846153847
0.5642307692307692
0.35346153846153844
0.4196153846153846
0.5342307692307693
0.5046153846153847
0.5280769230769231
0.3930769230769231
0.3384615384615385
0.35346153846153844
0.44269230769230766
0.4180769230769231
0.3446153846153846
0.3030769230769231
0.3557692307692308
0.3723076923076923
0.43192307692307697
0.5007692307692307
0.46499999999999997
0.4815384615384615
0.49076923076923074
0.43730769230769234
0.4523076923076923
0.4015384615384615
0.43115384615384617
0.4423076923076923
0.4042307692307692
0.45038461538461544
0.4342307692307692
0.4888461538461539
0.5546153846153846
0.5653846153846154
0.6626923076923077
0.6169230769230769
0.5619230769230769
0.5011538461538462
0.5003846153846154
0.4346153846153846
0.47807692307692307
0.4165384615384615
0.36730769230769234
0.3515384615384616
0.38769230769230767
0.3915384615384615
0.4819230769230769
0.4211538461538461
0.4580769230769231
0.4634615384615385
0.4688461538461538
0.5942307692307692
0.6261538461538462
0.5396153846153846
0.5188461538461538
0.661923076923077
0.6880769230769231
0.6484615384615384
0.711923076923077
0.8280769230769232
0.7619230769230769
0.8061538461538462
0.9330769230769231
0.9684615384615385
0.9476923076923077
0.8915384615384615
0.9407692307692308
1.080769230769231
0.97
0.9776923076923077
0.9615384615384616
0.8873076923076924
0.8934615384615385
0.9246153846153846
0.9684615384615385
0.9719230769230769
0.8684615384615384
0.9103846153846155
0.9023076923076924
0.9488461538461539
1.0780769230769232
1.1346153846153846
1.0799999999999998
1.0803846153846153
1.093076923076923
1.0384615384615385
1.1400000000000001
1.2165384615384616
1.3203846153846153
1.2196153846153845
1.0569230769230769
1.0107692307692309
1.113846153846154
1.1603846153846153
1.2353846153846153
1.275
1.1711538461538462
1.3084615384615386
1.5103846153846152
1.5584615384615386
1.521153846153846
1.3826923076923079
1.4719230769230771
1.7315384615384615
1.6965384615384616
1.5907692307692307
1.7492307692307694
1.6319230769230768
1.6503846153846153
1.7576923076923079
1.8634615384615385
1.683076923076923
1.741923076923077
1.7042307692307692
1.7603846153846152
1.763076923076923
1.7865384615384616
1.8703846153846155
1.8180769230769231
1.728076923076923
1.8792307692307693
1.958076923076923
2.0107692307692306
2.096923076923077
2.141153846153846
2.270769230769231
2.1265384615384617
2.0276923076923077
2.1742307692307694
2.2776923076923077
2.286923076923077
2.2953846153846156
2.29
2.3576923076923078
2.164615384615385
2.2373076923076924
2.238076923076923
2.455769230769231
2.5703846153846155
2.486923076923077
2.630769230769231
2.602307692307692
2.741923076923077
2.496153846153846
2.5900000000000003
2.4734615384615384
2.3673076923076923
2.543461538461538
2.3923076923076922
2.6107692307692307
2.5007692307692304
2.3115384615384618
2.315
2.23
2.3596153846153847
2.2784615384615385
2.308076923076923
2.332307692307692
2.293846153846154
2.198076923076923
2.258846153846154
2.21
2.1796153846153845
2.190769230769231
2.308846153846154
2.495769230769231
2.44
2.3523076923076927
2.414615384615385
2.511923076923077
2.311153846153846
2.316538461538461
2.3034615384615384
2.358846153846154
2.413076923076923
2.4696153846153845
2.396153846153846
2.4711538461538463
2.4749999999999996
2.5219230769230774
2.416153846153846
2.4238461538461538
2.5869230769230773
2.693076923076923
2.6061538461538465
2.590384615384615
2.7284615384615383
2.6984615384615385
2.661538461538462
2.618076923076923
2.6346153846153846
2.5519230769230767
2.621153846153846
2.5442307692307695
2.471538461538462
2.3407692307692307
2.2826923076923076
2.3042307692307693
2.4896153846153846
2.413846153846154
2.3607692307692307
2.3553846153846156
2.421923076923077
2.272307692307692
2.491153846153846
2.426153846153846
2.52
2.420769230769231
2.4661538461538464
2.5492307692307694
2.208076923076923
2.251923076923077
2.396923076923077
2.2592307692307694
2.2146153846153847
2.2419230769230767
2.105769230769231
1.938076923076923
2.148076923076923
2.006923076923077
2.055
2.1592307692307693
2.0653846153846156
2.0942307692307693
2.165
2.110384615384615
1.9830769230769232
1.9823076923076923
2.025
2.165769230769231
2.2326923076923078
2.208076923076923
2.0123076923076924
1.8900000000000001
1.9388461538461537
1.9153846153846152
1.7950000000000002
1.7876923076923075
1.856923076923077
1.8173076923076923
1.7107692307692306
1.7334615384615384
1.6507692307692308
1.698846153846154
1.5776923076923075
1.606153846153846
1.5015384615384615
1.5734615384615382
1.7042307692307692
1.6015384615384616
1.6173076923076921
1.3384615384615384
1.3565384615384617
1.3311538461538461
1.2669230769230768
1.2365384615384616
1.2780769230769229
1.4092307692307693
1.3926923076923077
1.2584615384615385
1.2484615384615385
1.2511538461538463
1.330769230769231
1.2076923076923076
1.2796153846153848
1.116923076923077
1.0980769230769232
1.0973076923076923
1.175
1.2511538461538463
1.1834615384615383
1.1546153846153846
1.06
1.1623076923076923
1.0865384615384615
1.0342307692307693
1.0
0.9734615384615384
0.9519230769230769
1.0873076923076923
1.1061538461538463
0.9057692307692308
0.9507692307692307
0.9553846153846154
0.7934615384615384
0.7792307692307693
0.7323076923076923
0.6984615384615385
0.7038461538461539
0.7557692307692307
0.7434615384615384
0.6876923076923076
0.6134615384615384
0.6538461538461539
0.7192307692307692
0.6119230769230769
0.7196153846153847
0.6361538461538461
0.6703846153846154
0.6238461538461538
0.7096153846153845
0.8242307692307692
0.731923076923077
0.7661538461538462
0.731923076923077
0.6642307692307692
0.61
0.4857692307692308
0.5107692307692308
0.7342307692307692
0.6165384615384616
0.6315384615384616
0.6530769230769231
0.5338461538461539
0.45269230769230767
0.4646153846153846
0.44999999999999996
0.43423076923076925
0.4
0.4719230769230769
0.4938461538461538
0.3469230769230769
0.35
0.3776923076923077
0.5123076923076924
0.5861538461538461
0.4765384615384616
0.5230769230769231
0.42807692307692313
0.36423076923076925
0.3426923076923077
0.3323076923076923
0.4238461538461538
0.4492307692307692
0.5723076923076923
0.48576923076923073
0.45884615384615385
0.3215384615384615
0.3038461538461539
0.32499999999999996
0.2676923076923077
0.29730769230769233
0.34769230769230774
0.3626923076923077
0.43
0.37461538461538463
0.4073076923076923
0.37423076923076926
0.3457692307692308
0.3734615384615385
0.35461538461538467
0.3761538461538461
0.455
0.415
0.428076923076923
0.4246153846153847
0.49038461538461536
0.4807692307692308
0.5511538461538461
0.5715384615384616
0.58
0.39692307692307693
0.3453846153846154
0.41423076923076924
