temperature
3.1030769230769235
2.9815384615384612
2.972692307692308
3.980384615384615
4.058461538461538
3.226153846153846
3.4476923076923076
3.8546153846153848
3.8426923076923076
3.3865384615384615
2.5776923076923075
1.9365384615384615
2.318076923076923
3.1003846153846153
3.1815384615384614
2.613846153846154
2.2142307692307694
2.5896153846153847
3.0065384615384616
3.4038461538461537
3.5446153846153843
3.4646153846153847
3.338461538461538
3.3969230769230765
2.95
2.8115384615384613
2.6588461538461536
2.928076923076923
2.666153846153846
2.0415384615384613
2.459230769230769
2.7392307692307694
3.2365384615384616
3.511153846153846
3.4242307692307694
3.9084615384615384
3.5623076923076926
3.3207692307692307
2.927692307692308
2.665769230769231
2.2665384615384614
2.5788461538461536
2.420769230769231
1.6811538461538462
1.3407692307692307
1.5176923076923077
1.9180769230769232
2.4546153846153844
1.9849999999999999
2.313846153846154
2.1703846153846156
2.6180769230769227
3.170769230769231
3.2603846153846154
2.746923076923077
2.5773076923076923
3.308846153846154
3.4780769230769226
3.5819230769230765
3.7596153846153846
4.048461538461539
3.7776923076923077
3.9238461538461538
4.6292307692307695
4.850384615384615
4.741153846153846
4.478846153846154
4.596153846153846
5.234230769230769
4.9326923076923075
4.891153846153847
4.769230769230769
4.491923076923078
4.595
4.426923076923076
4.478846153846154
4.828076923076923
4.314230769230769
4.461923076923076
4.468846153846154
4.533076923076923
5.171538461538462
5.348461538461539
5.218076923076922
5.155
4.996538461538462
4.793846153846154
5.345769230769231
5.598461538461539
5.975769230769231
5.483076923076923
4.707692307692308
4.467692307692308
4.885769230769231
5.143076923076923
5.598461538461539
5.6292307692307695
5.078076923076923
5.671923076923077
6.36
6.701153846153845
6.6280769230769225
6.095769230769231
6.421153846153846
7.511538461538462
7.3100000000000005
6.873846153846154
7.396923076923077
6.92576923076923
7.063461538461539
7.525
7.9192307692307695
7.233076923076923
7.317692307692307
7.144230769230769
7.327307692307692
7.366923076923077
7.636923076923077
7.9338461538461535
7.861923076923077
7.133076923076923
7.5430769230769235
7.857307692307692
8.096923076923078
8.492307692307692
8.725384615384616
9.152692307692307
8.718076923076923
8.335
8.878846153846153
9.187692307692307
9.275769230769232
9.336923076923076
9.378461538461538
9.657692307692308
9.13076923076923
9.292692307692308
9.40846153846154
10.055
10.457692307692307
10.32076923076923
10.79076923076923
10.764615384615384
11.208461538461538
10.489615384615385
10.891538461538461
10.595384615384615
10.357692307692307
10.973846153846154
10.477692307692308
11.160384615384617
11.496923076923078
11.228846153846153
11.292307692307693
11.063461538461537
11.596153846153847
11.438076923076922
11.603076923076923
11.777692307692309
11.704615384615384
11.517692307692307
11.80923076923077
11.663846153846153
11.563076923076922
11.588846153846154
12.193461538461538
12.840769230769231
12.748076923076923
12.608846153846153
12.797692307692309
13.13923076923077
12.586153846153847
12.726153846153846
12.681923076923077
12.93153846153846
13.233846153846153
13.436538461538463
13.243846153846153
13.531153846153845
13.649615384615384
13.798076923076923
13.65576923076923
13.685384615384615
14.226923076923075
14.652692307692309
14.474615384615387
14.414230769230768
14.868846153846153
14.940384615384614
14.898076923076921
14.791923076923078
14.967692307692309
14.705
15.024230769230769
14.867692307692307
14.687307692307693
14.271153846153847
14.160769230769231
14.297692307692309
14.935
14.767307692307693
14.593076923076923
14.57423076923077
14.761538461538462
14.38576923076923
15.136153846153848
15.056153846153846
15.335384615384614
15.103461538461538
15.278846153846153
15.633461538461539
14.432692307692308
14.51346153846154
14.970384615384615
14.60423076923077
14.516153846153847
14.64846153846154
14.206923076923077
13.727307692307694
14.486923076923079
13.97923076923077
14.22923076923077
14.601923076923075
14.228076923076923
14.468846153846155
14.744615384615384
14.541153846153845
14.071923076923078
14.132307692307693
14.30923076923077
14.790384615384616
15.081923076923077
14.948846153846155
14.210769230769232
13.83423076923077
14.013846153846155
14.043461538461539
13.626923076923077
13.502307692307692
13.812692307692307
13.692307692307692
13.392307692307693
13.430769230769231
13.051153846153845
13.053846153846154
12.575
12.732692307692307
12.244615384615384
12.452307692307691
13.027692307692309
12.641923076923076
12.74653846153846
11.695
11.763076923076921
11.652692307692309
11.503076923076922
11.268846153846154
11.274230769230769
11.912692307692309
11.770384615384616
11.456538461538461
11.401538461538461
11.414615384615386
11.401538461538461
11.193076923076923
11.451538461538462
10.898076923076925
10.770384615384614
10.579615384615384
10.811923076923078
11.051923076923078
10.772692307692306
10.748846153846152
10.295384615384616
10.508461538461539
10.178461538461537
9.955769230769231
9.908076923076923
9.919230769230769
9.68423076923077
10.16
10.333846153846155
9.285
9.426538461538462
9.307307692307692
8.467307692307692
8.625
8.367692307692307
8.000384615384615
7.986923076923077
8.408076923076923
8.290384615384616
7.974230769230768
7.513461538461538
7.755769230769231
8.135384615384615
7.83576923076923
8.260769230769231
7.788076923076924
7.585
7.438076923076924
7.698076923076924
8.27
7.816923076923077
7.724615384615385
7.615384615384615
6.996153846153846
6.785
6.0503846153846155
6.400384615384615
7.455384615384616
6.871923076923077
6.644230769230769
6.868846153846154
6.397307692307693
5.553076923076923
5.291923076923077
5.198076923076924
5.296538461538462
4.919615384615384
5.33576923076923
5.608461538461539
4.4399999999999995
4.385
4.333076923076923
4.900384615384615
5.383076923076923
5.188076923076924
5.099615384615385
4.399230769230769
4.0115384615384615
3.6923076923076925
3.620769230769231
4.216923076923077
4.5515384615384615
5.248461538461539
4.964230769230769
4.950000000000001
4.274615384615385
3.8649999999999998
3.8850000000000002
3.087307692307692
3.1265384615384617
3.5380769230769227
3.5034615384615386
3.962307692307692
3.9419230769230773
4.173846153846154
4.4411538461538465
4.204615384615384
3.694230769230769
3.708076923076923
4.067692307692308
4.288846153846154
3.8053846153846154
3.536923076923077
3.819230769230769
4.00076923076923
4.056153846153846
4.098461538461539
3.9484615384615385
4.0734615384615385
3.196923076923077
2.9303846153846154
3.145769230769231
