temperature
2.9892307692307694
3.0007692307692304
2.775384615384615
3.305769230769231
4.130769230769231
3.150384615384615
3.4211538461538464
4.003076923076923
4.118076923076923
3.8673076923076923
2.8853846153846154
2.472692307692308
2.6438461538461544
3.272692307692308
3.515
3.042692307692308
2.1192307692307693
2.5549999999999997
2.8746153846153844
3.2284615384615383
3.956153846153846
3.561923076923077
3.7180769230769233
3.4238461538461538
3.1438461538461535
2.6996153846153845
2.578461538461539
2.8426923076923076
3.1465384615384617
2.546923076923077
2.7946153846153843
2.8430769230769233
3.2365384615384616
3.498076923076923
3.380769230769231
4.0965384615384615
4.174230769230769
3.6438461538461544
3.108076923076923
3.0357692307692306
2.733076923076923
2.828076923076923
2.457307692307692
1.9611538461538462
1.7226923076923077
1.7542307692307693
2.039615384615385
2.851923076923077
2.472692307692308
2.336153846153846
2.3684615384615384
3.0834615384615387
3.368846153846154
3.5342307692307693
3.3007692307692307
3.105
3.409615384615385
3.9292307692307693
3.880769230769231
4.041923076923077
4.6207692307692305
4.315384615384615
4.296923076923077
4.929230769230769
5.072307692307692
5.42
5.316923076923077
4.970769230769231
5.752692307692308
5.316923076923077
5.31923076923077
5.2215384615384615
4.964615384615385
4.898846153846154
5.188846153846153
5.246538461538462
5.617692307692308
5.155384615384615
5.254230769230769
5.327307692307692
5.098461538461539
6.043846153846153
6.004615384615385
5.758076923076923
5.633076923076923
5.510769230769231
5.37
5.663461538461538
5.866923076923077
6.844615384615385
6.598846153846154
5.739615384615385
5.297692307692308
5.229230769230769
5.941538461538461
6.088846153846154
5.9873076923076916
5.305384615384615
6.218461538461539
7.045384615384616
7.299615384615384
6.955
6.414615384615384
7.000769230769231
7.7784615384615385
7.8780769230769225
7.1996153846153845
7.820769230769231
8.017692307692307
7.678846153846154
8.300384615384615
8.831923076923077
7.685384615384615
7.5307692307692315
7.600769230769231
7.694615384615385
7.531153846153846
7.933076923076923
8.097307692307693
8.513076923076923
8.129999999999999
8.512692307692308
8.51923076923077
8.785
9.131538461538462
9.381538461538462
10.063846153846155
9.661923076923078
9.397692307692308
9.741538461538461
9.761538461538462
10.014615384615384
9.83423076923077
9.865
10.325384615384614
10.036153846153846
9.838076923076922
9.868461538461538
10.548461538461538
11.276538461538461
10.793846153846154
11.477307692307694
11.319230769230769
11.584999999999999
11.408846153846154
11.541153846153845
10.945384615384615
11.053846153846154
11.447692307692307
11.139615384615384
11.94576923076923
12.482692307692307
12.100384615384616
11.993076923076924
12.057692307692308
12.780384615384616
12.709999999999999
12.595384615384615
13.155
12.657307692307691
12.657692307692308
12.746153846153845
12.567307692307692
12.873846153846156
12.695
12.777692307692307
13.658846153846154
13.308461538461538
13.443846153846152
13.731153846153846
13.893846153846154
13.399999999999999
13.282307692307691
13.321153846153846
13.81
14.31076923076923
14.55
14.27076923076923
14.339615384615383
14.233076923076924
14.951538461538462
14.835769230769232
14.575769230769232
14.833846153846155
15.724615384615383
15.360384615384616
15.478076923076923
15.959999999999999
16.001538461538463
15.69576923076923
15.590769230769231
15.94
15.581153846153846
16.275384615384617
16.186153846153847
15.866153846153846
15.411153846153846
15.18153846153846
15.375384615384615
16.318461538461538
15.78076923076923
15.545
15.867692307692307
15.570384615384615
15.561153846153845
15.991538461538461
16.19423076923077
16.564230769230768
16.445384615384615
16.713076923076922
17.266923076923078
16.24423076923077
15.871538461538462
16.27846153846154
16.150384615384617
15.80153846153846
15.907692307692308
15.64423076923077
15.321923076923078
15.535
15.610384615384616
15.564615384615385
15.925
15.677692307692308
16.015384615384615
16.485384615384614
16.182692307692307
15.562692307692307
15.337307692307691
15.788846153846153
16.17269230769231
16.209230769230768
16.11
15.071923076923078
14.852307692307694
14.88923076923077
14.955384615384615
14.67576923076923
14.473076923076924
14.831153846153846
15.021153846153847
14.427307692307693
14.519615384615385
14.522307692307692
14.418076923076923
13.935384615384615
14.143076923076924
13.64423076923077
13.351153846153846
14.046153846153846
13.841153846153846
14.17
13.391538461538461
13.238076923076923
13.058461538461538
12.721923076923076
12.56576923076923
12.384615384615385
13.083076923076923
12.806538461538462
12.762307692307692
12.316153846153847
12.659615384615384
12.577692307692306
12.206153846153846
12.72923076923077
11.795769230769231
11.768076923076922
11.758846153846154
11.48653846153846
11.823846153846155
11.89576923076923
11.963461538461539
11.395
11.56
11.161153846153846
10.951153846153847
10.841153846153846
11.112692307692308
10.264615384615384
10.879999999999999
11.232692307692307
10.183846153846153
10.42153846153846
10.37423076923077
9.36076923076923
9.14423076923077
9.068846153846154
8.627307692307692
8.776153846153846
9.28346153846154
9.13076923076923
8.211538461538462
8.238846153846154
8.538846153846153
8.885384615384616
8.973076923076924
8.91576923076923
8.747307692307693
8.279230769230768
8.054615384615385
8.051538461538462
8.720769230769232
8.541538461538462
8.211153846153847
8.111923076923077
7.560769230769231
7.451923076923077
6.55076923076923
6.543461538461538
7.605769230769231
7.361923076923077
6.990384615384615
7.386538461538461
6.694999999999999
6.009230769230769
5.718076923076923
5.471153846153846
5.754230769230769
5.086538461538462
5.350384615384616
5.765769230769231
4.916538461538462
4.552692307692308
4.822692307692308
5.352692307692307
5.696538461538462
5.471153846153846
5.741923076923077
4.673461538461539
4.283846153846154
3.686923076923077
3.3576923076923078
4.069615384615385
4.6303846153846155
5.42076923076923
5.4484615384615385
5.351923076923077
4.551923076923076
4.058461538461538
4.0053846153846155
3.7196153846153845
3.316923076923077
3.7399999999999998
3.6980769230769233
3.7603846153846154
3.8576923076923078
4.025769230769231
4.660769230769231
4.304230769230769
4.234230769230769
3.958076923076923
4.298076923076923
4.4630769230769225
4.313076923076923
3.873076923076923
3.8411538461538464
4.077307692307692
3.876923076923077
4.227692307692307
3.9992307692307687
4.357692307692307
3.6980769230769233
3.0534615384615384
3.0523076923076924
