pet
0.25250000000000006
0.28250000000000003
0.3015
0.3165
0.3015
0.4085
0.4
0.276
0.307
0.386
0.41600000000000004
0.38449999999999995
0.32399999999999995
0.369
0.4495
0.3335
0.3035
0.37649999999999995
0.28450000000000003
0.24850000000000003
0.304
0.3955
0.39249999999999996
0.5195000000000001
0.493
0.531
0.418
0.442
0.24699999999999997
0.309
0.4505
0.3795
0.426
0.39899999999999997
0.409
0.308
0.30100000000000005
0.376
0.3735
0.369
0.3
0.304
0.39249999999999996
0.35250000000000004
0.4725
0.5730000000000001
0.557
0.4765
0.40199999999999997
0.563
0.5860000000000001
0.6155
0.5825
0.638
0.5265
0.6535
0.5589999999999999
0.603
0.521
0.4615
0.45499999999999996
0.393
0.441
0.509
0.5565
0.5469999999999999
0.6375
0.562
0.6265000000000001
0.6405000000000001
0.612
0.844
0.8009999999999999
0.9109999999999999
0.8710000000000001
0.9424999999999999
0.9414999999999999
1.008
0.8564999999999999
1.0225
0.9185000000000001
0.834
0.8644999999999999
1.0765
1.1724999999999999
1.1735
1.0995000000000001
1.0230000000000001
0.961
1.071
0.8720000000000001
1.1555
1.2189999999999999
1.1465
1.3725
1.2535
1.032
1.3094999999999999
1.268
1.383
1.366
1.413
1.417
1.5705
1.6640000000000001
1.522
1.4215
1.5025
1.738
1.8035
1.9355
2.1725000000000003
1.8725
1.841
1.7055
1.5779999999999998
1.554
1.7665
1.6600000000000001
1.5385
1.5705
1.7975
1.81
2.1965
1.991
2.0885000000000002
2.093
2.2235
2.146
2.113
2.162
2.0825
1.943
2.003
2.1075
1.9939999999999998
2.221904761904762
1.9985714285714284
2.3804761904761906
2.1476190476190475
2.1285714285714286
2.027142857142857
2.0304761904761905
2.143333333333333
2.2195238095238095
2.1995238095238094
2.189523809523809
2.350952380952381
2.2795238095238095
2.4785714285714286
2.7404761904761905
2.6814285714285715
2.5666666666666664
2.2990476190476192
2.121904761904762
2.144761904761905
2.395238095238095
2.4961904761904763
2.2776190476190474
2.296190476190476
2.3614285714285717
1.8828571428571428
1.8147619047619048
1.701904761904762
1.8423809523809522
2.007619047619048
2.1523809523809527
2.1809523809523808
1.925714285714286
1.677142857142857
1.8828571428571428
1.8195238095238095
1.9500000000000002
2.012380952380952
1.7742857142857142
1.868095238095238
2.182857142857143
2.097142857142857
2.197142857142857
2.0876190476190475
2.026666666666667
2.1557142857142857
1.989047619047619
2.0923809523809522
2.0114285714285716
1.89
1.830952380952381
1.9047619047619047
1.8657142857142857
2.047142857142857
2.089047619047619
2.055238095238095
1.9
1.905714285714286
1.9761904761904763
2.0161904761904763
2.064761904761905
2.1557142857142857
2.1976190476190474
2.149047619047619
2.02
1.9185714285714286
2.267142857142857
2.1395238095238094
2.1223809523809525
2.121904761904762
2.0428571428571427
1.8904761904761906
1.739047619047619
1.7809523809523808
1.7033333333333336
1.6852380952380952
1.8676190476190475
1.8666666666666667
1.888095238095238
1.7842857142857143
1.9500000000000002
1.7385714285714284
1.7114285714285713
1.7966666666666664
1.7276190476190476
1.6661904761904762
1.5433333333333332
1.63
1.7142857142857142
1.7104761904761905
1.5857142857142856
1.5176190476190474
1.594285714285714
1.4780952380952381
1.4242857142857144
1.558095238095238
1.500952380952381
1.5947619047619048
1.5647619047619048
1.3757142857142857
1.4304761904761905
1.2042857142857142
1.3776190476190475
1.2761904761904763
1.1614285714285715
1.1476190476190478
1.1504761904761904
1.1495238095238096
1.2761904761904763
1.4057142857142857
1.4676190476190476
1.3699999999999999
1.2404761904761905
1.2714285714285714
1.4166666666666667
1.1404761904761904
1.25
1.2985714285714285
1.2547619047619047
1.2604761904761905
0.9942857142857142
1.0576190476190477
0.9895238095238096
0.9038095238095238
0.9933333333333333
0.917142857142857
1.0890476190476188
1.158095238095238
0.9395238095238095
0.7661904761904762
0.8438095238095238
0.9290476190476191
0.9190476190476191
0.8676190476190477
0.9909523809523809
0.9361904761904762
0.9352380952380953
0.8095000000000001
0.7344999999999999
0.651
0.6115
0.741
0.7535000000000001
0.8780000000000001
0.859
0.7655000000000001
0.805
0.7110000000000001
0.728
0.799
0.7675
0.5915
0.534
0.6025
0.637
0.653
0.6224999999999999
0.5515
0.58
0.5825
0.6045
0.49749999999999994
0.64
0.776
0.5695
0.527
0.746
0.7645
0.5365
0.538
0.4525
0.46799999999999997
0.5365
0.5925
0.47700000000000004
0.382
0.40599999999999997
0.4415
0.45899999999999996
0.403
0.41899999999999993
0.5845
0.5455
0.36
0.40599999999999997
0.507
0.4345
0.3785
0.33599999999999997
0.1935
0.32999999999999996
0.2615
0.248
0.46399999999999997
0.381
0.2575
0.20500000000000002
0.22200000000000003
0.193
0.272
0.14850000000000002
0.317
0.34550000000000003
0.3005
0.20099999999999998
0.26749999999999996
0.414
0.44399999999999995
0.2375
0.3055
0.308
0.366
0.3215
0.3605
0.361
0.34550000000000003
0.375
0.30100000000000005
0.381
0.417
0.5395
0.392
0.378
0.35550000000000004
0.32
0.3525
0.46749999999999997
0.43949999999999995
0.5045
