pet
0.2945
0.3395
0.321
0.3255
0.36
0.47850000000000004
0.45999999999999996
0.325
0.33599999999999997
0.4305
0.41200000000000003
0.42750000000000005
0.35
0.381
0.516
0.3715
0.318
0.42000000000000004
0.33999999999999997
0.26549999999999996
0.35550000000000004
0.41550000000000004
0.4025
0.5700000000000001
0.5125
0.542
0.46849999999999997
0.45649999999999996
0.28900000000000003
0.325
0.4915
0.45149999999999996
0.4805
0.4215
0.43499999999999994
0.3705
0.369
0.45
0.47300000000000003
0.3645
0.281
0.3325
0.4755
0.4575
0.5685
0.7185
0.667
0.5700000000000001
0.533
0.696
0.6679999999999999
0.7925
0.7805
0.7535000000000001
0.64
0.762
0.6315000000000001
0.6705
0.6094999999999999
0.6005
0.5730000000000001
0.521
0.5625
0.647
0.756
0.788
0.859
0.836
0.8505
0.8470000000000001
0.805
0.9789999999999999
1.113
1.1935
1.0645
1.1205
1.0554999999999999
1.1595
1.0115
1.25
1.145
1.1265
1.2029999999999998
1.3395
1.4224999999999999
1.4485
1.3365
1.4300000000000002
1.2695
1.372
1.1945000000000001
1.4755
1.4295
1.4
1.5715
1.5025
1.2974999999999999
1.532
1.639
1.6585
1.6565
1.6625
1.799
1.966
1.984
1.791
1.8285
1.8559999999999999
2.0134999999999996
2.107
2.298
2.3925
2.2809999999999997
2.3024999999999998
2.104
1.9045
1.8519999999999999
1.984
1.9585000000000001
2.0134999999999996
2.0260000000000002
2.234
2.2024999999999997
2.6085000000000003
2.3920000000000003
2.455
2.5535
2.5300000000000002
2.5785
2.5985
2.4855
2.362
2.324
2.3280000000000003
2.478
2.392
2.679
2.4625
2.769
2.5774999999999997
2.6195
2.4765
2.5315000000000003
2.556
2.666
2.7815
2.584
2.7329999999999997
2.8655
2.934
3.167
3.0625
2.9050000000000002
2.6879999999999997
2.5125
2.4025000000000003
2.5225
2.7315
2.63
2.7504999999999997
2.821
2.4395
2.435
2.185
2.3365
2.472
2.5765000000000002
2.6195
2.4085
2.164
2.3739999999999997
2.2585
2.4204999999999997
2.4755
2.2575
2.3665
2.6550000000000002
2.5835
2.574
2.5445
2.5885
2.6395
2.4739999999999998
2.608
2.4805
2.291
2.3525
2.3405
2.3815
2.4095
2.512
2.568
2.2645
2.2835
2.431
2.5205
2.6342857142857143
2.586190476190476
2.7495238095238097
2.5828571428571427
2.4576190476190476
2.3657142857142857
2.7061904761904763
2.5776190476190477
2.604761904761905
2.5823809523809524
2.449047619047619
2.3004761904761906
2.1271428571428572
2.152857142857143
2.1504761904761907
2.2185714285714284
2.3057142857142856
2.3295238095238098
2.3876190476190478
2.2885714285714287
2.3585714285714285
2.142857142857143
1.9885714285714284
2.1466666666666665
2.23
2.033809523809524
1.9685714285714286
2.0442857142857145
2.15047619047619
2.1295238095238096
1.9395238095238094
2.024285714285714
2.030952380952381
1.8366666666666667
1.8633333333333335
1.9733333333333332
1.9771428571428569
1.9504761904761905
1.9366666666666668
1.6866666666666668
1.879047619047619
1.5514285714285714
1.67
1.5923809523809522
1.463809523809524
1.4876190476190476
1.5757142857142858
1.5642857142857143
1.7433333333333334
1.76
1.8023809523809524
1.6985714285714286
1.4828571428571429
1.6028571428571428
1.7066666666666666
1.5085714285714285
1.5957142857142856
1.6057142857142856
1.5014285714285716
1.5657142857142858
1.2180952380952381
1.2333333333333332
1.2623809523809524
1.2
1.301904761904762
1.2042857142857142
1.351904761904762
1.418095238095238
1.246190476190476
1.0666666666666667
1.1033333333333333
1.168095238095238
1.1485714285714286
1.0642857142857143
1.2804761904761905
1.1314285714285715
1.1447619047619046
1.0070000000000001
1.019
0.9475
0.819
0.9480000000000001
0.9495000000000001
1.061
1.1005
0.9075
0.9835
0.8324999999999999
0.8745
0.873
0.8629999999999999
0.716
0.735
0.7304999999999999
0.7945
0.8
0.7344999999999999
0.77
0.7255
0.7095
0.7655000000000001
0.662
0.7805
0.9185000000000001
0.6679999999999999
0.6185
0.8215
0.8
0.62
0.5645
0.517
0.5700000000000001
0.5650000000000001
0.607
0.5315000000000001
0.4425
0.454
0.58
0.5485
0.488
0.5
0.5985
0.614
0.44000000000000006
0.4885
0.5195000000000001
0.4345
0.39899999999999997
0.372
0.2285
0.33199999999999996
0.294
0.273
0.41550000000000004
0.33399999999999996
0.294
0.26
0.2625
0.24900000000000003
0.2915
0.187
0.33249999999999996
0.33799999999999997
0.3125
0.27749999999999997
0.281
0.40650000000000003
0.417
0.2345
0.3225
0.27
0.323
0.3365
0.33799999999999997
0.34550000000000003
0.3615
0.4095
0.348
0.4295
0.43200000000000005
0.5555
0.363
0.358
0.3505
0.34750000000000003
0.369
0.4805
0.4665
0.5335
