temperature
2.2746153846153847
2.2576923076923077
2.1357692307692306
2.838846153846154
3.361923076923077
2.315
2.3
2.7596153846153846
2.823846153846154
2.650384615384615
2.3465384615384615
2.019230769230769
2.322307692307692
2.8665384615384615
2.664615384615385
2.191153846153846
1.761923076923077
1.9992307692307691
2.208076923076923
2.659615384615385
2.971538461538462
2.5707692307692307
2.555769230769231
2.596538461538462
2.1046153846153848
1.8957692307692307
1.6696153846153845
2.0646153846153847
2.1784
1.742
1.9084
2.3392
2.7936
2.8592
2.8736
3.3808
2.9652
2.5852
2.1864
2.0172
1.544
1.6840000000000002
1.6740000000000002
1.2804
1.0828
1.1403999999999999
1.3419999999999999
1.9552
1.7224000000000002
1.5419999999999998
1.5231999999999999
2.0596
2.3691999999999998
2.5316
2.5364
2.1872
2.4828
3.1519999999999997
2.8792
3.116
3.3292
3.2815999999999996
3.5424
4.2656
4.4236
4.3712
4.1956
4.0616
4.5288
4.226
4.2924
4.0451999999999995
3.5136000000000003
3.5932
3.6412
3.9436
3.9448000000000003
3.8012
3.7251999999999996
3.7156000000000002
3.968
4.368
4.2984
4.3436
4.489599999999999
4.1124
4.0764
4.6768
4.908
5.428
5.2452
4.488
4.2832
4.5568
4.7988
4.9388
4.7436
4.244800000000001
5.088
5.8424000000000005
6.0524000000000004
6.0268
5.2791999999999994
6.1276
6.690799999999999
7.030399999999999
6.394400000000001
6.9584
6.4548000000000005
6.465599999999999
7.073199999999999
7.3532
6.8412
6.7824
6.7332
7.2376
7.0924000000000005
6.7924
7.1739999999999995
7.349600000000001
6.9452
7.348400000000001
7.8824000000000005
7.954
7.829199999999999
8.5568
8.9764
8.4092
7.9512
8.319600000000001
8.3584
8.7356
8.776
9.0064
9.3472
8.8688
9.3248
8.8788
9.777999999999999
10.0596
9.8552
10.276399999999999
10.1788
10.5908
10.7312
10.626800000000001
10.1572
10.342
10.338
10.33
10.870000000000001
11.428076923076922
11.028076923076924
11.115
11.215384615384616
11.580384615384617
11.385384615384615
11.200384615384614
11.696153846153846
11.311153846153845
11.475384615384616
11.443076923076923
11.376923076923077
11.276923076923076
11.295384615384616
11.839615384615383
12.378076923076922
12.180384615384614
12.333461538461538
12.617307692307692
12.24923076923077
12.19576923076923
12.407692307692308
12.219615384615384
12.348461538461539
12.718461538461538
13.042692307692308
12.723846153846154
12.953076923076923
13.325769230769232
13.75076923076923
13.275769230769232
13.514615384615384
13.891538461538461
14.123076923076923
14.105
14.287307692307694
14.664615384615386
14.48
14.332307692307692
14.141538461538461
14.668461538461539
14.400769230769232
14.774999999999999
14.563461538461537
14.216923076923077
13.937692307692307
13.731923076923078
13.87423076923077
14.606923076923076
14.305
14.256923076923076
14.113076923076923
14.316923076923077
14.336153846153847
14.646538461538462
14.648846153846154
15.068846153846154
14.643846153846154
15.06423076923077
15.254999999999999
14.181923076923077
14.50576923076923
14.937692307692307
14.587692307692306
14.09
14.435384615384615
14.298846153846153
13.469615384615384
13.913846153846153
13.687692307692307
13.836153846153847
14.336153846153847
14.096153846153847
14.376153846153844
14.562692307692307
14.553846153846154
13.961538461538462
13.879999999999999
14.233846153846153
14.598461538461539
14.651153846153846
14.48576923076923
13.786538461538461
13.609230769230768
13.69846153846154
13.443846153846154
13.136538461538462
13.195769230769232
13.487307692307693
13.473461538461539
12.946923076923078
13.146923076923077
12.860384615384616
13.119615384615384
12.664615384615384
12.482692307692307
11.94076923076923
11.945
12.661538461538461
12.301153846153845
12.61923076923077
11.636923076923077
11.407307692307691
11.48923076923077
11.217307692307692
11.129615384615384
10.962307692307691
12.016538461538461
11.778461538461539
11.194230769230769
11.31423076923077
11.271923076923077
11.155384615384616
10.931923076923077
11.169230769230769
10.443076923076923
10.258461538461537
10.254615384615384
10.140769230769232
10.676153846153845
10.63076923076923
10.785384615384617
10.251538461538463
10.511153846153848
10.047307692307694
9.855
9.78346153846154
9.81076923076923
9.561538461538461
9.982692307692307
9.949615384615385
8.777692307692307
8.925
9.005384615384616
8.355384615384615
8.150769230769232
8.265384615384615
7.646538461538461
7.506153846153846
7.9946153846153845
8.249615384615385
7.283461538461538
7.537692307692307
7.776538461538461
8.144615384615385
8.139615384615384
8.024615384615384
7.569615384615385
7.355384615384616
7.106923076923077
6.994230769230769
7.526923076923077
7.257692307692308
7.085
7.166153846153846
6.914615384615384
6.506538461538461
5.918846153846153
5.881538461538461
6.628461538461538
6.12
5.935769230769231
6.109230769230769
5.6376923076923084
5.154230769230769
4.820384615384615
4.777692307692307
5.078846153846154
4.538461538461538
4.507307692307692
4.54576923076923
3.8592307692307695
3.686153846153846
3.936153846153846
4.499615384615384
4.41
4.213461538461538
4.663461538461538
3.8346153846153848
3.3896153846153845
3.0915384615384616
3.0380769230769227
3.4450000000000003
4.1073076923076925
4.5649999999999995
4.383846153846154
4.415
3.9646153846153847
3.295769230769231
2.9465384615384616
3.0684615384615386
3.069230769230769
3.362692307692307
3.2534615384615386
3.2811538461538463
3.378846153846154
3.375
3.9015384615384616
3.4569230769230765
3.108846153846154
3.189230769230769
3.383846153846154
3.4434615384615386
3.295
2.925769230769231
3.2419230769230767
3.505769230769231
3.421538461538461
3.3226923076923076
3.2526923076923073
3.5023076923076926
2.813076923076923
2.5176923076923075
2.437307692307692
