temperature
2.2552000000000003
1.3716
0.956
1.8747999999999998
2.3716
2.1124
1.7288000000000003
1.8572
1.4340000000000002
1.4007999999999998
1.4808
1.0224
2.174
2.3152
2.222
1.5563999999999998
1.3756
1.6307999999999998
1.9368
2.3064
2.508
1.9216
1.8359999999999999
1.7648000000000001
0.9124000000000001
1.2551999999999999
0.9056000000000001
1.686
1.976
1.6096000000000001
1.6247999999999998
2.02
2.4316
2.1292
2.1875999999999998
2.9583999999999997
2.3411999999999997
1.4208
1.2819999999999998
1.4032
0.9331999999999999
1.0776000000000001
1.3968
0.8251999999999999
0.5508000000000001
0.7628
0.8003999999999999
1.5819999999999999
1.524
1.6524
1.8312
1.9779999999999998
2.6148000000000002
2.616
2.2716
1.8996000000000002
1.9856
2.8084
2.4032
2.4196
2.7016000000000004
2.6112
3.2556
3.8139999999999996
4.2219999999999995
4.444
3.6588
3.8292
4.0368
3.9504
4.1004000000000005
3.6248
3.0204000000000004
3.0168
3.3164
3.3384000000000005
2.6704000000000003
2.852
2.5868
2.9548
3.2672000000000003
3.2648
3.736
3.7384
3.7224
3.5652
3.6236
4.1175999999999995
4.888
5.0024
4.6076
3.6308
3.5724
4.3856
4.398
4.742
4.4148000000000005
4.3672
4.8768
5.7028
5.2748
4.9912
4.8456
5.8732
6.3351999999999995
6.2324
6.1348
6.2592
5.805600000000001
6.346800000000001
6.4704
5.8412
6.2796
6.784800000000001
6.416
6.7144
6.734399999999999
6.7632
6.8755999999999995
7.2292000000000005
6.8776
6.956
7.0028
7.132000000000001
7.0316
7.4552
7.7756
7.32
7.4512
7.7216
7.8876
8.0772
7.974399999999999
8.208400000000001
8.6036
8.0192
8.6416
8.5456
8.5672
9.384
9.205599999999999
8.963199999999999
10.044400000000001
9.782
10.2796
10.1724
10.2356
10.318
10.0472
10.5024
10.392000000000001
10.8056
10.611199999999998
10.7124
10.710799999999999
10.9308
11.153599999999999
11.048
11.406399999999998
11.2976
11.3892
11.048800000000002
10.998399999999998
11.0096
11.2376
11.3828
11.743599999999999
11.853599999999998
12.061200000000001
12.738
12.0024
11.6076
11.7392
11.6676
12.025599999999999
12.331600000000002
12.0692
12.1356
12.5348
12.9828
12.738
11.968
12.1784
12.9104
13.4176
13.435599999999999
13.974
13.761600000000001
13.3784
13.5776
13.296800000000001
13.744000000000002
13.366000000000001
13.5012
13.3708
12.893600000000001
12.5896
12.985199999999999
13.5184
14.2772
13.6096
13.4156
13.524000000000001
13.230799999999999
13.609200000000001
14.011599999999998
14.0848
14.196
13.9604
13.908
13.6356
13.4044
13.556400000000002
13.5864
13.0128
13.128
13.390799999999999
13.5284
13.224
13.39
13.364
13.2448
13.5524
13.4972
13.5424
13.556399999999998
13.4572
12.7992
13.162799999999999
13.134
13.4308
13.3608
12.9192
12.3996
12.7804
12.866
12.464
12.6224
12.456800000000001
13.086400000000001
12.282
11.953600000000002
11.9768
11.8892
11.735199999999999
11.7628
11.6612
10.8016
10.9428
11.3676
11.0264
10.6328
10.682
10.3484
10.3272
9.8368
9.9608
10.1164
10.531199999999998
10.4952
10.1824
10.103200000000001
10.1812
9.9756
9.9724
10.0736
9.1868
9.0348
9.0444
8.8292
9.3036
9.49
9.67
9.209583333333333
9.3552
9.012
8.8744
8.7612
8.794
8.458
8.794
8.525599999999999
7.583200000000001
7.8776
7.58
7.623200000000001
7.8052
7.412000000000001
6.8948
6.7648
6.98
6.800800000000001
6.524
6.4664
6.646800000000001
7.1255999999999995
7.2176
7.1048
6.85
6.506
6.6432
6.2212
6.2352
5.6415999999999995
5.6724
6.0276
5.9512
5.4148000000000005
5.2
5.5904
5.622000000000001
5.1788
5.386
4.9944
4.6444
4.094
3.8168
4.168
4.244
3.6448
3.6715999999999998
3.6883999999999997
2.8716000000000004
2.6563999999999997
3.822
3.8731999999999998
3.6976
3.2848
3.1524
2.4024
2.6452
2.5771999999999995
2.4168
2.78
3.2680000000000002
4.168
3.9936000000000003
3.4756
3.4636
2.3124000000000002
1.7131999999999998
1.8903999999999999
2.3808000000000002
2.8292
2.7288
2.5707999999999998
2.6088
2.69
3.0432
2.4236
2.0980000000000003
2.3051999999999997
2.0656
1.9352
2.2772
2.2984
2.5540000000000003
2.8632
2.6848
2.0987999999999998
1.7875999999999999
2.0784000000000002
1.7868000000000002
2.3536
2.3132
