pet
0.38269230769230766
0.36615384615384616
0.3215384615384615
0.3169230769230769
0.3692307692307692
0.3930769230769231
0.4776923076923077
0.39115384615384613
0.3942307692307692
0.43
0.5103846153846153
0.4803846153846154
0.435
0.40269230769230774
0.4915384615384616
0.4273076923076923
0.41384615384615386
0.49153846153846154
0.5423076923076923
0.42192307692307696
0.29
0.3761538461538461
0.37884615384615383
0.4411538461538462
0.4719230769230769
0.46038461538461534
0.541923076923077
0.5538461538461539
0.43538461538461537
0.47
0.6061538461538462
0.5923076923076923
0.5776923076923077
0.5515384615384615
0.6326923076923077
0.6153846153846154
0.49038461538461536
0.5338461538461539
0.5711538461538461
0.5065384615384615
0.46076923076923076
0.5876923076923076
0.6365384615384616
0.455
0.5915384615384616
0.7284615384615385
0.6319230769230769
0.6815384615384615
0.6215384615384616
0.74
0.7746153846153846
0.8207692307692308
0.7823076923076923
0.7588461538461538
0.6507692307692309
0.7269230769230769
0.6607692307692308
0.6607692307692308
0.6546153846153846
0.6649999999999999
0.6888461538461539
0.5826923076923077
0.5346153846153846
0.6861538461538461
0.8357692307692308
0.9426923076923077
1.003076923076923
1.1226923076923077
1.0665384615384617
1.021923076923077
0.9057692307692308
0.9573076923076923
1.169230769230769
1.2803846153846155
1.228076923076923
1.2946153846153845
1.1273076923076923
1.1307692307692307
1.1180769230769232
1.1276923076923078
1.1484615384615384
1.2196153846153845
1.2465384615384614
1.3146153846153845
1.316153846153846
1.2796153846153848
1.4469230769230768
1.4096153846153845
1.4965384615384616
1.5565384615384614
1.5003846153846152
1.525
1.5673076923076923
1.5253846153846153
1.583846153846154
1.5534615384615384
1.3219230769230768
1.548846153846154
1.6411538461538462
1.541153846153846
1.5792307692307692
1.5076923076923079
1.6973076923076922
1.786923076923077
1.7449999999999999
1.691153846153846
1.7730769230769232
1.6526923076923077
1.6857692307692307
1.8903846153846153
2.113076923076923
2.154230769230769
2.189230769230769
2.269230769230769
2.0330769230769232
1.8819230769230768
1.9061538461538463
1.8523076923076922
1.7792307692307692
1.9761538461538461
2.13
2.1584615384615384
2.269230769230769
2.173076923076923
2.269230769230769
2.186153846153846
2.546923076923077
2.411538461538462
2.468461538461539
2.5746153846153845
2.3673076923076923
2.357307692307692
2.3253846153846154
2.2465384615384614
2.556923076923077
2.477692307692308
2.378076923076923
2.3634615384615385
2.4673076923076924
2.4865384615384616
2.5215384615384617
2.4242307692307694
2.4846153846153842
2.428846153846154
2.5665384615384617
2.56
2.6403846153846158
2.5734615384615385
2.5911538461538464
2.615769230769231
2.8153846153846156
2.951923076923077
2.711153846153846
2.454230769230769
2.353076923076923
2.3115384615384618
2.319230769230769
2.3276923076923075
2.3861538461538463
2.525384615384615
2.498846153846154
2.4123076923076923
2.308846153846154
2.3892307692307693
2.4276923076923076
2.4707692307692306
2.6884615384615387
2.6334615384615385
2.698846153846154
2.553846153846154
2.468461538461538
2.433076923076923
2.412692307692308
2.5476923076923077
2.5380769230769227
2.566923076923077
2.81
2.506153846153846
2.585769230769231
2.661538461538462
2.5219230769230765
2.6680769230769235
2.615769230769231
2.6561538461538463
2.5946153846153845
2.6723076923076925
2.5515384615384615
2.6096153846153842
2.67
2.7484615384615383
2.6842307692307696
2.5326923076923076
2.5142307692307693
2.374615384615385
2.5565384615384614
2.6138461538461537
2.6553846153846155
2.7211538461538463
2.881153846153846
2.895769230769231
2.5473076923076925
2.492692307692308
2.5626923076923074
2.713461538461538
2.5553846153846154
2.7838461538461536
2.561923076923077
2.5523076923076924
2.4934615384615384
2.4661538461538464
2.316153846153846
2.366153846153846
2.5215384615384617
2.4496153846153845
2.4665384615384616
2.3096153846153844
2.3076923076923075
2.376923076923077
2.2553846153846155
2.4226923076923077
2.3669230769230767
2.210769230769231
2.3826923076923077
2.2884615384615383
2.289230769230769
2.1973076923076924
2.018076923076923
2.019230769230769
2.073076923076923
1.941153846153846
2.0507692307692307
1.988076923076923
1.9934615384615384
2.125384615384615
1.9515384615384617
1.7926923076923076
1.906923076923077
1.7161538461538461
1.6630769230769231
1.5811538461538461
1.5869230769230769
1.6288461538461538
1.5
1.5046153846153845
1.8007692307692307
1.6488461538461539
1.756153846153846
1.7165384615384613
1.676153846153846
1.591923076923077
1.6180769230769232
1.5653846153846156
1.7346153846153847
1.5857692307692306
1.4726923076923077
1.355
1.3599999999999999
1.4007692307692308
1.2565384615384616
1.2376923076923076
1.3146153846153845
1.3815384615384616
1.29
1.3484615384615386
1.261923076923077
1.264230769230769
1.1357692307692309
1.1846153846153846
1.1319230769230768
1.1511538461538462
1.275
1.2276923076923076
1.3292307692307692
1.1253846153846154
1.0342307692307693
1.0007692307692309
0.9657692307692307
0.9876923076923076
0.9046153846153846
0.9530769230769232
1.1403846153846153
0.9600000000000001
1.0584615384615383
0.8673076923076923
0.9600000000000001
0.9834615384615385
0.8634615384615384
0.8603846153846154
0.8288461538461539
0.7161538461538461
0.7742307692307692
0.7315384615384615
0.6807692307692308
0.7676923076923077
0.6569230769230768
0.7703846153846154
0.8157692307692308
0.8246153846153846
0.7476923076923078
0.841923076923077
0.8003846153846154
0.7503846153846153
0.8442307692307692
0.7303846153846154
0.6923076923076923
0.6761538461538462
0.5953846153846154
0.5746153846153846
0.6096153846153846
0.5603846153846154
0.4519230769230769
0.5076923076923077
0.515
0.5403846153846155
0.4930769230769231
0.4938461538461538
0.4646153846153846
0.4984615384615385
0.6284615384615384
0.4734615384615385
0.5303846153846153
0.4765384615384616
0.41500000000000004
0.3603846153846154
0.35615384615384615
0.2746153846153846
0.3096153846153846
0.3353846153846154
0.36153846153846153
0.44730769230769235
0.43115384615384617
0.43423076923076925
0.4307692307692308
0.46153846153846156
0.3903846153846154
0.37538461538461537
0.32769230769230767
0.335
0.46153846153846156
0.5
0.38461538461538464
0.40576923076923077
0.3173076923076923
0.3538461538461538
0.31961538461538463
0.44
0.3107692307692308
0.37461538461538463
0.3473076923076924
0.38846153846153847
0.3323076923076923
0.31653846153846155
0.31269230769230766
0.37423076923076926
0.5130769230769231
0.5426923076923077
0.6284615384615384
0.5515384615384615
0.4226923076923077
0.4119230769230769
0.3507692307692307
0.28153846153846157
0.44423076923076926
0.49961538461538463
0.5284615384615384
