pet
0.4166666666666667
0.4166666666666667
0.42250000000000004
0.35333333333333333
0.4295833333333334
0.4270833333333333
0.5429166666666666
0.39458333333333334
0.3841666666666667
0.47333333333333333
0.5325
0.4804166666666667
0.41958333333333336
0.3854166666666667
0.48333333333333334
0.40791666666666665
0.3070833333333333
0.46458333333333335
0.54
0.42124999999999996
0.30875
0.3879166666666667
0.42583333333333334
0.4658333333333333
0.56375
0.5579166666666667
0.59125
0.6445833333333333
0.47750000000000004
0.4691666666666667
0.62375
0.6691666666666666
0.6116666666666667
0.6420833333333333
0.7025
0.6229166666666667
0.5429166666666667
0.5695833333333333
0.6320833333333333
0.48458333333333337
0.4320833333333333
0.52375
0.5575
0.5399999999999999
0.5995833333333334
0.7599999999999999
0.7075
0.7370833333333334
0.75
0.7691666666666667
0.8158333333333333
0.9591666666666666
0.8279166666666667
0.91125
0.7804166666666666
0.8783333333333333
0.8020833333333334
0.7983333333333333
0.7320833333333333
0.6491666666666667
0.8020833333333334
0.7233333333333333
0.6654166666666667
0.7370833333333334
0.9
1.0966666666666667
1.1675
1.3220833333333333
1.2208333333333334
1.2283333333333333
1.0975
1.1624999999999999
1.3029166666666667
1.4341666666666668
1.4508333333333334
1.4566666666666668
1.2963999999999998
1.3048
1.288
1.3328
1.3456000000000001
1.3244
1.3719999999999999
1.516
1.444
1.4780000000000002
1.536
1.5952000000000002
1.746
1.7164000000000001
1.5456
1.5615999999999999
1.6736000000000002
1.7496
1.8572
1.7024000000000001
1.4664
1.66
1.7864000000000002
1.626
1.6256
1.5212
1.6272
1.7519999999999998
1.7932
1.8392
1.8224
1.7531999999999999
1.8075999999999999
2.024
2.3064
2.398
2.3668
2.3704
2.148
2.0208
2.0424
1.9391999999999998
1.9264
1.95
2.1512000000000002
2.2224
2.2984
2.414
2.5648
2.59
2.6644
2.648
2.7756
2.8112
2.5912
2.5076
2.4288
2.3828
2.7048
2.7960000000000003
2.7960000000000003
2.83
2.9276
2.866
2.9868
2.9468
3.0136000000000003
2.8480000000000003
2.9415999999999998
2.9124
2.97
2.7739999999999996
2.8368
2.7756
2.872
3.0115999999999996
2.8136
2.6052
2.3208
2.3324000000000003
2.322
2.478
2.6215999999999995
2.7464
2.6248
2.5868
2.4507999999999996
2.5936000000000003
2.5463999999999998
2.6348000000000003
2.952
2.9388
2.9088
2.8164
2.7264
2.7108
2.736
2.8276
2.8451999999999997
2.6308
2.648
2.7783999999999995
2.6932
2.7836000000000003
2.682
2.8731999999999998
2.9312
2.8056
2.9659999999999997
2.9536000000000002
2.7868
2.7407999999999997
2.7584
2.7092
2.8812
2.7316
2.6008
2.6039999999999996
2.6388
2.7960000000000003
3.0408
3.0824000000000003
3.0944
3.1807999999999996
2.9095999999999997
2.7324
2.8548
2.9583999999999997
2.8908
2.8836
2.8992
2.9095999999999997
2.7983999999999996
2.702
2.6536
2.7508
2.9227999999999996
2.7828000000000004
2.9032
2.7504000000000004
2.7404
2.7939999999999996
2.6424000000000003
2.6388
2.4868
2.418
2.6188
2.4564000000000004
2.6275999999999997
2.5860000000000003
2.4388
2.3036000000000003
2.4052000000000002
2.4428
2.4492000000000003
2.274
2.3644
2.3104
2.2908
2.1972
2.2159999999999997
1.962
2.0152
2.0608
1.8424
1.8632
1.86
2.002
2.2396000000000003
2.1148
2.0980000000000003
2.1208
2.0828
1.9756
2.022
1.9764
1.9964
1.9796
1.8684
1.734
1.7047999999999999
1.4880000000000002
1.5016
1.3828
1.5212
1.6447999999999998
1.5504
1.5836000000000001
1.6444
1.4964
1.3940000000000001
1.3752000000000002
1.3668
1.4347999999999999
1.5588
1.3352000000000002
1.4428
1.2895833333333333
1.2216666666666667
1.1695833333333334
1.0525
1.1529166666666666
0.9954166666666667
1.1308333333333334
1.2020833333333334
1.1391666666666667
1.1441666666666668
1.1504166666666666
1.0566666666666666
1.2054166666666666
1.0120833333333332
0.9029166666666666
0.9395833333333333
0.8316666666666667
0.85125
0.8366666666666668
0.8645833333333334
1.0254166666666666
0.8608333333333333
0.9183333333333333
0.9308333333333333
0.9208333333333334
0.85
0.9899999999999999
0.85875
0.7525
0.9070833333333334
0.8574999999999999
0.7808333333333334
0.6995833333333333
0.6045833333333334
0.5929166666666666
0.5566666666666666
0.5145833333333333
0.5779166666666666
0.5845833333333333
0.6016666666666667
0.6075
0.6033333333333334
0.6141666666666666
0.5458333333333333
0.58625
0.6779166666666666
0.4741666666666667
0.52125
0.49875
0.4495833333333333
0.42583333333333334
0.45166666666666666
0.345
0.3804166666666667
0.39666666666666667
0.3358333333333334
0.39458333333333334
0.4558333333333333
0.46708333333333335
0.40958333333333335
0.4608333333333334
0.34833333333333333
0.3841666666666667
0.26375
0.2991666666666667
0.5025000000000001
0.46041666666666664
0.3475
0.3545833333333333
0.29125
0.345
0.27458333333333335
0.44083333333333335
0.41625
0.38375000000000004
0.4025
0.3358333333333334
0.32166666666666666
0.31875000000000003
0.36375
0.33125
0.44416666666666665
0.53125
0.6
0.5283333333333333
0.40458333333333335
0.41291666666666665
0.3875
0.27375
0.39458333333333334
0.49041666666666667
0.5725
