pet
0.43615384615384617
0.3796153846153846
0.4034615384615385
0.35384615384615387
0.37846153846153846
0.38384615384615384
0.5019230769230769
0.4380769230769231
0.44153846153846155
0.4242307692307692
0.5311538461538462
0.5388461538461539
0.46076923076923076
0.39192307692307693
0.5096153846153846
0.46692307692307694
0.38576923076923075
0.5476923076923077
0.5807692307692307
0.4215384615384616
0.37115384615384617
0.38961538461538464
0.3903846153846154
0.3942307692307692
0.45884615384615385
0.44384615384615383
0.5038461538461538
0.5553846153846154
0.5273076923076924
0.47269230769230774
0.5892307692307692
0.5761538461538461
0.5823076923076923
0.5319230769230769
0.6284615384615384
0.6407692307692308
0.533076923076923
0.5626923076923077
0.5538461538461539
0.4869230769230769
0.5119230769230769
0.6657692307692307
0.6
0.4876923076923077
0.6076923076923078
0.7265384615384616
0.663076923076923
0.7673076923076922
0.6719230769230768
0.8269230769230769
0.8315384615384616
0.8976923076923077
0.8319230769230769
0.8126923076923076
0.7676923076923077
0.7665384615384615
0.7115384615384616
0.7446153846153846
0.6726923076923076
0.7161538461538461
0.7588461538461538
0.6865384615384615
0.6323076923076923
0.6665384615384616
0.8865384615384616
1.0126923076923076
1.1246153846153848
1.1234615384615385
1.1515384615384616
1.113846153846154
1.0565384615384614
0.9396153846153846
1.218076923076923
1.3557692307692308
1.2442307692307693
1.2569230769230768
1.1565384615384615
1.141923076923077
1.1584615384615384
1.2676923076923077
1.2346153846153847
1.311923076923077
1.2615384615384615
1.366153846153846
1.396923076923077
1.448846153846154
1.6019230769230768
1.541153846153846
1.6261538461538463
1.6073076923076923
1.6442307692307692
1.66
1.6473076923076921
1.6146153846153846
1.6584615384615384
1.6257692307692306
1.416153846153846
1.606153846153846
1.7430769230769232
1.6403846153846153
1.6003846153846153
1.7238461538461538
1.7653846153846153
1.791153846153846
1.830769230769231
1.804230769230769
1.9173076923076924
1.8069230769230769
1.8030769230769232
2.0719230769230768
2.3673076923076923
2.2996153846153846
2.3242307692307693
2.3996153846153847
2.195
1.9965384615384616
2.06
2.0919230769230768
1.9053846153846155
2.028076923076923
2.151923076923077
2.274230769230769
2.3226923076923076
2.2588461538461537
2.2996153846153846
2.385
2.620769230769231
2.5930769230769233
2.6353846153846154
2.776923076923077
2.683076923076923
2.5626923076923074
2.4457692307692307
2.423076923076923
2.618076923076923
2.578076923076923
2.5288461538461537
2.4646153846153847
2.5334615384615384
2.5961538461538463
2.6507692307692308
2.611923076923077
2.645
2.645
2.7192307692307693
2.8403846153846155
2.7546153846153847
2.738076923076923
2.82
2.8703846153846153
2.778461538461538
3.0300000000000002
2.7161538461538464
2.6653846153846152
2.4853846153846155
2.503846153846154
2.4353846153846153
2.3815384615384616
2.4465384615384616
2.6588461538461536
2.611923076923077
2.5561538461538458
2.4034615384615385
2.5492307692307694
2.5565384615384614
2.5153846153846158
2.7611538461538463
2.7788461538461537
2.7946153846153843
2.7292307692307696
2.6276923076923073
2.6149999999999998
2.5188461538461535
2.616923076923077
2.6165384615384615
2.772307692307692
2.791153846153846
2.7311538461538465
2.781538461538462
2.832692307692308
2.7611538461538463
2.814230769230769
2.7249999999999996
2.7796153846153846
2.6484615384615386
2.6957692307692307
2.7734615384615386
2.793846153846154
2.8565384615384612
2.9596153846153848
2.791153846153846
2.7626923076923076
2.7038461538461536
2.6246153846153844
2.8126923076923074
2.858846153846154
2.9696153846153845
2.9526923076923075
3.098846153846154
3.164615384615385
2.808076923076923
2.7857692307692306
2.7396153846153846
2.856923076923077
2.811923076923077
3.045769230769231
2.8876923076923076
2.773846153846154
2.7
2.6134615384615385
2.5311538461538463
2.5442307692307695
2.6353846153846154
2.5988461538461536
2.6234615384615387
2.519230769230769
2.496153846153846
2.4650000000000003
2.4211538461538464
2.6123076923076924
2.487692307692308
2.4780769230769235
2.531538461538461
2.4096153846153845
2.5053846153846155
2.351923076923077
2.2765384615384616
2.1607692307692306
2.185769230769231
2.1696153846153843
2.11
2.147692307692308
2.198076923076923
2.242692307692308
2.147692307692308
2.0007692307692304
2.2392307692307694
2.0384615384615383
1.8880769230769232
1.7961538461538462
1.7446153846153847
1.801153846153846
1.698846153846154
1.705769230769231
1.9726923076923077
1.966923076923077
2.003846153846154
2.0157692307692305
1.9230769230769231
1.843076923076923
1.8896153846153847
1.7950000000000002
1.955769230769231
1.8261538461538462
1.668076923076923
1.566153846153846
1.514230769230769
1.5573076923076923
1.4876923076923076
1.4423076923076923
1.4800000000000002
1.5257692307692308
1.5423076923076924
1.5230769230769232
1.4719230769230767
1.4403846153846156
1.3015384615384613
1.28
1.2780769230769229
1.3326923076923076
1.3615384615384616
1.4076923076923078
1.5084615384615385
1.294230769230769
1.2538461538461538
1.188076923076923
1.066153846153846
1.1415384615384616
1.0126923076923076
1.0034615384615384
1.2365384615384616
1.1165384615384615
1.2715384615384617
1.003076923076923
1.0215384615384617
1.105
0.9715384615384616
0.9765384615384616
0.9438461538461538
0.8161538461538461
0.8773076923076922
0.7630769230769231
0.8611538461538462
0.8976923076923077
0.7376923076923076
0.9653846153846154
0.9357692307692307
1.018846153846154
0.9234615384615386
0.9276923076923077
0.9892307692307691
0.8976923076923077
0.9373076923076924
0.908076923076923
0.8003846153846154
0.7411538461538462
0.6246153846153847
0.6776923076923077
0.6815384615384615
0.6103846153846153
0.5403846153846155
0.6073076923076923
0.6346153846153846
0.6688461538461539
0.6296153846153847
0.5457692307692308
0.5461538461538461
0.5603846153846154
0.6103846153846153
0.4834615384615385
0.5842307692307692
0.5219230769230769
0.4392307692307692
0.4753846153846154
0.46692307692307694
0.3880769230769231
0.35730769230769227
0.4230769230769231
0.4184615384615385
0.44307692307692303
0.4788461538461538
0.45769230769230773
0.4238461538461538
0.5011538461538462
0.4123076923076923
0.44461538461538463
0.29923076923076924
0.33999999999999997
0.4573076923076923
0.5361538461538461
0.39653846153846156
0.43153846153846154
0.38461538461538464
0.36153846153846153
0.3465384615384615
0.47000000000000003
0.37153846153846154
0.41000000000000003
0.38423076923076926
0.39653846153846156
0.33576923076923076
0.39192307692307693
0.3346153846153846
0.44346153846153846
0.5657692307692307
0.5923076923076923
0.6923076923076923
0.566923076923077
0.45769230769230773
0.43884615384615383
0.40884615384615386
0.29423076923076924
0.5011538461538462
0.5296153846153846
0.5015384615384616
