temperature
4.819166666666667
4.32875
4.048333333333333
4.01625
4.37625
4.280833333333333
4.99625
4.567916666666666
4.2404166666666665
4.832083333333333
4.963333333333334
5.056666666666667
4.6049999999999995
4.200833333333333
4.617916666666667
4.195
3.8504166666666664
4.48625
4.9075
4.218333333333333
3.5537499999999995
3.9808333333333334
4.101666666666667
4.1075
4.84125
4.6525
4.927499999999999
5.065416666666667
4.442916666666666
3.950833333333333
4.605833333333334
4.912916666666667
4.4558333333333335
4.66125
5.27625
4.83875
4.08
4.23375
4.21625
3.6904166666666662
3.4812499999999997
4.14125
4.3687499999999995
4.0325
4.490833333333334
5.336666666666667
4.854583333333333
5.138333333333333
4.878333333333333
4.872083333333333
5.367916666666667
5.715
5.348333333333333
5.712083333333333
5.1475
5.532083333333333
5.195
4.8341666666666665
4.466666666666667
4.501666666666667
4.7370833333333335
4.530833333333333
4.52125
4.71625
5.2225
6.082916666666667
6.442083333333334
7.2625
6.921666666666667
6.770833333333333
6.3425
6.082083333333333
7.141666666666667
7.4775
7.359999999999999
7.159166666666667
6.598333333333334
6.828333333333333
6.629583333333334
7.023333333333333
6.740833333333334
7.071666666666666
7.2995833333333335
7.417083333333333
7.2225
7.015833333333333
7.62
8.047916666666667
8.48875
8.43125
7.864999999999999
8.06
8.418750000000001
8.155
8.5275
8.265416666666667
7.310833333333334
8.135833333333332
8.589166666666666
8.14
8.162083333333333
8.094583333333333
8.424166666666666
8.88625
8.98375
8.630833333333333
9.137916666666667
8.843333333333334
8.565416666666666
9.586666666666666
10.365
10.77375
10.655833333333334
10.86625
10.339166666666666
9.693333333333333
9.963333333333333
9.520833333333334
9.184583333333334
9.840416666666666
10.029166666666667
9.9275
10.274166666666666
10.179166666666667
10.887500000000001
10.755833333333333
11.519583333333335
11.459166666666667
11.939583333333333
12.19375
11.493333333333332
11.04
11.05625
10.7725
11.867916666666666
11.862916666666665
11.797083333333333
12.022916666666667
12.57
12.422083333333333
12.769583333333335
12.731250000000001
13.194166666666666
12.80625
12.99125
13.020416666666668
13.350833333333334
12.955
12.967083333333333
12.954583333333334
13.416666666666666
14.584583333333333
14.649166666666666
13.941249999999998
13.152916666666668
13.415416666666665
13.090416666666668
13.719999999999999
13.976666666666667
14.533333333333333
14.215833333333334
14.453333333333333
14.218333333333334
14.864166666666668
14.571666666666665
14.944583333333334
15.929166666666667
15.9525
15.65375
15.356250000000001
15.012500000000001
15.119166666666667
15.344166666666666
15.731250000000001
15.575000000000001
15.40125
15.884583333333333
15.8125
15.5225
16.165833333333335
15.888333333333334
16.463333333333335
16.704583333333336
16.166666666666668
16.5225
16.72375
16.6575
16.46708333333333
16.309166666666666
16.352083333333333
16.592499999999998
16.263333333333332
16.174583333333334
16.05375
16.45875
16.72
17.372916666666665
17.6375
17.977916666666665
18.123749999999998
17.142500000000002
16.49875
17.09
17.5075
17.50125
17.799583333333334
17.54041666666667
17.48125
17.257916666666667
17.125416666666666
16.91
17.1675
17.68875
17.591666666666665
17.820833333333333
17.23375
17.359583333333333
17.58875
17.18375
17.2375
17.103333333333335
16.52125
17.401666666666667
16.835416666666667
17.289166666666667
17.0675
16.855416666666667
16.36583333333333
16.661666666666665
16.785
16.522083333333335
16.35625
16.61
17.012083333333333
16.679166666666664
16.185416666666665
16.427083333333332
15.750416666666666
15.739166666666668
15.544583333333334
15.167916666666668
15.0025
14.67875
15.070833333333333
15.944166666666668
15.612916666666665
15.597083333333332
15.945
15.380833333333333
14.999166666666667
15.14
15.350833333333334
15.419166666666667
15.431666666666667
15.074166666666665
14.70375
14.5
14.120833333333332
13.78625
13.480833333333335
13.880833333333333
14.106666666666667
13.972083333333332
13.856666666666667
13.939583333333333
13.578333333333333
13.097916666666668
13.206666666666665
12.904583333333333
13.4125
13.582500000000001
13.043333333333335
13.369583333333333
12.641739130434782
12.334347826086956
12.055652173913042
11.47304347826087
12.168695652173913
11.365652173913045
11.546521739130435
12.265652173913043
11.75
12.191304347826087
11.66391304347826
11.72304347826087
11.501739130434784
10.97913043478261
10.78608695652174
10.672608695652174
10.422173913043478
10.359565217391303
10.102173913043478
9.96782608695652
10.404782608695653
9.93608695652174
10.279565217391305
10.47304347826087
10.580434782608695
9.961739130434783
10.031304347826087
9.820434782608697
9.41304347826087
9.958695652173914
9.836521739130434
9.471304347826088
9.131739130434783
8.63
8.18086956521739
8.07875
7.886666666666667
8.092916666666666
7.736250000000001
7.607083333333333
8.254583333333333
8.317916666666667
8.108333333333333
7.7275
7.47125
7.947083333333333
7.039583333333333
7.0008333333333335
6.675833333333333
6.279583333333334
6.032916666666666
5.837916666666666
5.740833333333334
5.505
6.01125
5.793333333333333
6.11375
6.048333333333333
5.8187500000000005
5.594166666666666
5.579999999999999
5.264583333333333
5.36375
5.0441666666666665
5.0275
5.594166666666666
5.324166666666667
5.021249999999999
5.0112499999999995
4.830416666666667
4.897916666666666
4.5095833333333335
5.085
4.767083333333333
4.8275
5.085833333333333
4.605833333333334
4.062083333333334
3.7762499999999997
3.8683333333333336
3.84375
4.575
5.336666666666667
5.800416666666667
5.63375
4.754583333333334
4.81125
4.457916666666667
3.5966666666666662
4.08
4.660416666666667
4.801666666666667
