temperature
3.598181818181818
3.7931818181818184
3.639090909090909
4.081818181818182
4.500454545454546
3.487727272727273
3.2881818181818185
3.7636363636363637
3.838181818181818
3.6
2.9427272727272724
2.963181818181818
2.9136363636363636
3.1363636363636362
3.603181818181818
3.2927272727272725
2.893181818181818
3.3395454545454544
3.4004545454545454
3.4068181818181817
4.072272727272727
3.399090909090909
3.436818181818182
3.431363636363636
3.290909090909091
2.5436363636363635
2.9227272727272724
3.65
4.081818181818182
3.5018181818181815
3.966818181818182
3.3518181818181816
3.4663636363636368
4.017727272727273
4.381818181818182
4.9809090909090905
4.790454545454545
3.804090909090909
3.5818181818181816
3.367272727272727
2.996818181818182
3.4663636363636368
2.963636363636364
2.4063636363636363
2.4136363636363636
2.745
2.6454545454545455
3.3822727272727273
3.5513636363636363
3.1063636363636364
3.0481818181818183
3.024090909090909
3.238181818181818
4.111363636363636
3.32
3.4172727272727275
4.169090909090909
5.069545454545454
4.78090909090909
5.010454545454546
5.16
4.727727272727273
4.366818181818181
5.460454545454545
6.217272727272728
6.153181818181818
5.967727272727273
5.59
6.554545454545454
6.029545454545455
6.405
5.993636363636364
6.281818181818181
5.705
6.129545454545454
6.609090909090909
6.640909090909091
5.345454545454545
5.988181818181818
6.0213636363636365
6.06
6.813181818181818
6.948181818181819
6.701363636363637
6.20090909090909
6.277272727272727
6.330909090909091
6.754545454545454
6.751818181818181
7.483636363636363
7.073181818181817
6.815454545454545
6.273636363636364
6.005909090909091
6.546818181818182
6.710454545454545
6.725909090909091
6.868636363636363
7.886363636363637
8.129090909090909
7.537727272727273
7.267727272727272
6.818181818181818
7.050909090909091
7.931363636363637
8.125454545454545
7.500454545454545
7.466363636363636
8.488181818181818
7.912727272727273
8.703181818181818
9.547272727272727
8.601363636363637
8.605909090909092
8.831818181818182
9.170454545454545
8.964545454545455
9.58
9.510454545454545
9.880454545454546
9.324347826086957
9.80391304347826
9.445652173913043
9.27695652173913
9.796956521739132
9.843478260869565
10.672608695652174
10.528695652173912
10.037826086956523
10.18086956521739
10.526521739130436
10.68304347826087
11.281304347826088
11.662608695652175
11.98304347826087
11.911304347826086
11.374782608695652
10.961304347826088
11.431739130434783
12.034782608695652
11.268260869565218
11.777826086956521
12.075652173913044
12.007826086956522
11.878695652173912
12.13695652173913
11.656956521739131
11.343913043478262
12.578260869565218
12.461739130434783
13.243478260869566
13.933913043478261
13.538260869565217
13.162173913043478
13.459130434782608
13.86608695652174
13.617826086956521
13.538695652173912
13.679565217391303
13.39913043478261
13.508260869565218
13.249565217391305
12.97304347826087
13.73695652173913
13.574347826086955
13.709999999999999
14.29304347826087
14.07391304347826
14.474347826086955
15.027391304347827
15.428260869565218
14.328695652173913
13.892173913043477
13.946956521739128
13.871304347826085
14.29391304347826
15.007391304347827
14.659565217391306
15.378260869565217
14.83304347826087
15.03608695652174
15.145652173913044
15.031304347826088
15.092173913043478
15.90304347826087
15.84695652173913
16.333913043478262
16.351739130434783
16.85391304347826
16.07521739130435
16.35608695652174
16.640434782608697
16.260434782608694
16.995652173913044
16.851304347826087
16.484347826086957
15.902173913043478
16.090454545454545
16.219545454545454
16.735454545454544
16.92
16.434545454545454
16.440454545454546
16.890454545454546
16.674545454545452
17.043181818181818
16.915909090909093
17.451818181818183
17.711363636363636
18.010454545454547
17.936363636363637
17.348636363636363
16.974545454545453
17.125454545454545
17.11181818181818
16.970909090909092
16.888636363636365
17.167727272727273
16.685454545454544
17.083181818181817
17.062727272727273
16.99772727272727
17.15590909090909
16.643181818181816
16.578181818181818
17.12090909090909
16.96181818181818
16.62090909090909
16.42681818181818
16.605
17.198636363636364
17.168181818181818
17.355
16.173636363636362
15.614090909090908
15.422727272727274
15.747272727272728
14.947272727272729
14.62590909090909
15.401363636363635
15.650454545454545
15.213181818181818
15.182727272727272
15.07818181818182
15.204545454545455
14.794545454545455
14.996818181818183
14.437727272727273
14.213181818181818
14.967727272727274
14.84772727272727
14.855
14.87
14.423636363636364
13.589090909090908
13.007727272727273
13.114090909090908
13.263636363636364
13.863181818181818
14.115454545454547
14.422272727272729
13.483181818181817
13.504545454545456
13.664090909090909
13.061818181818182
13.748636363636365
12.717727272727274
12.879090909090907
13.160454545454543
12.555909090909092
12.914090909090909
13.128181818181817
13.088636363636363
12.331818181818182
11.737727272727273
11.530454545454544
11.479090909090909
11.377272727272727
11.726818181818182
11.257272727272728
12.149545454545455
12.399545454545455
11.522272727272728
10.85909090909091
11.27
10.688636363636364
10.371363636363636
10.269090909090908
9.851818181818182
9.705454545454545
9.65318181818182
10.09681818181818
9.312272727272727
9.33909090909091
9.268181818181818
9.315
9.358181818181817
9.675454545454544
9.336363636363636
9.267727272727273
8.653636363636364
8.611818181818181
8.543181818181818
8.862272727272726
8.646818181818182
8.277727272727274
8.306363636363637
8.006818181818183
7.229090909090909
7.159545454545454
8.255
8.022727272727273
7.672727272727273
7.9363636363636365
7.209090909090909
6.681363636363637
6.140909090909091
6.079090909090909
6.493636363636364
6.212272727272728
6.163636363636363
6.539090909090908
5.765909090909091
4.948636363636364
5.138636363636364
5.635909090909091
5.885
6.048181818181818
6.315
5.674545454545455
4.867272727272727
4.404090909090909
4.207272727272727
5.029545454545455
5.156818181818182
5.7709090909090905
5.4772727272727275
5.292727272727273
4.526818181818182
4.171363636363636
4.1881818181818184
4.392727272727273
4.174090909090909
3.9913636363636367
4.224545454545455
4.201363636363637
4.215909090909091
4.343636363636364
4.5645454545454545
4.585454545454545
4.74
4.296363636363636
4.2318181818181815
4.182272727272728
4.129545454545455
4.027727272727272
4.14
4.874090909090909
4.3540909090909095
4.7318181818181815
4.069545454545454
3.9663636363636368
3.818636363636364
3.782272727272727
3.3686363636363637
