temperature
2.2984615384615386
2.1726923076923077
1.9715384615384615
2.6107692307692307
3.111923076923077
2.3673076923076923
2.575
3.046923076923077
3.0615384615384613
2.992692307692308
2.1496153846153847
1.6153846153846154
1.9430769230769231
2.625
2.5923076923076924
2.016923076923077
1.5311538461538463
1.7834615384615384
2.1334615384615385
2.5338461538461536
2.8853846153846154
2.5984615384615384
2.5796153846153844
2.6319230769230773
2.1653846153846152
1.7984615384615383
1.7065384615384613
2.045769230769231
2.0107692307692306
1.496923076923077
1.7307692307692308
2.14
2.5926923076923076
2.7653846153846158
2.6784615384615384
3.150384615384615
2.918461538461538
2.6484615384615386
2.0973076923076923
1.9923076923076921
1.5157692307692305
1.758076923076923
1.7838461538461536
1.1823076923076923
0.8353846153846155
0.8130769230769231
1.1511538461538462
1.8838461538461537
1.488076923076923
1.3219230769230768
1.438076923076923
1.911153846153846
2.2473076923076922
2.395769230769231
2.4365384615384618
2.0026923076923078
2.346923076923077
2.8607692307692307
2.546923076923077
2.9407692307692304
3.224615384615385
2.985
3.2357692307692307
3.9130769230769227
4.0284615384615385
4.072307692307692
4.187307692307693
3.9365384615384613
4.5576923076923075
4.151923076923077
4.240769230769231
4.049615384615385
3.435
3.441153846153846
3.5961538461538463
3.808076923076923
4.100384615384615
3.7884615384615383
3.7396153846153846
3.6634615384615383
3.8530769230769226
4.478076923076923
4.421538461538462
4.214615384615384
4.259615384615385
4.116153846153846
4.137307692307693
4.656923076923077
4.87423076923077
5.288461538461538
5.218461538461539
4.47
4.22076923076923
4.3769230769230765
4.8
4.855384615384616
4.7
4.24423076923077
5.03923076923077
5.634230769230769
6.178076923076923
5.954615384615384
5.341153846153846
5.930384615384615
6.786538461538461
6.856153846153846
6.198846153846153
6.863461538461538
6.586538461538462
6.517307692307692
7.253461538461538
7.493846153846154
6.683461538461539
6.610769230769231
6.683076923076923
7.031538461538461
6.897307692307693
6.918846153846153
7.217692307692308
7.261923076923077
6.749615384615385
7.1826923076923075
7.658076923076923
7.875
8.028846153846153
8.74
9.01923076923077
8.489615384615384
8.144615384615385
8.636538461538462
8.550384615384615
8.821538461538463
8.761923076923077
9.01923076923077
9.231538461538461
8.814615384615385
9.174615384615384
8.65076923076923
9.738461538461538
10.022307692307692
9.815384615384614
10.37576923076923
10.20923076923077
10.556923076923077
10.489615384615385
10.517692307692307
10.01576923076923
10.211538461538462
10.326153846153847
10.176153846153845
10.713461538461539
11.308076923076923
10.923461538461538
11.094615384615384
11.145
11.562692307692307
11.476923076923075
11.257307692307693
11.76346153846154
11.348846153846154
11.498076923076923
11.52
11.446153846153846
11.495384615384616
11.483461538461539
11.858846153846153
12.440384615384614
12.416153846153845
12.423461538461538
12.779230769230768
12.579615384615384
12.303076923076922
12.503846153846155
12.415000000000001
12.570769230769232
12.991153846153846
13.279615384615385
12.949615384615385
13.093461538461538
13.32
13.813846153846155
13.368846153846153
13.50923076923077
13.991153846153846
14.371538461538462
14.223076923076924
14.318846153846152
14.69076923076923
14.584615384615384
14.541153846153845
14.307692307692308
14.888076923076921
14.373846153846152
15.014615384615384
14.72923076923077
14.373076923076923
14.131923076923076
13.832307692307692
13.964230769230769
14.696153846153846
14.267692307692307
14.274999999999999
14.398076923076925
14.479615384615386
14.258461538461539
14.789615384615386
14.818461538461538
15.379615384615384
14.787692307692309
15.286538461538461
15.523076923076925
14.345769230769232
14.441153846153847
14.881923076923076
14.812307692307693
14.396923076923077
14.541923076923077
14.23576923076923
13.499615384615385
13.944615384615386
13.627307692307692
13.916538461538462
14.481538461538461
14.107307692307693
14.561923076923078
14.80423076923077
14.686153846153845
14.101923076923075
13.929615384615385
14.204615384615384
14.641923076923076
14.799615384615386
14.531153846153845
13.808076923076923
13.647692307692306
13.76923076923077
13.51923076923077
13.145
13.225000000000001
13.396923076923077
13.464230769230769
12.923461538461538
13.206153846153846
12.79653846153846
12.941538461538462
12.569230769230769
12.56
11.856538461538461
11.93576923076923
12.779230769230768
12.331153846153846
12.661538461538461
11.625
11.437692307692307
11.342692307692309
11.11576923076923
11.01
10.673846153846153
11.83423076923077
11.637307692307692
11.188846153846155
11.199615384615385
11.268846153846154
11.05076923076923
10.657307692307691
11.17
10.26076923076923
10.212692307692306
10.168846153846154
9.905384615384616
10.59423076923077
10.39846153846154
10.592307692307692
10.10923076923077
10.278076923076924
9.912307692307694
9.608076923076924
9.699615384615385
9.73576923076923
9.228076923076923
9.655
9.774230769230769
8.827307692307691
8.816923076923077
9.04923076923077
7.975769230769231
7.931538461538461
8.03923076923077
7.446153846153846
7.526153846153846
7.942692307692307
7.939230769230769
6.902692307692307
6.988846153846154
7.448076923076924
7.767307692307692
7.8246153846153845
7.671538461538462
7.392307692307692
7.306923076923076
6.848846153846154
6.907692307692307
7.537307692307692
7.275384615384615
7.126153846153846
7.148461538461538
6.5430769230769235
6.302692307692308
5.708846153846154
5.587307692307693
6.64
6.398846153846154
5.995384615384615
6.38
5.893461538461538
4.998461538461539
4.764230769230769
4.623846153846154
4.787692307692308
4.179230769230769
4.361923076923077
4.633461538461538
4.095
3.7719230769230774
4.012692307692308
4.59
4.683076923076923
4.469230769230769
4.843846153846154
3.878076923076923
3.4749999999999996
2.9815384615384612
2.858076923076923
3.2676923076923075
3.8723076923076927
4.355
4.264230769230769
4.279615384615385
3.6753846153846155
3.0626923076923074
2.7746153846153847
2.770769230769231
2.7703846153846152
3.0907692307692307
3.0338461538461536
3.2984615384615386
3.1965384615384616
3.347692307692308
3.757307692307692
3.1953846153846155
3.0657692307692312
3.0803846153846157
3.2353846153846155
3.289615384615385
3.1196153846153845
2.6588461538461536
2.8646153846153846
3.0734615384615385
3.064230769230769
2.983846153846154
2.9853846153846155
3.2984615384615386
2.6423076923076922
2.186923076923077
2.3415384615384616
