pet
0.4269230769230769
0.4788461538461538
0.4042307692307692
0.41346153846153844
0.6080769230769231
0.4276923076923077
0.47538461538461535
0.49615384615384617
0.6361538461538461
0.6496153846153846
0.46653846153846157
0.42653846153846153
0.4646153846153846
0.5269230769230769
0.5611538461538461
0.4876923076923077
0.3211538461538461
0.3465384615384615
0.39499999999999996
0.4553846153846154
0.6407692307692308
0.6076923076923078
0.6323076923076923
0.5811538461538461
0.5784615384615385
0.5096153846153846
0.5480769230769231
0.5203846153846153
0.5619230769230769
0.4730769230769231
0.5707692307692308
0.5326923076923077
0.5103846153846153
0.6407692307692308
0.6396153846153846
0.8007692307692308
0.8615384615384615
0.7084615384615384
0.6365384615384616
0.5961538461538461
0.583076923076923
0.6103846153846153
0.5426923076923077
0.4480769230769231
0.42807692307692313
0.4492307692307692
0.4888461538461539
0.5788461538461539
0.5734615384615385
0.5523076923076924
0.5892307692307692
0.6603846153846155
0.6742307692307693
0.8188461538461538
0.7342307692307692
0.7103846153846154
0.7042307692307692
0.8576923076923078
0.8588461538461538
0.871923076923077
1.0423076923076924
0.933076923076923
0.9157692307692307
1.0584615384615383
1.1711538461538462
1.1538461538461537
1.2207692307692306
1.1084615384615384
1.3315384615384613
1.2496153846153848
1.2307692307692308
1.1742307692307692
1.1576923076923078
1.12
1.2234615384615384
1.3407692307692307
1.4553846153846155
1.2
1.2603846153846152
1.281923076923077
1.2776923076923077
1.4719230769230771
1.5353846153846153
1.4046153846153848
1.3673076923076921
1.3034615384615384
1.3996153846153847
1.4103846153846153
1.436923076923077
1.7284615384615383
1.6734615384615383
1.5969230769230771
1.436923076923077
1.3280769230769232
1.5253846153846153
1.6492307692307693
1.685
1.4884615384615383
1.6676923076923076
1.9442307692307692
1.8626923076923076
1.9576923076923076
1.8107692307692307
1.8423076923076922
2.039615384615385
2.1
1.9023076923076923
1.9292307692307693
2.1357692307692306
2.0300000000000002
2.191538461538461
2.4569230769230765
2.0953846153846154
2.0726923076923076
2.0803846153846157
2.0665384615384617
2.0349999999999997
2.103846153846154
2.1388461538461536
2.289615384615385
2.2315384615384612
2.4676923076923076
2.314230769230769
2.3226923076923076
2.440769230769231
2.5338461538461536
2.6842307692307696
2.5846153846153848
2.6315384615384616
2.6826923076923075
2.581538461538462
2.705
2.6296153846153847
2.6453846153846152
2.854230769230769
2.772307692307692
2.571923076923077
2.6784615384615384
2.796538461538461
2.954615384615385
2.763076923076923
2.9646153846153847
2.963846153846154
3.0523076923076924
2.9315384615384614
3.0076923076923077
2.8649999999999998
2.7446153846153845
2.9365384615384613
2.87
3.087307692307692
3.0399999999999996
2.8257692307692306
2.7507692307692304
2.7826923076923076
2.8819230769230773
2.8715384615384614
2.8996153846153847
2.9303846153846154
2.7776923076923077
2.73
2.7761538461538464
2.721538461538462
2.8953846153846152
2.8103846153846153
2.700384615384615
3.008846153846154
2.733076923076923
2.8819230769230773
2.953461538461539
2.9538461538461536
2.8453846153846154
2.772307692307692
2.7719230769230774
2.876923076923077
2.945
3.081538461538462
3.0446153846153843
2.995769230769231
2.9888461538461537
3.113076923076923
3.1203846153846153
3.0307692307692307
3.045
3.3446153846153845
3.2849999999999997
3.335
3.3642307692307694
3.4780769230769235
3.2249999999999996
3.2038461538461536
3.3015384615384615
3.193076923076923
3.3207692307692307
3.3449999999999998
3.1680769230769235
3.026923076923077
2.9726923076923075
3.016153846153846
3.212307692307692
3.14
3.0788461538461536
3.0788461538461536
3.086153846153846
3.001153846153846
3.130769230769231
3.204230769230769
3.2396153846153846
3.2634615384615384
3.3896153846153845
3.4665384615384616
3.248076923076923
3.06
3.1588461538461536
3.2203846153846154
3.056923076923077
2.986923076923077
2.987692307692308
2.897307692307692
3.038846153846154
3.0023076923076926
2.9057692307692307
2.9373076923076926
2.9180769230769235
2.9692307692307693
3.165
3.1196153846153845
2.9223076923076925
2.762307692307692
2.856923076923077
3.0250000000000004
2.9650000000000003
2.9826923076923078
2.664615384615385
2.487692307692308
2.513076923076923
2.5969230769230767
2.5311538461538463
2.3634615384615385
2.513076923076923
2.5100000000000002
2.3984615384615386
2.2742307692307695
2.3273076923076923
2.275
2.209230769230769
2.2626923076923076
2.141153846153846
2.0134615384615384
2.223076923076923
2.265
2.231153846153846
1.991923076923077
1.9603846153846154
1.9015384615384614
1.681923076923077
1.738846153846154
1.7957692307692308
1.881153846153846
1.8346153846153848
1.8361538461538462
1.6480769230769232
1.7061538461538461
1.793076923076923
1.6676923076923076
1.7753846153846156
1.5811538461538461
1.5307692307692307
1.5911538461538461
1.49
1.5569230769230769
1.6603846153846153
1.5311538461538463
1.473076923076923
1.4842307692307695
1.4376923076923078
1.4065384615384615
1.3519230769230768
1.343076923076923
1.1946153846153846
1.3888461538461538
1.4761538461538461
1.4088461538461539
1.3373076923076925
1.3776923076923078
1.1207692307692307
1.003076923076923
1.036923076923077
0.9003846153846153
1.0446153846153847
1.0107692307692309
0.9992307692307693
0.908076923076923
0.8088461538461539
0.8492307692307691
0.9369230769230769
0.9626923076923077
0.9830769230769231
0.9088461538461539
0.9007692307692309
0.8392307692307692
0.86
0.9357692307692308
0.9380769230769231
0.9061538461538461
0.9465384615384616
0.8211538461538462
0.7361538461538462
0.6546153846153846
0.5946153846153847
0.8280769230769232
0.8184615384615385
0.7603846153846153
0.8584615384615385
0.6461538461538462
0.5480769230769231
0.5534615384615384
0.5496153846153846
0.5515384615384615
0.48615384615384616
0.5742307692307692
0.6188461538461538
0.43346153846153845
0.3734615384615385
0.48923076923076925
0.5853846153846154
0.6688461538461539
0.55
0.5826923076923077
0.5273076923076924
0.45038461538461544
0.38653846153846155
0.3515384615384616
0.5061538461538462
0.5711538461538461
0.6911538461538461
0.6207692307692307
0.58
0.4807692307692308
0.4238461538461538
0.43653846153846154
0.4123076923076923
0.34769230769230763
0.3807692307692308
0.385
0.4653846153846154
0.39115384615384613
0.4296153846153846
0.45423076923076927
0.40269230769230774
0.4630769230769231
0.44423076923076926
0.49769230769230766
0.5438461538461539
0.5696153846153846
0.5365384615384615
0.5334615384615385
0.5315384615384615
0.5173076923076922
0.551923076923077
0.6169230769230769
0.6676923076923077
0.5253846153846153
0.39499999999999996
0.39499999999999996
