temperature
3.7748000000000004
3.822
3.5787999999999998
4.0092
4.6532
3.9328000000000003
3.5056
4.0224
4.6348
4.333600000000001
3.5612
3.1868
3.3524000000000003
3.9812
4.01
3.5544
2.958
3.2536
3.5580000000000003
3.718
4.6468
4.3988
3.8992
3.6839999999999997
3.6464
3.082
3.6264
3.8176
3.602
3.0271999999999997
3.5383999999999998
3.3404000000000003
3.2264
3.7368
3.8736
4.5824
4.5792
3.7763999999999998
3.5868
3.2460000000000004
3.2783999999999995
3.372
3.2552
2.5084
2.2384
2.4375
2.6954166666666666
3.2204166666666665
2.783333333333333
2.6437500000000003
2.93375
3.3525000000000005
3.5858333333333334
4.254583333333334
3.9283333333333332
3.5979166666666664
3.795833333333333
4.35375
4.7475
4.912083333333333
5.178333333333334
4.520833333333333
4.591666666666667
5.054166666666666
5.921250000000001
5.631666666666667
5.495
5.19
6.1825
6.0683333333333325
6.115833333333334
5.726666666666667
5.691666666666666
5.714166666666666
5.87375
5.786666666666666
6.2975
5.451249999999999
5.496666666666667
5.634583333333333
5.7425
6.32375
6.470833333333334
6.65625
6.308333333333334
5.839583333333334
6.108333333333333
6.214166666666666
6.380833333333334
7.298749999999999
7.04375
6.5995833333333325
6.069583333333333
5.69875
6.215
6.600833333333334
6.976666666666667
6.347083333333334
7.029166666666666
8.010833333333332
7.345416666666666
7.9433333333333325
7.494583333333334
7.40875
8.090416666666666
8.581249999999999
7.830416666666667
7.546666666666667
8.155
7.9316666666666675
8.7925
9.425416666666667
8.760416666666666
8.449166666666667
8.6225
8.915416666666667
8.71875
9.081249999999999
9.069583333333334
9.724166666666667
9.224166666666667
9.642916666666666
9.203750000000001
9.094166666666666
9.522499999999999
9.466666666666667
10.199166666666667
10.002916666666666
10.16375
10.392083333333334
10.439583333333333
10.53
10.624583333333334
10.65875
11.511666666666665
11.644583333333335
11.084583333333333
10.97375
11.469999999999999
11.71
11.081666666666665
11.579166666666666
11.69
12.203333333333333
12.185
12.472083333333332
11.885416666666666
11.432083333333333
12.527083333333332
12.323333333333332
12.949583333333335
13.473333333333334
12.974166666666667
12.764166666666666
12.996666666666668
13.43
13.60875
13.455
13.416666666666666
13.396666666666667
13.761249999999999
13.41375
13.215833333333334
14.012083333333331
13.874583333333334
13.682916666666666
14.27875
13.563333333333333
13.992916666666666
14.302083333333334
14.509166666666667
14.208333333333334
14.062916666666666
14.185833333333333
14.46625
14.309583333333334
15.300833333333335
15.045416666666668
15.401666666666666
15.289583333333333
15.752916666666666
15.27125
15.2268
15.5876
16.291600000000003
16.1764
16.513199999999998
16.6124
16.863599999999998
16.4088
16.3312
16.5928
16.7968
17.1708
16.838
16.3524
16.2068
15.878
15.984000000000002
16.343600000000002
16.5812
16.55
16.5928
16.406
16.162
16.709600000000002
16.6576
17.0872
17.1268
17.5352
17.4568
17.1648
16.7812
17.202
17.4772
17.2996
16.7544
16.85
16.596400000000003
17.224
17.12
16.9776
17.0292
16.8404
16.9
17.331599999999998
17.288400000000003
16.924400000000002
16.546400000000002
16.562
17.2464
17.223599999999998
17.458
16.387999999999998
15.7608
15.730799999999999
15.752
15.815999999999999
15.199200000000001
15.6184
15.6524
15.3364
14.9812
14.9432
14.6908
14.5096
14.3764
14.172
14.011199999999999
14.4768
14.5632
14.544400000000001
13.9836
13.925999999999998
13.373199999999999
12.9472
13.134400000000001
13.578
13.4824
13.6196
13.876
13.11
13.031199999999998
13.0452
12.7976
12.9344
12.718800000000002
12.498399999999998
13.0172
12.4652
12.603599999999998
12.9716
12.505999999999998
12.1844
11.9956
11.9504
11.7976
11.546
11.695599999999999
11.074000000000002
11.814400000000001
12.0456
11.4144
10.886400000000002
11.1808
10.294
10.434000000000001
10.582
9.7372
9.9916
9.8572
10.388
10.122
9.248
9.174399999999999
9.336
9.388
9.9024
9.636000000000001
9.21
8.6072
8.7896
8.6592
8.7592
8.794
8.8044
8.2432
7.9248
7.3136
7.558
8.7284
8.4392
8.1952
8.332
7.53
6.9144
6.4704
6.4996
7.034
6.5728
6.6496
6.7852
6.1696
5.6008000000000004
5.6
5.9588
6.2288
5.93
6.1012
5.2812
4.650399999999999
4.4128
4.6532
5.3
5.56
5.8504
5.513199999999999
5.7364
5.2376
4.8628
5.322
4.8924
4.5368
4.604
4.2316
4.4848
4.5996
4.364
4.8136
4.7676
4.7852
4.8156
5.2204
5.4216
5.3675999999999995
4.950399999999999
5.44
5.1084000000000005
5.0588
5.2904
4.7008
4.7716
4.2472
3.9056
3.7560000000000002
