pet
0.4076923076923077
0.42192307692307696
0.3553846153846154
0.5273076923076924
0.5923076923076923
0.365
0.435
0.5461538461538461
0.5253846153846153
0.5446153846153846
0.40576923076923077
0.35192307692307695
0.3688461538461538
0.4592307692307692
0.4226923076923077
0.36846153846153845
0.315
0.35923076923076924
0.3807692307692308
0.4603846153846154
0.5280769230769231
0.4834615384615385
0.5003846153846154
0.5015384615384615
0.4511538461538462
0.48000000000000004
0.41615384615384615
0.4507692307692308
0.45615384615384613
0.4123076923076923
0.4492307692307692
0.46192307692307694
0.4930769230769231
0.5688461538461539
0.5792307692307692
0.6699999999999999
0.6296153846153847
0.5911538461538461
0.5315384615384615
0.5176923076923077
0.4834615384615385
0.5119230769230769
0.43884615384615383
0.39692307692307693
0.3634615384615385
0.3961538461538462
0.4123076923076923
0.5026923076923077
0.4419230769230769
0.4846153846153846
0.4942307692307692
0.4869230769230769
0.6057692307692307
0.6523076923076924
0.5811538461538461
0.5384615384615384
0.681923076923077
0.708076923076923
0.6823076923076924
0.7519230769230769
0.8680769230769231
0.7992307692307693
0.8553846153846153
0.9600000000000001
1.0034615384615384
1.01
0.9238461538461539
0.9584615384615384
1.1203846153846153
1.0126923076923076
1.0057692307692307
1.0076923076923077
0.9392307692307693
0.9403846153846154
0.9569230769230769
1.0161538461538462
1.0092307692307694
0.9323076923076924
0.981923076923077
0.95
1.0015384615384615
1.1307692307692307
1.2046153846153846
1.1115384615384616
1.1292307692307693
1.1373076923076924
1.0776923076923077
1.1930769230769231
1.2630769230769232
1.3546153846153846
1.2176923076923076
1.09
1.0061538461538462
1.1357692307692309
1.166153846153846
1.2630769230769232
1.3026923076923076
1.2342307692307695
1.330769230769231
1.5450000000000002
1.576153846153846
1.558846153846154
1.3965384615384617
1.5196153846153846
1.7892307692307694
1.7330769230769232
1.633076923076923
1.7730769230769232
1.6688461538461539
1.6696153846153845
1.7792307692307692
1.9307692307692308
1.713846153846154
1.7796153846153844
1.7515384615384615
1.8192307692307692
1.8453846153846156
1.8269230769230769
1.9038461538461537
1.855
1.748076923076923
1.933846153846154
1.9953846153846155
2.0496153846153846
2.1273076923076926
2.1853846153846153
2.2984615384615386
2.154230769230769
2.0976923076923075
2.1757692307692307
2.2815384615384615
2.2673076923076922
2.31
2.306153846153846
2.414230769230769
2.2157692307692307
2.2415384615384615
2.276153846153846
2.4692307692307693
2.6180769230769227
2.5215384615384617
2.6550000000000002
2.651923076923077
2.7553846153846155
2.578076923076923
2.6092307692307695
2.5176923076923075
2.4023076923076925
2.5357692307692306
2.3996153846153847
2.6438461538461535
2.4953846153846153
2.327692307692308
2.3007692307692307
2.263076923076923
2.400384615384615
2.3026923076923076
2.33
2.359230769230769
2.3415384615384616
2.2423076923076923
2.3007692307692307
2.24
2.2392307692307694
2.2757692307692308
2.3623076923076924
2.5957692307692306
2.519230769230769
2.4276923076923076
2.4784615384615383
2.579615384615385
2.3615384615384616
2.3830769230769233
2.3665384615384615
2.426923076923077
2.4657692307692307
2.5153846153846158
2.436923076923077
2.524230769230769
2.5153846153846158
2.5488461538461538
2.4765384615384614
2.4646153846153847
2.6738461538461538
2.7673076923076922
2.6796153846153845
2.676153846153846
2.744230769230769
2.7615384615384615
2.685769230769231
2.619230769230769
2.7023076923076923
2.5957692307692306
2.6826923076923075
2.583846153846154
2.5138461538461536
2.397307692307692
2.3484615384615384
2.3446153846153845
2.5334615384615384
2.4526923076923075
2.394230769230769
2.3642307692307694
2.435
2.311923076923077
2.4842307692307695
2.45
2.6061538461538465
2.4703846153846154
2.521153846153846
2.599615384615385
2.2342307692307695
2.279230769230769
2.435769230769231
2.301153846153846
2.228846153846154
2.291153846153846
2.105769230769231
1.9861538461538462
2.1903846153846156
2.0676923076923077
2.088076923076923
2.195
2.0953846153846154
2.120769230769231
2.1865384615384618
2.169230769230769
2.0453846153846156
2.0373076923076923
2.081153846153846
2.2115384615384617
2.2853846153846153
2.23
2.0576923076923075
1.8923076923076925
1.9853846153846153
1.9684615384615385
1.8726923076923077
1.833076923076923
1.8988461538461539
1.808076923076923
1.7515384615384615
1.741923076923077
1.7073076923076924
1.7246153846153847
1.5926923076923076
1.6315384615384616
1.521153846153846
1.6196153846153847
1.7430769230769232
1.6561538461538463
1.6353846153846154
1.3765384615384615
1.3934615384615383
1.3900000000000001
1.2915384615384615
1.2892307692307694
1.3407692307692307
1.389230769230769
1.393076923076923
1.3103846153846155
1.268846153846154
1.2880769230769231
1.3411538461538461
1.2261538461538461
1.271923076923077
1.1565384615384615
1.1019230769230768
1.121923076923077
1.1826923076923077
1.2692307692307692
1.198076923076923
1.1638461538461538
1.096923076923077
1.1711538461538462
1.1046153846153846
1.0676923076923077
1.0126923076923076
0.97
0.9842307692307692
1.0653846153846154
1.1457692307692307
0.9703846153846154
0.9915384615384616
0.9761538461538461
0.8142307692307693
0.7923076923076924
0.7288461538461538
0.7211538461538461
0.7357692307692307
0.7638461538461538
0.7553846153846154
0.7326923076923078
0.6273076923076923
0.6557692307692308
0.7476923076923078
0.6442307692307693
0.7503846153846154
0.6892307692307693
0.7015384615384614
0.6357692307692309
0.7292307692307692
0.8284615384615385
0.7753846153846153
0.818076923076923
0.7884615384615384
0.6853846153846154
0.6380769230769231
0.5261538461538462
0.5553846153846154
0.7630769230769231
0.6592307692307693
0.6715384615384615
0.6919230769230769
0.5815384615384616
0.4776923076923077
0.49038461538461536
0.4888461538461539
0.4746153846153846
0.43192307692307697
0.5103846153846154
0.5334615384615385
0.3584615384615385
0.36961538461538457
0.3961538461538462
0.5238461538461539
0.6019230769230769
0.49653846153846154
0.541923076923077
0.45692307692307693
0.3861538461538461
0.35
0.3465384615384615
0.45038461538461544
0.4734615384615385
0.5776923076923077
0.4984615384615385
0.48115384615384615
0.3469230769230769
0.3230769230769231
0.3688461538461538
0.28846153846153844
0.3076923076923077
0.3565384615384615
0.3811538461538462
0.45153846153846156
0.40846153846153843
0.4373076923076923
0.3946153846153846
0.37846153846153846
0.37884615384615383
0.34923076923076923
0.4019230769230769
0.4703846153846154
0.4392307692307692
0.46499999999999997
0.4434615384615385
0.5034615384615384
0.49769230769230766
0.5596153846153846
0.573076923076923
0.5938461538461538
0.39961538461538465
0.34923076923076923
0.41884615384615387
