pet
0.40923076923076923
0.37423076923076926
0.3607692307692308
0.31461538461538463
0.4107692307692308
0.39499999999999996
0.4969230769230769
0.3703846153846154
0.3538461538461538
0.44461538461538463
0.4896153846153846
0.5038461538461538
0.4226923076923077
0.41923076923076924
0.4715384615384615
0.4107692307692308
0.3261538461538462
0.44884615384615384
0.48423076923076924
0.37000000000000005
0.29615384615384616
0.38846153846153847
0.4061538461538462
0.4688461538461538
0.4876923076923077
0.5126923076923077
0.5165384615384615
0.5446153846153846
0.435
0.4246153846153847
0.53
0.573076923076923
0.5184615384615385
0.5273076923076924
0.6215384615384616
0.556923076923077
0.475
0.47115384615384615
0.5469230769230768
0.4707692307692308
0.4461538461538461
0.5665384615384615
0.6061538461538462
0.5126923076923077
0.6257692307692307
0.7323076923076923
0.6469230769230769
0.6565384615384615
0.6476923076923077
0.7461538461538461
0.7346153846153847
0.7938461538461539
0.7265384615384616
0.7984615384615386
0.6584615384615385
0.7899999999999999
0.6542307692307693
0.6338461538461538
0.6453846153846154
0.5623076923076923
0.6703846153846154
0.5646153846153846
0.5507692307692308
0.6107692307692308
0.7926923076923077
0.9092307692307693
0.9161538461538462
1.061923076923077
1.008846153846154
1.0315384615384615
0.9188461538461539
0.9353846153846154
1.1503846153846153
1.2561538461538464
1.286153846153846
1.2073076923076924
1.116923076923077
1.22
1.0923076923076922
1.125
1.1623076923076923
1.2007692307692308
1.2346153846153847
1.3757692307692309
1.3623076923076924
1.341923076923077
1.386923076923077
1.4184615384615387
1.5711538461538461
1.5230769230769232
1.4873076923076924
1.4842307692307695
1.563076923076923
1.5450000000000002
1.6307692307692307
1.5303846153846155
1.313076923076923
1.5423076923076924
1.6203846153846153
1.5396153846153846
1.4692307692307693
1.4961538461538462
1.6476923076923078
1.6638461538461538
1.706923076923077
1.7323076923076923
1.7769230769230768
1.6684615384615387
1.6700000000000002
1.8984615384615384
2.1530769230769233
2.2615384615384615
2.235
2.2492307692307696
2.0215384615384617
1.9053846153846155
1.9803846153846154
1.9023076923076923
1.8753846153846152
1.9715384615384615
2.103846153846154
2.1757692307692307
2.289230769230769
2.2973076923076925
2.288076923076923
2.2853846153846153
2.573846153846154
2.4503846153846154
2.550769230769231
2.69
2.5203846153846152
2.395769230769231
2.4226923076923077
2.298076923076923
2.556923076923077
2.568076923076923
2.5807692307692305
2.5688461538461542
2.665769230769231
2.6180769230769227
2.685769230769231
2.5746153846153845
2.633076923076923
2.5761538461538462
2.7176923076923076
2.6811538461538458
2.677692307692308
2.5707692307692307
2.766153846153846
2.7392307692307694
2.910769230769231
2.9315384615384614
2.603846153846154
2.4892307692307694
2.2746153846153847
2.2903846153846152
2.3465384615384615
2.4873076923076924
2.5153846153846158
2.5803846153846157
2.628076923076923
2.419230769230769
2.3261538461538462
2.2953846153846156
2.2765384615384616
2.365
2.725769230769231
2.7069230769230765
2.6957692307692307
2.563076923076923
2.3834615384615385
2.374615384615385
2.4688461538461537
2.5373076923076923
2.5126923076923076
2.5076923076923077
2.5876923076923077
2.5507692307692307
2.4484615384615385
2.5911538461538464
2.448846153846154
2.5957692307692306
2.7096153846153848
2.5503846153846155
2.6196153846153845
2.6553846153846155
2.649230769230769
2.546538461538461
2.5084615384615385
2.582307692307692
2.5942307692307693
2.515
2.3657692307692306
2.325
2.3065384615384614
2.4780769230769235
2.596538461538462
2.599615384615385
2.7515384615384617
2.818076923076923
2.564230769230769
2.398846153846154
2.553076923076923
2.6146153846153846
2.4842307692307695
2.6134615384615385
2.483461538461538
2.4984615384615383
2.4023076923076925
2.4034615384615385
2.313846153846154
2.3684615384615384
2.44
2.395
2.438846153846154
2.374615384615385
2.310769230769231
2.3196153846153846
2.1634615384615383
2.2746153846153847
2.286538461538462
2.188076923076923
2.3615384615384616
2.2476923076923074
2.3034615384615384
2.278076923076923
2.0153846153846153
2.1153846153846154
2.056153846153846
2.084230769230769
2.1053846153846156
2.0046153846153847
1.9838461538461538
1.998076923076923
2.023846153846154
1.7976923076923077
1.8369230769230769
1.698076923076923
1.708076923076923
1.6842307692307692
1.5392307692307694
1.5834615384615385
1.573076923076923
1.6442307692307692
1.8615384615384616
1.7142307692307692
1.855
1.8853846153846152
1.725
1.7153846153846155
1.7192307692307693
1.636923076923077
1.7392307692307691
1.6965384615384616
1.4957692307692307
1.4142307692307692
1.3807692307692307
1.3446153846153845
1.2634615384615384
1.2842307692307693
1.301923076923077
1.3484615384615386
1.3138461538461539
1.3680769230769232
1.3738461538461537
1.196923076923077
1.2392307692307691
1.2565384615384616
1.1719230769230768
1.2249999999999999
1.3788461538461538
1.2011538461538462
1.2984615384615383
1.166923076923077
1.0923076923076922
1.0603846153846155
0.9526923076923077
0.9907692307692308
0.9765384615384616
1.04
1.091923076923077
0.9853846153846154
1.0492307692307692
0.9253846153846154
0.9646153846153845
1.0765384615384614
0.9346153846153846
0.8780769230769232
0.9023076923076924
0.7684615384615385
0.8192307692307692
0.7892307692307692
0.7746153846153846
0.8669230769230769
0.7803846153846153
0.8253846153846154
0.9023076923076924
0.8111538461538461
0.7915384615384615
0.9292307692307692
0.7392307692307691
0.7176923076923077
0.7734615384615384
0.7696153846153847
0.7580769230769231
0.7096153846153845
0.6111538461538462
0.6307692307692307
0.5888461538461539
0.5253846153846153
0.551923076923077
0.47846153846153844
0.5157692307692308
0.5434615384615384
0.5334615384615384
0.5511538461538461
0.4826923076923077
0.5057692307692307
0.6488461538461539
0.525
0.5438461538461539
0.4757692307692307
0.43115384615384617
0.4046153846153846
0.39961538461538465
0.2976923076923077
0.35038461538461535
0.3692307692307692
0.34730769230769226
0.4103846153846154
0.44
0.44461538461538463
0.43038461538461537
0.46192307692307694
0.3719230769230769
0.38769230769230767
0.2569230769230769
0.3215384615384615
0.46576923076923077
0.4380769230769231
0.3923076923076923
0.38269230769230766
0.3511538461538462
0.40923076923076923
0.3161538461538462
0.4226923076923077
0.38346153846153846
0.34038461538461545
0.3723076923076923
0.3469230769230769
0.31653846153846155
0.34346153846153843
0.3780769230769231
0.3392307692307692
0.4215384615384616
0.5030769230769231
0.5988461538461538
0.5084615384615385
0.4015384615384615
0.37423076923076926
0.35807692307692307
0.29923076923076924
0.39653846153846156
0.4815384615384615
0.5146153846153847
