temperature
5.833846153846154
5.491153846153846
5.331538461538462
5.075384615384616
5.249230769230769
5.148461538461539
5.569615384615385
5.337692307692308
5.158461538461538
5.730769230769231
6.076153846153845
6.453846153846154
5.94423076923077
5.883076923076923
6.229615384615385
5.87
5.556538461538461
5.912692307692307
5.7846153846153845
4.959615384615384
4.9350000000000005
5.016153846153847
4.964230769230769
4.961538461538462
5.261153846153846
5.204999999999999
5.570769230769231
5.631923076923077
5.5965384615384615
5.089230769230769
5.480384615384616
5.377692307692308
5.3476923076923075
5.3961538461538465
6.199999999999999
6.09
5.545384615384616
5.450384615384616
5.147692307692308
4.873461538461539
4.983461538461539
5.627307692307692
5.887692307692307
5.269230769230769
5.794615384615384
6.281153846153846
5.931923076923076
6.389230769230769
6.063461538461539
6.538076923076924
6.707692307692308
6.977692307692307
6.699999999999999
6.493076923076923
6.293461538461538
6.286538461538461
6.007307692307692
5.760384615384615
5.4399999999999995
5.437307692307693
5.733846153846153
5.588461538461539
5.424230769230769
5.535769230769231
6.252307692307692
6.931538461538461
7.561153846153847
7.561923076923078
7.639615384615384
7.319999999999999
7.216923076923076
6.739615384615385
7.803846153846154
8.397692307692308
7.876923076923077
7.8234615384615385
7.016923076923077
7.268461538461538
7.345769230769231
7.786153846153846
7.708846153846154
7.846923076923077
7.740769230769231
8.110384615384616
8.12076923076923
8.25923076923077
8.694230769230769
8.50423076923077
8.777307692307692
8.725769230769231
8.722692307692308
8.81653846153846
8.653461538461539
8.596153846153847
8.763846153846155
8.599615384615385
7.922307692307692
8.442692307692308
8.96
8.540384615384614
8.468461538461538
8.95076923076923
9.069615384615386
8.989615384615385
9.057307692307692
9.125769230769231
9.526923076923076
9.096923076923078
9.142307692307693
10.018846153846154
11.00923076923077
10.894615384615385
11.07
11.273076923076925
10.671153846153846
10.058076923076923
10.17153846153846
10.260384615384615
9.74423076923077
10.237307692307693
10.554615384615385
10.817307692307692
11.076153846153847
10.932307692307692
11.178461538461537
11.292307692307693
12.095769230769232
12.178461538461537
12.204615384615384
12.678076923076922
12.38076923076923
12.092307692307692
11.925384615384615
11.851923076923075
12.541153846153845
12.416153846153845
12.386153846153848
12.343846153846155
12.618846153846153
12.741538461538461
12.973846153846154
12.989615384615385
13.127307692307692
13.167307692307693
13.439615384615385
13.778076923076924
13.50923076923077
13.58423076923077
13.83
14.038461538461538
13.94
15.466153846153846
14.781153846153845
14.740384615384615
14.278461538461539
14.45
14.279615384615385
14.00576923076923
14.442692307692308
15.065
15.027307692307694
14.900384615384617
14.594999999999999
15.103846153846153
15.13423076923077
15.058461538461538
15.75923076923077
15.95923076923077
16.021923076923077
15.799230769230771
15.544230769230769
15.495384615384616
15.447307692307692
15.712307692307691
15.77
16.28923076923077
16.324615384615385
16.11769230769231
16.357307692307693
16.570384615384615
16.468846153846155
16.549615384615386
16.395384615384618
16.658846153846152
16.198461538461537
16.355
16.711153846153845
16.825769230769232
16.998076923076923
17.346923076923076
16.88346153846154
16.884615384615383
16.832692307692305
16.598846153846154
17.11923076923077
17.226153846153846
17.574615384615385
17.640384615384615
18.094615384615384
18.254615384615384
17.517307692307693
17.42269230769231
17.286153846153844
17.681538461538462
17.497307692307693
18.271153846153847
17.869230769230768
17.587692307692308
17.581153846153846
17.353846153846153
17.17269230769231
17.36923076923077
17.613076923076925
17.702692307692306
17.807692307692307
17.47653846153846
17.515
17.450384615384614
17.36769230769231
17.91346153846154
17.457692307692305
17.674615384615386
17.76423076923077
17.478846153846153
17.87923076923077
17.324615384615385
17.120384615384616
16.965
16.99153846153846
16.830384615384617
16.853076923076923
16.963846153846156
17.183846153846154
17.284230769230767
17.06
16.49923076923077
17.173076923076923
16.632692307692306
16.251153846153848
16.011153846153846
15.86576923076923
15.927692307692308
15.593076923076923
15.534615384615384
16.338846153846156
16.273846153846154
16.34769230769231
16.41076923076923
16.190384615384616
15.835769230769232
16.026153846153846
15.65846153846154
16.165769230769232
15.708076923076923
15.275000000000002
14.946923076923078
14.663076923076924
14.964230769230769
14.432692307692308
14.443461538461538
14.735384615384616
14.843076923076923
14.870000000000001
14.76576923076923
14.650384615384617
14.295769230769231
13.909615384615384
13.882692307692308
14.042692307692308
14.036153846153846
13.916923076923077
14.332692307692309
14.55076923076923
13.541153846153845
13.110000000000001
12.954230769230769
12.330769230769231
12.904615384615385
12.288846153846153
12.302692307692308
13.033846153846154
12.751538461538463
13.13423076923077
12.208846153846155
12.14576923076923
12.105
11.728846153846153
12.032692307692308
11.693846153846154
10.995000000000001
11.218846153846155
11.047307692307694
11.178076923076922
11.251153846153844
10.877307692307692
11.283846153846154
11.218846153846155
11.509615384615385
11.297692307692309
10.90576923076923
10.888846153846155
10.615
10.802692307692308
10.725000000000001
10.02
9.671538461538463
9.571538461538461
9.365
9.521923076923077
9.141153846153845
9.108461538461539
9.045
9.093461538461538
9.475
9.185
8.680769230769231
8.421153846153846
8.129615384615384
8.53923076923077
8.143461538461539
8.486153846153845
8.076153846153847
7.7288461538461535
7.655384615384615
7.308076923076923
7.016923076923077
6.849615384615385
7.355384615384616
7.0976923076923075
7.157307692307692
7.085384615384616
7.003076923076923
6.924615384615384
6.6146153846153855
6.203846153846154
6.167692307692308
6.076923076923077
6.106538461538462
6.59923076923077
6.956538461538462
6.523461538461538
6.374615384615385
6.496153846153846
6.347307692307693
5.95423076923077
6.513846153846154
6.235
6.397307692307693
6.243846153846154
6.008461538461538
5.726923076923077
5.775
5.2092307692307696
5.621538461538462
6.4692307692307685
6.818461538461539
7.4338461538461535
6.981153846153846
6.188846153846153
6.133461538461538
5.606538461538461
4.946538461538462
5.955
6.193846153846153
5.9
