temperature
3.2199999999999998
2.9203846153846156
2.601153846153846
2.7253846153846153
3.0561538461538458
2.9930769230769227
3.488076923076923
3.1769230769230767
3.000384615384615
3.5730769230769233
3.847692307692308
4.069999999999999
3.584230769230769
3.238846153846154
3.4861538461538464
3.1334615384615385
3.0576923076923075
3.388076923076923
3.5184615384615388
2.9946153846153845
2.52
2.6538461538461537
2.7169230769230768
2.991923076923077
3.5
3.3969230769230765
3.38
3.560769230769231
3.1034615384615383
2.7011538461538462
3.0576923076923075
3.315
3.133846153846154
3.3884615384615384
4.143076923076923
3.828461538461539
3.0730769230769233
2.9865384615384616
3.0334615384615384
2.8034615384615384
2.7703846153846152
3.471538461538461
3.7265384615384614
3.185
3.7253846153846153
4.386153846153846
3.850769230769231
4.203076923076923
3.765384615384615
3.993846153846154
4.248846153846154
4.523461538461539
4.1438461538461535
4.505769230769231
3.899230769230769
4.400384615384615
3.983461538461538
3.608076923076923
3.3407692307692307
3.388076923076923
3.5026923076923073
3.2403846153846154
3.1092307692307695
3.4050000000000002
4.006153846153846
4.829615384615385
4.933076923076923
5.635384615384615
5.374230769230769
5.264615384615384
4.828076923076923
4.820769230769231
5.891923076923077
6.201923076923077
6.043461538461538
5.940769230769231
5.322307692307692
5.5442307692307695
5.251153846153846
5.5673076923076925
5.580384615384616
5.850384615384616
6.014230769230769
6.341153846153846
6.309615384615385
6.119230769230769
6.554230769230769
6.718846153846154
6.908461538461538
6.985
6.647692307692308
6.6049999999999995
6.873076923076923
6.519230769230769
6.901923076923077
6.833846153846154
5.897307692307693
6.872307692307692
7.063846153846153
6.553846153846154
6.5976923076923075
6.526923076923077
6.928076923076923
7.385384615384615
7.416538461538461
7.453076923076923
7.474615384615385
7.303846153846154
7.257307692307692
8.170384615384616
8.918461538461539
9.379999999999999
9.321153846153846
9.413076923076924
8.693846153846154
8.125
8.521538461538462
8.180384615384614
8.003076923076923
8.573846153846153
8.982692307692307
8.991538461538461
9.225769230769231
9.146538461538462
9.371538461538462
9.235384615384616
10.17923076923077
10.046153846153846
10.468461538461538
10.766538461538461
10.056153846153846
9.865384615384615
10.05923076923077
9.871538461538462
10.778076923076924
10.535
10.581538461538461
10.814615384615385
11.268076923076924
11.124615384615385
11.197307692307692
11.118461538461538
11.441923076923077
11.243846153846155
11.541153846153845
11.463461538461539
11.737307692307693
11.622692307692308
11.806923076923077
11.904615384615385
12.624615384615385
13.531153846153845
13.204615384615384
12.605384615384615
11.95923076923077
12.274615384615384
12.305384615384614
12.673461538461538
12.80423076923077
13.280384615384616
13.093076923076923
12.834999999999999
12.707692307692307
13.071923076923078
13.002307692307692
13.186923076923078
14.177307692307693
14.2
14.256153846153847
13.848461538461539
13.553076923076922
13.417692307692308
13.82
14.206153846153846
14.029230769230768
13.997307692307693
14.542692307692308
13.960769230769232
14.03730769230769
14.447307692307692
14.246538461538462
14.75576923076923
14.95923076923077
14.63846153846154
14.850769230769231
15.058846153846154
14.904230769230768
14.932692307692308
14.954615384615384
14.956923076923077
15.126153846153848
14.74923076923077
14.72923076923077
14.430384615384614
14.748846153846152
15.18
15.68923076923077
15.758461538461539
16.40269230769231
16.413076923076922
15.49
14.873076923076923
15.603846153846153
15.96653846153846
15.607307692307693
16.27730769230769
15.925384615384615
15.725384615384616
15.551923076923078
15.501538461538463
15.235000000000001
15.329230769230769
15.714230769230769
15.800384615384615
15.916538461538462
15.540384615384616
15.499615384615385
15.887307692307692
15.553076923076922
15.766923076923076
15.79076923076923
15.262692307692307
15.966923076923077
15.412307692307694
15.580384615384615
15.640769230769232
15.131538461538462
15.011153846153848
15.07076923076923
15.056153846153846
15.091923076923077
14.879999999999999
14.888076923076925
15.321153846153846
15.193846153846154
14.330769230769231
14.60423076923077
14.038461538461538
14.137307692307692
13.811153846153847
13.377692307692307
13.575769230769232
13.36076923076923
13.535
14.576538461538462
13.833846153846155
14.245000000000001
14.305384615384614
13.772307692307692
13.686923076923078
13.735000000000001
13.671153846153846
13.856153846153846
13.643461538461539
13.083461538461538
12.743076923076924
12.83423076923077
12.796923076923077
12.23923076923077
12.055384615384614
12.399999999999999
12.657307692307691
12.591923076923077
12.48576923076923
12.305384615384614
12.003076923076922
11.660384615384617
11.885384615384615
11.568461538461538
11.812692307692307
12.188846153846155
11.975000000000001
11.942307692307692
11.172692307692309
10.42153846153846
10.441153846153847
10.092692307692309
10.527692307692309
9.935384615384615
10.173461538461538
10.75423076923077
10.27346153846154
10.554615384615385
9.930384615384614
10.061923076923078
10.133846153846154
9.715384615384615
9.59423076923077
9.491153846153846
8.87346153846154
9.046153846153846
8.793846153846154
8.536153846153846
9.042692307692308
8.694230769230769
8.723461538461539
8.968461538461538
8.856538461538461
8.400384615384615
8.68923076923077
8.336538461538462
7.980769230769231
8.305384615384614
8.155
8.187307692307693
7.850384615384616
7.351923076923077
7.018846153846154
7.107307692307692
6.778076923076923
6.764615384615384
6.3173076923076925
6.230769230769231
6.870384615384615
6.6534615384615385
6.574999999999999
6.137307692307692
6.180000000000001
6.921538461538462
6.110769230769231
5.9180769230769235
5.516153846153846
5.113846153846154
4.771538461538461
4.524230769230769
4.357307692307692
4.390384615384615
4.72
4.5188461538461535
5.084615384615384
4.798461538461539
4.541153846153846
4.428461538461539
4.365769230769231
3.9426923076923077
4.036538461538462
3.8061538461538467
3.863076923076923
4.3342307692307696
4.291153846153846
3.9861538461538464
3.9223076923076925
3.9323076923076923
3.88
3.664230769230769
4.025384615384615
3.5961538461538463
3.5342307692307693
3.7688461538461535
3.5523076923076924
2.9846153846153842
2.9465384615384616
3.1076923076923078
2.8319230769230765
3.436153846153846
4.08
4.599615384615385
4.33
3.584230769230769
3.3715384615384614
2.9930769230769227
2.7234615384615384
3.212307692307692
3.651923076923077
3.5157692307692305
