temperature
2.540769230769231
2.208076923076923
1.7969230769230768
2.0134615384615384
2.335384615384615
2.4076923076923076
2.8126923076923074
2.478846153846154
2.3473076923076923
2.976923076923077
3.1530769230769233
3.3423076923076924
2.8530769230769235
2.537692307692308
2.7384615384615385
2.399230769230769
2.3226923076923076
2.712307692307692
2.82
2.301153846153846
1.7650000000000001
2.026923076923077
2.0773076923076923
2.386923076923077
2.891538461538462
2.7761538461538464
2.5992307692307692
2.7188461538461537
2.2573076923076925
1.8607692307692305
2.207692307692308
2.5515384615384615
2.295
2.6561538461538463
3.2296153846153848
2.8723076923076927
2.3034615384615384
2.176153846153846
2.165769230769231
2.0084615384615385
1.9146153846153846
2.6799999999999997
2.996923076923077
2.4826923076923078
3.1015384615384614
3.612692307692308
3.0142307692307693
3.3234615384615385
3.0523076923076924
3.1826923076923075
3.37
3.601923076923077
3.118846153846154
3.5430769230769235
2.914615384615385
3.4857692307692307
3.032692307692308
2.616153846153846
2.318076923076923
2.328076923076923
2.4942307692307697
2.2615384615384615
2.1665384615384613
2.476923076923077
3.0676923076923077
3.8203846153846155
3.9403846153846156
4.615
4.448076923076924
4.309230769230769
3.816153846153846
3.9615384615384617
4.863076923076923
5.244230769230769
5.333846153846154
5.050000000000001
4.457692307692308
4.746153846153846
4.3803846153846155
4.523461538461539
4.707692307692308
4.842692307692308
5.020384615384615
5.392307692307692
5.386538461538462
5.179615384615384
5.476153846153846
5.673461538461538
5.997307692307692
5.949999999999999
5.516923076923077
5.532307692307692
5.9180769230769235
5.6219230769230775
6.003846153846154
5.815769230769231
4.919615384615384
5.870769230769231
6.121923076923077
5.643846153846154
5.541153846153846
5.391538461538461
5.747692307692308
6.182307692307693
6.209615384615384
6.413076923076924
6.438461538461539
6.202307692307692
6.174230769230769
7.077307692307692
7.911153846153846
8.398076923076923
8.331923076923077
8.352307692307692
7.572307692307692
7.122307692307692
7.53923076923077
7.171538461538462
6.970769230769231
7.46
7.972307692307693
8.012692307692308
8.23423076923077
8.215384615384615
8.322307692307692
8.18
9.173076923076923
9.018846153846154
9.481923076923078
9.746538461538462
9.118846153846153
8.930384615384614
9.14423076923077
8.907692307692308
9.795769230769231
9.572692307692309
9.621153846153847
9.871923076923078
10.201923076923077
10.121538461538462
10.32423076923077
10.064615384615385
10.456153846153846
10.250384615384615
10.601153846153846
10.395384615384614
10.705769230769231
10.481923076923076
10.861923076923079
11.050384615384615
11.733461538461539
12.507692307692308
12.008076923076922
11.564615384615385
10.852307692307692
11.163461538461538
11.280384615384616
11.80423076923077
11.905384615384616
12.271923076923077
12.145384615384616
11.743461538461538
11.573076923076922
11.848076923076924
11.741153846153846
11.968461538461538
13.190384615384614
13.163076923076924
13.239615384615385
12.78730769230769
12.441153846153847
12.293846153846154
12.890384615384615
13.166923076923078
13.047307692307694
12.830769230769231
13.374615384615385
13.06076923076923
12.960384615384614
13.486153846153845
13.145
13.660769230769231
13.971153846153847
13.567307692307692
13.893076923076922
14.076153846153847
13.887307692307692
13.855
13.829615384615384
13.968461538461538
14.149230769230769
13.762307692307692
13.61423076923077
13.458076923076922
13.669230769230769
14.088076923076924
14.540000000000001
14.665384615384616
15.347307692307693
15.326538461538462
14.489615384615385
13.91
14.610000000000001
14.93
14.520384615384614
15.166153846153845
14.83769230769231
14.751923076923077
14.460384615384614
14.531538461538462
14.230384615384615
14.316538461538462
14.773076923076925
14.766153846153847
14.91
14.55923076923077
14.532692307692308
14.844615384615384
14.444230769230769
14.69346153846154
14.677307692307693
14.29653846153846
14.923461538461538
14.466923076923077
14.653846153846153
14.629999999999999
14.080384615384615
14.046153846153846
14.036538461538461
14.194230769230769
14.17923076923077
13.871923076923078
13.873846153846156
14.228076923076923
14.22
13.419230769230769
13.592307692307692
12.997307692307693
13.133076923076922
12.897692307692306
12.317692307692308
12.47923076923077
12.343846153846155
12.646538461538462
13.593846153846155
12.937692307692307
13.233846153846153
13.284615384615384
12.789615384615386
12.743076923076924
12.81076923076923
12.682692307692308
12.923461538461538
12.672307692307694
12.161923076923076
11.731538461538461
11.918846153846154
11.724230769230768
11.20923076923077
11.182692307692308
11.481923076923078
11.782307692307691
11.526923076923076
11.609230769230768
11.471153846153847
11.026538461538461
10.768461538461539
10.946153846153846
10.611153846153845
10.902692307692307
11.31
10.974615384615387
11.13076923076923
10.31346153846154
9.62346153846154
9.605
9.179615384615385
9.646538461538462
9.121923076923077
9.470384615384615
9.936153846153847
9.43346153846154
9.656153846153845
9.143846153846154
9.35153846153846
9.465
8.879999999999999
8.811923076923078
8.77
8.120384615384616
8.218076923076923
7.956538461538462
7.817692307692307
8.275
7.917307692307692
7.986923076923077
8.17
8.064615384615385
7.705
8.037692307692307
7.511538461538462
7.2299999999999995
7.669615384615384
7.428461538461538
7.4157692307692304
7.056538461538461
6.515769230769231
6.306538461538461
6.2553846153846155
6.005769230769231
6.070769230769231
5.432307692307693
5.451923076923077
6.076538461538462
5.8173076923076925
5.851923076923077
5.356923076923077
5.5273076923076925
6.216538461538462
5.501153846153846
5.256153846153846
4.760769230769231
4.3938461538461535
3.935769230769231
3.7842307692307693
3.5603846153846157
3.761923076923077
4.015384615384615
3.8684615384615384
4.348076923076923
4.020384615384615
3.790769230769231
3.730384615384615
3.628076923076923
3.256923076923077
3.3473076923076923
3.0688461538461542
3.2007692307692306
3.668846153846154
3.552692307692308
3.335769230769231
3.2388461538461537
3.3215384615384616
3.266538461538462
3.134230769230769
3.426153846153846
2.928076923076923
2.6634615384615383
3.0015384615384613
2.787692307692308
2.335384615384615
2.3492307692307692
2.474615384615385
2.1753846153846155
2.737692307692308
3.545769230769231
3.9626923076923077
3.648076923076923
2.893076923076923
2.661153846153846
2.2984615384615386
2.0734615384615385
2.416153846153846
3.079615384615385
2.9426923076923077
