temperature
2.008695652173913
1.445217391304348
1.1013043478260869
1.1752173913043478
1.7352173913043476
1.6673913043478261
1.499565217391304
1.2943478260869565
1.2195652173913043
1.5952173913043481
1.3004347826086957
1.3252173913043477
2.2086956521739127
2.074782608695652
2.1769565217391302
1.6717391304347828
1.7969565217391303
1.9478260869565216
1.890869565217391
2.4843478260869567
2.5834782608695654
2.16
1.9908695652173913
1.3743478260869566
0.411304347826087
0.8586956521739131
1.0191304347826087
1.798695652173913
2.175217391304348
2.0478260869565217
2.0756521739130434
1.908695652173913
2.0630434782608695
2.1421739130434783
2.594782608695652
3.284347826086957
1.6582608695652175
1.0065217391304346
1.2069565217391305
1.0026086956521738
0.9139130434782609
1.6139130434782607
2.0130434782608697
1.8104347826086957
1.6104347826086955
0.7547826086956522
0.8552173913043479
1.547826086956522
1.6921739130434783
1.7956521739130433
1.5017391304347825
1.98
2.6030434782608696
2.438695652173913
2.387826086956522
2.573478260869565
2.5008695652173913
2.7195652173913043
1.7704347826086957
2.1
2.0356521739130433
2.1956521739130435
2.6091304347826085
3.2778260869565217
3.9899999999999998
3.890869565217391
3.4582608695652177
3.707391304347826
4.003478260869565
4.148260869565218
4.6039130434782605
4.196521739130435
3.3204347826086957
2.822173913043478
3.329565217391304
3.255217391304348
2.435217391304348
2.827391304347826
2.34
2.5095652173913043
2.568695652173913
2.6534782608695653
3.2273913043478264
3.572608695652174
3.563913043478261
3.489130434782609
3.220434782608695
4.103478260869565
4.923478260869565
5.01304347826087
4.575652173913043
3.4086956521739133
3.417391304347826
4.040434782608696
4.759565217391304
4.940434782608696
4.710869565217392
4.9052173913043475
4.881304347826087
5.187826086956521
4.818260869565218
4.4369565217391305
4.148260869565218
4.878260869565217
5.25304347826087
4.698695652173913
5.057272727272728
5.090454545454545
4.873181818181818
5.226818181818182
5.77
5.511818181818182
5.968636363636364
6.176818181818181
5.817727272727272
6.130454545454546
6.551363636363636
6.959090909090909
7.148636363636364
6.931363636363637
7.154090909090908
6.512727272727273
6.741818181818181
6.583636363636364
6.630454545454546
6.979545454545455
7.211818181818182
6.947272727272727
6.919090909090909
7.328636363636363
7.421363636363636
8.495454545454546
8.890454545454546
9.467272727272727
8.751363636363637
8.139545454545454
8.320454545454545
8.157727272727273
8.07409090909091
9.25090909090909
8.730909090909092
8.598636363636365
9.356363636363637
9.312272727272727
8.888636363636364
9.209090909090909
8.954545454545455
9.046363636363635
9.661818181818182
10.30409090909091
10.749090909090908
10.760454545454545
10.459090909090909
10.162272727272727
10.384090909090908
10.102727272727272
10.042727272727273
10.133636363636363
9.81590909090909
10.034545454545453
10.013636363636364
10.052727272727273
10.056363636363637
10.298636363636364
9.957272727272727
10.625909090909092
11.040454545454546
10.955454545454545
11.001818181818182
11.611818181818181
11.375454545454545
10.723636363636363
10.25
10.355454545454545
11.233636363636363
11.255454545454546
11.306818181818182
11.375909090909092
11.284090909090908
11.395
10.73090909090909
10.72409090909091
11.456363636363635
12.024090909090908
12.198636363636364
12.042727272727273
12.38090909090909
12.792272727272728
12.350909090909092
12.930454545454547
12.643636363636364
13.030000000000001
12.700909090909091
12.472272727272726
12.374545454545455
11.487272727272726
11.682272727272727
12.036363636363637
12.549090909090909
13.17818181818182
12.942727272727273
12.34590909090909
13.027727272727274
13.14409090909091
13.182727272727272
13.534090909090908
13.656363636363636
13.65409090909091
13.57090909090909
13.368181818181819
13.555454545454547
12.835
13.216363636363637
13.234545454545456
12.853181818181817
12.719545454545454
12.751818181818182
12.541818181818183
12.280000000000001
12.090454545454547
12.138181818181819
12.741363636363637
13.114545454545453
12.478181818181817
12.590000000000002
12.500454545454545
12.54681818181818
12.310454545454546
12.485909090909091
13.322272727272725
13.055454545454547
12.80909090909091
11.995
11.355
11.363181818181818
11.416818181818181
11.365909090909092
11.469545454545456
11.752272727272727
12.14590909090909
11.624090909090908
11.596363636363636
11.952727272727271
11.483636363636363
11.549090909090909
11.549999999999999
11.126363636363637
10.614545454545455
10.217272727272727
10.909545454545453
10.749545454545455
10.802727272727273
10.271363636363636
9.472727272727273
9.587727272727273
9.13
9.225909090909092
9.423181818181819
10.007727272727273
9.852272727272727
9.942272727272728
10.110909090909091
10.298181818181819
9.799545454545454
9.703181818181818
9.674545454545454
9.119545454545454
9.135
8.948636363636364
8.837727272727273
9.10909090909091
9.136363636363637
9.401363636363637
8.74
8.569545454545455
8.371363636363638
8.265454545454546
8.384545454545455
7.996363636363637
7.994090909090909
8.250454545454545
7.867727272727273
7.298636363636363
7.49
7.277727272727273
7.319545454545454
7.6000000000000005
6.836818181818182
6.975454545454546
6.7304545454545455
7.043636363636364
6.344545454545455
5.640909090909091
6.260454545454545
6.311818181818182
6.490909090909091
6.35
6.234545454545454
6.156363636363636
6.251363636363636
6.07590909090909
5.840909090909091
5.844545454545455
5.782272727272727
5.393478260869565
5.732173913043479
5.395217391304348
4.927826086956522
4.784782608695652
5.539130434782609
5.271304347826087
4.869565217391305
5.031304347826087
4.5578260869565215
4.064347826086957
4.135217391304348
4.398260869565218
4.0456521739130435
4.2965217391304344
3.7699999999999996
3.7969565217391303
3.78695652173913
2.9343478260869564
3.2673913043478264
3.89
3.781739130434783
3.5243478260869567
3.16
3.4756521739130433
2.7930434782608695
3.4756521739130433
3.2373913043478266
2.778260869565217
3.387826086956522
3.688695652173913
4.129565217391304
3.363913043478261
2.8460869565217393
2.9139130434782605
1.7808695652173914
1.5217391304347827
2.3756521739130436
2.723478260869565
3.3365217391304345
3.103478260869565
2.7121739130434785
2.7026086956521738
2.741739130434783
2.1052173913043477
2.5843478260869563
2.142608695652174
1.7626086956521738
1.6917391304347829
1.338695652173913
1.6021739130434782
1.6791304347826086
1.852608695652174
2.630434782608696
1.798695652173913
1.016086956521739
0.9139130434782609
1.126086956521739
0.8856521739130435
1.3047826086956522
1.7830434782608695
