pet
0.47961538461538467
0.3988461538461539
0.3703846153846154
0.3523076923076923
0.3930769230769231
0.41192307692307695
0.5346153846153846
0.46846153846153843
0.44
0.4503846153846153
0.56
0.5403846153846155
0.5103846153846153
0.4326923076923077
0.5357692307692308
0.48000000000000004
0.40653846153846157
0.5261538461538462
0.5976923076923077
0.47538461538461535
0.3211538461538461
0.4238461538461538
0.4326923076923077
0.43769230769230766
0.5203846153846153
0.4803846153846154
0.556923076923077
0.6057692307692307
0.5692307692307692
0.49500000000000005
0.6242307692307693
0.66
0.6419230769230768
0.5869230769230769
0.7492307692307693
0.731923076923077
0.5603846153846154
0.5784615384615385
0.6376923076923078
0.556923076923077
0.5480769230769231
0.7023076923076922
0.6719230769230768
0.5107692307692308
0.6161538461538462
0.7911538461538462
0.7184615384615385
0.7961538461538461
0.6849999999999999
0.83
0.8973076923076924
0.9369230769230769
0.8842307692307693
0.9138461538461539
0.8361538461538461
0.865
0.801923076923077
0.8234615384615385
0.7515384615384615
0.7884615384615384
0.8280769230769232
0.7496153846153846
0.7253846153846154
0.7653846153846154
0.9749999999999999
1.1288461538461538
1.1707692307692308
1.3226923076923076
1.2696153846153846
1.241153846153846
1.1642307692307692
1.0396153846153846
1.373076923076923
1.5507692307692307
1.4184615384615387
1.4396153846153845
1.32
1.2638461538461538
1.2526923076923078
1.3746153846153848
1.293076923076923
1.408076923076923
1.4288461538461539
1.4549999999999998
1.4942307692307693
1.4769230769230768
1.6861538461538461
1.6984615384615382
1.8073076923076923
1.7834615384615384
1.8146153846153845
1.848076923076923
1.8796153846153845
1.7484615384615385
1.8753846153846152
1.7950000000000002
1.5538461538461539
1.77
1.9215384615384616
1.7888461538461538
1.7342307692307695
1.7630769230769232
1.9196153846153845
2.0507692307692307
2.046153846153846
1.9476923076923076
2.0515384615384615
1.9684615384615385
1.9611538461538462
2.1607692307692306
2.4596153846153848
2.512307692307692
2.5115384615384615
2.629230769230769
2.335769230769231
2.1788461538461537
2.2446153846153845
2.1973076923076924
2.045
2.27
2.443846153846154
2.509230769230769
2.5
2.5046153846153847
2.6326923076923077
2.6557692307692307
2.924615384615385
2.89
2.861923076923077
3.013076923076923
2.7826923076923076
2.6938461538461533
2.685
2.5484615384615386
2.869230769230769
2.8607692307692307
2.7961538461538464
2.826923076923077
2.9711538461538463
2.9153846153846152
2.8726923076923074
2.9253846153846155
2.9626923076923077
2.936923076923077
3.0288461538461537
3.0592307692307696
3.105384615384615
2.995769230769231
2.9915384615384615
3.0369230769230766
3.1173076923076923
3.2388461538461537
3.0876923076923077
2.8892307692307693
2.7
2.7176923076923076
2.671923076923077
2.7365384615384616
2.7796153846153846
2.985
2.878076923076923
2.8892307692307693
2.73
2.917692307692308
2.924615384615385
2.964230769230769
3.1726923076923077
3.2311538461538465
3.1276923076923078
3.0715384615384616
2.979230769230769
2.9557692307692305
2.9507692307692306
3.0553846153846154
3.026923076923077
3.085
3.2353846153846155
3.0326923076923076
3.0573076923076923
3.191923076923077
3.116153846153846
3.273076923076923
3.1811538461538458
3.161153846153846
3.1711538461538464
3.2673076923076922
3.243846153846154
3.208846153846154
3.2838461538461536
3.2719230769230765
3.2311538461538465
3.099615384615385
3.1111538461538464
3.022692307692308
3.1834615384615383
3.223076923076923
3.371923076923077
3.338846153846154
3.553076923076923
3.6134615384615385
3.2569230769230773
3.128076923076923
3.210384615384615
3.3123076923076926
3.2373076923076924
3.4311538461538458
3.2976923076923077
3.162692307692308
3.1623076923076923
3.0288461538461537
2.957692307692308
3.0311538461538463
3.1107692307692307
2.9946153846153845
3.031538461538462
2.928846153846154
2.986923076923077
3.024230769230769
2.958846153846154
3.085769230769231
2.9376923076923074
2.7746153846153847
3.08
2.835
2.852307692307692
2.768076923076923
2.637307692307692
2.583076923076923
2.6403846153846158
2.6203846153846153
2.57
2.506153846153846
2.5446153846153843
2.686153846153846
2.5184615384615388
2.3634615384615385
2.5484615384615386
2.2857692307692306
2.204230769230769
2.12
2.1092307692307695
2.0311538461538463
1.9961538461538462
1.9930769230769232
2.3423076923076924
2.1776923076923076
2.3030769230769232
2.271153846153846
2.1784615384615384
2.0534615384615384
2.128846153846154
2.0288461538461537
2.248076923076923
2.135
1.9153846153846152
1.8699999999999999
1.8065384615384614
1.8203846153846153
1.7126923076923077
1.6380769230769232
1.7546153846153845
1.771923076923077
1.7673076923076925
1.7576923076923079
1.6746153846153846
1.6530769230769229
1.5384615384615385
1.5092307692307694
1.5173076923076925
1.5626923076923078
1.5688461538461538
1.6019230769230768
1.6176923076923078
1.481153846153846
1.373076923076923
1.3226923076923076
1.2326923076923075
1.308846153846154
1.1723076923076923
1.136923076923077
1.3523076923076922
1.2376923076923076
1.4
1.1334615384615385
1.1738461538461538
1.1792307692307693
1.080769230769231
1.0426923076923076
1.0896153846153847
0.9257692307692308
0.9738461538461538
0.9299999999999999
0.9176923076923077
1.0334615384615384
0.8719230769230768
1.051923076923077
1.066153846153846
1.05
0.9419230769230769
0.9838461538461538
1.0146153846153845
0.9211538461538461
0.9780769230769231
0.9142307692307692
0.8338461538461538
0.795
0.7007692307692307
0.6834615384615385
0.7003846153846154
0.6349999999999999
0.5653846153846154
0.5723076923076923
0.6207692307692307
0.6684615384615384
0.6242307692307693
0.5719230769230769
0.5888461538461539
0.5623076923076923
0.6607692307692308
0.5065384615384615
0.5646153846153846
0.5342307692307693
0.43961538461538463
0.40192307692307694
0.43230769230769234
0.36615384615384616
0.33692307692307694
0.41923076923076924
0.4215384615384616
0.48423076923076924
0.5042307692307693
0.4819230769230769
0.4465384615384615
0.4930769230769231
0.4215384615384616
0.4538461538461539
0.32923076923076927
0.36230769230769233
0.47884615384615387
0.5476923076923077
0.4153846153846154
0.4357692307692308
0.34769230769230774
0.3565384615384615
0.32346153846153847
0.45576923076923076
0.3703846153846154
0.41730769230769227
0.39923076923076917
0.4019230769230769
0.32923076923076927
0.3511538461538462
0.3376923076923077
0.3984615384615384
0.5315384615384615
0.5688461538461538
0.663076923076923
0.5942307692307692
0.4584615384615385
0.45423076923076927
0.43423076923076925
0.3030769230769231
0.48423076923076924
0.5588461538461538
0.5346153846153846
