temperature
3.799615384615385
3.895
3.582307692307692
4.447692307692308
4.755769230769231
4.001538461538462
4.135384615384615
4.631153846153846
4.857692307692307
4.536538461538462
3.3423076923076924
2.9619230769230764
3.406538461538461
4.218076923076923
4.116538461538462
3.7823076923076924
3.0280769230769233
3.3923076923076922
3.867692307692308
4.219615384615384
4.697692307692308
4.827307692307692
4.633461538461538
4.124615384615384
4.110769230769231
3.835769230769231
3.881153846153846
4.180384615384615
3.7757692307692308
2.985384615384615
3.4299999999999997
3.7007692307692306
3.996153846153846
4.469615384615384
4.3003846153846155
4.916538461538462
5.047692307692308
4.40423076923077
4.143461538461539
3.4511538461538462
3.3476923076923075
3.6365384615384615
3.439230769230769
2.726153846153846
2.3638461538461537
2.6599999999999997
2.8642307692307694
3.516923076923077
3.1926923076923077
3.213846153846154
3.306923076923077
3.5280769230769233
4.083846153846154
4.341153846153846
3.8915384615384614
3.6030769230769235
3.985
4.494230769230769
4.936153846153847
4.950769230769231
5.3003846153846155
4.8161538461538465
4.678846153846154
5.40076923076923
5.572692307692307
5.632692307692308
5.505384615384615
5.388461538461538
6.351538461538461
5.9788461538461535
5.714230769230769
5.8173076923076925
5.8549999999999995
5.693846153846153
5.745
5.947692307692308
6.6376923076923084
5.955
5.874230769230769
6.0576923076923075
6.02576923076923
6.851153846153846
6.953846153846154
6.686923076923076
6.4726923076923075
6.088846153846154
6.2807692307692315
6.272307692307692
6.396538461538461
7.333846153846154
7.047307692307692
6.563461538461539
6.073846153846153
6.041923076923077
6.272692307692308
6.842307692307693
7.093846153846154
6.44923076923077
6.9192307692307695
7.787692307692307
7.683461538461539
8.011153846153846
7.469615384615385
7.681538461538461
8.449615384615385
8.49
7.746538461538462
8.197307692307692
8.42423076923077
8.18
8.915384615384616
9.668076923076923
8.48076923076923
8.561538461538461
8.358846153846153
8.371923076923077
8.866153846153846
8.881153846153847
9.137307692307692
9.458846153846155
9.111923076923077
9.603076923076923
9.371923076923077
9.525
10.150384615384617
10.233846153846153
10.515384615384615
10.457692307692307
10.443076923076923
10.846538461538461
10.625
10.845384615384615
10.944615384615386
11.086923076923076
11.569615384615386
11.314615384615385
10.567692307692308
11.231153846153846
11.676923076923078
12.090384615384616
11.567692307692308
12.417692307692308
12.24653846153846
12.61423076923077
12.48576923076923
12.595769230769232
12.293461538461539
12.087692307692306
12.642307692307693
12.44576923076923
12.997692307692308
13.365
13.098076923076924
13.013846153846155
13.043076923076923
13.436923076923078
13.383076923076922
13.745384615384616
13.784230769230769
13.640384615384615
13.404615384615385
13.499615384615385
13.340384615384616
13.773076923076925
13.996538461538462
14.099615384615383
15.04653846153846
14.253846153846155
14.307307692307692
14.53346153846154
14.778846153846153
14.47653846153846
14.392692307692307
14.53076923076923
14.958076923076923
15.19576923076923
15.730384615384615
15.42653846153846
15.472307692307691
15.596153846153847
15.959615384615384
15.95923076923077
15.564615384615385
16.08230769230769
16.99576923076923
16.638461538461538
16.756923076923076
16.77653846153846
17.25846153846154
16.720769230769232
16.627307692307692
16.904230769230768
16.82807692307692
17.085
17.21076923076923
16.676538461538463
16.323846153846155
16.18076923076923
16.577692307692306
17.02230769230769
17.127307692307692
16.61653846153846
16.921538461538464
16.707692307692305
16.279230769230768
17.053846153846152
17.140384615384615
17.24923076923077
17.179615384615385
17.42923076923077
17.971153846153847
17.079615384615384
16.96846153846154
17.28846153846154
17.206153846153846
16.87423076923077
16.676923076923078
16.531923076923075
16.286923076923078
16.96076923076923
16.888076923076923
16.561153846153847
16.715384615384615
16.50076923076923
16.743846153846157
17.257692307692306
17.149615384615384
16.775384615384617
16.52346153846154
16.436923076923076
17.196153846153848
17.005384615384614
16.96846153846154
16.306923076923077
15.474615384615383
15.700769230769232
15.99923076923077
15.75
15.248461538461537
15.761923076923077
15.742692307692307
15.313076923076922
15.003846153846155
15.386923076923077
15.006538461538462
14.501923076923077
14.899999999999999
14.516153846153847
14.333846153846155
15.076538461538462
15.081153846153846
14.700769230769229
14.12076923076923
13.930384615384614
13.728076923076923
13.401153846153846
13.273076923076925
13.386153846153848
13.698846153846155
13.561923076923078
13.76423076923077
13.150769230769232
13.318461538461538
13.336923076923076
13.153461538461539
13.396153846153847
13.0
12.877692307692307
13.039615384615386
12.616153846153846
12.628076923076922
12.733846153846153
12.395384615384616
12.18
12.123076923076923
12.207307692307692
11.950384615384614
11.382692307692308
11.350769230769231
10.904615384615385
11.587692307692306
12.107307692307693
11.478846153846153
11.211153846153847
11.535769230769231
10.525384615384613
10.363076923076923
10.128846153846155
9.479615384615384
9.819230769230769
10.106538461538461
9.978076923076923
9.568461538461538
8.918846153846154
9.281538461538462
9.447307692307692
9.688846153846153
10.028076923076924
9.602692307692307
9.227307692307692
8.716923076923077
8.909230769230769
9.426923076923076
9.417692307692308
9.397692307692308
9.062307692307693
8.231538461538461
8.001923076923077
7.300000000000001
7.473846153846154
8.631923076923076
8.390384615384615
7.982692307692308
8.307307692307692
7.833846153846154
7.037692307692307
6.786153846153846
6.388846153846154
6.606153846153846
6.383461538461538
6.4788461538461535
6.529615384615385
5.876153846153846
5.572692307692307
5.623846153846154
5.872307692307692
6.288461538461538
6.235384615384616
6.044615384615384
5.450384615384616
5.001153846153846
4.684615384615385
4.5588461538461535
5.016538461538461
5.407692307692307
6.306153846153847
5.7069230769230765
5.833461538461538
5.225769230769231
5.0576923076923075
5.218461538461539
4.304230769230769
4.1450000000000005
4.299615384615385
4.44923076923077
4.727692307692307
4.791538461538462
4.803076923076923
5.082692307692308
5.083076923076923
5.058076923076923
4.718846153846154
5.041538461538462
5.230384615384616
5.1534615384615385
4.67076923076923
4.77
4.793461538461538
4.859230769230769
4.991923076923077
4.851923076923077
4.977692307692308
4.262307692307692
3.563076923076923
3.6146153846153846
