temperature
2.930909090909091
2.8295454545454546
2.7218181818181817
3.130909090909091
3.644090909090909
2.31
2.289090909090909
2.745
2.9663636363636368
2.645
2.509090909090909
2.523636363636364
2.512272727272727
2.6377272727272727
2.4109090909090907
2.276818181818182
2.2113636363636364
2.313181818181818
2.3736363636363635
2.7459090909090906
2.8318181818181816
2.3477272727272727
2.4927272727272727
2.6422727272727276
2.205909090909091
1.9081818181818184
1.8686363636363637
2.729545454545455
2.972272727272727
2.859090909090909
2.606818181818182
2.553181818181818
2.9954545454545456
3.2895454545454546
3.691363636363636
4.215
3.6672727272727275
2.8822727272727273
2.4486363636363637
2.5263636363636364
2.296818181818182
2.688181818181818
2.545909090909091
2.14
2.68
2.37
1.9595454545454545
2.6777272727272727
2.5186363636363636
2.204090909090909
2.1504545454545454
2.2736363636363635
2.575909090909091
2.8604545454545454
2.394090909090909
2.5045454545454544
2.9463636363636367
3.627727272727273
3.052272727272727
2.985909090909091
3.0700000000000003
2.782727272727273
3.2609090909090908
4.247727272727273
4.819999999999999
5.127272727272727
4.774545454545454
4.855
5.302727272727273
4.783636363636363
5.045
5.154090909090909
4.767727272727273
4.491363636363636
4.509090909090909
5.094545454545455
4.481363636363636
4.097727272727273
4.207272727272727
3.9527272727272726
4.5622727272727275
5.11090909090909
4.798636363636363
4.752727272727273
5.054545454545455
4.953636363636364
5.035909090909091
5.405454545454545
5.676818181818182
6.100454545454546
5.918636363636364
5.34409090909091
5.024545454545454
4.899545454545454
5.2704545454545455
5.607272727272727
5.124090909090909
5.558181818181819
6.369090909090909
6.277727272727273
5.994999999999999
5.907727272727272
4.8518181818181825
5.653636363636363
6.223181818181818
6.63909090909091
5.886818181818182
6.242727272727273
6.162727272727273
6.331818181818182
7.284090909090909
7.515000000000001
7.277272727272727
7.421904761904763
7.102380952380953
7.7523809523809515
8.125238095238094
7.970000000000001
8.437142857142858
8.479523809523808
8.316190476190476
8.651904761904762
9.026190476190477
8.545238095238094
8.504761904761905
9.07952380952381
9.405714285714286
9.006666666666668
8.416190476190476
8.546666666666667
8.584761904761905
9.050952380952381
9.708095238095238
10.190000000000001
10.469523809523809
9.924285714285714
9.779523809523809
9.55
10.126190476190477
10.458095238095238
9.76095238095238
10.194761904761904
10.459999999999999
10.666190476190476
10.503809523809522
10.455714285714285
9.986190476190476
10.157142857142857
10.996190476190476
10.968571428571428
11.803809523809523
11.876190476190477
11.205238095238096
11.227619047619047
11.30142857142857
11.954285714285714
11.686666666666667
11.267619047619048
12.111904761904762
11.788095238095238
11.874285714285714
11.465714285714286
11.274285714285714
12.132380952380952
11.803333333333333
12.177619047619046
12.809999999999999
13.162857142857144
13.040952380952382
13.751904761904763
13.113333333333333
12.614285714285714
12.487619047619049
12.269047619047617
12.628571428571428
12.890476190476189
13.27095238095238
13.086190476190476
13.578095238095237
13.62047619047619
13.493809523809524
12.979523809523808
13.313809523809525
13.746190476190478
14.159047619047618
14.121904761904762
14.336666666666666
14.877142857142857
15.013333333333332
14.737619047619049
14.573809523809524
15.083809523809524
14.89809523809524
15.081428571428571
14.911904761904763
14.426190476190476
14.283333333333333
14.00095238095238
14.54952380952381
15.313809523809523
15.263333333333332
14.773333333333333
14.976190476190476
15.272857142857143
14.922380952380953
15.006666666666666
15.024285714285714
15.434285714285714
15.095714285714285
15.649047619047618
15.816666666666666
15.088571428571429
15.091904761904763
15.702857142857143
15.399523809523808
14.834761904761903
14.755714285714285
15.0
14.031428571428572
14.559999999999999
14.354761904761904
14.765238095238095
15.055238095238096
14.173333333333332
14.439523809523811
14.88952380952381
14.89809523809524
14.602380952380951
14.641904761904764
14.85904761904762
15.247142857142856
15.041904761904762
14.877142857142857
14.22809523809524
13.820000000000002
13.618571428571428
13.468095238095238
13.236190476190476
13.497619047619047
13.788571428571428
13.602857142857141
13.282380952380953
13.444285714285714
13.355714285714285
13.877142857142857
13.244285714285715
12.899999999999999
12.532857142857143
12.430476190476192
13.22
12.76
13.008571428571429
12.602380952380951
12.149523809523808
11.857619047619048
11.54047619047619
11.652857142857144
11.624761904761906
12.062380952380952
12.71238095238095
12.138571428571428
11.885714285714286
11.976190476190476
11.646190476190476
11.378571428571428
11.66952380952381
11.071904761904761
11.002380952380953
11.122857142857143
10.943809523809524
11.560952380952381
11.227142857142857
11.535714285714286
10.791904761904762
10.464761904761904
9.988571428571428
10.135714285714286
9.960952380952381
9.67095238095238
9.374761904761906
9.772857142857143
9.975238095238094
9.059999999999999
8.542857142857143
9.041428571428572
9.135714285714286
8.858571428571429
8.578095238095239
8.261428571428572
7.996666666666667
8.155714285714286
8.184761904761904
7.43047619047619
7.684285714285714
7.761428571428572
7.671428571428571
7.759523809523809
7.825238095238096
7.666666666666667
7.663333333333334
7.003809523809523
7.166666666666667
7.230952380952381
7.192380952380952
7.147619047619047
6.64047619047619
6.363333333333333
6.048571428571428
5.763809523809524
5.741428571428571
6.61047619047619
6.329523809523809
6.20952380952381
6.354761904761904
6.148571428571429
6.027619047619048
5.373809523809523
5.132857142857143
5.479523809523809
5.029545454545455
4.989545454545454
4.930454545454546
4.4809090909090905
3.8181818181818183
3.9104545454545456
4.475909090909091
4.677727272727273
4.665454545454545
5.4363636363636365
4.837272727272727
4.316363636363636
4.336363636363636
4.266363636363637
4.615454545454546
4.815909090909091
5.325909090909091
4.705454545454545
4.3140909090909085
4.165909090909091
3.7827272727272727
3.421818181818182
3.5745454545454547
3.4886363636363638
3.5522727272727277
3.7022727272727276
3.7100000000000004
3.4740909090909096
3.327727272727273
3.5259090909090913
3.5986363636363636
3.4622727272727274
3.1113636363636363
3.026818181818182
2.8863636363636362
2.996818181818182
2.9709090909090907
3.414090909090909
3.955
3.191363636363636
3.0090909090909093
2.539090909090909
2.882727272727273
2.7818181818181817
3.0
2.778636363636364
