pet
0.41192307692307695
0.2826923076923077
0.21384615384615385
0.40230769230769237
0.505
0.4507692307692308
0.4634615384615385
0.4676923076923077
0.4519230769230769
0.49153846153846154
0.48576923076923073
0.40499999999999997
0.46576923076923077
0.49
0.5096153846153846
0.4015384615384615
0.32
0.3780769230769231
0.4373076923076923
0.49615384615384617
0.5707692307692308
0.4634615384615385
0.46269230769230774
0.4507692307692308
0.3426923076923077
0.3984615384615384
0.32807692307692304
0.4157692307692308
0.5146153846153847
0.44884615384615384
0.46076923076923076
0.4773076923076923
0.5907692307692307
0.5711538461538461
0.565
0.7173076923076922
0.6642307692307692
0.49
0.42346153846153844
0.48384615384615387
0.37538461538461537
0.35500000000000004
0.4096153846153846
0.3565384615384615
0.39192307692307693
0.3723076923076923
0.3811538461538462
0.44461538461538463
0.4519230769230769
0.48653846153846153
0.5353846153846153
0.53
0.6265384615384615
0.6888461538461539
0.6115384615384616
0.5953846153846154
0.6169230769230769
0.7284615384615385
0.6511538461538462
0.7046153846153846
0.768076923076923
0.7242307692307693
0.8273076923076924
0.9934615384615384
1.0784615384615384
1.1523076923076923
0.9457692307692308
0.9565384615384616
1.0546153846153845
1.0269230769230768
1.0888461538461538
0.9842307692307692
0.8138461538461539
0.8253846153846154
0.8807692307692307
0.9815384615384615
0.8292307692307692
0.8273076923076922
0.806923076923077
0.911923076923077
0.9780769230769231
0.98
1.0361538461538462
0.9953846153846153
0.9965384615384616
1.0580769230769231
1.003076923076923
1.16
1.2107692307692308
1.3284615384615384
1.3053846153846154
1.0776923076923077
1.0396153846153846
1.1876923076923076
1.248076923076923
1.28
1.1607692307692308
1.126923076923077
1.320769230769231
1.613846153846154
1.635
1.4676923076923076
1.4226923076923077
1.655
1.7542307692307693
1.7061538461538461
1.7269230769230768
1.8896153846153845
1.7153846153846155
1.7615384615384615
1.8223076923076924
1.7826923076923078
1.7923076923076924
1.8526923076923079
1.6873076923076924
1.8073076923076923
1.764230769230769
1.7761538461538462
1.8542307692307693
1.9038461538461537
1.9153846153846152
1.9484615384615382
2.081923076923077
2.186923076923077
1.9484615384615382
2.243076923076923
2.3873076923076924
2.1484615384615386
2.176153846153846
2.2534615384615386
2.2184615384615385
2.271153846153846
2.266923076923077
2.2811538461538463
2.3411538461538464
2.1315384615384616
2.355769230769231
2.3419230769230768
2.311153846153846
2.555769230769231
2.4946153846153845
2.4657692307692307
2.626923076923077
2.64
2.6546153846153846
2.5869230769230773
2.5923076923076924
2.5834615384615387
2.55
2.6530769230769233
2.754230769230769
2.667692307692308
2.4703846153846154
2.4050000000000002
2.4315384615384614
2.5300000000000002
2.395
2.428076923076923
2.494230769230769
2.3861538461538463
2.4284615384615384
2.328076923076923
2.213461538461538
2.221923076923077
2.3346153846153848
2.3484615384615384
2.46
2.4423076923076925
2.5138461538461536
2.6738461538461538
2.3203846153846155
2.3053846153846154
2.3815384615384616
2.2849999999999997
2.3888461538461536
2.552692307692308
2.4315384615384614
2.316538461538461
2.448076923076923
2.5157692307692305
2.579230769230769
2.4050000000000002
2.4492307692307693
2.5984615384615384
2.619230769230769
2.5111538461538463
2.7796153846153846
2.803846153846154
2.5576923076923075
2.451923076923077
2.5373076923076923
2.6203846153846153
2.463461538461538
2.6507692307692308
2.561923076923077
2.3065384615384614
2.106153846153846
2.207692307692308
2.293846153846154
2.575
2.389615384615385
2.354230769230769
2.2665384615384614
2.2
2.401153846153846
2.476153846153846
2.5576923076923075
2.4846153846153842
2.428076923076923
2.3884615384615384
2.456923076923077
2.169230769230769
2.2884615384615383
2.288846153846154
2.208076923076923
2.085
2.1819230769230766
2.1780769230769232
1.9476923076923076
2.0492307692307694
2.018076923076923
2.013076923076923
2.1015384615384614
2.1065384615384612
2.088846153846154
2.095769230769231
2.145
1.919230769230769
1.9676923076923079
1.933076923076923
2.0234615384615386
2.0703846153846155
2.0415384615384613
1.899230769230769
1.9426923076923077
1.9476923076923076
1.8438461538461537
1.7842307692307693
1.7534615384615386
1.943076923076923
1.7392307692307691
1.603076923076923
1.658076923076923
1.6876923076923078
1.6642307692307692
1.6684615384615387
1.615
1.3653846153846154
1.4949999999999999
1.5873076923076925
1.4384615384615385
1.451153846153846
1.4065384615384615
1.2857692307692308
1.360769230769231
1.2653846153846153
1.2234615384615386
1.2384615384615385
1.4434615384615386
1.4953846153846155
1.2938461538461539
1.271923076923077
1.3361538461538462
1.316153846153846
1.2507692307692309
1.2923076923076924
0.9676923076923077
0.9184615384615384
1.0469230769230768
1.0488461538461538
1.1719230769230768
1.2246153846153847
1.2980769230769231
1.1796153846153845
1.2242307692307692
1.1415384615384616
1.1088461538461538
1.0626923076923076
1.0073076923076922
0.9134615384615384
1.0046153846153847
1.0161538461538462
0.8584615384615385
0.9407692307692308
0.8557692307692307
0.8276923076923077
0.8265384615384614
0.7984615384615386
0.7573076923076922
0.6965384615384616
0.6715384615384615
0.6657692307692307
0.5703846153846154
0.5926923076923077
0.7284615384615385
0.7923076923076924
0.7423076923076923
0.7188461538461539
0.7030769230769232
0.6557692307692308
0.7192307692307692
0.7311538461538463
0.8142307692307693
0.6499999999999999
0.6265384615384615
0.6757692307692308
0.7288461538461538
0.58
0.5115384615384616
0.5857692307692308
0.6857692307692307
0.5961538461538461
0.66
0.6584615384615385
0.5546153846153846
0.44730769230769235
0.428076923076923
0.4773076923076923
0.4257692307692308
0.3515384615384616
0.40576923076923077
0.42076923076923073
0.27192307692307693
0.23461538461538461
0.5265384615384615
0.5934615384615385
0.5476923076923077
0.48423076923076924
0.556923076923077
0.39653846153846156
0.37884615384615383
0.38384615384615384
0.39538461538461533
0.40076923076923077
0.47269230769230763
0.5373076923076924
0.5361538461538461
0.49961538461538463
0.40846153846153843
0.2684615384615385
0.2465384615384615
0.2834615384615385
0.35423076923076924
0.43
0.44269230769230766
0.39692307692307693
0.39076923076923076
0.4273076923076923
0.4465384615384615
0.3526923076923077
0.3438461538461538
0.3607692307692308
0.2969230769230769
0.4034615384615385
0.38
0.37884615384615383
0.4196153846153846
0.49115384615384616
0.49769230769230766
0.46807692307692306
0.4476923076923077
0.49653846153846154
0.4284615384615385
0.4107692307692308
0.4296153846153846
