pet
0.3317647058823529
0.3458823529411765
0.3064705882352941
0.25176470588235295
0.44764705882352945
0.3458823529411765
0.4670588235294118
0.43764705882352944
0.6047058823529411
0.5599999999999999
0.4864705882352941
0.5252941176470588
0.5652941176470588
0.5088235294117647
0.541764705882353
0.5170588235294118
0.38294117647058823
0.41058823529411764
0.6176470588235294
0.6341176470588235
0.5447058823529412
0.35117647058823526
0.3264705882352941
0.33294117647058824
0.2964705882352941
0.3652941176470588
0.35705882352941176
0.4358823529411765
0.36941176470588233
0.4370588235294117
0.5558823529411764
0.4641176470588235
0.5494117647058824
0.7147058823529412
0.8182352941176471
0.8047058823529412
0.8335294117647059
0.6258823529411766
0.5458823529411765
0.5764705882352942
0.6141176470588235
0.8352941176470587
0.7482352941176471
0.5664705882352942
0.5605882352941176
0.6523529411764706
0.5335294117647059
0.62875
0.614375
0.658125
0.668125
0.6225
0.73125
0.884375
0.65875
0.67125
0.653125
0.75875
0.679375
0.61375
0.7106250000000001
0.750625
0.860625
0.9868750000000001
1.075625
1.379375
1.19875
1.13875
1.309375
1.111875
1.17
1.38125
1.380625
1.48875
1.711875
1.93
1.459375
1.241875
1.3625
1.345
1.45625
1.509375
1.2493750000000001
1.2225
1.0075
1.12875
1.2075
1.380625
1.614375
1.84125
1.795625
1.6356249999999999
1.4368750000000001
1.39625
1.5350000000000001
1.440625
1.1575
1.273125
1.669375
1.794375
1.741875
1.485
1.2775
1.433125
1.3575
1.514375
1.418125
1.4325
1.5
1.630625
2.025625
2.115625
2.16
2.25
2.181875
2.088125
2.208125
2.098125
2.1825
2.09875
2.3325
2.435
2.32125
2.36125
2.16
2.174375
2.29
2.14125
2.2531250000000003
2.2
2.148125
2.31
2.318125
2.3806249999999998
2.6418749999999998
2.573125
2.31
2.368125
2.6550000000000002
2.794375
2.605625
2.666875
2.631875
2.58375
2.74375
2.809375
2.645625
2.765625
3.031875
2.9074999999999998
2.89875
2.88125
2.431875
2.419375
2.309375
2.4575
2.68375
2.5231250000000003
2.61125
2.741875
2.524375
2.40125
2.236875
2.515
2.56125
2.7225
2.6875
2.819375
2.961875
2.948125
2.643125
2.41125
2.399375
2.490625
2.66375
2.4725
2.61875
2.625
2.61125
2.6750000000000003
2.5725
2.505
2.62375
2.653125
2.555
2.51875
2.694375
2.847058823529412
2.7811764705882354
2.5535294117647056
2.801176470588235
2.793529411764706
2.8476470588235294
2.6605882352941177
2.7558823529411764
2.781764705882353
2.8088235294117645
2.7188235294117646
2.78
3.010588235294118
3.0588235294117645
2.8458823529411768
2.8805882352941174
2.8905882352941177
2.631176470588235
2.574705882352941
2.699411764705882
2.8876470588235295
3.0005882352941176
3.2058823529411766
2.94
2.7658823529411762
2.9576470588235293
2.9864705882352944
2.9394117647058824
2.7094117647058824
2.6376470588235295
2.8423529411764705
2.605294117647059
2.6270588235294117
2.6676470588235297
2.6205882352941177
2.678235294117647
2.4823529411764707
2.6658823529411766
2.5182352941176473
2.5605882352941176
2.5617647058823527
2.5194117647058825
2.552941176470588
2.601764705882353
2.433529411764706
2.47
2.3194117647058823
2.248235294117647
2.14
2.1029411764705883
1.9211764705882355
1.7847058823529411
1.9641176470588235
1.9835294117647058
1.8952941176470588
1.8323529411764705
1.965294117647059
2.0776470588235294
2.0152941176470587
1.841764705882353
1.9205882352941175
1.9629411764705882
1.8976470588235292
1.7623529411764707
1.7517647058823531
1.84
1.768235294117647
1.6723529411764706
1.703529411764706
1.4664705882352942
1.4758823529411764
1.3929411764705881
1.583529411764706
1.781764705882353
1.5870588235294119
1.5205882352941176
1.6658823529411766
1.4076470588235295
1.3658823529411763
1.2658823529411765
1.263529411764706
1.3223529411764705
1.2847058823529411
1.45
1.428235294117647
1.525294117647059
1.3341176470588234
1.333529411764706
1.1929411764705884
1.2188235294117646
1.208235294117647
1.171764705882353
1.108235294117647
1.1935294117647057
1.2070588235294117
1.1052941176470588
1.2411764705882353
1.2047058823529413
1.1429411764705881
1.0611764705882352
1.0
1.0223529411764705
0.7947058823529412
0.7317647058823529
0.78
0.6876470588235294
0.9217647058823529
0.82
0.8288235294117647
0.9476470588235294
0.9252941176470588
0.7470588235294118
0.7641176470588235
0.7541176470588236
0.788235294117647
0.6900000000000001
0.631764705882353
0.6388235294117647
0.7405882352941177
0.6929411764705883
0.6188235294117647
0.6623529411764706
0.5464705882352942
0.7176470588235294
0.6047058823529411
0.46941176470588236
0.5211764705882352
0.5576470588235294
0.5505882352941176
0.44529411764705884
0.4111764705882353
0.3776470588235294
0.39999999999999997
0.38176470588235295
0.38411764705882356
0.3947058823529412
0.21352941176470588
0.22647058823529412
0.27294117647058824
0.44764705882352945
0.4329411764705883
0.45705882352941174
0.4682352941176471
0.38823529411764707
0.4870588235294117
0.4364705882352941
0.5270588235294117
0.49235294117647055
0.6176470588235294
0.4888235294117647
0.29352941176470587
0.4547058823529411
0.42058823529411765
0.29470588235294115
0.31823529411764706
0.3135294117647059
0.41705882352941176
0.5070588235294118
0.5152941176470588
0.4188235294117647
0.3247058823529412
0.4117647058823529
0.42411764705882354
0.44764705882352945
0.36058823529411765
0.28647058823529414
0.23176470588235296
0.32823529411764707
0.4688235294117647
0.5641176470588235
0.5452941176470588
0.36705882352941177
0.29411764705882354
0.24176470588235296
0.27999999999999997
0.1935294117647059
0.28764705882352937
0.2741176470588235
