temperature
1.3672
0.7864
0.5568
1.2316
1.6872
1.5308000000000002
1.1532
1.4544
1.0308
0.9843999999999999
0.996
0.5548000000000001
1.7364000000000002
1.8352000000000002
1.5852000000000002
1.1132
0.9732000000000001
1.1896
1.2956
1.7360000000000002
1.9480000000000002
1.4512
1.1848
0.9168000000000001
0.0007999999999999918
0.2851999999999999
0.05400000000000002
0.8076000000000001
1.086
0.7968000000000001
0.8412
1.0584
1.426
1.2528
1.3916
2.0724
1.2768000000000002
0.5832
0.652
0.8044
0.3124
0.6144
1.0232
0.6459999999999999
0.35359999999999997
0.39799999999999996
0.3704
0.9892
0.7812
0.8316
0.938
1.2228
1.9528
2.0492000000000004
1.8324
1.3612
1.3852000000000002
1.7968000000000002
1.22
1.3532
1.4791999999999998
1.4612
2.0432
2.5896
3.1264
3.2783999999999995
2.456
2.7288
2.9816000000000003
2.7851999999999997
3.2851999999999997
2.7268
2.2752
2.0347999999999997
2.238
2.0864
1.4304
1.6076
1.5148000000000001
1.5432
2.0284
2.0336000000000003
2.5036
2.7012
2.7124
2.3968000000000003
2.5776
3.0764
4.0044
4.148
3.594
2.6508
2.4859999999999998
3.5063999999999997
3.6208
3.9415999999999998
3.5836
3.6859999999999995
3.9208
4.5484
4.1732
3.838
3.6088
4.7863999999999995
5.22
5.1652
5.1332
5.3988
4.8888
5.1572000000000005
5.5656
5.0564
5.4644
5.874
5.5764
5.8912
6.1164
6.2576
6.2867999999999995
6.372000000000001
6.1704
6.0012
6.5148
6.294
6.1892
6.836
6.9968
6.4684
6.719600000000001
6.9584
7.126
7.497999999999999
7.7236
8.0572
8.1152
7.4192
7.946666666666666
7.783333333333334
7.957916666666667
8.750833333333334
8.5575
8.11125
9.455833333333333
9.207083333333333
9.538333333333332
9.3075
9.429166666666667
9.531666666666666
9.21375
9.824166666666667
9.911666666666667
10.151666666666666
9.954166666666667
10.140416666666667
10.116666666666667
9.83
10.177083333333334
9.793333333333333
10.345416666666667
10.51125
10.512500000000001
10.215833333333334
10.22875
10.297500000000001
10.325416666666667
10.357083333333334
10.892083333333334
11.0075
11.026666666666666
11.891666666666666
11.052916666666667
10.710416666666667
10.793333333333335
10.735
11.278333333333334
11.33
11.112083333333333
11.246250000000002
11.511666666666665
12.168750000000001
11.652083333333332
10.8775
11.012083333333335
11.918333333333335
12.439166666666667
12.323333333333332
12.998750000000001
12.96875
12.462083333333332
12.552083333333334
12.397083333333333
12.804583333333333
12.237499999999999
12.517083333333334
12.235
11.598333333333334
11.409166666666666
11.7325
12.523333333333333
13.205833333333333
12.636249999999999
12.39875
12.743333333333332
12.502083333333333
12.564166666666667
12.952083333333334
13.093333333333334
13.071666666666667
12.64625
12.662916666666668
12.373750000000001
12.2675
12.410416666666668
12.505
12.01
12.271666666666667
12.447916666666666
12.5175
12.369166666666667
12.389583333333334
12.274583333333334
12.385416666666666
12.613333333333335
12.421666666666667
12.295
12.257916666666667
12.112916666666665
11.584583333333333
12.107916666666666
12.229166666666666
12.53375
12.585833333333333
11.905416666666667
11.357916666666666
11.591666666666667
11.535416666666668
11.345416666666667
11.4225
11.564583333333333
12.101666666666667
11.245
10.88375
11.047083333333333
10.977083333333333
10.8725
10.698749999999999
10.592916666666666
9.760416666666666
9.876666666666667
10.258750000000001
9.897083333333333
9.659166666666666
9.555416666666666
9.275833333333333
9.126666666666667
8.67125
8.932083333333333
8.863333333333333
9.437083333333334
9.391666666666667
9.18625
9.223333333333334
9.300833333333333
9.112499999999999
8.983333333333333
9.0725
8.309166666666666
8.047083333333333
8.070416666666667
8.04125
8.582916666666668
8.81625
8.736666666666666
8.06875
8.275
8.010833333333332
7.776666666666666
7.7804166666666665
7.611250000000001
7.409583333333334
7.708749999999999
7.191666666666666
6.533333333333334
6.951250000000001
6.945416666666667
6.967083333333334
6.988333333333333
6.597916666666666
6.32125
6.325
6.297083333333333
6.065833333333334
5.577500000000001
5.562083333333334
5.716666666666666
6.02375
6.12
6.017500000000001
5.728750000000001
5.555833333333333
5.690833333333333
5.158333333333333
5.395416666666667
4.930416666666667
5.042916666666667
5.12375
4.764583333333333
4.721666666666667
4.684583333333333
4.781666666666667
4.5725
4.202916666666667
4.5512500000000005
4.295
3.9858333333333333
3.358333333333333
3.26125
3.7158333333333338
4.1137500000000005
3.6629166666666664
3.4762500000000003
3.3320833333333333
2.4766666666666666
2.20375
3.0437499999999997
3.0683333333333334
3.0070833333333336
2.76125
2.7383333333333333
2.0566666666666666
2.2516666666666665
2.3525
2.151666666666667
2.3329166666666667
2.7045833333333333
3.3049999999999997
2.9625
2.5283333333333333
2.7112499999999997
1.9020833333333333
1.2466666666666666
1.5562500000000001
1.8150000000000002
2.237083333333333
2.0745833333333334
1.9641666666666666
1.9404166666666667
2.07125
2.2341666666666664
1.6629166666666666
1.35875
1.6241666666666668
1.4008333333333332
1.0720833333333333
1.3995833333333332
1.5024999999999997
1.741666666666667
2.2391666666666667
1.8925
1.02875
0.8300000000000001
0.8741666666666669
0.5841666666666666
1.4858333333333336
1.4262500000000002
