pet
0.41000000000000003
0.4033333333333333
0.4077777777777778
0.3333333333333333
0.38
0.43444444444444447
0.5411111111111111
0.4172222222222222
0.4088888888888889
0.4955555555555555
0.5255555555555556
0.49888888888888894
0.36777777777777776
0.37166666666666665
0.5316666666666667
0.45944444444444443
0.3333333333333333
0.4633333333333333
0.43833333333333335
0.30722222222222223
0.22944444444444445
0.375
0.3788888888888889
0.4338888888888889
0.5211111111111111
0.5061111111111111
0.5394444444444445
0.5838888888888889
0.43777777777777777
0.3488888888888889
0.5066666666666667
0.5311111111111111
0.40166666666666667
0.3933333333333333
0.4955555555555555
0.45944444444444443
0.3777777777777778
0.4527777777777778
0.5444444444444445
0.4494444444444444
0.28
0.3272222222222222
0.48666666666666664
0.48277777777777775
0.6022222222222222
0.7861111111111111
0.7566666666666666
0.7583333333333333
0.6972222222222223
0.7738888888888888
0.8027777777777777
0.9094444444444445
0.8327777777777778
0.9049999999999999
0.7855555555555556
0.8422222222222222
0.6994444444444444
0.6622222222222223
0.6855555555555556
0.5805555555555555
0.7022222222222223
0.545
0.575
0.6505555555555556
0.7633333333333333
0.865
0.9194444444444445
1.1011111111111112
1.041111111111111
1.1055555555555554
1.0044444444444443
1.0294444444444446
1.17
1.3105555555555555
1.2327777777777778
1.135
1.2405555555555554
1.2822222222222222
1.1121052631578947
1.2410526315789472
1.1894736842105265
1.1494736842105262
1.2752631578947369
1.4857894736842105
1.4647368421052631
1.36
1.426842105263158
1.4442105263157894
1.6047368421052632
1.4736842105263157
1.4573684210526316
1.4578947368421051
1.5742105263157895
1.4926315789473683
1.6678947368421053
1.6736842105263159
1.4410526315789474
1.5947368421052632
1.7321052631578946
1.7247368421052633
1.6605263157894736
1.6989473684210528
1.7947368421052632
1.8094736842105263
1.8731578947368424
1.8821052631578947
1.9147368421052633
1.8294736842105261
1.8368421052631578
2.035263157894737
2.222631578947368
2.400526315789474
2.3589473684210525
2.291578947368421
2.1042105263157898
2.0005263157894735
1.9663157894736842
1.8952631578947368
1.8463157894736841
2.004736842105263
2.1373684210526314
2.1310526315789473
2.316315789473684
2.404736842105263
2.540526315789474
2.488947368421053
2.6268421052631576
2.5426315789473684
2.64421052631579
2.683157894736842
2.57
2.358421052631579
2.329473684210526
2.2536842105263157
2.506315789473684
2.4831578947368422
2.579473684210526
2.653684210526316
2.6999999999999997
2.6389473684210527
2.866842105263158
2.6957894736842105
2.796842105263158
2.783157894736842
2.913684210526316
2.7910526315789475
2.7863157894736843
2.5694736842105264
2.7036842105263155
2.756842105263158
2.9489473684210528
2.9694736842105263
2.8210526315789473
2.7078947368421056
2.3847368421052635
2.3021052631578947
2.3
2.610526315789474
2.656315789473684
2.7273684210526317
2.805789473684211
2.6610526315789476
2.452105263157895
2.386842105263158
2.34
2.4536842105263155
2.8810526315789473
2.8705263157894736
2.6710526315789473
2.504736842105263
2.420526315789474
2.4626315789473683
2.566842105263158
2.6831578947368424
2.65
2.5473684210526315
2.721052631578947
2.7868421052631582
2.6578947368421053
2.75
2.77
2.8752631578947367
2.8257894736842104
2.6526315789473682
2.744736842105263
2.816842105263158
2.726842105263158
2.578421052631579
2.517894736842105
2.6399999999999997
2.7336842105263157
2.7526315789473683
2.5842105263157897
2.493684210526316
2.5084210526315793
2.6515789473684213
2.7810526315789477
2.908421052631579
3.0536842105263156
3.064736842105263
2.738421052631579
2.5563157894736843
2.725263157894737
2.8478947368421053
2.7673684210526317
2.9305263157894736
2.7536842105263157
2.6294736842105264
2.4189473684210525
2.3673684210526313
2.346315789473684
2.4573684210526316
2.603684210526316
2.5094736842105263
2.636842105263158
2.4436842105263157
2.4305263157894736
2.3094736842105266
2.2647368421052634
2.3673684210526313
2.3805263157894734
2.2321052631578944
2.41
2.283684210526316
2.336315789473684
2.3305263157894736
2.1389473684210527
2.1936842105263157
2.1184210526315788
2.192105263157895
2.2115789473684213
2.2068421052631577
2.2210526315789476
2.21
2.1542105263157896
1.9478947368421051
1.9947368421052631
1.8189473684210526
1.9042105263157894
1.825263157894737
1.6336842105263158
1.7321052631578946
1.7278947368421052
1.778421052631579
2.021578947368421
1.8821052631578947
1.986842105263158
1.9815789473684209
1.8178947368421052
1.8794736842105264
1.9073684210526316
1.8831578947368421
1.9078947368421053
1.8142105263157895
1.6652631578947368
1.6063157894736841
1.4942105263157894
1.4331578947368422
1.3957894736842105
1.2284210526315789
1.3378947368421052
1.4221052631578948
1.416842105263158
1.4657894736842105
1.5178947368421052
1.291578947368421
1.1821052631578948
1.2752631578947369
1.1878947368421053
1.21
1.3647368421052632
1.2089473684210525
1.2852631578947367
1.09
1.0766666666666667
1.0588888888888888
0.9322222222222223
1.0144444444444445
0.9705555555555555
1.0572222222222223
1.108888888888889
0.9049999999999999
1.1066666666666665
0.9916666666666667
1.011111111111111
1.0255555555555556
0.7938888888888889
0.8461111111111111
0.8283333333333334
0.7533333333333333
0.8350000000000001
0.8355555555555555
0.8372222222222222
0.8400000000000001
0.7227777777777777
0.8411111111111111
0.895
0.7711111111111111
0.8016666666666666
0.9866666666666666
0.765
0.7427777777777779
0.9027777777777778
0.883888888888889
0.7794444444444444
0.6633333333333333
0.5844444444444444
0.5738888888888889
0.5161111111111111
0.5211111111111111
0.5511111111111111
0.5027777777777778
0.5733333333333334
0.5838888888888889
0.5372222222222223
0.6211111111111111
0.5805555555555555
0.5950000000000001
0.795
0.5738888888888889
0.5633333333333334
0.5144444444444445
0.4383333333333333
0.44
0.45333333333333337
0.3605555555555556
0.37277777777777776
0.335
0.27555555555555555
0.3844444444444444
0.4077777777777778
0.38222222222222224
0.30388888888888893
0.32833333333333337
0.29333333333333333
0.3327777777777778
0.22944444444444445
0.35944444444444446
0.4694444444444444
0.42
0.345
0.34611111111111115
0.31833333333333336
0.36833333333333335
0.23666666666666666
0.34611111111111115
0.29888888888888887
0.36722222222222217
0.4383333333333333
0.33444444444444443
0.34944444444444445
0.3833333333333333
0.4655555555555556
0.3961111111111111
0.5272222222222223
0.5983333333333333
0.6144444444444445
0.4172222222222222
0.3655555555555556
0.3766666666666667
0.39888888888888885
0.36944444444444446
0.49666666666666665
0.5755555555555555
0.67
