temperature
3.4272727272727277
3.125
2.299090909090909
2.6104545454545454
2.7554545454545454
3.0595454545454546
3.536363636363636
3.0959090909090907
3.036363636363636
3.871818181818182
3.8295454545454546
3.8654545454545457
3.562272727272727
3.688636363636364
4.055909090909091
3.483181818181818
3.064090909090909
3.271818181818182
3.319545454545455
2.6713636363636364
2.8000000000000003
2.9931818181818177
2.8668181818181817
3.003181818181818
3.647272727272727
3.6586363636363632
3.6318181818181823
3.492272727272727
2.7177272727272728
2.3249999999999997
3.071818181818182
3.369545454545454
3.2372727272727273
3.049545454545455
3.477727272727273
3.251818181818182
2.528181818181818
2.985909090909091
2.6427272727272726
2.189090909090909
2.4386363636363635
3.022272727272727
3.561363636363636
2.8445454545454543
3.389090909090909
3.9054545454545457
3.565909090909091
3.541363636363636
3.544545454545455
3.9236363636363634
3.848181818181818
4.368636363636363
4.095454545454545
3.716818181818182
3.386818181818182
3.767272727272727
3.183636363636364
2.7981818181818183
2.354090909090909
2.333181818181818
2.64
2.679090909090909
2.4886363636363638
3.2763636363636364
3.58
4.1454545454545455
4.777727272727272
5.303181818181819
4.900909090909091
4.659545454545455
4.089545454545455
3.9149999999999996
4.877272727272727
5.71
5.16
5.0213636363636365
4.600869565217391
5.297391304347826
4.9073913043478266
5.072608695652174
5.00695652173913
5.462173913043478
5.6378260869565215
5.826086956521739
5.747391304347826
5.411739130434783
5.812173913043479
5.641304347826087
6.17695652173913
6.0456521739130435
5.82
5.885217391304349
6.06391304347826
5.424347826086957
6.043913043478261
5.956086956521739
5.1460869565217395
6.0486956521739135
6.23695652173913
6.014347826086956
6.560434782608696
6.265217391304348
6.964782608695652
7.185217391304348
7.085217391304348
6.892173913043479
7.2126086956521736
6.776521739130436
6.913043478260869
7.782173913043478
8.814347826086957
8.789130434782608
8.764782608695652
8.886956521739132
8.062173913043479
7.492608695652175
7.51304347826087
7.216521739130434
7.183478260869565
7.500869565217392
7.913478260869565
7.92608695652174
8.242608695652173
8.144347826086957
8.444347826086956
8.355217391304349
9.65304347826087
9.280434782608696
9.46391304347826
9.861304347826087
9.097826086956522
9.166086956521738
9.109130434782609
8.964347826086957
9.735652173913042
9.453043478260868
9.364347826086956
9.45608695652174
9.561304347826086
9.644347826086957
10.332608695652175
10.00478260869565
10.224347826086957
10.093913043478262
10.877391304347826
10.572173913043478
10.663478260869566
10.787826086956523
10.937826086956521
11.041304347826086
11.729565217391302
12.78086956521739
12.436521739130436
11.9
11.464347826086957
11.457826086956521
11.422173913043478
11.762173913043478
12.087391304347825
12.279565217391305
12.490434782608695
11.83695652173913
11.858260869565218
11.838260869565216
12.20695652173913
12.21782608695652
13.237826086956522
12.997826086956522
13.13304347826087
12.63304347826087
12.308695652173913
12.451304347826087
12.531739130434783
13.063478260869564
12.97304347826087
13.403478260869564
14.208260869565219
13.42608695652174
13.651304347826088
13.842608695652174
13.635217391304348
13.750869565217391
13.679565217391303
13.804347826086957
13.479565217391302
13.57391304347826
13.271304347826087
13.421304347826087
13.51478260869565
13.820869565217391
13.864782608695652
13.526521739130436
13.42304347826087
13.13
13.950000000000001
13.962173913043477
14.041304347826086
14.414782608695653
15.218260869565217
14.96608695652174
14.033478260869565
13.923913043478262
14.460434782608695
14.816086956521739
14.270869565217392
15.14391304347826
14.48
14.359565217391303
14.185652173913043
14.083478260869565
13.752608695652174
13.906521739130437
14.576086956521738
14.427391304347825
14.610434782608696
14.10217391304348
14.219565217391304
14.198260869565217
13.661304347826086
14.28608695652174
14.339130434782609
13.778260869565216
14.487826086956522
14.387826086956522
14.65
14.533478260869565
13.68913043478261
13.922173913043478
13.974347826086957
13.679565217391303
13.638260869565217
13.597391304347827
13.75391304347826
14.067391304347826
13.730434782608697
13.087826086956522
13.62
13.151739130434782
13.042173913043479
12.779565217391305
12.317826086956522
12.390869565217391
12.038695652173912
12.094347826086958
13.185217391304347
12.62217391304348
13.145217391304346
12.925217391304347
12.519130434782609
12.556521739130435
12.669130434782607
12.85695652173913
13.191304347826087
12.864782608695652
12.75695652173913
12.167826086956522
11.784347826086957
12.023478260869567
11.116521739130436
11.158695652173913
11.431739130434783
11.69304347826087
11.372608695652174
11.890434782608697
11.379565217391304
10.922173913043478
10.488695652173913
10.761304347826087
10.469130434782608
11.030434782608696
11.188695652173912
11.224782608695653
11.66
10.57909090909091
10.260909090909092
9.908636363636363
9.704545454545455
10.306818181818182
9.498636363636363
9.826818181818181
10.465454545454547
9.656818181818181
10.225454545454546
9.424545454545454
9.72
9.531363636363636
9.049999999999999
9.369545454545454
8.79409090909091
8.392727272727273
8.672272727272727
8.290454545454544
8.047272727272727
8.355909090909092
8.04
8.325454545454546
8.544545454545455
8.578636363636363
8.458636363636364
8.338636363636363
8.069545454545455
7.829545454545454
8.42818181818182
7.994545454545454
7.6022727272727275
7.430909090909091
6.889545454545455
6.711363636363637
6.972727272727273
6.815454545454545
6.254545454545454
6.120454545454546
6.347727272727273
7.288181818181818
6.909090909090909
6.503181818181818
6.288636363636363
6.2281818181818185
6.666363636363636
5.915
6.195454545454546
5.727727272727273
5.605
5.267272727272727
4.895909090909091
4.184545454545455
4.255
4.861363636363636
4.534090909090909
4.793181818181818
4.377727272727273
4.555909090909091
4.456363636363637
4.149090909090909
3.894090909090909
3.8936363636363636
4.243636363636363
4.333181818181818
4.819545454545454
4.655454545454545
4.226818181818182
4.0640909090909085
3.9472727272727273
3.755
3.625454545454545
4.1481818181818175
3.465909090909091
3.5863636363636364
4.034090909090909
3.429090909090909
3.2895454545454546
3.3595454545454544
3.423636363636364
3.7977272727272724
4.485454545454545
4.461363636363637
4.928181818181819
4.194090909090909
3.7104545454545454
3.8277272727272726
3.3881818181818186
2.922272727272727
3.511818181818182
3.8204545454545453
3.933181818181818
