pet
0.4068
0.31120000000000003
0.2288
0.38079999999999997
0.5144
0.4224
0.4172
0.41480000000000006
0.396
0.4636
0.48840000000000006
0.466
0.47200000000000003
0.4796
0.5112
0.4108
0.332
0.376
0.41960000000000003
0.48119999999999996
0.5484
0.3992
0.41480000000000006
0.43920000000000003
0.3576
0.4092
0.3148
0.4168
0.53
0.4632
0.4764
0.4904
0.5664
0.5592
0.5516
0.7195999999999999
0.6744
0.46840000000000004
0.4208
0.5032
0.3996
0.3836
0.4292
0.3544
0.39480000000000004
0.36
0.3812
0.4788
0.446
0.478
0.5032
0.5336
0.6644
0.6779999999999999
0.5636
0.552
0.5784
0.7315999999999999
0.6408
0.6823999999999999
0.7288
0.6748000000000001
0.8044
0.9716
1.028
1.0964
0.8867999999999999
0.946
1.024
1.0031999999999999
1.0404
0.9668000000000001
0.8495999999999999
0.8264
0.8724000000000001
0.9872
0.8096000000000001
0.7724
0.7156
0.8692
0.9356
0.8856
0.9159999999999999
0.9376000000000001
0.9256
0.9992
0.9196000000000001
1.0908
1.1504
1.2712
1.2948
0.9956
0.9412
1.0732
1.1824
1.2448000000000001
1.0932
1.0356
1.2144
1.5712000000000002
1.5552000000000001
1.4188
1.368
1.546
1.5992
1.6612
1.6036000000000001
1.756
1.5903999999999998
1.6576
1.6512
1.6368
1.7608000000000001
1.7763999999999998
1.6212
1.7016
1.7531999999999999
1.7408
1.7675999999999998
1.8792
1.8708
1.8456000000000001
1.9247999999999998
2.0468
1.7548
2.0032
2.1528
1.9340000000000002
1.9376
2.04
2.0508
2.1016
2.126
2.0576
2.2316
2.0572
2.2488
2.2336
2.2296
2.3956
2.2768
2.306
2.406
2.4656000000000002
2.6252
2.6068000000000002
2.4724
2.4668
2.4984
2.528
2.6848
2.6148000000000002
2.3826923076923077
2.336923076923077
2.419230769230769
2.5584615384615383
2.460769230769231
2.4319230769230766
2.4723076923076923
2.3646153846153846
2.3607692307692307
2.269230769230769
2.2357692307692307
2.26
2.3069230769230766
2.2684615384615383
2.4953846153846153
2.438846153846154
2.566153846153846
2.572307692307692
2.310769230769231
2.2623076923076924
2.2796153846153846
2.211923076923077
2.256153846153846
2.4723076923076923
2.3653846153846154
2.291153846153846
2.4007692307692308
2.3853846153846154
2.4538461538461536
2.3242307692307693
2.352692307692308
2.41
2.4719230769230767
2.4234615384615386
2.6526923076923077
2.670384615384615
2.4584615384615387
2.4007692307692308
2.4492307692307693
2.560769230769231
2.4615384615384617
2.5330769230769232
2.460769230769231
2.3715384615384614
2.1423076923076922
2.171923076923077
2.2196153846153845
2.54
2.326923076923077
2.245769230769231
2.253846153846154
2.1526923076923077
2.3449999999999998
2.3830769230769233
2.4680769230769233
2.4430769230769234
2.404230769230769
2.3423076923076924
2.3284615384615384
2.105769230769231
2.2447999999999997
2.2832
2.1752000000000002
2.0388
2.1384
2.1184
1.9428
2.0052000000000003
1.9972
1.9764
2.0724
2.0772
2.1308000000000002
2.1504
2.1656
1.9216
1.9708
1.9524000000000001
1.99
2.0448
2.0544
1.8992000000000002
1.8924
1.8624
1.7604
1.706
1.6852
1.906
1.7331999999999999
1.614
1.5819999999999999
1.6547999999999998
1.6024
1.6032
1.5372
1.2772
1.3872
1.48
1.3563999999999998
1.4076
1.382
1.2288
1.2944
1.2012
1.1904
1.1484
1.3652000000000002
1.4172
1.1832
1.172
1.2556
1.2436
1.1712
1.2472
0.8859999999999999
0.8732
1.0108
1.0012
1.1284
1.1408
1.1872
1.0656
1.1884000000000001
1.0544
1.0659999999999998
0.9848
0.9196
0.8624
0.9384
0.9216
0.7659999999999999
0.8564
0.8664000000000001
0.8204
0.8508
0.8068000000000001
0.636
0.6136
0.6096
0.6923999999999999
0.5864
0.5532
0.6048
0.7036
0.738
0.7424
0.7096000000000001
0.662
0.6931999999999999
0.6252
0.6828
0.5352
0.5392
0.6256
0.7016
0.5324
0.4868
0.5664
0.624
0.5392
0.6096
0.6184000000000001
0.4728
0.41
0.3996
0.418
0.3764
0.38520000000000004
0.41600000000000004
0.4104
0.278
0.2104
0.4728
0.574
0.49439999999999995
0.4032
0.44920000000000004
0.34240000000000004
0.31679999999999997
0.3604
0.34480000000000005
0.3972
0.4692
0.5508
0.5324
0.418
0.3544
0.2444
0.2288
0.2848
0.33760000000000007
0.4236
0.4096
0.3436
0.3628
0.38880000000000003
0.40480000000000005
0.30519999999999997
0.3028
0.2836
0.2832
0.3748
0.3944
0.3812
0.4028
0.4508
0.4932
0.4792
0.4728
0.5428000000000001
0.4524
0.43119999999999997
0.4336
