temperature
1.96
1.5372
1.0512000000000001
1.7788
2.622
1.9484000000000001
1.6563999999999999
2.0808
1.8048
1.5348000000000002
1.4844
1.3316
1.8568
2.2563999999999997
2.1532
1.5692
1.2256
1.4120000000000001
1.744
2.0584000000000002
2.3868
1.7204
1.6764
1.8064000000000002
1.1944
1.4572
1.1288
1.6776
2.1692
1.656
1.6052000000000002
2.0336
2.5192
2.3868
2.2563999999999997
2.9756
2.7196
1.8468
1.5372
1.7331999999999999
1.0944
1.1440000000000001
1.4884
1.0959999999999999
0.8056
0.7888
0.8316
1.5876
1.4380000000000002
1.5468000000000002
1.6332
1.7835999999999999
2.4516
2.53
2.2436
1.9804
2.0644
2.9452
2.4592
2.482
2.5964
2.3828
3.1416000000000004
3.8132
4.148
4.308
3.5584
3.7464
3.9964
3.9656000000000002
4.1928
3.752
3.0764
3.112
3.1384000000000003
3.4804000000000004
2.9284
2.8724000000000003
2.5068
3.1464
3.3064
3.2451999999999996
3.4956
3.6156
3.5564
3.568
3.3244
4.0936
4.386
4.762
4.7516
3.5936000000000003
3.3352
3.9419999999999997
4.3612
4.6236
4.0684
3.6031999999999997
4.2816
5.5816
5.5116
5.187200000000001
4.734
5.6596
5.9124
6.127999999999999
5.8864
6.354400000000001
5.8420000000000005
6.0924000000000005
6.0492
5.9392
6.2463999999999995
6.3016
5.7356
6.2248
6.35
6.1824
6.6148
6.954400000000001
6.4812
6.5512
6.7528
7.0952
6.3348
7.0632
7.5936
6.9512
6.992000000000001
7.2928
7.376799999999999
7.5760000000000005
7.6632
7.4436
8.084
7.7576
8.2332
8.1708
8.299199999999999
8.849200000000002
8.628
8.7264
9.0436
9.3236
9.77
9.794400000000001
9.4984
9.6484
9.6564
9.7812
10.2024
10.831600000000002
10.323076923076922
10.331538461538461
10.76076923076923
11.193461538461538
10.932307692307692
10.900769230769232
11.114615384615385
10.93
10.94346153846154
10.787692307692309
10.621153846153845
10.659230769230769
10.941538461538462
11.082307692307692
11.82423076923077
11.746153846153845
12.162307692307694
12.166153846153845
11.473461538461539
11.483846153846153
11.557307692307692
11.428461538461537
11.691923076923077
12.38923076923077
12.124615384615385
11.803076923076922
12.325769230769229
12.410769230769231
12.692307692307692
12.38846153846154
12.491153846153846
12.729615384615386
12.983846153846153
13.008461538461537
13.703076923076923
13.762692307692307
13.272307692307692
13.205
13.411153846153846
13.782307692307691
13.540384615384616
13.824615384615385
13.643076923076922
13.467692307692309
12.77730769230769
12.967692307692309
13.174615384615386
14.129999999999999
13.607692307692307
13.36153846153846
13.361153846153845
13.073846153846155
13.651923076923076
13.895384615384614
14.228461538461538
14.183076923076923
14.079230769230769
13.994615384615384
13.976153846153846
13.258076923076922
13.5656
13.7248
13.5336
13.0636
13.422
13.3824
12.8476
13.0692
13.0424
13.040799999999999
13.3928
13.4256
13.6176
13.751600000000002
13.786
13.001600000000002
13.146400000000002
13.1188
13.2404
13.3812
13.485199999999999
12.8572
12.8628
12.822000000000001
12.5832
12.3092
12.092
12.9228
12.4376
11.963199999999999
11.931600000000001
11.9952
11.808399999999999
11.6832
11.568
10.581199999999999
10.9576
11.2704
10.7956
11.069600000000001
10.6552
10.322000000000001
10.488800000000001
10.1572
10.0996
9.933200000000001
10.713199999999999
10.8848
10.1724
10.1116
10.388399999999999
10.0388
10.0312
10.184
9.0448
8.9544
9.1224
8.9216
9.6336
9.68
9.843200000000001
9.3764
9.692
9.0264
9.2596
8.881599999999999
8.8596
8.443200000000001
8.796
8.808
7.8948
8.0732
8.0172
7.732
7.9312000000000005
7.7512
6.928
6.5927999999999995
7.0544
7.1968000000000005
6.3924
6.5172
6.8136
7.216799999999999
7.417999999999999
7.364400000000001
7.194
6.8364
6.6108
6.312
6.4952
5.784800000000001
5.834
6.1076
6.1464
5.4864
5.1624
5.4896
5.7268
5.5444
5.4772
5.4512
4.8156
4.38
3.9812
3.9956
4.1248000000000005
3.8024
3.7371999999999996
3.8092
3.1576
2.6696
3.6012
4.1304
3.7772
3.3136
3.6248
2.7568
2.7716
2.7783999999999995
2.3428
2.8312
3.448
4.1484000000000005
3.8788
3.4751999999999996
3.3136
2.3432
1.8012000000000001
2.0316
2.5056
2.7464
2.4863999999999997
2.4404000000000003
2.6976
2.772
3.1436
2.5136000000000003
2.0716
2.1452
2.1452
2.1556
2.4792
2.3712
2.7548000000000004
2.8168
2.8044
2.4827999999999997
2.0568
2.5652
1.9904
2.2163999999999997
2.0088
