pet
0.4476923076923077
0.48384615384615387
0.4176923076923077
0.43846153846153846
0.6076923076923078
0.4461538461538461
0.4480769230769231
0.5084615384615385
0.6226923076923078
0.6330769230769231
0.435
0.4184615384615385
0.45615384615384613
0.5592307692307693
0.5492307692307692
0.48423076923076924
0.3288461538461539
0.36115384615384616
0.435
0.4788461538461538
0.6361538461538461
0.6457692307692308
0.635
0.5546153846153846
0.583076923076923
0.5292307692307692
0.5842307692307692
0.5503846153846154
0.5557692307692308
0.47269230769230763
0.5538461538461539
0.5476923076923077
0.5346153846153846
0.6465384615384615
0.6746153846153846
0.8119230769230769
0.8661538461538462
0.7361538461538462
0.6776923076923077
0.6153846153846154
0.5861538461538461
0.6238461538461538
0.5911538461538461
0.48000000000000004
0.4419230769230769
0.46576923076923077
0.4819230769230769
0.6130769230769231
0.6015384615384616
0.5711538461538461
0.6499999999999999
0.6642307692307692
0.6873076923076924
0.8323076923076923
0.7403846153846154
0.6834615384615385
0.7288461538461538
0.8284615384615385
0.8988461538461539
0.9142307692307692
1.036923076923077
0.943076923076923
0.8734615384615385
1.0296153846153846
1.0973076923076923
1.1065384615384615
1.1165384615384615
1.0523076923076924
1.2811538461538463
1.218846153846154
1.2238461538461538
1.1507692307692308
1.163846153846154
1.1273076923076923
1.2161538461538461
1.308846153846154
1.3965384615384617
1.2326923076923075
1.2396153846153846
1.2780769230769229
1.265769230769231
1.4634615384615384
1.5392307692307692
1.4473076923076924
1.4207692307692308
1.353846153846154
1.4353846153846155
1.393846153846154
1.4615384615384615
1.7265384615384616
1.6734615384615383
1.585
1.46
1.4011538461538462
1.514230769230769
1.6065384615384617
1.71
1.5161538461538462
1.6723076923076923
1.9634615384615384
1.8426923076923076
1.97
1.8142307692307693
1.8646153846153846
2.0496153846153846
2.13
1.9265384615384618
1.953846153846154
2.0703846153846155
2.017692307692308
2.1865384615384618
2.4203846153846156
2.0773076923076923
2.0784615384615384
2.077692307692308
2.088461538461538
2.099615384615385
2.1196153846153845
2.168461538461538
2.290769230769231
2.2796153846153846
2.4584615384615387
2.323846153846154
2.3715384615384614
2.5065384615384616
2.5142307692307693
2.6573076923076924
2.5919230769230768
2.659615384615385
2.721538461538462
2.642692307692308
2.7403846153846154
2.6603846153846153
2.680769230769231
2.861923076923077
2.8053846153846154
2.5623076923076926
2.726923076923077
2.871153846153846
2.9719230769230767
2.7365384615384616
2.9965384615384614
2.9242307692307694
3.0534615384615384
2.965384615384615
3.05
2.8996153846153847
2.77
3.019615384615385
2.898076923076923
3.081538461538462
3.0126923076923076
2.8196153846153846
2.757307692307692
2.7807692307692307
2.8638461538461537
2.815
2.9215384615384616
2.918461538461538
2.833846153846154
2.7476923076923074
2.722692307692308
2.681923076923077
2.883846153846154
2.8411538461538464
2.7880769230769227
3.066153846153846
2.7792307692307694
2.851153846153846
2.938846153846154
2.9384615384615387
2.832692307692308
2.810769230769231
2.821923076923077
2.9042307692307694
2.9000000000000004
3.0973076923076923
3.0096153846153846
2.9846153846153842
2.9699999999999998
3.096538461538462
3.086153846153846
2.9650000000000003
3.0476923076923077
3.3607692307692307
3.205
3.25
3.2811538461538463
3.414615384615385
3.1853846153846153
3.113076923076923
3.2161538461538464
3.149230769230769
3.2853846153846153
3.2565384615384616
3.069230769230769
2.9626923076923077
2.906538461538462
2.968461538461539
3.115769230769231
3.147307692307692
3.066923076923077
3.0646153846153847
3.0257692307692308
2.89
3.0876923076923077
3.1061538461538465
3.128076923076923
3.102692307692308
3.2253846153846153
3.3176923076923077
3.0819230769230765
2.9511538461538462
3.063076923076923
3.088846153846154
2.9434615384615386
2.831538461538462
2.843461538461539
2.753846153846154
2.944230769230769
2.891153846153846
2.7611538461538463
2.8015384615384615
2.7553846153846155
2.805
2.9457692307692307
2.8953846153846152
2.772307692307692
2.647307692307692
2.648846153846154
2.8276923076923075
2.82
2.8003846153846155
2.5534615384615384
2.3403846153846155
2.357307692307692
2.440769230769231
2.4126923076923075
2.2326923076923078
2.356153846153846
2.3334615384615387
2.255
2.117692307692308
2.2403846153846154
2.176153846153846
2.0753846153846154
2.1342307692307694
2.066923076923077
1.9703846153846152
2.128076923076923
2.183846153846154
2.1146153846153846
1.8834615384615385
1.8446153846153845
1.7665384615384616
1.6188461538461536
1.6730769230769231
1.7446153846153847
1.7673076923076925
1.731153846153846
1.781923076923077
1.593076923076923
1.5915384615384616
1.662692307692308
1.5953846153846152
1.6749999999999998
1.5292307692307692
1.4892307692307691
1.5565384615384614
1.4384615384615385
1.4576923076923076
1.5461538461538462
1.419230769230769
1.3800000000000001
1.4015384615384614
1.3984615384615384
1.3423076923076922
1.2396153846153848
1.2488461538461537
1.1215384615384616
1.3126923076923078
1.406923076923077
1.326153846153846
1.2573076923076922
1.338076923076923
1.0765384615384617
0.9976923076923078
0.9815384615384615
0.8665384615384616
0.9673076923076922
0.9930769230769231
0.9926923076923077
0.9115384615384615
0.7942307692307692
0.8123076923076924
0.8923076923076922
0.91
0.9826923076923078
0.8753846153846153
0.8876923076923077
0.7550000000000001
0.8353846153846154
0.9296153846153847
0.9000000000000001
0.9123076923076923
0.9373076923076924
0.7834615384615385
0.7230769230769231
0.6423076923076922
0.6042307692307692
0.8411538461538461
0.8269230769230769
0.76
0.8049999999999999
0.655
0.5465384615384615
0.5423076923076923
0.5346153846153846
0.5642307692307692
0.48384615384615387
0.5684615384615385
0.6073076923076923
0.4338461538461538
0.42346153846153844
0.5103846153846153
0.5676923076923077
0.6507692307692307
0.5588461538461538
0.566923076923077
0.48846153846153845
0.44692307692307687
0.3761538461538461
0.3538461538461538
0.49653846153846154
0.5488461538461539
0.6653846153846155
0.5807692307692307
0.5296153846153846
0.4584615384615385
0.4326923076923077
0.46384615384615385
0.4284615384615385
0.3523076923076923
0.41115384615384615
0.4076923076923077
0.46846153846153843
0.4123076923076923
0.4692307692307693
0.45153846153846156
0.44884615384615384
0.495
0.455
0.49
0.5430769230769231
0.5511538461538461
0.5446153846153846
0.5573076923076923
0.5438461538461539
0.5276923076923077
0.5623076923076924
0.6184615384615384
0.6534615384615384
0.5069230769230769
0.3988461538461538
0.4253846153846154
