temperature
4.246923076923077
4.313846153846153
4.178846153846154
4.616923076923077
5.240384615384615
4.547692307692308
4.418846153846154
4.833461538461538
5.361538461538462
5.116538461538462
3.8834615384615385
3.453076923076923
3.8607692307692307
4.703076923076923
4.622307692307692
4.26
3.4884615384615385
3.7776923076923077
4.133846153846154
4.491153846153846
5.185384615384615
5.173076923076923
5.136153846153846
4.571923076923077
4.522692307692308
4.185384615384615
4.367307692307692
4.467307692307693
4.183076923076923
3.3623076923076924
3.880769230769231
4.051923076923076
4.237692307692307
4.7238461538461545
4.791153846153846
5.409230769230769
5.486538461538462
4.795
4.6134615384615385
3.894615384615385
3.7819230769230767
4.043461538461538
3.9088461538461536
3.136153846153846
2.8826923076923077
3.0403846153846152
3.3303846153846157
3.931923076923077
3.7546153846153847
3.5065384615384616
3.833846153846154
4.060384615384615
4.358846153846153
4.953076923076923
4.477692307692307
4.2069230769230765
4.426153846153846
5.000384615384615
5.389230769230769
5.40076923076923
5.781538461538461
5.282692307692307
5.0
5.781538461538461
5.995384615384615
6.097307692307693
6.149615384615384
5.841923076923076
6.76
6.5346153846153845
6.531153846153846
6.21076923076923
6.305000000000001
6.136538461538462
6.3696153846153845
6.5369230769230775
7.157307692307692
6.408076923076923
6.405384615384615
6.662307692307692
6.516153846153846
7.278076923076923
7.531538461538461
7.152692307692307
6.9726923076923075
6.541538461538462
6.818461538461539
6.725
6.958076923076923
8.056538461538462
7.677307692307692
7.274230769230769
6.777692307692307
6.443076923076924
6.850769230769231
7.322692307692307
7.667692307692308
6.8961538461538465
7.437307692307693
8.402307692307692
8.082307692307692
8.543846153846154
8.008461538461539
8.187307692307693
8.889615384615384
9.180384615384614
8.448076923076924
8.531538461538462
9.006923076923076
8.776538461538461
9.450384615384616
10.281538461538462
9.102692307692307
9.028846153846153
8.967307692307692
9.124230769230769
9.14576923076923
9.35923076923077
9.501923076923077
10.026923076923076
9.736538461538462
10.128846153846155
9.809615384615386
9.973076923076924
10.571538461538463
10.63076923076923
11.109615384615385
10.952692307692306
11.102692307692308
11.374615384615385
11.173461538461538
11.531923076923077
11.343846153846155
11.479615384615386
12.086923076923076
11.966923076923077
11.246538461538462
11.752307692307692
12.225384615384616
12.573846153846155
11.98
12.789615384615384
12.723076923076924
13.124615384615385
12.906538461538462
13.18423076923077
12.748076923076923
12.442692307692308
13.306538461538462
12.962307692307691
13.621153846153845
14.093076923076923
13.751538461538463
13.541538461538462
13.663461538461538
14.019615384615385
13.939615384615385
14.326923076923077
14.438846153846153
14.219615384615384
14.062692307692307
13.978461538461538
13.946538461538463
14.608461538461539
14.504615384615384
14.51076923076923
15.443076923076923
14.609615384615385
14.894615384615385
15.231538461538461
15.289615384615384
15.00423076923077
14.995384615384616
15.126923076923077
15.461153846153847
15.569230769230769
16.296538461538464
16.083846153846153
16.074615384615385
16.074615384615385
16.50576923076923
16.497307692307693
16.13576923076923
16.46423076923077
17.51923076923077
17.104230769230767
17.31846153846154
17.4
17.858076923076922
17.234615384615385
17.06923076923077
17.471923076923076
17.310384615384613
17.801923076923078
17.763076923076923
17.23576923076923
16.92269230769231
16.751153846153848
16.986538461538462
17.478846153846153
17.619615384615386
17.38076923076923
17.44192307692308
17.315384615384616
17.00423076923077
17.599615384615383
17.70653846153846
17.849615384615387
17.835
18.216153846153848
18.509615384615383
17.801923076923078
17.393076923076926
17.759615384615383
17.91653846153846
17.51269230769231
17.188846153846153
17.217307692307692
16.995384615384616
17.581923076923076
17.469615384615384
17.087692307692308
17.216923076923077
17.123461538461537
17.350384615384616
17.854615384615386
17.70076923076923
17.298846153846153
16.912307692307692
16.958076923076923
17.611923076923077
17.599615384615383
17.60923076923077
16.757692307692306
16.021153846153847
16.10923076923077
16.427692307692308
16.366153846153846
15.736923076923079
16.201538461538462
16.158846153846152
15.931153846153846
15.449615384615385
15.77730769230769
15.468076923076923
15.076153846153847
15.297692307692309
15.006538461538462
14.691923076923077
15.338846153846154
15.515384615384615
15.311538461538463
14.52
14.415384615384616
14.125384615384615
13.64846153846154
13.737692307692308
13.983846153846155
14.118076923076924
14.062307692307693
14.299615384615382
13.601923076923075
13.63923076923077
13.856538461538461
13.621923076923078
13.929230769230768
13.360000000000001
13.154615384615385
13.423846153846153
13.012692307692307
13.035
13.418461538461539
12.955
12.574615384615385
12.587307692307691
12.523076923076925
12.275769230769232
11.920384615384616
11.992307692307692
11.412307692307694
12.184615384615386
12.571153846153846
12.09
11.780384615384616
12.193076923076923
10.994615384615384
10.645
10.611923076923079
9.964615384615383
10.399999999999999
10.54653846153846
10.519615384615385
10.116923076923078
9.50923076923077
9.646923076923077
9.943846153846154
10.099230769230768
10.395
10.05076923076923
9.723846153846154
9.080384615384615
9.36576923076923
9.720384615384615
9.65923076923077
9.55923076923077
9.448076923076924
8.705
8.35576923076923
7.695769230769231
7.793461538461538
8.904230769230768
8.80923076923077
8.381153846153847
8.701538461538462
8.055769230769231
7.350769230769231
7.018461538461539
6.694999999999999
7.007692307692308
6.657692307692307
6.9
6.969615384615385
6.218461538461539
5.973076923076923
6.0126923076923084
6.275384615384615
6.608461538461539
6.536153846153846
6.453076923076923
5.706538461538462
5.220384615384615
4.963461538461539
4.846923076923077
5.4969230769230775
5.915384615384616
6.644230769230769
6.165384615384616
6.232692307692308
5.813461538461539
5.358076923076923
5.5042307692307695
4.917307692307692
4.62423076923077
4.801153846153846
4.617307692307692
5.033076923076924
5.189615384615385
5.1111538461538455
5.492692307692308
5.5307692307692315
5.501538461538461
5.253076923076923
5.556153846153847
5.6996153846153845
5.607692307692308
5.215
5.321153846153846
5.236538461538462
5.240384615384615
5.457307692307693
5.290384615384615
5.313846153846153
4.651923076923077
4.031153846153846
3.995769230769231
