temperature
4.7876
4.4392000000000005
4.053999999999999
3.9663999999999997
4.1495999999999995
4.1724
4.956
4.7096
4.417199999999999
4.7156
4.9344
5.061599999999999
4.6128
4.2124
4.574000000000001
3.9788
3.7036000000000002
4.3008
4.59
3.8108
3.2812
3.6884
3.8415999999999997
3.8356
4.454
4.3751999999999995
4.5508
4.7216
4.396
3.8232
4.288
4.7132
4.3516
4.51
5.235600000000001
4.9628
4.1312
4.1944
4.3208
3.9648000000000003
3.7552
4.4036
4.5748
4.272
4.690799999999999
5.5724
4.914
5.232
4.901599999999999
5.2063999999999995
5.6328
5.7456
5.4963999999999995
5.8444
5.3552
5.6084000000000005
5.3952
4.9588
4.546
4.4608
4.7924
4.6524
4.4868
4.8180000000000005
5.2812
6.0448
6.1412
7.0564
6.685599999999999
6.590799999999999
6.4028
5.892
7.0828
7.5132
7.4108
7.042000000000001
6.599600000000001
6.7488
6.666799999999999
6.978400000000001
6.668399999999999
6.8656
7.074
7.2732
7.1404
7.0228
7.739199999999999
8.1948
8.6748
8.484399999999999
7.855600000000001
8.193200000000001
8.3696
8.1592
8.5032
8.0868
7.3260000000000005
7.8736
8.4132
7.969600000000001
7.706799999999999
7.9788
8.223199999999999
8.675600000000001
8.693999999999999
8.296800000000001
9.001600000000002
8.703199999999999
8.5124
9.294400000000001
10.1712
10.8384
10.7124
10.9004
10.3248
9.506
9.9224
9.4992
9.156
9.7004
10.0036
10.0484
10.1116
10.187999999999999
10.912
11.1072
11.654000000000002
11.866800000000001
12.2424
12.2096
11.4604
11.2376
11.3168
10.9484
11.9328
12.1976
11.8892
12.148
12.864
12.6784
12.6512
12.820799999999998
13.3456
12.961199999999998
13.13
13.0612
13.3728
13.1252
13.0452
12.966800000000001
13.4328
14.6104
14.674000000000001
13.9224
13.2788
13.418
13.199200000000001
13.790799999999999
14.0856
14.653599999999999
14.1032
14.3304
14.308
14.9948
14.821200000000001
15.1188
15.828
16.1072
15.712
15.771199999999999
15.422
15.4444
15.406400000000001
15.9756
15.784
15.5424
15.8968
15.9384
15.6496
16.1928
15.808399999999999
16.448400000000003
16.5196
16.1352
16.61
16.8624
16.5976
16.406399999999998
16.3596
16.3556
16.6624
16.2452
16.0244
16.040399999999998
16.4352
16.664
17.315
17.450769230769232
17.787307692307692
18.206153846153846
17.30153846153846
16.71846153846154
17.161923076923078
17.60076923076923
17.683846153846154
17.679615384615385
17.588076923076922
17.56923076923077
17.42076923076923
17.238846153846154
16.938846153846153
17.124615384615385
17.658076923076923
17.691153846153846
17.711153846153845
17.271538461538462
17.625384615384615
18.05
17.623076923076923
17.823461538461537
17.43
17.093846153846155
18.056923076923077
17.20576923076923
17.585384615384616
17.317692307692308
17.230384615384615
16.736923076923077
17.11076923076923
17.142307692307693
16.925384615384615
16.77230769230769
16.869230769230768
17.228846153846153
16.93
16.241153846153846
16.54692307692308
15.81576923076923
15.616538461538463
15.771923076923077
15.563076923076922
15.061538461538463
15.102307692307694
15.257692307692308
16.06269230769231
15.730384615384615
15.784615384615384
15.950769230769229
15.662307692307694
15.279230769230768
15.30923076923077
15.445384615384615
15.597307692307691
15.600000000000001
14.790000000000001
14.606153846153846
14.569230769230769
14.136153846153848
14.024615384615384
13.655
14.259615384615385
14.305769230769231
14.120384615384616
13.942307692307692
14.095769230769232
13.738461538461538
13.349230769230768
13.421538461538463
13.079230769230769
13.528461538461539
13.656923076923077
13.353846153846153
13.681153846153846
12.9972
12.364
12.26
11.6656
12.2976
11.461199999999998
11.5232
12.2216
11.9452
12.3496
11.728399999999999
11.6548
11.548399999999999
11.0208
10.8272
10.9924
10.363599999999998
10.4656
10.2332
10.054400000000001
10.543199999999999
10.139199999999999
10.3468
10.3824
10.420399999999999
9.9988
9.9148
9.5632
9.2
9.783999999999999
9.693999999999999
9.3128
8.9952
8.5008
7.9803999999999995
8.184800000000001
7.9688
8.0716
7.8656
7.6692
8.226
8.1972
7.9196
7.5612
7.4075999999999995
7.994
7.206
7.1644
6.742000000000001
6.3224
5.97
5.8848
5.8684
5.4876
6.0384
5.856
6.12
6.216
5.978
5.6344
5.4744
5.067200000000001
5.122000000000001
4.8431999999999995
4.814
5.5451999999999995
5.437200000000001
5.0824
5.136799999999999
4.7808
4.9872
4.524
4.9556000000000004
4.7376
4.7788
4.9996
4.4752
3.9924
3.8016
3.832
3.8292
4.59
5.1928
5.876
5.840800000000001
4.8864
4.944
4.5312
3.522
4.018
4.8232
4.63
