pet
0.40041666666666664
0.42
0.3358333333333334
0.4566666666666667
0.6116666666666667
0.38083333333333336
0.43124999999999997
0.5741666666666667
0.5383333333333333
0.5541666666666666
0.44375000000000003
0.43166666666666664
0.4595833333333333
0.4995833333333333
0.5604166666666667
0.45999999999999996
0.39666666666666667
0.39916666666666667
0.46125
0.5083333333333333
0.5541666666666667
0.4375
0.46458333333333335
0.5108333333333334
0.43583333333333335
0.40625
0.42250000000000004
0.4870833333333333
0.5204166666666666
0.4975
0.5575
0.45291666666666663
0.5287499999999999
0.6179166666666667
0.7220833333333333
0.8391666666666667
0.77625
0.61375
0.5991666666666667
0.66375
0.53625
0.54625
0.61
0.51
0.5425
0.5429166666666666
0.47374999999999995
0.6133333333333334
0.59
0.5725
0.5858333333333333
0.62
0.7233333333333333
0.7725
0.7208333333333333
0.71125
0.7891666666666667
0.8937499999999999
0.8179166666666666
0.8725
1.0058333333333334
0.8666666666666667
0.9095833333333333
1.1145833333333333
1.16375
1.0995833333333334
1.0987500000000001
1.09125
1.3183333333333334
1.1883333333333332
1.2308333333333332
1.2433333333333334
1.0570833333333334
1.03
1.11
1.2258333333333333
1.0820833333333333
1.0233333333333332
1.0175
0.9958333333333332
1.1304166666666666
1.2120833333333334
1.2154166666666668
1.2258333333333333
1.3358333333333334
1.2583333333333333
1.2954166666666667
1.4270833333333333
1.3883333333333334
1.6804166666666667
1.6133333333333333
1.37625
1.3104166666666666
1.4004166666666666
1.5266666666666666
1.5454166666666669
1.425
1.4491666666666667
1.6766666666666667
1.76
1.7787499999999998
1.7854166666666667
1.4945833333333332
1.64
1.8475000000000001
2.006666666666667
1.6791666666666665
1.9000000000000001
1.8908333333333334
1.8670833333333334
2.1754166666666666
2.2579166666666666
2.0329166666666665
2.13
2.0554166666666664
2.12625
2.2345833333333336
2.231666666666667
2.222916666666667
2.274583333333333
2.2583333333333333
2.467916666666667
2.5504166666666666
2.4654166666666666
2.3962499999999998
2.6141666666666667
2.717916666666667
2.58625
2.4116666666666666
2.589166666666667
2.6241666666666665
2.7937499999999997
2.87875
2.895
2.997083333333333
2.7329166666666667
2.7913043478260873
2.654782608695652
2.889130434782609
2.9165217391304346
2.747826086956522
2.964782608695652
2.9130434782608696
3.066521739130435
3.0443478260869563
2.883478260869565
2.746086956521739
2.822173913043478
3.04
2.9452173913043476
3.099565217391304
2.9834782608695654
2.743913043478261
2.825217391304348
2.773913043478261
2.8739130434782605
2.717391304347826
2.566521739130435
2.7404347826086957
2.7065217391304346
2.654782608695652
2.488695652173913
2.508695652173913
2.5295652173913044
2.4230434782608694
2.4530434782608697
2.6247826086956523
2.677826086956522
2.639130434782609
2.83
2.6356521739130434
2.5147826086956524
2.543913043478261
2.488260869565217
2.4969565217391305
2.557391304347826
2.642608695652174
2.662608695652174
2.802608695652174
2.756521739130435
2.8130434782608695
2.5582608695652174
2.6473913043478263
2.8491304347826087
3.016086956521739
2.9186956521739127
2.963913043478261
3.138695652173913
3.058695652173913
2.927826086956522
2.9121739130434783
3.0943478260869566
3.013478260869565
2.9895652173913048
2.9134782608695655
2.713913043478261
2.680869565217391
2.5669565217391304
2.6034782608695655
2.8517391304347828
2.811304347826087
2.6417391304347824
2.7704347826086955
2.867391304347826
2.7004347826086956
2.8795652173913044
2.8434782608695657
2.949130434782609
2.7939130434782613
2.8778260869565218
2.864347826086956
2.55
2.6034782608695655
2.7804347826086957
2.7130434782608694
2.569130434782609
2.510869565217391
2.513478260869565
2.286086956521739
2.420434782608696
2.3765217391304345
2.6043478260869564
2.6895652173913045
2.4195652173913045
2.455217391304348
2.488260869565217
2.4786956521739127
2.402608695652174
2.4339130434782605
2.4721739130434783
2.655217391304348
2.5965217391304347
2.53
2.2830434782608693
2.1482608695652172
2.0678260869565217
2.0426086956521736
1.932173913043478
1.9560869565217391
2.0834782608695654
2.0708695652173916
2.0095652173913043
2.033913043478261
1.8917391304347826
1.9917391304347827
1.808695652173913
1.8691304347826088
1.7169565217391305
1.6969565217391305
1.9360869565217391
1.7817391304347827
1.9082608695652175
1.7295652173913043
1.6269565217391304
1.5008695652173911
1.4221739130434783
1.4378260869565218
1.4165217391304348
1.6304347826086956
1.7365217391304346
1.5847826086956522
1.5265217391304347
1.5826086956521739
1.5134782608695654
1.3843478260869566
1.5521739130434784
1.3721739130434782
1.4021739130434783
1.4734782608695653
1.4026086956521737
1.5278260869565217
1.452173913043478
1.496086956521739
1.3482608695652174
1.2843478260869565
1.3126086956521739
1.2165217391304348
1.1856521739130435
1.2391304347826086
1.111304347826087
1.2791304347826087
1.27
1.0130434782608695
1.1465217391304348
1.241304347826087
1.0578260869565217
1.0595652173913044
1.0269565217391305
0.8756521739130435
0.8452173913043479
0.9347826086956522
0.9626086956521739
0.802608695652174
0.802608695652174
0.8178260869565218
0.7973913043478261
0.7560869565217392
0.8252173913043478
0.7047826086956522
0.7517391304347826
0.7373913043478261
0.7304347826086957
0.821304347826087
0.6878260869565217
0.742608695652174
0.7504347826086956
0.6821739130434782
0.5947826086956521
0.5852173913043478
0.5695652173913043
0.7813043478260869
0.6526086956521739
0.6873913043478261
0.7182608695652174
0.6339130434782608
0.5082608695652173
0.4691304347826087
0.5178260869565218
0.51
0.5013043478260869
0.5373913043478261
0.6134782608695653
0.44478260869565217
0.3695652173913043
0.45956521739130435
0.6165217391304347
0.5669565217391305
0.4673913043478261
0.5552173913043478
0.4839130434782609
0.4056521739130435
0.41043478260869565
0.3704347826086956
0.42434782608695654
0.4830434782608695
0.6160869565217392
0.4856521739130435
0.44304347826086954
0.26913043478260873
0.2652173913043478
0.3139130434782609
0.3943478260869565
0.3656521739130435
0.44347826086956527
0.4839130434782609
0.4752173913043478
0.42173913043478267
0.4469565217391305
0.42043478260869566
0.4126086956521739
0.45173913043478264
0.4008695652173913
0.4026086956521739
0.388695652173913
0.3804347826086957
0.40739130434782606
0.523913043478261
0.59
0.5143478260869565
0.5252173913043479
0.49521739130434783
0.5291304347826087
0.5260869565217391
0.468695652173913
0.45086956521739135
