temperature
3.57375
3.5516666666666663
3.060416666666667
3.5316666666666667
4.547083333333333
3.3754166666666667
3.50625
4.305833333333333
4.425833333333333
3.96625
3.519166666666667
3.2595833333333335
3.1704166666666667
3.407916666666667
3.7687500000000003
3.358333333333333
2.7516666666666665
2.8979166666666667
3.175416666666667
3.5975
4.204166666666667
3.5741666666666667
3.4187499999999997
3.4983333333333335
3.0425
2.609583333333333
2.5004166666666667
2.9545833333333333
3.580833333333333
3.28875
3.174583333333333
2.9891666666666663
3.37375
3.71625
4.015
4.5925
4.715
3.9479166666666665
3.422916666666667
3.6316666666666664
3.279166666666667
3.3370833333333336
3.268333333333333
2.682916666666667
2.4066666666666667
2.53125
2.6520833333333336
3.4600000000000004
2.8708333333333336
2.8629166666666666
2.8858333333333337
3.4204166666666667
4.0375000000000005
4.2804166666666665
4.0475
3.6695833333333336
4.189583333333333
4.742083333333333
4.431666666666667
4.937916666666667
5.420000000000001
5.078333333333333
5.16125
6.008333333333333
6.219166666666666
6.18375
5.842083333333334
5.7562500000000005
6.655
6.221666666666667
6.1475
6.153333333333333
5.817083333333334
5.570833333333333
5.668333333333333
5.815416666666667
5.91375
5.3475
5.504166666666666
5.640833333333333
5.8500000000000005
6.165
6.142083333333333
6.485416666666667
6.471666666666667
6.278333333333333
6.1025
6.50125
6.60125
7.519583333333333
7.210416666666667
6.445416666666667
5.806666666666666
5.77625
6.427916666666667
6.716666666666666
6.339583333333334
5.977083333333334
7.085
7.56625
7.904583333333334
7.600833333333333
7.06625
7.5475
8.004166666666666
8.619166666666667
7.642083333333333
8.223333333333333
8.668750000000001
8.238333333333333
9.0325
9.431666666666667
8.577083333333333
8.39
8.605833333333333
8.629166666666666
8.639166666666666
8.996666666666668
9.137500000000001
9.581249999999999
8.93875
9.2675
9.2225
9.406666666666666
9.496666666666666
9.93
10.51625
10.195833333333333
9.605
10.061666666666667
9.964166666666666
10.4
10.4075
10.660416666666666
11.110833333333332
10.597916666666666
10.619583333333333
10.437083333333334
11.173333333333334
11.870416666666666
10.977083333333333
11.694166666666668
11.620416666666666
11.90875
11.9375
11.779166666666667
11.115
11.627916666666666
12.104999999999999
11.765416666666667
12.750416666666666
13.105833333333335
12.602083333333333
12.727916666666667
12.822916666666666
13.668750000000001
13.8025
13.120833333333332
13.854583333333332
13.527083333333332
13.529166666666667
13.274583333333332
13.104583333333332
13.729166666666666
13.137083333333335
13.040416666666667
13.800416666666665
13.966666666666667
14.020000000000001
14.554583333333333
14.61125
13.706249999999999
13.863750000000001
14.000833333333333
14.188333333333333
14.545416666666668
14.910416666666668
14.637083333333335
15.02375
14.590833333333334
15.089583333333332
14.881666666666668
14.704166666666666
15.246250000000002
15.835833333333333
15.74
16.07875
16.45958333333333
16.40125
16.170416666666664
15.909166666666666
16.442916666666665
16.4525
16.836666666666666
16.644583333333333
16.482499999999998
16.008333333333333
15.831249999999999
15.802083333333334
16.729583333333334
16.229583333333334
15.847500000000002
16.443749999999998
16.385
15.932083333333333
16.37375
16.716666666666665
17.203333333333333
17.16333333333333
17.284583333333334
17.487916666666667
16.39
16.112083333333334
16.87875
16.674166666666668
16.70875
16.499166666666667
16.419583333333332
15.938749999999999
16.24083333333333
16.022916666666667
16.520833333333332
17.051666666666666
16.415
16.512083333333333
16.88375
16.602083333333333
16.267916666666668
16.15625
16.322916666666668
16.979166666666668
16.852083333333333
16.714583333333334
15.615416666666667
15.355416666666665
14.992083333333333
15.181666666666667
14.70875
14.8025
15.245
15.438333333333333
14.789166666666667
14.894583333333332
14.852916666666665
14.849166666666667
14.17875
14.390416666666667
13.727083333333333
13.675833333333335
14.487916666666665
14.165
14.6225
14.215833333333334
13.573749999999999
12.85375
12.901666666666666
12.870416666666666
12.8025
13.3775
13.75625
13.298333333333334
12.977083333333333
13.0375
13.14875
12.615833333333333
13.049999999999999
12.417916666666665
12.4375
12.57625
12.334583333333335
12.534583333333332
12.66375
12.823333333333332
12.042499999999999
11.777499999999998
11.40875
11.424583333333333
11.595
11.635833333333332
10.84375
11.36125
11.724583333333333
10.359583333333333
10.497083333333334
10.945833333333333
10.03875
9.66
9.829583333333334
9.49375
8.99875
9.64
9.883750000000001
9.105833333333333
9.147083333333333
9.114583333333334
9.194583333333332
9.112916666666667
9.293750000000001
9.115416666666667
8.687916666666666
8.29875
8.309166666666668
8.862083333333333
8.459583333333333
8.322916666666666
8.187083333333334
7.857083333333333
7.637083333333333
7.333043478260869
7.259130434782609
7.8191304347826085
7.457826086956522
7.252173913043479
7.522608695652174
7.01608695652174
6.306956521739131
5.927391304347827
6.003043478260869
6.6460869565217395
6.177391304347827
6.297391304347826
6.6960869565217385
6.135217391304349
5.131304347826087
5.191304347826088
5.9021739130434785
5.821304347826087
5.647391304347827
6.190434782608696
5.324782608695652
4.708260869565217
4.235217391304348
4.08
4.558260869565218
5.0373913043478264
5.458695652173913
5.440434782608696
5.366521739130435
4.565217391304348
4.0826086956521745
3.971304347826087
4.044782608695653
4.026521739130435
4.280434782608696
4.099583333333333
3.874166666666667
3.7562499999999996
4.022916666666666
4.538749999999999
4.415
4.150416666666667
4.112916666666666
4.601666666666667
4.410416666666667
4.3966666666666665
4.248333333333333
4.70125
4.867083333333333
4.477916666666666
4.324166666666667
4.1762500000000005
4.50375
3.9283333333333332
3.8045833333333334
3.7525
