pet
0.4257692307692308
0.46307692307692305
0.4403846153846154
0.6442307692307693
0.655
0.428076923076923
0.5115384615384616
0.5953846153846154
0.58
0.5861538461538461
0.4503846153846153
0.3861538461538462
0.41923076923076924
0.48423076923076924
0.4380769230769231
0.45153846153846156
0.3584615384615385
0.4180769230769231
0.4419230769230769
0.5153846153846154
0.6488461538461539
0.5930769230769231
0.6053846153846154
0.5634615384615385
0.5553846153846154
0.5596153846153846
0.5619230769230769
0.5553846153846154
0.5015384615384616
0.45769230769230773
0.5803846153846154
0.5746153846153846
0.6076923076923078
0.6388461538461538
0.7546153846153847
0.8053846153846155
0.7757692307692309
0.7692307692307693
0.7584615384615384
0.5684615384615385
0.6042307692307692
0.6246153846153846
0.5807692307692307
0.4988461538461539
0.5311538461538462
0.5315384615384615
0.5357692307692308
0.6280769230769232
0.571923076923077
0.6207692307692307
0.591923076923077
0.6196153846153846
0.7638461538461538
0.7684615384615385
0.6903846153846154
0.7615384615384616
0.8592307692307692
0.8638461538461539
0.8403846153846154
0.8815384615384615
0.9815384615384615
0.8965384615384615
0.9103846153846155
0.9792307692307692
1.0153846153846153
1.0046153846153847
1.0511538461538463
1.04
1.1592307692307693
1.0707692307692307
1.1
1.1319230769230768
0.9561538461538461
1.07
1.073846153846154
1.165
1.0946153846153845
1.0811538461538461
1.0407692307692307
1.1207692307692307
1.1396153846153845
1.360769230769231
1.3596153846153847
1.3446153846153845
1.361923076923077
1.2834615384615384
1.1923076923076923
1.2984615384615383
1.3676923076923078
1.5576923076923077
1.3838461538461537
1.2107692307692308
1.116923076923077
1.2242307692307692
1.2361538461538462
1.419230769230769
1.6007692307692307
1.4523076923076923
1.4992307692307694
1.7011538461538462
1.7038461538461538
1.738846153846154
1.8103846153846155
1.6992307692307693
1.8976923076923078
1.97
1.7823076923076924
1.9565384615384613
1.9311538461538462
1.8676923076923078
2.0346153846153845
2.1773076923076924
2.026923076923077
1.9692307692307693
1.97
1.9073076923076924
2.105
2.0900000000000003
2.1553846153846155
2.1115384615384616
2.0357692307692306
2.361923076923077
2.3934615384615388
2.418846153846154
2.4676923076923076
2.393076923076923
2.56
2.434230769230769
2.411923076923077
2.383846153846154
2.6403846153846158
2.6434615384615388
2.461153846153846
2.5788461538461536
2.696153846153846
2.585384615384615
2.546923076923077
2.582307692307692
2.7453846153846153
2.8907692307692305
2.8673076923076923
3.0046153846153847
2.933076923076923
3.036538461538462
2.927692307692308
2.8484615384615384
2.7915384615384613
2.668846153846154
2.7526923076923073
2.730384615384615
2.802692307692308
2.575
2.507307692307692
2.5219230769230774
2.394230769230769
2.5334615384615384
2.395
2.3903846153846153
2.531538461538461
2.5184615384615388
2.4073076923076924
2.4257692307692307
2.3834615384615385
2.36
2.433846153846154
2.5776923076923075
2.6726923076923077
2.603846153846154
2.543461538461538
2.6507692307692308
2.82
2.683846153846154
2.541923076923077
2.5153846153846158
2.501153846153846
2.5865384615384617
2.7684615384615388
2.5999999999999996
2.753076923076923
2.7615384615384615
2.731923076923077
2.6103846153846155
2.5403846153846152
2.6542307692307694
2.9523076923076923
2.8023076923076924
2.835769230769231
2.8007692307692307
2.9811538461538465
2.8561538461538465
2.799615384615384
2.8696153846153845
2.8023076923076924
2.8430769230769233
2.8007692307692307
2.7011538461538462
2.602692307692308
2.571153846153846
2.5715384615384616
2.7807692307692307
2.8042307692307693
2.6742307692307694
2.5976923076923075
2.647692307692308
2.4873076923076924
2.7176923076923076
2.5734615384615385
2.7119230769230764
2.6742307692307694
2.7603846153846154
2.835
2.5257692307692308
2.4973076923076927
2.605769230769231
2.5761538461538462
2.4665384615384616
2.4673076923076924
2.3319230769230765
2.180769230769231
2.4053846153846155
2.321153846153846
2.3215384615384616
2.295
2.3257692307692306
2.292307692307692
2.3484615384615384
2.3449999999999998
2.2334615384615386
2.227307692307692
2.3703846153846153
2.416923076923077
2.4253846153846155
2.516923076923077
2.1923076923076925
2.0719230769230768
2.1726923076923077
2.0992307692307692
2.1792307692307693
2.029230769230769
2.033846153846154
2.0896153846153847
1.9188461538461539
1.9973076923076922
1.8919230769230768
1.91
1.7523076923076923
1.8061538461538462
1.7903846153846152
1.8357692307692306
1.93
1.8973076923076921
1.8203846153846153
1.5515384615384613
1.5292307692307692
1.580769230769231
1.4326923076923077
1.5257692307692308
1.518076923076923
1.521923076923077
1.6326923076923079
1.5173076923076925
1.3742307692307691
1.3919230769230768
1.371923076923077
1.3061538461538462
1.4234615384615383
1.3826923076923079
1.308076923076923
1.3142307692307693
1.3057692307692308
1.3907692307692305
1.3134615384615385
1.3215384615384616
1.2896153846153846
1.335
1.2573076923076922
1.2815384615384615
1.1457692307692307
1.1811538461538462
1.125
1.1992307692307693
1.2292307692307693
1.096923076923077
1.1323076923076925
1.161923076923077
0.9723076923076923
1.02
0.9757692307692308
0.8676923076923077
0.8738461538461538
0.9565384615384616
0.9388461538461539
0.8961538461538462
0.7834615384615385
0.7953846153846154
0.8138461538461539
0.7603846153846153
0.8723076923076923
0.8653846153846154
0.8696153846153846
0.823076923076923
0.9126923076923077
0.9792307692307692
0.9203846153846154
0.8923076923076922
0.8523076923076923
0.7015384615384614
0.7215384615384616
0.6342307692307693
0.7503846153846153
0.8503846153846154
0.7892307692307692
0.7888461538461539
0.8126923076923076
0.6915384615384615
0.5980769230769231
0.6173076923076923
0.5407692307692308
0.6061538461538462
0.5573076923076923
0.6238461538461538
0.6746153846153846
0.4880769230769231
0.51
0.5246153846153846
0.5807692307692307
0.6776923076923077
0.558076923076923
0.568076923076923
0.5626923076923077
0.47961538461538467
0.42
0.4973076923076923
0.643076923076923
0.5980769230769231
0.6323076923076923
0.5657692307692308
0.5476923076923077
0.44346153846153846
0.4807692307692308
0.5011538461538462
0.3203846153846154
0.36653846153846154
0.4580769230769231
0.46
0.5480769230769231
0.5246153846153846
0.49807692307692303
0.5130769230769231
0.5073076923076922
0.51
0.49346153846153845
0.5638461538461539
0.6230769230769231
0.5676923076923077
0.5603846153846154
0.578076923076923
0.5657692307692308
0.5542307692307692
0.6426923076923077
0.6315384615384615
0.6626923076923077
0.48846153846153845
0.43153846153846154
0.51
