temperature
3.769615384615385
3.9026923076923077
3.7526923076923078
4.514230769230769
4.932307692307693
4.059230769230769
4.320769230769231
4.746153846153846
4.960384615384616
4.65
3.5153846153846158
2.883846153846154
3.3246153846153845
4.103846153846154
4.20423076923077
3.805769230769231
3.0026923076923073
3.42
3.924615384615385
4.248846153846154
4.835769230769231
4.79576923076923
4.757692307692308
4.327307692307692
4.190384615384615
3.748076923076923
3.79
4.011153846153847
3.7607692307692306
3.079230769230769
3.4688461538461537
3.7026923076923075
4.059230769230769
4.411538461538462
4.440384615384615
5.072692307692307
4.885769230769231
4.361923076923077
4.186538461538461
3.7053846153846157
3.5399999999999996
3.689230769230769
3.453076923076923
2.710769230769231
2.382307692307692
2.585769230769231
2.946923076923077
3.6580769230769232
3.2942307692307695
3.3653846153846154
3.4061538461538463
3.8649999999999998
4.138461538461538
4.441538461538462
3.953076923076923
3.683076923076923
4.351538461538461
4.7153846153846155
5.121538461538462
5.156923076923078
5.43076923076923
5.022692307692308
4.9338461538461535
5.491538461538462
5.755769230769231
5.958076923076923
5.851538461538462
5.571923076923077
6.384615384615385
6.12
5.91
5.953076923076923
5.983846153846154
5.9192307692307695
5.841153846153846
6.022692307692308
6.602692307692307
6.026923076923077
5.988076923076923
6.182307692307693
6.0903846153846155
7.056923076923076
7.046153846153846
6.851538461538461
6.673461538461538
6.31923076923077
6.407692307692307
6.332692307692308
6.507307692307692
7.627692307692308
7.230384615384616
6.641923076923077
6.007692307692308
6.171923076923077
6.504230769230769
7.003846153846154
7.098076923076923
6.556538461538461
7.015384615384615
7.810769230769231
7.878846153846154
8.136923076923077
7.546153846153847
7.737692307692308
8.615
8.683846153846154
7.890000000000001
8.523846153846154
8.596923076923076
8.321538461538463
9.056538461538462
9.877307692307692
8.610384615384616
8.514615384615384
8.58
8.399230769230769
8.75153846153846
9.006923076923076
9.13423076923077
9.548846153846155
9.07
9.415384615384616
9.517692307692307
9.625384615384615
10.141153846153847
10.051153846153845
10.673076923076923
10.381923076923076
10.258076923076922
10.872307692307693
10.703846153846154
10.817692307692308
10.75576923076923
10.952692307692306
11.528846153846153
11.175384615384615
10.529230769230768
10.991538461538463
11.568076923076923
12.099230769230768
11.658076923076923
12.432307692307692
12.363076923076923
12.598461538461539
12.338846153846154
12.499615384615385
12.02730769230769
11.841923076923077
12.593461538461538
12.066923076923077
12.950384615384614
13.380384615384616
13.109230769230768
12.930769230769231
12.877307692307692
13.580384615384615
13.34
13.905384615384616
13.863076923076923
13.697307692307692
13.581538461538461
13.660384615384617
13.35153846153846
13.798461538461538
13.767307692307693
14.013846153846155
15.139615384615384
14.177692307692308
14.402692307692309
14.541538461538462
14.975384615384616
14.399999999999999
14.461538461538462
14.42
14.913076923076924
15.324615384615385
15.70923076923077
15.359615384615385
15.456538461538461
15.511923076923077
15.94346153846154
16.01615384615385
15.410769230769231
16.00423076923077
17.04692307692308
16.611538461538462
16.571538461538463
16.71846153846154
17.063076923076924
16.72769230769231
16.681153846153844
16.904615384615383
16.603461538461538
17.16423076923077
17.21923076923077
16.711923076923078
16.388076923076923
16.21423076923077
16.558461538461536
17.133846153846154
16.90730769230769
16.658076923076923
17.018846153846155
16.654615384615383
16.32730769230769
17.138076923076923
17.125
17.306153846153848
17.238076923076925
17.541923076923077
18.138076923076923
17.031923076923075
16.929615384615385
17.373076923076923
17.144615384615385
16.75923076923077
16.876153846153848
16.467307692307692
16.31692307692308
16.884999999999998
16.830384615384613
16.525
16.79769230769231
16.471923076923076
16.820384615384615
17.238076923076925
16.98576923076923
16.726153846153846
16.471923076923076
16.513846153846153
17.14846153846154
17.04576923076923
17.017307692307693
16.27346153846154
15.438076923076922
15.668846153846154
15.968076923076923
15.72
15.35423076923077
15.830769230769231
15.957307692307692
15.482692307692307
15.165384615384616
15.205384615384617
14.97269230769231
14.692307692307692
14.96923076923077
14.612692307692308
14.337307692307691
15.051153846153845
15.089230769230769
14.901538461538461
14.08
14.08423076923077
13.759615384615385
13.354615384615386
13.298461538461538
13.310384615384615
13.79076923076923
13.51423076923077
13.818461538461538
13.161923076923076
13.295384615384616
13.323076923076922
13.173846153846153
13.407307692307691
12.823846153846155
12.821153846153846
12.858461538461539
12.56423076923077
12.669615384615385
12.722307692307691
12.582307692307692
12.086923076923076
12.219615384615384
12.157692307692308
11.981538461538461
11.489615384615385
11.599615384615383
11.11076923076923
11.723461538461539
12.161538461538461
11.452692307692306
11.256153846153845
11.290000000000001
10.23653846153846
10.046923076923077
9.960769230769232
9.422692307692309
9.63923076923077
10.077307692307691
10.145
9.60153846153846
8.983461538461539
9.298076923076923
9.612307692307692
9.711153846153847
9.899615384615384
9.673076923076923
9.111153846153847
8.686538461538461
8.794230769230769
9.504615384615384
9.336153846153847
9.26423076923077
9.028076923076922
8.313846153846153
8.053846153846154
7.351538461538462
7.399230769230769
8.55
8.351923076923077
7.928846153846154
8.181923076923077
7.647692307692308
6.9157692307692304
6.628846153846154
6.281923076923077
6.445769230769231
6.082307692307693
6.448076923076924
6.729615384615385
5.797307692307692
5.490384615384615
5.613076923076923
5.818461538461539
6.351923076923077
6.35
6.190384615384615
5.511153846153846
5.046923076923077
4.745
4.430000000000001
4.975769230769231
5.524615384615384
6.431538461538461
6.108076923076923
6.015384615384615
5.345
4.961538461538462
5.194615384615385
4.315769230769231
3.983076923076923
4.361923076923077
4.441538461538462
4.549615384615384
4.871153846153846
4.920384615384615
5.320384615384616
5.288846153846153
5.179615384615384
4.733461538461539
5.065384615384615
5.318461538461539
5.119230769230769
4.815384615384615
4.82923076923077
4.897692307692307
4.87
5.068461538461539
4.977692307692307
5.1
4.299615384615385
3.618846153846154
3.722692307692308
