pet
0.5138461538461538
0.4015384615384615
0.4084615384615385
0.35884615384615387
0.3453846153846154
0.34884615384615386
0.5073076923076922
0.49461538461538457
0.4530769230769231
0.40499999999999997
0.4857692307692308
0.48576923076923073
0.47538461538461535
0.4103846153846154
0.47538461538461535
0.4046153846153846
0.3719230769230769
0.5030769230769231
0.5611538461538461
0.46384615384615385
0.3046153846153846
0.4053846153846154
0.4242307692307692
0.36961538461538457
0.4392307692307692
0.45307692307692304
0.5188461538461538
0.581923076923077
0.5373076923076924
0.45423076923076927
0.5588461538461538
0.6119230769230769
0.6096153846153846
0.5542307692307692
0.7142307692307692
0.7396153846153847
0.5557692307692308
0.5511538461538461
0.5623076923076924
0.5626923076923076
0.5169230769230769
0.6523076923076924
0.6023076923076923
0.45884615384615385
0.5734615384615385
0.7330769230769231
0.6680769230769231
0.7476923076923077
0.6457692307692308
0.7707692307692308
0.818076923076923
0.8969230769230769
0.8592307692307692
0.8857692307692309
0.8361538461538462
0.8150000000000001
0.7815384615384615
0.8042307692307692
0.7523076923076922
0.7696153846153847
0.8192307692307692
0.7811538461538461
0.6946153846153845
0.7838461538461539
0.95
1.0611538461538461
1.1538461538461537
1.2165384615384616
1.2376923076923076
1.176923076923077
1.2373076923076924
1.0326923076923078
1.3299999999999998
1.4830769230769232
1.4319230769230769
1.3507692307692307
1.294230769230769
1.225
1.2061538461538461
1.2973076923076923
1.2138461538461538
1.3134615384615385
1.3665384615384615
1.3903846153846153
1.3734615384615385
1.415769230769231
1.5576923076923077
1.661153846153846
1.7946153846153845
1.6896153846153845
1.6646153846153846
1.8196153846153846
1.7723076923076921
1.6561538461538463
1.7984615384615383
1.6734615384615383
1.5526923076923076
1.6411538461538462
1.8376923076923077
1.7811538461538463
1.683846153846154
1.7788461538461537
1.811923076923077
1.8996153846153847
1.9223076923076923
1.8492307692307692
1.9288461538461539
1.898846153846154
1.9526923076923077
2.020769230769231
2.352307692307692
2.443846153846154
2.4065384615384615
2.5173076923076922
2.311923076923077
2.0707692307692307
2.1523076923076925
2.213846153846154
2.098076923076923
2.2242307692307692
2.356923076923077
2.346923076923077
2.375
2.35
2.396153846153846
2.5999999999999996
2.7423076923076923
2.7842307692307693
2.8584615384615386
2.9888461538461537
2.815
2.582692307692308
2.6384615384615384
2.452692307692308
2.5984615384615384
2.876153846153846
2.7546153846153847
2.7280769230769235
2.778461538461538
2.821153846153846
2.792307692307692
2.7946153846153843
2.8415384615384616
2.8896153846153845
3.0146153846153845
3.025384615384615
2.9973076923076927
2.852307692307692
2.871153846153846
2.933846153846154
2.832307692307692
3.008076923076923
2.9523076923076923
2.745769230769231
2.6584615384615384
2.5761538461538462
2.599615384615385
2.5334615384615384
2.6530769230769233
2.793461538461538
2.6980769230769233
2.7384615384615385
2.700384615384615
2.7642307692307693
2.903461538461538
2.8288461538461536
2.981923076923077
3.086153846153846
3.02
2.995769230769231
2.9234615384615386
2.883846153846154
2.746153846153846
2.921923076923077
2.977692307692308
2.9553846153846157
3.089230769230769
3.003846153846154
2.8907692307692305
3.0807692307692305
2.9669230769230768
3.098076923076923
3.084230769230769
2.925
3.0311538461538463
3.1915384615384617
3.12
3.017692307692308
3.0707692307692307
3.0834615384615387
3.011923076923077
2.963461538461538
2.892692307692308
2.9538461538461536
3.0234615384615386
3.116923076923077
3.206153846153846
3.1753846153846155
3.319230769230769
3.477307692307692
3.128846153846154
3.001923076923077
3.006153846153846
3.2465384615384614
3.223076923076923
3.270769230769231
3.173076923076923
3.0488461538461538
3.0492307692307694
2.9492307692307693
2.8346153846153848
2.873076923076923
3.0546153846153845
2.8665384615384615
2.921923076923077
2.833076923076923
2.8723076923076927
2.9515384615384614
2.855
3.001923076923077
2.8369230769230764
2.795769230769231
2.9523076923076923
2.7176923076923076
2.822307692307692
2.6692307692307695
2.5234615384615386
2.389615384615385
2.5869230769230773
2.5503846153846155
2.464230769230769
2.3715384615384614
2.4434615384615386
2.487692307692308
2.3634615384615385
2.253076923076923
2.523846153846154
2.294230769230769
2.080769230769231
2.0476923076923077
2.023076923076923
1.9096153846153845
1.8676923076923078
1.8369230769230769
2.1092307692307695
2.088846153846154
2.121538461538462
2.1961538461538463
2.0288461538461537
1.9684615384615385
2.0507692307692307
1.9361538461538463
2.1157692307692306
2.05
1.7723076923076921
1.7219230769230767
1.6380769230769232
1.6723076923076923
1.6730769230769231
1.4976923076923077
1.6488461538461539
1.6242307692307691
1.676153846153846
1.5703846153846153
1.4976923076923077
1.5161538461538462
1.4211538461538462
1.3696153846153847
1.375
1.4361538461538461
1.4596153846153848
1.415769230769231
1.5165384615384616
1.4676923076923079
1.3107692307692307
1.2223076923076923
1.136153846153846
1.1792307692307693
1.084230769230769
1.0107692307692309
1.1392307692307693
1.1996153846153847
1.3076923076923077
1.008846153846154
1.0273076923076923
1.1015384615384616
0.981923076923077
0.9157692307692307
0.9446153846153845
0.8223076923076923
0.9230769230769231
0.8607692307692307
0.91
0.9865384615384615
0.8311538461538461
0.9407692307692308
0.9842307692307692
1.0115384615384615
0.8407692307692307
0.9384615384615385
0.9323076923076924
0.8757692307692307
0.8769230769230769
0.8619230769230769
0.7426923076923077
0.7657692307692308
0.6869230769230769
0.5938461538461538
0.6388461538461538
0.6034615384615385
0.5592307692307693
0.5565384615384615
0.5507692307692308
0.6373076923076924
0.6273076923076922
0.5392307692307692
0.5842307692307692
0.4984615384615385
0.5934615384615385
0.49115384615384616
0.4592307692307692
0.4919230769230769
0.4115384615384615
0.40692307692307694
0.45692307692307693
0.4407692307692308
0.3526923076923077
0.44307692307692303
0.42923076923076925
0.4630769230769231
0.44999999999999996
0.49923076923076926
0.4269230769230769
0.445
0.41923076923076924
0.4326923076923077
0.32384615384615384
0.315
0.4369230769230769
0.49653846153846154
0.3792307692307692
0.43230769230769234
0.31961538461538463
0.3242307692307692
0.33384615384615385
0.40076923076923077
0.3269230769230769
0.365
0.39269230769230773
0.35730769230769227
0.35038461538461535
0.34115384615384614
0.3411538461538462
0.38846153846153847
0.5423076923076923
0.6038461538461538
0.7034615384615385
0.6246153846153846
0.44730769230769235
0.4419230769230769
0.3734615384615385
0.2665384615384615
0.4492307692307692
0.5546153846153846
0.4880769230769231
