pet
0.40923076923076923
0.46307692307692305
0.37461538461538463
0.47961538461538467
0.6269230769230769
0.39576923076923076
0.4480769230769231
0.5465384615384615
0.5923076923076923
0.6246153846153846
0.42346153846153844
0.4046153846153846
0.43653846153846154
0.5057692307692307
0.4826923076923077
0.44153846153846155
0.31346153846153846
0.36576923076923074
0.40846153846153843
0.48000000000000004
0.6165384615384616
0.5784615384615385
0.5892307692307692
0.5423076923076923
0.5280769230769231
0.5019230769230769
0.5003846153846154
0.4942307692307692
0.5138461538461538
0.4776923076923077
0.5153846153846154
0.5034615384615384
0.5196153846153846
0.62
0.6357692307692309
0.7734615384615384
0.7353846153846154
0.6519230769230769
0.6011538461538461
0.5953846153846154
0.5365384615384615
0.545
0.4880769230769231
0.41115384615384615
0.3780769230769231
0.4196153846153846
0.44423076923076926
0.5623076923076923
0.49961538461538463
0.5211538461538462
0.5515384615384615
0.6026923076923076
0.658076923076923
0.7380769230769231
0.6188461538461538
0.59
0.7303846153846153
0.7892307692307692
0.8126923076923076
0.8476923076923076
0.9719230769230769
0.8888461538461538
0.8919230769230769
1.0184615384615385
1.073076923076923
1.1088461538461538
1.0673076923076923
1.008846153846154
1.2126923076923077
1.088076923076923
1.1084615384615384
1.1176923076923075
1.0726923076923076
1.0657692307692308
1.143076923076923
1.2119230769230769
1.2488461538461537
1.0988461538461538
1.1346153846153846
1.136153846153846
1.1630769230769231
1.3765384615384615
1.3915384615384616
1.326153846153846
1.3096153846153844
1.2896153846153846
1.3053846153846154
1.3123076923076922
1.348076923076923
1.6292307692307693
1.573076923076923
1.4007692307692308
1.2576923076923079
1.331923076923077
1.4219230769230768
1.544230769230769
1.5473076923076923
1.4342307692307692
1.5923076923076922
1.8880769230769232
1.8796153846153845
1.896923076923077
1.686923076923077
1.8203846153846153
2.080769230769231
2.080769230769231
1.871923076923077
2.1003846153846153
2.040769230769231
1.9542307692307692
2.171923076923077
2.3857692307692306
2.0153846153846153
2.051923076923077
2.042692307692308
2.036153846153846
2.079230769230769
2.113076923076923
2.1592307692307693
2.2342307692307695
2.1342307692307694
2.3484615384615384
2.338076923076923
2.361923076923077
2.478846153846154
2.5173076923076922
2.698846153846154
2.587307692307692
2.536153846153846
2.6980769230769233
2.685
2.6469230769230765
2.677692307692308
2.676153846153846
2.825
2.641923076923077
2.4857692307692307
2.616153846153846
2.8215384615384616
3.001923076923077
2.8073076923076923
3.0573076923076923
2.981923076923077
3.0915384615384616
2.976923076923077
2.9846153846153842
2.8153846153846156
2.7353846153846155
2.9269230769230767
2.727692307692308
3.0142307692307693
2.9376923076923074
2.6957692307692307
2.6696153846153843
2.607307692307692
2.8276923076923075
2.7126923076923077
2.8923076923076922
2.8488461538461536
2.770769230769231
2.686923076923077
2.7015384615384614
2.5734615384615385
2.7169230769230768
2.6792307692307693
2.755769230769231
3.0869230769230773
2.772692307692308
2.819230769230769
2.8592307692307695
2.9992307692307696
2.7492307692307696
2.796538461538461
2.7357692307692307
2.8753846153846156
2.964230769230769
3.0765384615384614
2.941153846153846
2.9584615384615387
2.98
3.1296153846153847
3.0869230769230773
2.9688461538461537
3.1426923076923075
3.421538461538461
3.2503846153846156
3.242692307692308
3.353846153846154
3.402307692307692
3.2576923076923077
3.21
3.2961538461538464
3.1792307692307693
3.352307692307692
3.293846153846154
3.1465384615384617
2.9853846153846155
2.9780769230769235
3.0380769230769227
3.2653846153846158
3.1365384615384615
3.049615384615385
3.1223076923076927
3.0492307692307694
2.9234615384615386
3.189230769230769
3.2007692307692306
3.2515384615384617
3.2265384615384614
3.2553846153846155
3.460769230769231
3.035769230769231
2.983461538461538
3.13
3.008076923076923
2.8742307692307696
2.9119230769230766
2.761923076923077
2.7096153846153848
2.8723076923076922
2.8146153846153843
2.7576923076923077
2.8469230769230767
2.75
2.851153846153846
2.928846153846154
2.8834615384615385
2.7423076923076923
2.6769230769230767
2.6826923076923075
2.871153846153846
2.8757692307692304
2.8407692307692307
2.588846153846154
2.3611538461538464
2.436153846153846
2.4884615384615385
2.392692307692308
2.2884615384615383
2.426153846153846
2.4384615384615382
2.273076923076923
2.2065384615384613
2.246923076923077
2.2007692307692306
2.0846153846153848
2.184230769230769
2.065
2.0319230769230767
2.2169230769230768
2.189230769230769
2.163076923076923
1.8673076923076921
1.8842307692307694
1.8115384615384615
1.6673076923076924
1.666923076923077
1.6907692307692308
1.8265384615384617
1.7496153846153848
1.7853846153846153
1.5799999999999998
1.666153846153846
1.6961538461538461
1.5973076923076923
1.6719230769230768
1.498076923076923
1.478846153846154
1.518076923076923
1.445
1.554230769230769
1.5092307692307694
1.4946153846153847
1.3946153846153846
1.408076923076923
1.3765384615384615
1.3526923076923079
1.2315384615384615
1.2715384615384617
1.1400000000000001
1.2961538461538462
1.4384615384615385
1.2365384615384616
1.2242307692307692
1.2011538461538462
0.9550000000000001
0.9076923076923078
0.8842307692307693
0.8046153846153847
0.8823076923076923
0.9434615384615385
0.9457692307692308
0.8603846153846154
0.7407692307692308
0.7946153846153846
0.9180769230769231
0.89
0.948076923076923
0.8830769230769231
0.8196153846153845
0.7807692307692308
0.8042307692307692
0.9888461538461539
0.931923076923077
0.9342307692307692
0.9161538461538462
0.7915384615384616
0.7473076923076923
0.6265384615384615
0.5992307692307692
0.8326923076923076
0.7903846153846155
0.7465384615384616
0.7723076923076923
0.6507692307692309
0.5180769230769231
0.5442307692307693
0.5311538461538462
0.5396153846153846
0.4557692307692308
0.5276923076923077
0.5888461538461539
0.4157692307692308
0.40653846153846157
0.47846153846153844
0.5607692307692308
0.6957692307692308
0.5596153846153846
0.6073076923076923
0.5142307692307693
0.43615384615384617
0.38384615384615384
0.3453846153846154
0.48000000000000004
0.5492307692307692
0.6838461538461539
0.6034615384615385
0.5511538461538461
0.4046153846153846
0.40269230769230774
0.4246153846153847
0.3692307692307692
0.30692307692307697
0.39
0.42076923076923073
0.45615384615384613
0.43076923076923074
0.48000000000000004
0.45692307692307693
0.42500000000000004
0.47538461538461535
0.3946153846153846
0.4519230769230769
0.5273076923076924
0.5188461538461538
0.533076923076923
0.49807692307692314
0.5484615384615384
0.5273076923076924
0.5815384615384616
0.6157692307692308
0.6753846153846154
0.48653846153846153
0.38269230769230766
0.4480769230769231
