pet
0.295
0.29038461538461535
0.2576923076923077
0.24461538461538462
0.3373076923076923
0.33076923076923076
0.37538461538461537
0.29846153846153844
0.2907692307692308
0.3565384615384615
0.4211538461538462
0.40115384615384614
0.3646153846153846
0.3188461538461539
0.39923076923076917
0.36346153846153845
0.32076923076923075
0.4169230769230769
0.42500000000000004
0.3119230769230769
0.25961538461538464
0.3046153846153846
0.3215384615384615
0.3738461538461539
0.38923076923076927
0.3688461538461538
0.42
0.42461538461538456
0.3680769230769231
0.4061538461538462
0.46038461538461534
0.4492307692307692
0.44884615384615384
0.41192307692307695
0.49653846153846154
0.4688461538461538
0.3707692307692308
0.4226923076923077
0.4376923076923077
0.3796153846153846
0.38653846153846155
0.4969230769230769
0.47961538461538455
0.38230769230769235
0.5280769230769231
0.6061538461538462
0.5303846153846153
0.5338461538461539
0.5061538461538462
0.61
0.615
0.6492307692307692
0.6442307692307693
0.6080769230769231
0.5307692307692308
0.5876923076923076
0.5446153846153846
0.54
0.5546153846153846
0.5284615384615384
0.5700000000000001
0.47115384615384615
0.44884615384615384
0.5488461538461539
0.7023076923076924
0.8003846153846154
0.8446153846153847
0.9115384615384615
0.893076923076923
0.8765384615384615
0.7280769230769231
0.7580769230769231
0.9657692307692307
1.0480769230769231
0.9896153846153847
1.0223076923076921
0.9111538461538462
0.9523076923076924
0.9626923076923077
0.9476923076923077
0.9934615384615384
1.0988461538461538
1.0853846153846154
1.1465384615384617
1.1488461538461539
1.1396153846153845
1.2261538461538461
1.2438461538461536
1.3384615384615384
1.3284615384615384
1.2765384615384614
1.316153846153846
1.311923076923077
1.2692307692307692
1.3465384615384615
1.2892307692307694
1.1142307692307691
1.3557692307692308
1.4057692307692307
1.3357692307692306
1.3815384615384616
1.301153846153846
1.4849999999999999
1.621923076923077
1.540769230769231
1.5057692307692307
1.5173076923076925
1.4392307692307693
1.485769230769231
1.741923076923077
1.956923076923077
1.9315384615384614
2.0300000000000002
2.018076923076923
1.7923076923076924
1.6603846153846153
1.7111538461538462
1.6161538461538463
1.5992307692307692
1.768076923076923
1.8776923076923078
1.9484615384615382
1.9876923076923076
1.9238461538461538
1.9826923076923075
2.0173076923076922
2.2773076923076925
2.176153846153846
2.205
2.311923076923077
2.081153846153846
2.18
2.036153846153846
2.145
2.359230769230769
2.2084615384615387
2.1526923076923077
2.066153846153846
2.187307692307692
2.191153846153846
2.2853846153846153
2.184230769230769
2.2007692307692306
2.164230769230769
2.381153846153846
2.3030769230769232
2.3692307692307693
2.338076923076923
2.396153846153846
2.4065384615384615
2.5930769230769233
2.6223076923076922
2.4211538461538464
2.2357692307692307
2.111923076923077
2.143076923076923
2.082692307692308
2.154230769230769
2.1788461538461537
2.2396153846153846
2.285
2.125
2.0334615384615384
2.083076923076923
2.1934615384615386
2.1569230769230767
2.4103846153846153
2.335384615384615
2.408846153846154
2.346923076923077
2.1953846153846155
2.1780769230769232
2.1576923076923076
2.26
2.2423076923076923
2.3596153846153847
2.4930769230769227
2.264615384615385
2.3207692307692307
2.417692307692308
2.293846153846154
2.4184615384615387
2.3303846153846157
2.357307692307692
2.253076923076923
2.3026923076923076
2.2265384615384614
2.275384615384615
2.289230769230769
2.439230769230769
2.3607692307692307
2.223846153846154
2.2342307692307695
2.1565384615384615
2.308076923076923
2.29
2.2992307692307694
2.381153846153846
2.603846153846154
2.563076923076923
2.233846153846154
2.1946153846153846
2.2815384615384615
2.3696153846153845
2.223846153846154
2.452692307692308
2.2630769230769228
2.2011538461538462
2.0942307692307693
2.095769230769231
2.0092307692307694
2.0615384615384618
2.2315384615384617
2.183461538461539
2.154230769230769
2.0026923076923078
2.0923076923076924
2.045769230769231
1.8934615384615383
2.1523076923076925
2.1234615384615383
1.9026923076923077
2.022692307692308
2.0300000000000002
2.016153846153846
1.9303846153846154
1.7407692307692306
1.7565384615384616
1.7746153846153847
1.7061538461538461
1.7696153846153846
1.7265384615384616
1.7515384615384615
1.8165384615384614
1.73
1.5911538461538461
1.741153846153846
1.514230769230769
1.5073076923076922
1.4230769230769231
1.3965384615384617
1.4515384615384617
1.4057692307692307
1.3784615384615384
1.6334615384615385
1.4903846153846154
1.6015384615384616
1.5988461538461538
1.5565384615384614
1.4719230769230767
1.4492307692307693
1.4738461538461538
1.5976923076923077
1.455769230769231
1.3738461538461537
1.2926923076923076
1.23
1.28
1.1757692307692307
1.1438461538461537
1.1700000000000002
1.2430769230769232
1.2334615384615384
1.3165384615384614
1.213076923076923
1.1646153846153846
1.021153846153846
1.0569230769230769
1.0346153846153845
1.0703846153846153
1.168076923076923
1.1842307692307692
1.2211538461538463
1.0246153846153847
0.9826923076923078
0.895
0.8515384615384616
0.9023076923076924
0.7976923076923076
0.8803846153846154
1.0361538461538462
0.856923076923077
0.9515384615384614
0.8023076923076923
0.8469230769230769
0.9165384615384615
0.7769230769230769
0.7846153846153846
0.755
0.6788461538461538
0.7288461538461538
0.6565384615384615
0.6338461538461538
0.7007692307692307
0.6007692307692308
0.765
0.77
0.7134615384615385
0.6992307692307692
0.7915384615384615
0.73
0.7123076923076923
0.7592307692307692
0.6649999999999999
0.6361538461538461
0.6157692307692308
0.5457692307692308
0.5488461538461539
0.5426923076923077
0.5015384615384616
0.41384615384615386
0.4553846153846154
0.46192307692307694
0.5388461538461539
0.446923076923077
0.415
0.4096153846153846
0.45461538461538464
0.5392307692307692
0.41192307692307695
0.4584615384615385
0.40269230769230774
0.3776923076923077
0.3253846153846153
0.3169230769230769
0.2580769230769231
0.3057692307692308
0.3080769230769231
0.3161538461538462
0.39384615384615385
0.3926923076923077
0.4053846153846154
0.37730769230769234
0.3723076923076923
0.32346153846153847
0.3261538461538462
0.25
0.28807692307692306
0.36730769230769234
0.41500000000000004
0.32538461538461544
0.3569230769230769
0.2953846153846154
0.34192307692307694
0.31
0.3830769230769231
0.30230769230769233
0.315
0.3123076923076923
0.3169230769230769
0.27
0.3088461538461538
0.2776923076923077
0.33269230769230773
0.4307692307692308
0.4411538461538462
0.51
0.40807692307692306
0.3496153846153846
0.35615384615384615
0.31346153846153846
0.2646153846153846
0.40499999999999997
0.43423076923076925
0.44307692307692303
