temperature
3.1665384615384613
3.1165384615384615
2.408846153846154
2.77
3.1107692307692307
3.081538461538462
3.2165384615384616
3.0069230769230773
2.885384615384616
3.6796153846153845
3.912692307692308
4.02
3.5519230769230767
3.525384615384615
3.765
3.457692307692308
3.310769230769231
3.5626923076923074
3.2203846153846154
2.553846153846154
2.773846153846154
2.7992307692307694
2.6515384615384616
2.9130769230769227
3.396153846153846
3.2353846153846155
3.438076923076923
3.365769230769231
2.9046153846153846
2.698076923076923
3.1149999999999998
3.145769230769231
3.1084615384615386
3.291153846153846
3.7600000000000002
3.621923076923077
2.855384615384615
3.019230769230769
2.773076923076923
2.486923076923077
2.6673076923076926
3.289615384615385
3.6950000000000003
3.1134615384615385
3.7130769230769234
4.202692307692308
3.7750000000000004
3.816153846153846
3.7192307692307693
4.089230769230769
4.2153846153846155
4.324230769230769
4.162307692307692
3.837307692307692
3.475769230769231
3.915769230769231
3.521153846153846
3.126923076923077
2.881153846153846
2.9007692307692308
3.206153846153846
3.11
2.696923076923077
3.4269230769230767
3.847692307692308
4.514615384615384
4.9326923076923075
5.258076923076923
5.044615384615384
4.990769230769231
4.362307692307692
4.436923076923077
5.559230769230769
5.860769230769231
5.541538461538462
5.415
4.703846153846154
5.050000000000001
5.071923076923077
5.1765384615384615
5.302307692307692
5.703461538461538
5.6315384615384625
5.918846153846153
5.825769230769231
5.721153846153846
6.053076923076923
6.026538461538461
6.504615384615385
6.310384615384615
6.151153846153846
6.389230769230769
6.365769230769231
6.003846153846154
6.293461538461538
6.182307692307693
5.503846153846154
6.346153846153846
6.342692307692308
6.166923076923077
6.4338461538461535
6.048846153846155
6.737692307692308
7.085384615384616
6.765000000000001
6.78
6.851538461538461
6.529230769230769
6.813461538461539
7.742307692307692
8.655
8.606923076923078
9.003846153846153
8.946923076923078
8.131923076923076
7.618846153846154
7.79
7.4692307692307685
7.345384615384615
8.060769230769232
8.451923076923077
8.659230769230769
8.827692307692308
8.586153846153847
8.781923076923077
8.77
9.815384615384614
9.657307692307693
9.695384615384615
10.2
9.361538461538462
9.662692307692307
9.485000000000001
9.696923076923078
10.568846153846154
10.03
9.913461538461538
9.88923076923077
10.256538461538462
10.37076923076923
10.748076923076923
10.382692307692308
10.538076923076924
10.413076923076924
11.169230769230769
10.951538461538462
11.035384615384617
11.118846153846153
11.289230769230768
11.498076923076923
12.243846153846153
13.004999999999999
12.515384615384615
12.037307692307694
11.609230769230768
11.830384615384615
11.63576923076923
11.871153846153845
12.095769230769232
12.385
12.653076923076924
11.999615384615385
11.86076923076923
12.188461538461537
12.522692307692308
12.521538461538462
13.373461538461537
13.087307692307691
13.376153846153844
13.101923076923075
12.733076923076924
12.706538461538461
12.811923076923078
13.23576923076923
13.25076923076923
13.549615384615386
14.014615384615384
13.376538461538463
13.602692307692308
13.983461538461539
13.660384615384617
14.06576923076923
13.803076923076922
13.94
13.655
13.921923076923077
13.683461538461538
13.966153846153846
14.083461538461538
14.551153846153845
14.381538461538462
13.92923076923077
14.035
13.730384615384615
14.280384615384616
14.22923076923077
14.471538461538461
14.748076923076923
15.501153846153844
15.415384615384616
14.448076923076922
14.323846153846155
14.692692307692308
15.132307692307693
14.563076923076922
15.32846153846154
14.867307692307692
14.758461538461539
14.446153846153846
14.456153846153846
14.209615384615384
14.533076923076923
15.101923076923075
14.953846153846154
14.923461538461538
14.417307692307693
14.783076923076923
14.692307692307692
14.245000000000001
15.098846153846154
14.936153846153845
14.392692307692307
14.855384615384615
14.843461538461538
14.900769230769232
14.589230769230769
13.842692307692307
14.141538461538461
14.206538461538461
13.944230769230769
14.044230769230769
14.057692307692308
14.106923076923076
14.411538461538461
14.172692307692309
13.585769230769232
14.193461538461538
13.418846153846154
13.443076923076923
13.121923076923078
12.710384615384616
12.94346153846154
12.650384615384617
12.636923076923077
13.746153846153845
13.213846153846154
13.501923076923077
13.552692307692308
13.308846153846154
12.903076923076924
12.997692307692308
13.026923076923076
13.458846153846155
12.86423076923077
12.580769230769231
12.13576923076923
11.968076923076923
12.311538461538463
11.569230769230769
11.491153846153846
11.986153846153845
12.177692307692308
12.094615384615384
12.407307692307691
12.029230769230768
11.600769230769231
11.034230769230769
11.235000000000001
11.106538461538461
11.223076923076924
11.498461538461537
11.769615384615385
11.964615384615383
10.859615384615385
10.295384615384616
9.998461538461537
9.699615384615385
10.306153846153846
9.602307692307692
9.936153846153845
10.665384615384616
9.904230769230768
10.135384615384615
9.476538461538462
9.686538461538461
9.598461538461539
9.216153846153846
9.581538461538461
9.093461538461538
8.605384615384615
8.779615384615385
8.531923076923077
8.375769230769231
8.52
8.406153846153845
8.639615384615384
8.723846153846154
8.613461538461538
8.361923076923077
8.448076923076924
8.161538461538461
7.975
8.328846153846154
8.061538461538461
7.786538461538461
7.651923076923077
7.136153846153846
7.013076923076923
7.166153846153846
6.850769230769231
6.606538461538462
6.470384615384616
6.447692307692307
7.121923076923077
6.515769230769231
6.297307692307692
5.884230769230769
6.185384615384615
6.552692307692308
5.936923076923078
6.239230769230769
5.4692307692307685
5.400384615384615
4.966538461538462
4.617307692307692
4.221923076923077
4.566538461538461
4.896923076923077
4.739230769230769
4.9957692307692305
4.7142307692307694
4.674615384615385
4.476923076923077
4.257307692307692
3.7646153846153845
3.701538461538462
3.976923076923077
3.958846153846154
4.367307692307692
4.533846153846154
4.194615384615385
4.099615384615385
4.0273076923076925
4.171538461538462
3.8888461538461536
4.125384615384616
3.69
3.6784615384615384
3.904230769230769
3.728846153846154
3.45
3.5215384615384617
3.076923076923077
3.241153846153846
4.180000000000001
4.484615384615385
4.922692307692308
4.309615384615385
3.7965384615384616
3.8546153846153848
3.0938461538461537
2.855384615384615
3.603846153846154
3.954230769230769
3.8073076923076923
