temperature
4.453461538461538
4.129615384615385
4.101538461538461
4.083461538461538
3.897307692307692
3.8303846153846157
4.595
4.381538461538462
4.263846153846154
4.448846153846154
4.654230769230769
4.93923076923077
4.528076923076923
4.118846153846154
4.2457692307692305
3.766923076923077
3.633846153846154
4.085
4.337307692307692
3.584230769230769
3.111923076923077
3.6599999999999997
3.7830769230769232
3.7515384615384613
4.102692307692307
4.105769230769231
4.266153846153847
4.416923076923077
4.368461538461538
3.7961538461538464
4.065769230769231
4.414230769230769
4.188846153846153
4.408461538461538
5.123846153846154
4.979230769230769
4.408846153846154
4.008846153846154
4.253461538461538
3.9376923076923074
3.761153846153846
4.34
4.469230769230769
4.250384615384615
4.668846153846154
5.356923076923077
4.726538461538461
5.098076923076923
4.796538461538462
5.174230769230769
5.54576923076923
5.753076923076923
5.566538461538461
5.8161538461538465
5.384230769230769
5.429230769230769
5.273846153846154
4.908461538461538
4.66
4.346923076923077
4.606538461538461
4.64
4.558461538461539
4.980769230769231
5.122307692307692
5.926923076923076
6.071153846153846
6.924615384615384
6.465
6.493076923076923
6.6534615384615385
6.0284615384615385
7.114615384615385
7.443076923076924
7.571923076923077
7.068846153846153
6.72
6.562307692307693
6.565384615384615
6.613076923076923
6.521538461538461
6.810384615384615
6.927307692307693
7.291923076923077
6.8780769230769225
7.014615384615384
7.6826923076923075
8.076538461538462
8.619615384615384
8.541538461538462
8.169615384615385
8.548461538461538
8.366538461538461
8.358076923076924
8.681538461538462
7.984999999999999
7.398846153846154
7.711153846153847
8.555769230769231
8.251153846153846
7.643461538461538
7.988461538461538
8.195769230769232
8.437307692307693
8.429230769230768
8.351538461538462
8.865384615384615
8.537692307692309
8.55
8.9
10.077307692307691
10.725769230769231
10.965769230769231
11.081538461538461
10.26346153846154
9.499230769230769
10.063461538461537
9.750769230769231
9.359615384615385
9.861923076923075
10.261923076923077
10.535769230769231
10.478846153846153
10.455384615384615
11.045
10.991538461538461
11.521538461538462
11.935384615384615
12.444615384615386
12.253846153846155
11.329615384615384
11.486153846153845
11.57423076923077
11.143846153846154
11.86576923076923
12.732307692307693
12.215769230769231
12.508461538461539
13.061538461538463
12.831923076923077
12.636153846153848
12.613846153846152
13.218461538461538
12.746153846153845
13.169615384615385
13.48576923076923
13.42
13.177307692307693
12.985384615384616
12.957307692307692
13.265384615384615
14.497692307692308
14.581153846153846
13.923846153846153
13.504999999999999
13.498076923076923
13.567307692307692
13.988461538461538
14.176923076923078
14.717307692307694
14.414615384615384
14.583846153846155
14.579615384615384
15.276153846153846
14.94923076923077
15.228846153846153
15.801923076923078
16.216923076923077
15.840769230769231
15.974615384615387
15.612307692307693
15.378076923076922
15.371923076923078
15.865384615384615
15.942692307692308
15.471538461538461
15.635
16.06153846153846
15.788461538461538
16.124615384615385
15.984615384615385
16.573076923076922
16.75307692307692
16.341153846153848
16.989615384615384
17.298076923076923
16.72346153846154
16.725
16.54730769230769
16.645384615384614
17.09
16.528846153846153
16.248846153846156
16.46923076923077
16.535
16.80423076923077
17.532692307692308
17.595769230769232
17.924615384615382
18.61846153846154
17.710384615384616
17.27846153846154
17.232307692307693
18.035
18.18730769230769
17.900384615384617
17.99692307692308
17.961153846153845
17.641923076923078
17.873846153846156
17.34653846153846
17.27730769230769
18.01923076923077
17.874615384615385
17.963846153846156
17.455
17.895000000000003
18.478076923076923
17.863076923076925
17.99192307692308
17.30423076923077
17.35230769230769
18.153846153846153
17.53846153846154
17.982692307692307
17.67653846153846
17.485
16.892692307692307
17.521923076923077
17.608461538461537
17.26076923076923
17.09
17.290384615384617
17.457692307692305
17.20730769230769
16.534615384615385
16.920384615384616
16.233461538461537
15.784615384615384
16.209230769230768
16.01153846153846
15.337307692307691
15.486153846153845
15.304615384615385
15.963076923076924
15.926153846153845
16.031923076923075
16.28576923076923
15.764999999999999
15.589615384615383
15.261153846153848
15.419230769230769
15.62576923076923
15.846538461538461
14.802692307692308
14.588846153846154
14.633846153846154
14.361538461538462
14.177692307692308
13.67
14.480384615384615
14.403461538461539
14.36423076923077
14.207692307692309
14.576153846153847
13.853076923076923
13.634615384615385
13.588076923076924
12.969999999999999
13.711923076923076
13.751153846153844
13.53076923076923
13.631153846153847
13.137692307692307
12.471153846153847
12.562692307692307
11.738461538461538
12.34423076923077
11.285
11.686923076923078
12.180384615384614
12.02730769230769
12.389999999999999
11.75423076923077
11.619615384615384
11.903076923076924
11.368076923076924
11.248076923076923
11.368461538461538
10.513846153846155
10.870384615384616
10.501923076923077
10.422692307692309
10.877307692307692
10.332307692307692
10.584615384615384
10.73923076923077
10.747692307692308
10.406923076923077
10.07846153846154
9.741538461538461
9.524615384615386
9.768846153846154
9.722692307692308
9.180384615384614
9.118461538461538
8.713846153846154
8.081153846153846
8.300384615384615
8.086923076923076
8.001923076923077
7.831153846153845
7.616923076923077
7.956538461538462
7.96
7.691538461538461
7.1984615384615385
7.136538461538462
7.529615384615385
6.943076923076924
6.947307692307692
6.581153846153845
6.065769230769231
5.8380769230769225
6.023076923076923
6.056538461538461
5.365
5.655
5.792307692307692
5.856923076923077
6.121153846153846
6.038846153846153
5.742692307692308
5.526538461538461
5.227307692307692
5.15
4.72
4.628461538461538
5.302307692307693
5.184230769230769
4.733846153846153
4.7215384615384615
4.523461538461539
4.769615384615385
4.5576923076923075
4.9496153846153845
4.72
4.5042307692307695
5.023846153846154
4.489230769230769
3.935769230769231
3.8169230769230773
4.141153846153847
3.879230769230769
4.464615384615384
4.8173076923076925
5.708846153846154
5.7846153846153845
4.661538461538462
4.714230769230769
4.323076923076924
3.3938461538461535
3.621153846153846
4.627692307692308
4.233846153846153
