pet
0.4295652173913043
0.44434782608695655
0.3791304347826087
0.3343478260869565
0.43695652173913047
0.45304347826086955
0.561304347826087
0.42260869565217396
0.36
0.4873913043478261
0.523913043478261
0.5126086956521739
0.44304347826086954
0.44130434782608696
0.532608695652174
0.46565217391304353
0.3308695652173913
0.45478260869565224
0.4991304347826087
0.3873913043478261
0.3926086956521739
0.45260869565217393
0.45478260869565224
0.5295652173913044
0.5721739130434783
0.6243478260869565
0.6134782608695651
0.6382608695652173
0.5069565217391304
0.5060869565217392
0.611304347826087
0.6743478260869565
0.6282608695652173
0.5726086956521739
0.6508695652173914
0.6347826086956523
0.5404347826086956
0.5621739130434783
0.6452173913043479
0.4882608695652174
0.49086956521739133
0.5595652173913043
0.6230434782608696
0.5539130434782609
0.662608695652174
0.8269565217391304
0.7647826086956522
0.7634782608695652
0.7000000000000001
0.8047826086956522
0.7721739130434784
0.9582608695652174
0.8665217391304347
0.8978260869565217
0.8121739130434783
0.9360869565217392
0.8239130434782609
0.7482608695652174
0.7065217391304348
0.6352173913043478
0.777391304347826
0.751304347826087
0.716086956521739
0.8186956521739132
1.0065217391304349
1.087391304347826
1.1986956521739132
1.3234782608695652
1.2443478260869565
1.2339130434782608
1.0547826086956522
1.0126086956521738
1.314782608695652
1.442608695652174
1.4369565217391307
1.3434782608695652
1.29
1.3986956521739131
1.2652173913043478
1.39
1.3743478260869566
1.4404347826086958
1.5234782608695652
1.536086956521739
1.663913043478261
1.6430434782608696
1.5630434782608698
1.6378260869565218
1.7634782608695654
1.7378260869565216
1.627391304347826
1.7991304347826085
1.8182608695652174
1.712608695652174
1.7708695652173911
1.7247826086956521
1.498695652173913
1.7560869565217392
1.8617391304347826
1.8395652173913044
1.8817391304347826
1.8743478260869566
2.0652173913043477
2.0678260869565217
2.1291304347826085
2.0617391304347827
2.190434782608696
2.032608695652174
2.143913043478261
2.3665217391304347
2.6026086956521737
2.62
2.5778260869565215
2.5852173913043477
2.329565217391304
2.1843478260869564
2.1043478260869564
2.1117391304347826
2.1665217391304346
2.2291304347826086
2.369565217391304
2.3491304347826087
2.4504347826086956
2.5817391304347823
2.5217391304347827
2.5469565217391303
2.8869565217391306
2.8108695652173914
2.886086956521739
3.004782608695652
2.776086956521739
2.6895652173913045
2.7026086956521738
2.548695652173913
2.7717391304347827
2.7617391304347825
2.7708333333333335
2.6675
2.8033333333333332
2.7245833333333334
2.9675
2.8808333333333334
2.859166666666667
2.79625
3.0095833333333335
3.032916666666667
3.0941666666666667
2.9379166666666667
3.0533333333333332
2.9949999999999997
3.2608333333333337
3.360416666666667
3.0354166666666664
2.92125
2.6425
2.56
2.6391666666666667
2.8183333333333334
2.84125
2.8983333333333334
3.0483333333333333
2.8329166666666663
2.7325
2.6045833333333333
2.7449999999999997
2.825416666666667
3.1458333333333335
3.1220833333333338
3.0741666666666667
2.870416666666667
2.735
2.6999999999999997
2.8200000000000003
2.887916666666667
2.8404166666666666
2.982083333333333
3.1279166666666662
2.9691666666666667
2.910833333333333
3.12125
2.987916666666667
3.0816666666666666
3.18125
3.0437499999999997
3.01375
2.9879166666666666
2.9591666666666665
2.84125
2.8179166666666666
2.8866666666666667
2.89625
2.856666666666667
2.606666666666667
2.6008333333333336
2.646666666666667
2.780416666666667
2.8725
2.9658333333333338
3.205416666666667
3.1950000000000003
2.82875
2.6799999999999997
2.9299999999999997
3.0258333333333334
2.893333333333333
2.97625
2.855
2.8083333333333336
2.65
2.7279166666666668
2.705
2.7591666666666668
2.8779166666666662
2.7816666666666667
2.7870833333333334
2.7191666666666667
2.6374999999999997
2.4966666666666666
2.3295833333333333
2.4274999999999998
2.54625
2.325833333333333
2.5054166666666666
2.55375
2.6679166666666667
2.59125
2.2604166666666665
2.3754166666666667
2.37
2.3354166666666667
2.3129166666666667
2.2170833333333335
2.2666666666666666
2.3366666666666664
2.3433333333333333
2.1104166666666666
2.216666666666667
2.002083333333333
2.0466666666666664
1.9516666666666664
1.8091666666666668
1.8404166666666668
1.8395833333333333
1.8720833333333333
2.19375
2.0225
2.1545833333333335
2.2333333333333334
1.9020833333333333
1.9437499999999999
1.9879166666666668
1.8533333333333335
2.0608333333333335
2.05375
1.8841666666666665
1.7425
1.5583333333333333
1.61125
1.44125
1.4745833333333334
1.5374999999999999
1.5391666666666666
1.5704166666666666
1.6654166666666665
1.59375
1.4220833333333334
1.4400000000000002
1.415
1.3695833333333332
1.3925
1.5795833333333331
1.4000000000000001
1.4866666666666666
1.325217391304348
1.2878260869565217
1.2134782608695651
1.0869565217391304
1.144782608695652
1.0656521739130436
1.1973913043478261
1.3052173913043479
1.1295652173913044
1.2260869565217392
1.0739130434782609
1.111304347826087
1.1191304347826085
1.0082608695652175
0.9443478260869564
0.9843478260869566
0.9108695652173913
0.947391304347826
0.9443478260869564
0.8826086956521739
0.9369565217391305
0.8891304347826087
0.9526086956521739
1.0052173913043478
0.9260869565217391
0.9078260869565217
1.0295652173913044
0.8452173913043479
0.8665217391304347
0.9408695652173913
0.9004347826086957
0.8047826086956522
0.7678260869565218
0.6765217391304348
0.6834782608695652
0.6617391304347826
0.65
0.6073913043478261
0.5743478260869566
0.6017391304347826
0.6943478260869564
0.7043478260869565
0.668695652173913
0.6478260869565217
0.6508695652173914
0.74
0.5708695652173913
0.6313043478260869
0.58
0.5356521739130435
0.5095652173913043
0.5017391304347826
0.3904347826086957
0.43260869565217397
0.4608695652173913
0.4043478260869566
0.5
0.4865217391304348
0.5295652173913044
0.5052173913043478
0.491304347826087
0.41173913043478266
0.43478260869565216
0.31739130434782614
0.3804347826086957
0.4965217391304348
0.4804347826086957
0.47652173913043483
0.43173913043478257
0.3713043478260869
0.3982608695652174
0.31521739130434784
0.42565217391304344
0.3791304347826087
0.3565217391304348
0.3952173913043478
0.35782608695652174
0.30782608695652175
0.33304347826086955
0.388695652173913
0.41608695652173916
0.5021739130434782
0.5517391304347826
0.6695652173913044
0.5208695652173914
0.42043478260869566
0.40608695652173915
0.4078260869565218
0.3582608695652174
0.45652173913043476
0.4965217391304348
0.568695652173913
