pet
0.5484
0.4716
0.43239999999999995
0.4056
0.43
0.44079999999999997
0.5736
0.5436
0.5156000000000001
0.48960000000000004
0.544
0.5348
0.5307999999999999
0.46879999999999994
0.5432
0.4628
0.3972
0.5176
0.602
0.48200000000000004
0.34
0.4232
0.45120000000000005
0.43560000000000004
0.5056
0.5004
0.5824
0.6296
0.5836
0.49079999999999996
0.622
0.6808
0.6912
0.6244
0.772
0.7832000000000001
0.5836
0.6032
0.6428
0.6144
0.5836
0.6892
0.6636
0.5752
0.6676000000000001
0.8484
0.754
0.8328
0.7572
0.8408
0.904
0.9652
0.9059999999999999
0.9416
0.9096
0.8928
0.8835999999999999
0.8812000000000001
0.8059999999999999
0.7836
0.8844
0.8584
0.7684000000000001
0.8748
1.0192
1.1496
1.2328000000000001
1.3292
1.32
1.2764
1.2816
1.0952
1.4196
1.5596
1.5175999999999998
1.4619230769230769
1.3884615384615384
1.3323076923076924
1.2734615384615384
1.3773076923076923
1.338076923076923
1.455769230769231
1.4838461538461538
1.5161538461538462
1.4992307692307691
1.5438461538461539
1.6946153846153846
1.78
1.9165384615384615
1.8292307692307692
1.8061538461538462
1.9276923076923076
1.8934615384615383
1.7796153846153848
1.9484615384615382
1.7976923076923077
1.6407692307692305
1.7665384615384616
1.963076923076923
1.8811538461538464
1.758076923076923
1.830769230769231
1.958846153846154
2.0634615384615382
2.0446153846153843
1.991153846153846
2.0703846153846155
2.018846153846154
2.0546153846153845
2.1726923076923077
2.4650000000000003
2.608076923076923
2.581538461538462
2.6803846153846154
2.4296153846153845
2.2188461538461537
2.301153846153846
2.313846153846154
2.1607692307692306
2.3453846153846154
2.4923076923076923
2.5288461538461537
2.542307692307692
2.483846153846154
2.5969230769230767
2.743846153846154
2.920384615384615
2.9234615384615386
3.018076923076923
3.055769230769231
2.8546153846153848
2.7173076923076924
2.773846153846154
2.623076923076923
2.791923076923077
2.9696153846153845
2.8984615384615386
2.906538461538462
3.005
2.998846153846154
2.9446153846153846
2.962307692307692
3.0757692307692306
3.039615384615385
3.1665384615384613
3.151153846153846
3.13
3.0476923076923077
3.0046153846153847
3.0430769230769235
3.0949999999999998
3.227307692307692
3.175
2.930769230769231
2.7773076923076925
2.730769230769231
2.758846153846154
2.8092307692307688
2.8576923076923078
3.056923076923077
2.921923076923077
2.968461538461538
2.8723076923076927
3.022692307692308
3.0896153846153847
3.0665384615384617
3.1984615384615385
3.331153846153846
3.23
3.165
3.1376923076923076
3.066153846153846
2.987692307692308
3.1407692307692305
3.1634615384615383
3.131153846153846
3.255
3.2
3.0796153846153844
3.227307692307692
3.137307692307692
3.3046153846153845
3.3173076923076925
3.167307692307692
3.292692307692308
3.4011538461538464
3.302692307692308
3.1934615384615386
3.2615384615384615
3.27
3.261923076923077
3.1273076923076926
3.117692307692308
3.1165384615384615
3.2161538461538464
3.2453846153846153
3.418461538461538
3.4192307692307695
3.6076923076923078
3.6653846153846152
3.3903846153846158
3.2253846153846153
3.237692307692308
3.4269230769230767
3.4292307692307693
3.465384615384615
3.3638461538461537
3.302692307692308
3.275384615384615
3.18
3.0846153846153848
3.1330769230769233
3.251153846153846
3.116153846153846
3.129230769230769
3.0453846153846156
3.1226923076923074
3.23
3.101153846153846
3.2357692307692307
2.9815384615384612
2.961153846153846
3.253846153846154
2.900384615384615
3.0023076923076926
2.9000000000000004
2.776923076923077
2.655384615384615
2.8123076923076926
2.7899999999999996
2.685
2.5992307692307692
2.647692307692308
2.7084615384615387
2.604230769230769
2.448076923076923
2.6765384615384615
2.4323076923076923
2.3096153846153844
2.2773076923076925
2.2361538461538464
2.0900000000000003
2.0946153846153845
2.113076923076923
2.400384615384615
2.270769230769231
2.3223076923076924
2.3576923076923078
2.2150000000000003
2.121153846153846
2.203076923076923
2.1076923076923078
2.2726923076923073
2.212307692307692
1.9676923076923076
1.9226923076923077
1.8661538461538463
1.8796153846153845
1.8253846153846154
1.6292307692307693
1.823846153846154
1.804230769230769
1.8234615384615382
1.7676923076923077
1.7196153846153845
1.6749999999999998
1.573846153846154
1.5284615384615385
1.5261538461538462
1.5923076923076922
1.6046153846153846
1.5899999999999999
1.6530769230769229
1.5944
1.4656
1.3744
1.2792000000000001
1.3264000000000002
1.2024
1.1596000000000002
1.298
1.3152000000000001
1.4264000000000001
1.188
1.1784000000000001
1.1967999999999999
1.0724
1.0392000000000001
1.0984
0.9468
1.0219999999999998
0.9776
0.9832
1.0512000000000001
0.9488
1.0572
1.0684
1.0816
0.9464
1.0072
0.9915999999999999
0.924
0.9924
0.8884000000000001
0.8136
0.7567999999999999
0.6567999999999999
0.6008
0.6335999999999999
0.616
0.5579999999999999
0.5952000000000001
0.6
0.6524
0.6464
0.6072
0.5828
0.5576
0.648
0.5156000000000001
0.5216000000000001
0.5256000000000001
0.43
0.4068
0.44880000000000003
0.4128
0.3768
0.4496
0.42119999999999996
0.4468
0.498
0.526
0.458
0.4496
0.4044
0.41600000000000004
0.2964
0.29560000000000003
0.45520000000000005
0.5176
0.4064
0.4224
0.32880000000000004
0.3544
0.3508
0.41960000000000003
0.34840000000000004
0.36200000000000004
0.4064
0.3528
0.30920000000000003
0.3184
0.3044
0.36
0.5168
0.5871999999999999
0.6648000000000001
0.6268
0.4584
0.4536
0.3992
0.2808
0.44480000000000003
0.5776
0.5444
