pet
0.5976923076923076
0.4988461538461539
0.5196153846153846
0.4846153846153846
0.4626923076923077
0.4673076923076923
0.6419230769230769
0.5726923076923077
0.5938461538461538
0.5292307692307692
0.6373076923076924
0.6315384615384616
0.5707692307692308
0.5126923076923077
0.5511538461538461
0.5061538461538462
0.4238461538461538
0.5423076923076923
0.6757692307692308
0.5584615384615385
0.365
0.4465384615384615
0.4826923076923077
0.5096153846153846
0.5269230769230769
0.5700000000000001
0.6015384615384616
0.6730769230769231
0.6596153846153846
0.5280769230769231
0.6776923076923077
0.6853846153846154
0.6876923076923076
0.6634615384615384
0.8723076923076923
0.8461538461538461
0.7184615384615385
0.6342307692307692
0.6946153846153845
0.6565384615384615
0.6342307692307692
0.7553846153846154
0.6950000000000001
0.6396153846153846
0.6938461538461538
0.8734615384615385
0.8026923076923077
0.7957692307692308
0.7484615384615385
0.8711538461538461
0.9773076923076923
1.0376923076923077
0.9534615384615385
1.0373076923076923
0.9380769230769231
0.9103846153846153
0.908076923076923
0.8288461538461539
0.8350000000000001
0.7326923076923078
0.8323076923076923
0.7992307692307693
0.7426923076923077
0.8999999999999999
0.9180769230769231
1.096923076923077
1.1846153846153846
1.3503846153846153
1.2361538461538462
1.3015384615384618
1.2980769230769231
1.141923076923077
1.408076923076923
1.4803846153846154
1.5796153846153846
1.4303846153846154
1.3761538461538463
1.2888461538461538
1.2361538461538462
1.2734615384615384
1.1915384615384617
1.2919230769230767
1.2823076923076924
1.4723076923076923
1.3284615384615384
1.323076923076923
1.5192307692307692
1.7334615384615384
1.9549999999999998
1.8753846153846152
1.716923076923077
1.8496153846153844
1.8226923076923076
1.8223076923076924
1.8888461538461538
1.7846153846153845
1.6126923076923076
1.616153846153846
1.8134615384615385
1.8046153846153847
1.6142307692307691
1.761923076923077
1.8526923076923079
1.8984615384615384
1.866923076923077
1.853076923076923
1.9523076923076923
1.8726923076923077
1.8603846153846153
1.945
2.273076923076923
2.4465384615384616
2.628076923076923
2.670769230769231
2.4211538461538464
2.1407692307692305
2.313846153846154
2.3053846153846154
2.0753846153846154
2.193846153846154
2.5142307692307693
2.4842307692307695
2.5053846153846155
2.5369230769230766
2.7415384615384615
2.8053846153846154
2.791923076923077
3.066923076923077
3.2492307692307696
3.1184615384615384
2.8176923076923077
2.8696153846153845
2.708076923076923
2.5173076923076922
2.7988461538461538
3.1353846153846154
3.036153846153846
3.108846153846154
3.161153846153846
3.1511538461538464
3.0553846153846154
3.0730769230769233
3.201923076923077
2.9673076923076924
3.090384615384615
3.1784615384615384
3.1103846153846155
3.0276923076923077
2.905384615384615
2.9342307692307696
2.772307692307692
3.065
3.0288461538461537
2.755769230769231
2.5973076923076923
2.629230769230769
2.6469230769230765
2.7392307692307694
2.769615384615385
2.9780769230769235
2.7915384615384613
2.838461538461538
2.828461538461539
3.0300000000000002
2.936923076923077
3.0453846153846156
3.1853846153846157
3.3415384615384616
3.1226923076923074
3.18
3.0153846153846158
2.933076923076923
2.915769230769231
3.0715384615384616
3.1107692307692307
2.848076923076923
2.8303846153846157
3.042692307692308
2.9226923076923077
3.022692307692308
2.944230769230769
3.1607692307692306
3.201923076923077
3.081153846153846
3.3561538461538465
3.3096153846153844
3.0523076923076924
3.0034615384615386
2.9665384615384616
2.941923076923077
3.207692307692308
2.962307692307692
2.8611538461538464
2.839230769230769
2.9119230769230766
3.0219230769230765
3.1976923076923076
3.277307692307692
3.257307692307692
3.6165384615384615
3.340384615384615
3.1500000000000004
3.0007692307692304
3.348076923076923
3.398846153846154
3.201923076923077
3.235
3.1550000000000002
3.0984615384615384
3.2
3.0142307692307693
2.9223076923076925
3.2053846153846157
3.128846153846154
3.18
2.928076923076923
3.1276923076923073
3.303076923076923
3.0634615384615387
2.992692307692308
2.776923076923077
2.7819230769230767
3.036153846153846
2.814230769230769
2.9915384615384615
2.9946153846153845
2.8853846153846154
2.5446153846153843
2.8819230769230773
2.8742307692307696
2.793461538461538
2.743846153846154
2.881923076923077
2.8053846153846154
2.7253846153846153
2.4619230769230773
2.5415384615384613
2.4326923076923075
2.1969230769230768
2.3103846153846153
2.3623076923076924
2.151923076923077
2.128076923076923
2.0876923076923077
2.3042307692307693
2.309230769230769
2.319230769230769
2.4353846153846153
2.3296153846153844
2.2800000000000002
2.1576923076923076
2.2215384615384615
2.301153846153846
2.359230769230769
2.0784615384615384
1.9688461538461537
1.911153846153846
1.8542307692307693
1.768846153846154
1.6465384615384617
1.8865384615384617
1.7992307692307692
1.906923076923077
1.8003846153846155
1.9653846153846155
1.8103846153846155
1.6242307692307691
1.6380769230769232
1.4596153846153848
1.6992307692307693
1.7703846153846154
1.676923076923077
1.71
1.6884615384615385
1.4926923076923078
1.5342307692307693
1.3315384615384613
1.411923076923077
1.1065384615384615
1.1826923076923077
1.311923076923077
1.4100000000000001
1.484230769230769
1.3415384615384616
1.225
1.388076923076923
1.2503846153846152
1.2126923076923077
1.248076923076923
1.0134615384615384
1.1011538461538461
1.0884615384615386
1.0903846153846155
1.294230769230769
1.0815384615384616
1.1303846153846153
1.2276923076923076
1.2257692307692307
1.1346153846153846
1.04
1.0376923076923077
1.0261538461538462
1.0846153846153845
0.9757692307692308
0.9184615384615384
0.9342307692307692
0.855
0.7026923076923077
0.7207692307692307
0.6807692307692308
0.6438461538461537
0.6596153846153846
0.6696153846153846
0.7019230769230769
0.676923076923077
0.6534615384615385
0.5653846153846154
0.6303846153846154
0.7242307692307693
0.5788461538461538
0.5611538461538461
0.5969230769230769
0.4423076923076923
0.46692307692307694
0.568076923076923
0.5365384615384615
0.4496153846153846
0.4688461538461538
0.46846153846153843
0.48423076923076924
0.5411538461538462
0.5588461538461538
0.5273076923076923
0.49115384615384616
0.42653846153846153
0.5073076923076922
0.32346153846153847
0.32807692307692304
0.5976923076923077
0.6069230769230769
0.43961538461538463
0.45999999999999996
0.3792307692307692
0.46153846153846156
0.4926923076923077
0.5515384615384615
0.48192307692307695
0.43730769230769234
0.5399999999999999
0.4538461538461539
0.37692307692307697
0.3869230769230769
0.4688461538461538
0.4284615384615385
0.5826923076923077
0.6569230769230768
0.7469230769230768
0.7707692307692308
0.5257692307692308
0.5492307692307693
0.5269230769230769
0.3411538461538462
0.45153846153846156
0.6407692307692308
0.6203846153846153
