temperature
1.997142857142857
1.4435714285714283
2.1857142857142855
1.5842857142857143
1.4785714285714284
1.8592857142857144
1.4342857142857142
1.2007142857142856
1.4864285714285714
2.301428571428571
2.36
2.0242857142857145
0.9678571428571429
1.330714285714286
1.9566666666666668
1.34
1.7793333333333334
1.2813333333333332
0.4293333333333333
0.9746666666666666
1.5646666666666667
2.429333333333333
2.0980000000000003
3.516
3.23
2.586
1.9913333333333334
2.1353333333333335
1.2533333333333334
1.2513333333333334
1.2226666666666666
0.606
1.2186666666666668
1.606
1.5433333333333332
1.6486666666666667
1.358
1.4786666666666666
1.5446666666666669
1.1606666666666667
-0.1346666666666666
0.73
1.426
1.8253333333333333
2.878
3.162
3.2506666666666666
3.0406666666666666
2.494
3.1266666666666665
3.602
3.2079999999999997
3.272666666666667
3.1246666666666667
2.99
3.505333333333333
3.268666666666667
3.1213333333333333
2.8546666666666667
2.881333333333333
2.4633333333333334
2.2306666666666666
1.6053333333333333
2.436666666666667
3.317333333333333
3.2246666666666663
3.2786666666666666
2.9133333333333336
2.933333333333333
3.8466666666666662
3.9926666666666666
4.422
4.516
4.696
3.869333333333333
3.8680000000000003
4.383333333333334
4.993333333333334
4.622
5.004666666666666
4.594666666666667
3.9179999999999997
4.426666666666667
4.935333333333333
4.076
4.5600000000000005
4.543333333333334
4.182666666666667
4.124
3.2640000000000002
3.687333333333333
4.52
4.8100000000000005
4.17
5.094666666666667
5.774666666666667
5.336
5.653333333333333
5.344666666666667
5.835333333333334
5.185999999999999
5.134666666666666
5.3373333333333335
5.406666666666666
6.3773333333333335
6.458
5.549333333333334
6.3646666666666665
7.093999999999999
7.172666666666667
7.0633333333333335
7.677333333333333
7.057333333333333
6.348666666666667
6.291333333333333
6.083333333333333
5.717333333333333
5.623333333333333
5.720666666666667
6.0873333333333335
5.92
5.786666666666666
6.1226666666666665
7.8406666666666665
7.652666666666666
7.312666666666667
6.9446666666666665
8.101333333333333
8.113333333333333
8.025333333333332
7.3133333333333335
8.001333333333333
7.5953333333333335
7.828
8.562000000000001
7.957333333333334
8.53
8.56
9.556666666666667
9.583333333333334
9.129999999999999
8.836
9.321333333333333
9.622000000000002
9.504666666666667
9.738
9.601333333333335
9.778666666666668
10.156
10.546
11.456666666666667
11.573333333333332
11.255333333333335
10.432666666666668
9.577333333333334
9.708666666666666
9.813333333333333
10.217333333333332
10.890666666666668
10.858666666666666
11.147333333333334
10.309333333333335
10.19
10.479999999999999
10.706666666666667
11.178666666666667
11.764000000000001
11.486666666666668
10.775333333333332
10.482666666666667
11.207333333333334
11.455333333333332
12.215333333333332
11.933333333333334
11.522666666666668
11.673333333333334
12.414666666666667
13.533999999999999
13.25
12.728000000000002
12.760666666666667
13.371999999999998
12.251333333333333
13.263333333333332
12.745333333333333
12.935333333333334
12.514000000000001
12.428666666666667
12.086
12.083333333333334
12.736666666666668
12.826666666666666
12.212
12.235999999999999
12.775333333333332
13.074666666666667
14.05
13.263333333333332
13.566
13.5
12.920666666666667
12.802666666666665
13.815333333333333
14.610666666666667
13.846666666666666
13.968
14.359333333333332
14.050666666666666
13.079333333333333
12.972
12.474666666666668
13.116000000000001
13.362
13.514666666666667
13.622666666666667
12.935333333333334
12.810666666666666
12.79
12.838
12.628000000000002
11.992666666666667
12.04
12.108
12.774000000000001
13.081999999999999
12.997333333333334
12.091333333333333
12.34
12.741333333333333
12.464666666666666
12.812000000000001
12.925333333333333
13.213333333333333
12.894666666666668
12.528
11.71
11.490666666666668
11.599333333333334
11.664
11.451333333333332
11.477333333333332
11.347333333333333
11.013333333333332
11.704666666666666
12.291333333333334
12.122666666666667
11.836
11.194666666666667
11.516
11.685333333333334
12.033333333333333
11.587333333333333
11.810666666666666
11.472
11.013333333333332
10.735333333333333
10.908
10.554666666666666
10.524666666666667
10.019333333333332
9.860000000000001
10.214
10.920666666666667
10.920666666666667
10.224666666666668
10.143333333333334
10.192
10.232
9.580666666666668
9.796
10.17
9.51
8.876666666666667
8.315714285714286
8.176428571428572
8.085714285714285
7.698571428571428
8.227857142857143
8.53
8.698571428571428
8.982857142857144
8.292857142857143
8.167142857142858
7.14
7.5249999999999995
8.190714285714286
8.172857142857143
7.353571428571429
6.347857142857143
6.835714285714286
7.168571428571428
6.642142857142858
7.515
7.138571428571429
7.145714285714285
7.680000000000001
6.715714285714285
6.323571428571428
6.542857142857143
6.547857142857143
6.1621428571428565
5.285714285714286
6.215000000000001
6.596428571428571
5.711428571428571
5.797857142857143
5.217142857142858
4.487857142857143
4.155714285714286
5.352857142857142
4.37
4.802142857142857
4.549285714285714
3.8607142857142853
4.8307142857142855
4.68
4.865714285714286
5.860714285714286
6.057857142857143
4.844285714285715
4.510714285714285
4.817857142857143
4.195714285714286
3.637857142857143
3.391428571428571
3.1799999999999997
3.2414285714285715
2.540714285714286
2.8414285714285716
3.8057142857142856
2.887857142857143
2.382857142857143
1.1992857142857143
1.157142857142857
1.5735714285714286
2.2835714285714284
1.305
1.3992857142857142
1.3985714285714288
1.072142857142857
1.8921428571428571
2.9214285714285713
2.6357142857142857
2.597857142857143
2.232857142857143
1.647857142857143
1.6635714285714285
2.607857142857143
2.4657142857142857
2.2821428571428575
1.967857142857143
3.117142857142857
2.7885714285714287
2.6757142857142857
1.6957142857142855
1.2921428571428575
1.9085714285714286
1.0464285714285713
1.2650000000000001
1.955
1.5985714285714285
1.0357142857142858
2.4314285714285715
2.7921428571428573
2.6757142857142857
