pet
0.48840000000000006
0.4004
0.384
0.3436
0.38799999999999996
0.4156
0.5307999999999999
0.4788
0.4428
0.4304
0.5384
0.5075999999999999
0.49839999999999995
0.40840000000000004
0.5344
0.478
0.374
0.5004
0.5848
0.4412
0.336
0.3972
0.40880000000000005
0.3924
0.4732
0.442
0.5108
0.5616
0.5416
0.47519999999999996
0.5832
0.6284000000000001
0.6412
0.5524
0.6916
0.6912
0.4904
0.5536
0.5992000000000001
0.4736
0.5064
0.6384
0.6184000000000001
0.496
0.614
0.7624
0.6812
0.7372
0.6552
0.7852
0.8096
0.8588
0.8116
0.8504
0.7756000000000001
0.7968000000000001
0.7564
0.76
0.6892
0.6892
0.7676000000000001
0.7112
0.6484000000000001
0.6988
0.9164
1.0776
1.1420000000000001
1.246
1.22
1.1488
1.0872
0.94
1.2852
1.46
1.3496000000000001
1.3352000000000002
1.2236
1.2368000000000001
1.2184
1.3432
1.2424
1.3896000000000002
1.386
1.4256
1.4664
1.454
1.7131999999999998
1.6596000000000002
1.7671999999999999
1.7256
1.7664
1.7875999999999999
1.8175999999999999
1.6847999999999999
1.7608
1.7416
1.5144
1.722
1.8424
1.7016
1.6916
1.73
1.8524
1.9652
2.0307999999999997
1.9280000000000002
2.0412
1.9380000000000002
1.9664
2.2192
2.4872
2.5004
2.4952
2.5912
2.2952
2.136
2.13
2.128
1.9487999999999999
2.1792
2.3192
2.3856
2.3544
2.4048
2.5844
2.6732
2.9408
2.9095999999999997
2.8724000000000003
3.0452
2.8292
2.7112
2.694
2.5727999999999995
2.8196
2.7883999999999998
2.6952
2.742
2.8752
2.8412
2.8424
2.8944
2.9504
2.9276
3.0288
3.0263999999999998
3.0907999999999998
2.9992
2.9556
2.9844
3.0332
3.2211538461538463
2.995769230769231
2.8484615384615384
2.685769230769231
2.6438461538461535
2.6223076923076922
2.6303846153846155
2.7038461538461536
2.914230769230769
2.8073076923076923
2.792692307692308
2.5880769230769234
2.7973076923076925
2.8184615384615386
2.8242307692307693
3.074230769230769
3.108846153846154
3.043846153846154
2.9753846153846153
2.8607692307692307
2.8261538461538462
2.8173076923076925
2.9423076923076925
2.900384615384615
3.0080769230769233
3.149230769230769
2.9292307692307693
2.963461538461538
3.0907692307692307
3.0
3.1196153846153845
3.006153846153846
3.022692307692308
2.9815384615384612
3.060769230769231
3.08
3.071153846153846
3.126923076923077
3.1538461538461537
3.0776923076923075
2.963461538461538
2.953076923076923
2.894230769230769
3.066923076923077
3.079230769230769
3.2219230769230767
3.1769230769230767
3.4149999999999996
3.4546153846153844
3.0807692307692305
3.012307692307692
3.0565384615384614
3.1234615384615383
3.0911538461538464
3.296538461538461
3.130769230769231
3.004230769230769
2.996153846153846
2.8742307692307696
2.7915384615384613
2.8776923076923078
2.959230769230769
2.8415384615384616
2.852307692307692
2.763076923076923
2.8273076923076923
2.786538461538462
2.7434615384615384
2.9296153846153845
2.775384615384615
2.661538461538462
2.8634615384615385
2.6957692307692307
2.7046153846153844
2.601153846153846
2.4719230769230767
2.438076923076923
2.4446153846153846
2.4315384615384614
2.4038461538461537
2.331153846153846
2.38
2.521153846153846
2.376923076923077
2.213076923076923
2.433846153846154
2.1753846153846155
2.0634615384615382
1.9615384615384615
1.9446153846153846
1.9092307692307693
1.855
1.8726923076923077
2.1923076923076925
2.102692307692308
2.203076923076923
2.162692307692308
2.0761538461538462
1.9542307692307692
2.0376923076923075
1.9100000000000001
2.1776923076923076
2.021923076923077
1.8384615384615386
1.7265384615384616
1.6834615384615386
1.7192307692307691
1.606153846153846
1.5623076923076922
1.6476923076923076
1.6873076923076922
1.6996153846153845
1.7084615384615385
1.6
1.5469230769230768
1.4580769230769233
1.416923076923077
1.4357692307692307
1.4892307692307691
1.511153846153846
1.5292307692307692
1.5642307692307693
1.4264
1.3192
1.248
1.1588
1.2264
1.0728
1.0608
1.2595999999999998
1.1904000000000001
1.3688
1.0892
1.072
1.1159999999999999
0.9536
0.9808
1.042
0.8756
0.9308
0.8428
0.8271999999999999
0.9544
0.774
0.9576
0.9608
0.9436
0.8956000000000001
0.9344
0.9436
0.8744
0.9656
0.8844
0.7748
0.7048000000000001
0.5892000000000001
0.5968
0.6452
0.5744
0.4852
0.5688
0.6015999999999999
0.6444
0.6096
0.5352
0.5632
0.5356000000000001
0.6248
0.4772
0.5404
0.5212
0.4312
0.4052
0.4244
0.3568
0.32799999999999996
0.41119999999999995
0.41
0.44079999999999997
0.4912
0.4832
0.4312
0.44920000000000004
0.39840000000000003
0.4012
0.2852
0.3272
0.47800000000000004
0.5576
0.40880000000000005
0.4404
0.35359999999999997
0.3444
0.32439999999999997
0.47240000000000004
0.36
0.40840000000000004
0.39120000000000005
0.3368
0.30079999999999996
0.2992
0.26599999999999996
0.384
0.544
0.5848
0.6823999999999999
0.6072
0.4764
0.4696
0.43160000000000004
0.308
0.518
0.5776
0.5472
