pet
0.3026923076923077
0.26
0.22499999999999998
0.23923076923076922
0.2957692307692308
0.3123076923076923
0.3957692307692308
0.2611538461538462
0.2776923076923077
0.35
0.43
0.4480769230769231
0.38961538461538464
0.32807692307692304
0.40192307692307694
0.3465384615384615
0.3119230769230769
0.3807692307692308
0.42
0.3030769230769231
0.23
0.2823076923076923
0.30653846153846154
0.4046153846153846
0.37692307692307697
0.385
0.39692307692307693
0.41000000000000003
0.33807692307692305
0.38769230769230767
0.46499999999999997
0.4507692307692307
0.4342307692307692
0.4030769230769231
0.485
0.42230769230769233
0.34076923076923077
0.39499999999999996
0.3930769230769231
0.34192307692307694
0.3923076923076923
0.5296153846153846
0.5046153846153846
0.3523076923076923
0.4853846153846154
0.5873076923076923
0.46153846153846156
0.4676923076923077
0.4807692307692308
0.5688461538461538
0.5573076923076923
0.6161538461538462
0.6069230769230769
0.5573076923076923
0.43961538461538463
0.5457692307692308
0.47000000000000003
0.4626923076923077
0.485
0.4776923076923077
0.5046153846153847
0.3823076923076923
0.3646153846153846
0.5184615384615385
0.6853846153846154
0.7496153846153846
0.8211538461538462
0.86
0.856923076923077
0.8311538461538461
0.676923076923077
0.6911538461538461
0.8588461538461538
1.0288461538461537
0.9615384615384616
1.0007692307692309
0.8769230769230769
0.9873076923076922
0.8915384615384615
0.9019230769230769
0.9380769230769231
1.0911538461538461
1.096923076923077
1.1626923076923077
1.1930769230769231
1.096923076923077
1.2211538461538463
1.1534615384615385
1.2815384615384615
1.3250000000000002
1.2938461538461539
1.2788461538461537
1.26
1.1707692307692308
1.353076923076923
1.2584615384615385
0.9942307692307693
1.3365384615384615
1.393076923076923
1.2461538461538462
1.353076923076923
1.243846153846154
1.451153846153846
1.613076923076923
1.5461538461538462
1.5392307692307694
1.5157692307692305
1.4042307692307692
1.4115384615384616
1.7173076923076922
2.1053846153846156
2.0153846153846153
2.0103846153846154
2.0546153846153845
1.764230769230769
1.6080769230769232
1.6853846153846155
1.518846153846154
1.5780769230769232
1.6480769230769232
1.786923076923077
1.8773076923076923
1.9676923076923076
1.8815384615384616
1.8707692307692307
1.8699999999999999
2.3038461538461537
2.1826923076923075
2.212307692307692
2.2607692307692306
2.0107692307692306
2.136923076923077
2.0992307692307692
2.0726923076923076
2.2584615384615385
2.0530769230769232
2.0349999999999997
1.959230769230769
2.0157692307692305
2.018846153846154
2.084230769230769
1.9915384615384615
2.0496153846153846
1.9923076923076921
2.2438461538461536
2.2242307692307692
2.293461538461538
2.256923076923077
2.4184615384615387
2.436153846153846
2.62
2.6423076923076922
2.3673076923076923
2.0930769230769233
1.9803846153846154
1.9930769230769232
1.9961538461538462
2.088076923076923
2.043076923076923
2.1361538461538463
2.1957692307692307
1.962307692307692
1.8284615384615384
1.801153846153846
1.9276923076923076
1.8711538461538462
2.210769230769231
2.118846153846154
2.275
2.1373076923076924
1.9342307692307692
1.9219230769230768
1.933846153846154
2.0534615384615384
2.042692307692308
2.273076923076923
2.4296153846153845
2.1092307692307695
2.1826923076923075
2.201923076923077
2.1396153846153845
2.2492307692307696
2.1865384615384618
2.13
2.0915384615384616
2.1115384615384616
1.968076923076923
1.9511538461538462
2.038846153846154
2.1934615384615386
2.165769230769231
2.083076923076923
1.9849999999999999
1.823846153846154
1.9853846153846153
2.0130769230769228
2.003846153846154
2.1076923076923078
2.4507692307692306
2.4323076923076923
2.053076923076923
1.9703846153846156
2.085384615384615
2.1738461538461538
2.003461538461538
2.271923076923077
1.9926923076923078
1.9003846153846156
1.8584615384615384
1.9107692307692308
1.7630769230769232
1.7226923076923077
1.948076923076923
1.9346153846153844
1.8365384615384615
1.7826923076923078
1.8203846153846153
1.8403846153846155
1.666153846153846
1.9130769230769231
1.8926923076923077
1.6715384615384616
1.8334615384615385
1.8026923076923076
1.8065384615384614
1.7526923076923078
1.4926923076923078
1.5657692307692308
1.53
1.4538461538461538
1.5946153846153845
1.488076923076923
1.4949999999999999
1.581923076923077
1.5115384615384615
1.3407692307692307
1.488846153846154
1.2757692307692308
1.2303846153846154
1.2142307692307692
1.128076923076923
1.2426923076923078
1.2296153846153846
1.1892307692307693
1.4242307692307692
1.2334615384615384
1.4738461538461538
1.3584615384615384
1.3442307692307693
1.3269230769230769
1.2815384615384615
1.2584615384615385
1.4107692307692308
1.271923076923077
1.198076923076923
1.0911538461538461
1.0207692307692307
1.1400000000000001
0.9984615384615385
1.0519230769230767
1.0503846153846153
1.0392307692307692
1.0076923076923077
1.1546153846153846
1.0165384615384616
0.9611538461538461
0.9261538461538461
0.9123076923076923
0.8584615384615385
0.9611538461538461
1.0457692307692308
1.0496153846153846
1.155
0.9242307692307693
0.8049999999999999
0.7911538461538462
0.7373076923076923
0.7238461538461538
0.6438461538461537
0.7865384615384615
0.9134615384615384
0.7365384615384615
0.8534615384615385
0.6596153846153846
0.7534615384615384
0.8442307692307692
0.7496153846153846
0.7346153846153847
0.7234615384615384
0.583076923076923
0.6730769230769231
0.6115384615384615
0.5549999999999999
0.6796153846153847
0.5488461538461539
0.6703846153846154
0.713076923076923
0.6630769230769231
0.6984615384615385
0.7984615384615383
0.661923076923077
0.6757692307692308
0.7761538461538462
0.6496153846153846
0.6242307692307693
0.5811538461538461
0.47846153846153844
0.53
0.5046153846153847
0.49769230769230766
0.37538461538461537
0.4269230769230769
0.4030769230769231
0.4603846153846154
0.40269230769230774
0.34615384615384615
0.35461538461538467
0.45153846153846156
0.5611538461538461
0.4253846153846154
0.44076923076923075
0.3853846153846154
0.3392307692307692
0.2919230769230769
0.33269230769230773
0.22076923076923077
0.2561538461538462
0.2873076923076923
0.28923076923076924
0.3973076923076923
0.3526923076923077
0.4
0.3992307692307693
0.3576923076923077
0.32192307692307687
0.29653846153846153
0.24115384615384616
0.28923076923076924
0.3734615384615384
0.39
0.3553846153846154
0.3569230769230769
0.2919230769230769
0.3553846153846154
0.3288461538461539
0.42230769230769233
0.2934615384615385
0.26692307692307693
0.30115384615384616
0.31346153846153846
0.2403846153846154
0.2703846153846154
0.28884615384615386
0.31
0.4715384615384615
0.45576923076923076
0.5134615384615384
0.4230769230769231
0.3607692307692308
0.31961538461538463
0.3261538461538462
0.2573076923076923
0.40115384615384614
0.4584615384615385
0.49115384615384616
