temperature
2.376153846153846
2.3023076923076924
1.47
1.884230769230769
2.1115384615384616
2.2342307692307695
2.5326923076923076
2.1373076923076924
2.1053846153846156
2.878076923076923
3.1034615384615383
3.258076923076923
2.7869230769230766
2.9484615384615385
3.0384615384615383
2.620769230769231
2.543846153846154
2.632307692307692
2.4546153846153844
1.7073076923076924
1.8619230769230768
1.9215384615384616
1.878076923076923
2.1826923076923075
2.62
2.518076923076923
2.487692307692307
2.420769230769231
2.020769230769231
1.7373076923076924
2.164615384615385
2.3684615384615384
2.2965384615384616
2.495
2.943076923076923
2.6907692307692312
1.962307692307692
2.116153846153846
1.786153846153846
1.5642307692307693
1.820769230769231
2.643076923076923
3.018076923076923
2.2173076923076924
2.8488461538461536
3.2903846153846152
2.8061538461538467
2.9465384615384616
2.980769230769231
3.2399999999999998
3.197307692307692
3.321153846153846
3.1692307692307695
2.901923076923077
2.4223076923076925
2.985
2.4334615384615383
2.0992307692307692
1.8442307692307691
1.9815384615384615
2.231923076923077
2.1746153846153846
1.6319230769230768
2.415
2.9984615384615383
3.450384615384615
3.928076923076923
4.1850000000000005
4.108461538461539
3.9103846153846153
3.423461538461538
3.505
4.336923076923077
4.936923076923078
4.6534615384615385
4.479615384615385
3.838076923076923
4.384230769230769
4.0673076923076925
4.149230769230769
4.348461538461539
4.839615384615384
4.892307692307693
5.0965384615384615
5.161153846153846
4.7942307692307695
5.191923076923077
4.895
5.270769230769231
5.304615384615384
5.215769230769231
5.194615384615385
5.125769230769231
4.583846153846154
5.299230769230769
5.056153846153847
4.364615384615385
5.253846153846154
5.2869230769230775
4.989230769230769
5.438076923076922
4.9496153846153845
5.581538461538462
5.854615384615385
5.739615384615385
5.8307692307692305
5.837307692307693
5.572692307692307
5.717692307692308
6.577307692307692
7.842692307692308
7.716538461538462
7.806538461538461
7.938076923076924
7.102692307692307
6.518461538461538
6.763076923076923
6.386923076923077
6.489615384615385
6.764230769230769
7.267692307692308
7.451153846153847
7.636538461538462
7.440769230769231
7.474615384615385
7.355384615384616
8.668461538461539
8.378076923076923
8.536923076923078
8.839615384615385
8.156538461538462
8.422307692307692
8.52076923076923
8.451538461538462
9.04
8.580769230769231
8.625
8.712307692307693
8.8
9.007307692307693
9.219615384615384
8.878076923076922
9.099230769230768
8.862307692307692
9.724615384615385
9.518076923076922
9.721153846153847
9.819615384615386
10.09423076923077
10.383076923076922
11.058461538461538
11.924230769230768
11.383461538461539
10.75423076923077
10.383076923076922
10.518076923076924
10.598461538461539
10.858846153846153
10.92
11.186153846153847
11.381538461538462
10.657307692307691
10.618846153846153
10.622692307692308
11.060384615384615
11.077692307692306
11.915000000000001
11.664615384615384
12.116923076923078
11.625384615384615
11.215769230769231
11.211153846153847
11.451153846153847
11.928846153846154
11.937307692307693
12.39423076923077
13.023846153846154
12.221153846153847
12.459999999999999
12.521923076923077
12.445384615384615
12.700384615384614
12.621923076923078
12.639999999999999
12.495384615384616
12.653076923076924
12.238846153846152
12.471538461538461
12.712307692307691
13.05
13.142692307692307
12.790384615384616
12.545
12.120384615384616
12.820384615384615
12.814615384615385
12.975769230769231
13.207307692307692
14.126153846153844
14.033846153846154
13.095
12.856538461538461
13.398846153846154
13.795384615384616
13.234230769230768
14.056923076923077
13.360384615384616
13.359615384615385
13.21923076923077
13.251153846153844
12.826538461538462
12.991538461538461
13.591923076923077
13.576538461538462
13.471153846153847
13.241538461538461
13.294615384615385
13.433461538461538
12.920384615384616
13.552692307692308
13.48423076923077
13.029615384615385
13.529615384615385
13.431923076923077
13.551153846153845
13.460384615384614
12.623076923076923
13.034615384615384
12.973846153846154
12.631923076923076
12.837307692307691
12.720769230769232
12.676538461538463
13.018461538461539
12.906923076923077
12.126923076923077
12.820384615384615
12.144615384615385
12.046153846153846
11.816153846153847
11.193461538461538
11.592307692307692
11.402692307692309
11.38076923076923
12.49076923076923
11.746538461538462
12.473076923076924
12.152692307692309
11.846153846153847
11.715000000000002
11.761538461538462
11.746923076923078
12.264999999999999
11.807307692307692
11.445
10.92576923076923
10.65230769230769
11.170769230769231
10.237692307692308
10.362307692307693
10.796923076923077
10.952307692307691
10.641923076923076
11.066153846153847
10.629615384615384
10.237307692307693
9.815384615384614
9.974615384615383
9.717307692307692
10.19923076923077
10.372307692307693
10.649999999999999
10.946923076923078
9.678076923076922
8.95076923076923
8.963076923076922
8.588461538461539
9.046153846153846
8.436923076923076
8.907307692307693
9.440384615384614
8.795
9.093846153846155
8.145384615384616
8.658846153846154
8.648461538461538
8.339615384615385
8.59
8.151153846153846
7.348076923076923
7.758461538461538
7.54
7.218846153846154
7.610769230769231
7.397692307692308
7.408846153846154
7.584615384615384
7.543461538461538
7.42
7.504615384615385
6.999230769230769
6.981923076923077
7.416153846153846
7.099615384615385
6.906923076923078
6.753076923076923
6.12
6.046538461538462
6.208461538461538
6.071153846153846
5.541153846153846
5.439615384615385
5.4484615384615385
6.022692307692308
5.588461538461539
5.312692307692307
4.937307692307693
5.385769230769231
5.8307692307692305
5.135
5.29576923076923
4.606538461538461
4.479615384615385
4.02923076923077
3.7157692307692307
3.2492307692307696
3.58
4.026153846153846
3.8926923076923075
4.174230769230769
3.8230769230769233
3.7384615384615385
3.6392307692307693
3.4365384615384613
3.0676923076923077
2.895769230769231
3.246923076923077
3.1257692307692304
3.6257692307692304
3.7834615384615384
3.5734615384615385
3.393076923076923
3.3876923076923076
3.362692307692307
3.2342307692307695
3.3830769230769233
2.738076923076923
2.613076923076923
2.981923076923077
2.7584615384615385
2.5773076923076923
2.6903846153846156
2.5453846153846156
2.5384615384615383
3.448846153846154
3.5957692307692306
3.9269230769230767
3.4626923076923077
2.9180769230769235
2.960384615384615
2.376923076923077
2.0415384615384613
2.7515384615384613
3.155384615384615
3.096538461538462
