pet
0.39640000000000003
0.376
0.3184
0.4244
0.5756
0.4556
0.45799999999999996
0.4924
0.4964
0.5692
0.5472
0.5188
0.5212
0.5479999999999999
0.5408
0.42080000000000006
0.3924
0.4252
0.43560000000000004
0.516
0.6408
0.48480000000000006
0.45840000000000003
0.48560000000000003
0.4132
0.4328
0.382
0.4472
0.5844
0.5044
0.534
0.5152
0.6228
0.6784
0.6408
0.8076000000000001
0.8072
0.6335999999999999
0.5228
0.61
0.516
0.534
0.49200000000000005
0.3972
0.42480000000000007
0.44520000000000004
0.45880000000000004
0.5412
0.5352
0.5444
0.594
0.6372
0.738
0.762
0.6496000000000001
0.614
0.6164000000000001
0.818
0.7672
0.8576
0.9224
0.8636
1.008
1.1643999999999999
1.2116
1.2616
1.0952
1.1212
1.244
1.1724
1.1787999999999998
1.1887999999999999
1.0704
1.024
1.1012
1.2276
1.0756000000000001
1.0288
0.9460000000000001
1.0648
1.158
1.1388
1.146
1.2344
1.18
1.1808
1.15
1.2904
1.3828
1.5064000000000002
1.5171999999999999
1.1987999999999999
1.0828
1.2056
1.3368
1.4280000000000002
1.2508
1.1244
1.4003999999999999
1.7772
1.8007999999999997
1.712
1.5704
1.7492
1.8096
1.8248
1.7064000000000001
1.9368
1.8252000000000002
1.8219999999999998
1.8832
1.9096000000000002
1.9007999999999998
1.8940000000000001
1.8168
1.864
1.9016
1.8972
1.9292000000000002
2.0848
2.042
2.0376
2.1444
2.294
2.0024
2.2064000000000004
2.3432
2.246
2.1952000000000003
2.2935999999999996
2.3228
2.4507999999999996
2.32
2.2688
2.448
2.386
2.5724
2.4288
2.5528
2.7072000000000003
2.476
2.6231999999999998
2.6124
2.6763999999999997
2.8476
2.8804000000000003
2.614
2.6804
2.7532
2.7412
2.8836
2.8556
2.6460000000000004
2.5484
2.5768
2.8108
2.7083999999999997
2.6044
2.6715999999999998
2.61
2.548
2.5472
2.4828
2.4888
2.4836
2.454
2.748
2.5915999999999997
2.7483999999999997
2.7327999999999997
2.6116
2.424
2.4996
2.438
2.4932
2.6151999999999997
2.6552
2.5452
2.6536
2.63
2.742
2.628
2.6924
2.7260000000000004
2.7868
2.8287999999999998
3.0184
2.9688
2.8768000000000002
2.826
2.8624
2.9488
2.908
2.9184
2.8304
2.8152
2.5784
2.4952
2.556
2.8571999999999997
2.6416000000000004
2.5856
2.6216000000000004
2.4996
2.6127999999999996
2.7
2.8139999999999996
2.8136
2.8464
2.7739999999999996
2.7552
2.4476
2.5852
2.7472000000000003
2.6348000000000003
2.4492
2.5412
2.4804
2.2992000000000004
2.4032
2.2696
2.3636
2.5328
2.5156
2.5404
2.6176
2.5795999999999997
2.3944
2.3312
2.3936
2.4548
2.4736
2.4756
2.24
2.1316
2.1392
2.0328
1.9747999999999999
1.9416
2.1912000000000003
2.0684
1.9664000000000001
1.9284000000000001
2.0540000000000003
2.0228
1.8924
1.9051999999999998
1.74
1.704
1.8803999999999998
1.7712
1.8768
1.838
1.6480000000000001
1.5684
1.5263999999999998
1.5216
1.4936
1.7352
1.7804
1.4988
1.4780000000000002
1.5748
1.5152
1.4268
1.5012
1.2328000000000001
1.1828
1.3188
1.3235999999999999
1.4772
1.3991999999999998
1.5024000000000002
1.3175999999999999
1.3972
1.3428
1.3424
1.2016
1.2308
1.1088
1.2308
1.1987999999999999
0.8844
1.006
1.0388
0.9488
0.8732
0.8956000000000001
0.7807999999999999
0.7844
0.83
0.8828
0.74625
0.7016666666666667
0.7808333333333333
0.8783333333333333
0.9291666666666667
0.9158333333333334
0.8195833333333334
0.715
0.7520833333333333
0.6729166666666666
0.7937500000000001
0.6933333333333334
0.6829166666666667
0.78875
0.765
0.6504166666666666
0.5945833333333334
0.58875
0.7491666666666666
0.7029166666666667
0.68
0.7252
0.5676
0.48
0.4864
0.5284
0.44120000000000004
0.4428
0.4836
0.5304
0.39039999999999997
0.2992
0.47840000000000005
0.6596
0.6236
0.49439999999999995
0.5539999999999999
0.4252
0.37079999999999996
0.43079999999999996
0.408
0.4428
0.5416
0.6004
0.5792
0.4936
0.4376
0.31120000000000003
0.28759999999999997
0.3256
0.3468
0.45
0.4432
0.4068
0.3996
0.426
0.4648
0.34600000000000003
0.38
0.32880000000000004
0.3632
0.4472
0.4592
0.44
0.47479999999999994
0.4972
0.5147999999999999
0.532
0.5660000000000001
0.6596
0.5512
0.43560000000000004
0.4448
