pet
0.5376923076923077
0.45999999999999996
0.4938461538461538
0.41730769230769227
0.42923076923076925
0.4296153846153846
0.5626923076923077
0.5319230769230769
0.4984615384615384
0.4869230769230769
0.5750000000000001
0.5715384615384616
0.5538461538461539
0.4730769230769231
0.5607692307692308
0.5176923076923077
0.4376923076923077
0.5549999999999999
0.6184615384615385
0.4834615384615385
0.40692307692307694
0.455
0.47115384615384615
0.42230769230769233
0.5261538461538462
0.5084615384615385
0.5653846153846154
0.6234615384615385
0.6057692307692307
0.5084615384615385
0.6323076923076923
0.6719230769230768
0.6638461538461538
0.6061538461538462
0.7692307692307693
0.7776923076923077
0.6061538461538462
0.6319230769230769
0.615
0.591923076923077
0.62
0.7215384615384615
0.708076923076923
0.5373076923076924
0.6500000000000001
0.7996153846153846
0.7388461538461539
0.8461538461538461
0.713076923076923
0.8634615384615384
0.8907692307692308
1.0173076923076922
0.9038461538461539
0.9342307692307692
0.8676923076923077
0.8757692307692307
0.8526923076923077
0.8515384615384616
0.7626923076923078
0.8211538461538462
0.8842307692307692
0.8630769230769231
0.7538461538461539
0.7684615384615385
1.0138461538461538
1.1592307692307693
1.2338461538461538
1.3215384615384616
1.3107692307692307
1.2596153846153846
1.2846153846153845
1.126923076923077
1.4103846153846153
1.5753846153846154
1.488076923076923
1.4242307692307692
1.3469230769230771
1.294230769230769
1.315
1.4188461538461539
1.3496153846153847
1.4469230769230768
1.4453846153846153
1.5396153846153846
1.5596153846153844
1.5973076923076923
1.7546153846153845
1.76
1.8288461538461538
1.7715384615384617
1.82
1.915
1.8884615384615384
1.791153846153846
1.8888461538461538
1.7603846153846154
1.6123076923076924
1.7465384615384614
1.9553846153846153
1.8857692307692309
1.8015384615384613
1.8503846153846153
1.91
1.9803846153846154
2.037692307692308
1.9765384615384616
2.0484615384615386
1.985769230769231
1.9923076923076921
2.2596153846153846
2.563076923076923
2.5338461538461536
2.5319230769230767
2.6242307692307696
2.394230769230769
2.295769230769231
2.313076923076923
2.333076923076923
2.191538461538461
2.289230769230769
2.4496153846153845
2.5
2.5623076923076926
2.5157692307692305
2.5446153846153843
2.7238461538461536
2.8638461538461537
2.849615384615385
2.955
3.1149999999999998
2.960769230769231
2.766923076923077
2.77
2.6034615384615383
2.822307692307692
2.9242307692307694
2.897307692307692
2.821923076923077
2.8453846153846154
2.9080769230769232
2.943076923076923
2.891153846153846
2.979230769230769
2.9930769230769227
3.153461538461538
3.1607692307692306
3.0976923076923075
3.038846153846154
3.08
3.1469230769230774
3.085384615384615
3.1957692307692307
3.039615384615385
2.9015384615384616
2.7823076923076924
2.7357692307692307
2.685769230769231
2.586153846153846
2.6996153846153845
2.9523076923076923
2.8053846153846154
2.8380769230769234
2.7234615384615384
2.8411538461538464
2.9346153846153844
2.8576923076923078
3.0869230769230773
3.1538461538461537
3.0992307692307692
3.0907692307692307
2.9815384615384612
2.9080769230769232
2.7842307692307693
2.996153846153846
2.9642307692307694
3.102692307692308
3.186153846153846
3.0961538461538463
3.0976923076923075
3.146153846153846
3.128846153846154
3.2476923076923074
3.1165384615384615
3.081538461538462
3.0007692307692304
3.1388461538461536
3.1957692307692307
3.098076923076923
3.2038461538461536
3.237692307692308
3.166153846153846
3.1042307692307696
2.9826923076923078
3.012307692307692
3.205
3.2476923076923074
3.334230769230769
3.3273076923076923
3.4315384615384614
3.519230769230769
3.1738461538461538
3.188846153846154
3.100769230769231
3.2734615384615386
3.296923076923077
3.4553846153846157
3.2646153846153845
3.2673076923076922
3.1826923076923075
3.0865384615384617
2.9030769230769233
2.975769230769231
3.108461538461538
2.976923076923077
3.031538461538461
3.0153846153846158
3.0115384615384615
2.9996153846153844
2.9365384615384613
3.065
2.9765384615384614
2.9061538461538463
3.0215384615384617
2.8649999999999998
2.8726923076923074
2.773076923076923
2.605769230769231
2.5273076923076925
2.64
2.6242307692307696
2.496153846153846
2.4707692307692306
2.492692307692308
2.62
2.4815384615384612
2.3546153846153848
2.6273076923076926
2.391153846153846
2.2407692307692306
2.141923076923077
2.146153846153846
2.102692307692308
2.056153846153846
2.0303846153846155
2.3215384615384616
2.2946153846153847
2.332692307692308
2.3234615384615385
2.294230769230769
2.1096153846153847
2.207307692307692
2.086153846153846
2.337307692307692
2.176153846153846
1.9676923076923076
1.8715384615384616
1.7699999999999998
1.8107692307692307
1.7961538461538462
1.662692307692308
1.771923076923077
1.7569230769230768
1.856923076923077
1.7653846153846153
1.6473076923076921
1.68
1.6015384615384616
1.5161538461538462
1.5207692307692307
1.6053846153846154
1.6411538461538462
1.598076923076923
1.7073076923076924
1.5788461538461538
1.423846153846154
1.395
1.2761538461538462
1.333846153846154
1.1946153846153846
1.1423076923076922
1.3196153846153846
1.3250000000000002
1.4623076923076925
1.106923076923077
1.1446153846153846
1.188076923076923
1.0576923076923077
1.0792307692307692
1.123076923076923
0.9261538461538461
1.0380769230769231
0.9634615384615385
1.0273076923076923
1.075
0.9403846153846154
1.09
1.0992307692307692
1.1296153846153847
1.0573076923076923
1.0803846153846153
1.116923076923077
1.0603846153846155
1.0273076923076923
1.025
0.9161538461538462
0.8830769230769231
0.7915384615384616
0.7365384615384615
0.7565384615384616
0.7376923076923076
0.6499999999999999
0.6876923076923076
0.6796153846153847
0.7330769230769231
0.755
0.6603846153846155
0.678076923076923
0.6034615384615385
0.6792307692307692
0.5753846153846154
0.6238461538461538
0.6169230769230769
0.5296153846153846
0.5403846153846155
0.5423076923076923
0.47115384615384615
0.4123076923076923
0.5292307692307692
0.5346153846153846
0.5523076923076923
0.5707692307692308
0.5984615384615385
0.4984615384615384
0.5315384615384615
0.47923076923076924
0.5069230769230769
0.37038461538461537
0.4003846153846154
0.5211538461538462
0.6092307692307692
0.48846153846153845
0.5076923076923077
0.41346153846153844
0.40230769230769226
0.36615384615384616
0.5242307692307693
0.4088461538461538
0.4765384615384616
0.45461538461538464
0.44307692307692303
0.4015384615384615
0.44576923076923075
0.40499999999999997
0.49807692307692303
0.6226923076923078
0.6557692307692308
0.7669230769230769
0.6846153846153846
0.545
0.4853846153846154
0.4834615384615385
0.35500000000000004
0.5157692307692308
0.6130769230769231
0.5630769230769231
