pet
0.4223529411764706
0.398235294117647
0.34352941176470586
0.3452941176470588
0.5447058823529412
0.4835294117647058
0.5529411764705883
0.5064705882352941
0.6294117647058823
0.6011764705882353
0.541764705882353
0.5805882352941177
0.6188235294117647
0.558235294117647
0.6005882352941176
0.6305882352941177
0.5035294117647059
0.5370588235294118
0.7188235294117648
0.7176470588235294
0.6229411764705882
0.43
0.4441176470588235
0.42823529411764705
0.36117647058823527
0.4647058823529412
0.43058823529411766
0.47235294117647053
0.4647058823529412
0.571764705882353
0.5805882352941176
0.5964705882352942
0.7176470588235294
0.8847058823529411
0.951764705882353
0.9470588235294118
0.8947058823529412
0.6441176470588235
0.6294117647058823
0.668235294117647
0.711764705882353
0.8976470588235294
0.8352941176470589
0.6764705882352942
0.7441176470588236
0.7252941176470589
0.6511764705882354
0.7494117647058823
0.7376470588235293
0.7711764705882352
0.7376470588235293
0.6847058823529412
0.7888235294117647
0.9605882352941175
0.7082352941176471
0.7611764705882352
0.71
0.7352941176470589
0.6299999999999999
0.6152941176470588
0.6664705882352941
0.7694117647058824
0.8823529411764706
0.9888235294117647
1.1094117647058823
1.3588235294117648
1.1805882352941177
1.1494117647058824
1.2911764705882351
1.0441176470588236
1.1258823529411766
1.3223529411764705
1.378235294117647
1.403529411764706
1.6205882352941177
1.768235294117647
1.41
1.3694117647058823
1.4194117647058824
1.3352941176470587
1.508823529411765
1.4658823529411766
1.3870588235294117
1.3964705882352941
1.2429411764705882
1.3005882352941176
1.33
1.6129411764705883
1.7858823529411765
1.9511764705882353
1.8111764705882352
1.5852941176470587
1.5329411764705883
1.46
1.7070588235294117
1.5923529411764705
1.378235294117647
1.4617647058823529
1.6794117647058824
1.956470588235294
1.8729411764705883
1.6541176470588237
1.5182352941176471
1.581764705882353
1.5735294117647058
1.6494117647058824
1.6341176470588237
1.6070588235294119
1.6670588235294117
1.8105882352941176
2.108235294117647
2.1770588235294115
2.1452941176470586
2.3717647058823528
2.3117647058823527
2.1511764705882355
2.328823529411765
2.243529411764706
2.228823529411765
2.2294117647058824
2.451764705882353
2.5641176470588234
2.5364705882352943
2.667058823529412
2.2252941176470586
2.4158823529411766
2.5035294117647062
2.2729411764705882
2.3635294117647057
2.4270588235294115
2.356470588235294
2.4988235294117644
2.4311764705882353
2.5841176470588234
2.828235294117647
2.6852941176470586
2.4625
2.46125
2.778125
2.81875
2.73625
2.7712499999999998
2.70375
2.731875
2.905625
2.86875
2.7887500000000003
3.0075
3.143125
2.961875
3.00875
2.91
2.550625
2.4856249999999998
2.470625
2.611875
2.7725
2.6675
2.741875
2.888125
2.66375
2.4525
2.378125
2.6593750000000003
2.74375
2.9175
2.84625
2.978125
3.208125
3.058125
2.78125
2.64875
2.551875
2.76
2.76875
2.789375
2.76125
2.761875
2.874375
2.859375
2.645
2.503125
2.7287500000000002
2.818125
2.658125
2.646875
2.7475
2.900625
2.93
2.7824999999999998
2.923125
2.748125
2.73375
2.8268750000000002
2.7525
2.7575
2.8762499999999998
2.775
2.835625
2.93125
3.064375
2.86875
2.9175
2.71875
2.6462499999999998
2.520625
2.66125
2.820625
2.90875
3.065625
2.879375
2.86625
2.976875
3.019375
2.991875
2.78375
2.679375
2.824375
2.503125
2.679375
2.751875
2.7825
2.711875
2.6175
2.748125
2.529375
2.57375
2.5275
2.55375
2.5637499999999998
2.52875
2.3918749999999998
2.404375
2.235625
2.223125
2.196875
2.171875
2.0675
2.00875
2.1799999999999997
1.98875
2.000625
2.010625
2.001875
2.153125
2.0675
2.024375
1.98125
1.95875
1.896875
1.76125
1.76
1.836875
1.8175000000000001
1.689375
1.67
1.585
1.52
1.464375
1.609375
1.675625
1.555625
1.4681250000000001
1.54125
1.365
1.2975
1.259375
1.264375
1.275
1.256875
1.511875
1.48625
1.490625
1.36
1.44875
1.268125
1.261875
1.21
1.1975
1.1868750000000001
1.219375
1.3025
1.151875
1.1775
1.13625
1.25125
1.1775
1.064375
1.021875
0.83375
0.7987500000000001
0.7200000000000001
0.690625
0.89125
0.868125
0.7925
0.93125
0.950625
0.8525
0.801875
0.7625
0.745
0.671875
0.709375
0.745625
0.823125
0.79625
0.714375
0.7775
0.728125
0.81375
0.625625
0.51125
0.63375
0.639375
0.605625
0.48125
0.503125
0.486875
0.4675
0.436875
0.39
0.365
0.241875
0.30312500000000003
0.339375
0.5700000000000001
0.568125
0.588125
0.593125
0.496875
0.49375
0.524375
0.588125
0.569375
0.711875
0.525625
0.345
0.5025000000000001
0.446875
0.338125
0.353125
0.47375
0.565
0.510625
0.495
0.50375
0.42312500000000003
0.504375
0.513125
0.434375
0.366875
0.24687499999999998
0.235
0.36125
0.505625
0.625625
0.59
0.421875
0.33125
0.25375
0.28375
0.25875
0.348125
0.32375
