temperature
2.900384615384615
2.7838461538461536
2.7930769230769235
3.8923076923076922
4.030769230769231
3.0488461538461538
3.349615384615385
3.6065384615384612
3.7361538461538464
3.3361538461538465
2.519230769230769
1.8753846153846152
2.1823076923076923
2.879230769230769
2.9688461538461537
2.4946153846153845
2.09
2.308461538461539
2.753846153846154
3.185
3.296538461538461
3.3242307692307693
3.1403846153846158
3.1580769230769232
2.726153846153846
2.733846153846154
2.5176923076923075
2.7719230769230765
2.4376923076923074
1.7011538461538462
2.172307692307692
2.5673076923076925
2.9050000000000002
3.286923076923077
3.099615384615385
3.5919230769230768
3.2211538461538463
3.0834615384615387
2.6965384615384616
2.368076923076923
2.131153846153846
2.395
2.144230769230769
1.52
1.0284615384615385
1.1788461538461539
1.7207692307692308
2.212307692307692
1.7384615384615385
1.931923076923077
1.9219230769230768
2.3273076923076923
2.715384615384615
2.9476923076923076
2.566923076923077
2.2015384615384614
2.980384615384615
3.218461538461538
3.243846153846154
3.4038461538461537
3.73
3.361923076923077
3.680769230769231
4.115
4.413461538461538
4.513076923076923
3.9480769230769233
4.00076923076923
4.861923076923077
4.584615384615384
4.337307692307692
4.302307692307692
4.140769230769231
4.119230769230769
3.9423076923076925
4.091923076923077
4.350769230769231
3.9030769230769233
4.149615384615385
3.9723076923076923
4.123461538461538
4.776538461538461
5.042307692307692
4.747692307692308
4.703076923076923
4.481923076923077
4.3100000000000005
5.050000000000001
5.196923076923077
5.495769230769231
4.929230769230769
4.266923076923077
3.953076923076923
4.450769230769231
4.605384615384615
5.058076923076923
5.1
4.789615384615384
5.079615384615384
5.9692307692307685
6.283461538461538
6.218461538461539
5.529230769230769
6.141538461538461
7.248461538461539
6.9557692307692305
6.566923076923077
6.922307692307692
6.491538461538462
6.549230769230769
7.068076923076924
7.585384615384616
6.697692307692307
6.845
6.8465384615384615
6.987692307692308
7.260384615384615
7.256153846153846
7.526153846153846
7.47
6.577307692307692
7.106538461538462
7.4484615384615385
7.720384615384615
8.106923076923078
8.401153846153846
8.857307692307693
8.303461538461539
8.073846153846155
8.441923076923077
8.754999999999999
8.706153846153846
8.911923076923078
9.042692307692308
9.34423076923077
8.76923076923077
8.78346153846154
9.061923076923076
9.649230769230769
10.112692307692308
9.959615384615384
10.432692307692308
10.41
10.758076923076922
10.34153846153846
10.433076923076923
10.257692307692308
10.005384615384616
10.514999999999999
9.971923076923076
10.81076923076923
11.025384615384617
10.86153846153846
10.81576923076923
10.818846153846154
11.193461538461538
11.072307692307692
11.288076923076924
11.406153846153845
11.411538461538461
11.120384615384616
11.462307692307691
11.316153846153847
11.357692307692307
11.410384615384617
11.982692307692307
12.783846153846154
12.610000000000001
12.443846153846154
12.487307692307693
12.854615384615386
12.279230769230768
12.457307692307692
12.507307692307693
12.738461538461538
13.000384615384615
13.06
12.825769230769232
13.242307692307692
13.361153846153845
13.540000000000001
13.485000000000001
13.447307692307692
14.189615384615385
14.455384615384617
14.320384615384615
14.414615384615384
14.592692307692307
14.797307692307694
14.568076923076923
14.422307692307694
14.793076923076923
14.582692307692307
14.941538461538462
14.724615384615387
14.568846153846154
14.185384615384615
14.054615384615385
14.15576923076923
14.732692307692307
14.515384615384615
14.302307692307693
14.205384615384617
14.443076923076923
14.091923076923077
14.776923076923076
14.925384615384615
15.417307692307693
14.96923076923077
15.168076923076923
15.442692307692308
14.10576923076923
14.204615384615384
14.696538461538463
14.231153846153846
14.149615384615384
14.462307692307691
13.774230769230769
13.540000000000001
14.260384615384615
13.785
13.875
14.335384615384616
13.986923076923079
14.181153846153846
14.459615384615384
14.368076923076924
13.93153846153846
13.854615384615386
14.081153846153846
14.461153846153847
14.883461538461539
14.581153846153846
13.945384615384615
13.43576923076923
13.592692307692309
13.863461538461538
13.459999999999999
13.283846153846154
13.555
13.253461538461538
13.147692307692306
12.961153846153847
12.752307692307692
12.696153846153846
12.196153846153846
12.299615384615386
11.825769230769232
12.216153846153846
12.702307692307691
12.43
12.30923076923077
11.321538461538463
11.399615384615384
11.436538461538463
11.149999999999999
10.991153846153846
11.030000000000001
11.315
11.34769230769231
11.271923076923077
11.076538461538462
11.098076923076924
10.995384615384616
10.839230769230769
11.006153846153847
10.587692307692306
10.275384615384617
10.30076923076923
10.417307692307693
10.812692307692307
10.438461538461537
10.398846153846154
9.988461538461538
10.04653846153846
9.847307692307691
9.47923076923077
9.48076923076923
9.536923076923078
9.58576923076923
9.75576923076923
10.108846153846153
9.22923076923077
9.101923076923077
8.949615384615385
8.242307692307692
8.260384615384616
7.938076923076922
7.756153846153846
7.558076923076923
7.917307692307692
8.186538461538461
8.091153846153846
7.518846153846154
7.661538461538461
8.116538461538461
7.708461538461538
8.241153846153846
7.779230769230769
7.376538461538461
7.274230769230769
7.350769230769231
7.723461538461539
7.596153846153846
7.601153846153846
7.554230769230769
6.9726923076923075
6.706538461538462
5.985
6.273461538461539
7.312692307692307
6.51
6.351153846153846
6.527692307692307
6.125
5.276923076923077
5.066538461538461
5.251538461538461
5.356153846153846
4.924
5.235600000000001
5.426800000000001
4.3044
4.2456
4.1472
4.6424
4.9272
4.808400000000001
4.8148
4.2928
3.7084
3.3196
3.4063999999999997
4.03
4.448
4.9608
4.6
4.7896
4.092
3.5856
3.8584000000000005
3.202
3.0804
3.484
3.3024
3.8224
3.9976
4.236000000000001
4.254
3.89
3.2724
3.2060000000000004
3.7916
4.0156
3.8272000000000004
3.5856
3.6744
4.0188
4.069599999999999
4.0936
3.9488
3.9916
3.0604
2.7384
3.0728000000000004
