pet
0.45307692307692304
0.27115384615384613
0.2119230769230769
0.37846153846153846
0.43423076923076925
0.47115384615384615
0.4573076923076923
0.43615384615384617
0.41192307692307695
0.4284615384615385
0.45307692307692304
0.3576923076923077
0.4465384615384615
0.42500000000000004
0.5111538461538461
0.39807692307692305
0.35038461538461535
0.4107692307692308
0.4773076923076923
0.5080769230769231
0.46076923076923076
0.4042307692307692
0.42615384615384616
0.4196153846153846
0.2646153846153846
0.365
0.23884615384615385
0.36538461538461536
0.49038461538461536
0.4015384615384615
0.4507692307692308
0.43153846153846154
0.5549999999999999
0.5607692307692308
0.5492307692307693
0.7111538461538461
0.5815384615384616
0.39653846153846156
0.2692307692307692
0.37692307692307697
0.30153846153846153
0.2953846153846154
0.3853846153846154
0.2876923076923077
0.32769230769230767
0.3353846153846154
0.3692307692307692
0.40576923076923077
0.4146153846153846
0.4584615384615385
0.46576923076923077
0.525
0.6165384615384616
0.6196153846153846
0.5438461538461539
0.5242307692307692
0.5026923076923077
0.6723076923076923
0.5611538461538461
0.6573076923076923
0.7188461538461539
0.6757692307692308
0.7815384615384615
0.9780769230769231
1.041153846153846
1.1188461538461538
0.8957692307692308
0.8742307692307693
0.9676923076923077
0.9592307692307693
0.9807692307692307
0.7896153846153846
0.6876923076923076
0.661923076923077
0.7588461538461538
0.8288461538461539
0.6665384615384616
0.6573076923076923
0.6788461538461538
0.7503846153846154
0.8273076923076924
0.8338461538461538
0.8238461538461539
0.8757692307692307
0.8365384615384616
0.8880769230769231
0.8638461538461539
1.0223076923076921
1.0923076923076922
1.1465384615384615
1.166923076923077
0.931923076923077
0.9123076923076923
1.1053846153846154
1.0907692307692307
1.1319230769230768
0.9838461538461539
1.1115384615384616
1.2626923076923076
1.5234615384615384
1.4842307692307695
1.2442307692307693
1.2323076923076923
1.5826923076923076
1.6823076923076923
1.5423076923076924
1.6442307692307692
1.6223076923076922
1.49
1.5150000000000001
1.6738461538461538
1.5303846153846155
1.5615384615384615
1.6134615384615385
1.5750000000000002
1.7407692307692306
1.7107692307692308
1.6730769230769231
1.738846153846154
1.7292307692307693
1.7957692307692308
1.7903846153846152
1.9384615384615385
1.9603846153846154
1.8657692307692306
2.105
2.171923076923077
2.0896153846153847
1.9549999999999998
2.033846153846154
1.9657692307692307
2.1530769230769233
2.172307692307692
2.233076923076923
2.0915384615384616
1.8123076923076922
2.2403846153846154
2.1634615384615383
2.168461538461538
2.4092307692307693
2.433846153846154
2.226153846153846
2.491153846153846
2.524230769230769
2.6530769230769233
2.508846153846154
2.4765384615384614
2.3826923076923077
2.3807692307692307
2.441153846153846
2.608461538461538
2.490769230769231
2.331923076923077
2.2584615384615385
2.168846153846154
2.2165384615384616
2.3046153846153845
2.2965384615384616
2.3400000000000003
2.209230769230769
2.125384615384615
2.2253846153846153
2.1765384615384615
2.154230769230769
2.213461538461538
2.213076923076923
2.334230769230769
2.3400000000000003
2.3596153846153847
2.4865384615384616
2.2196153846153845
2.1711538461538464
2.2192307692307693
2.220769230769231
2.242692307692308
2.3626923076923076
2.2234615384615384
2.2253846153846153
2.294230769230769
2.335
2.2442307692307693
2.23
2.2607692307692306
2.4061538461538463
2.474615384615385
2.3703846153846153
2.587307692307692
2.670384615384615
2.3834615384615385
2.3303846153846157
2.420769230769231
2.522692307692308
2.316153846153846
2.4057692307692307
2.2584615384615385
2.166153846153846
1.8496153846153847
2.1276923076923078
2.1376923076923076
2.4976923076923074
2.2853846153846153
2.1115384615384616
2.055
2.17
2.1815384615384614
2.3165384615384617
2.327692307692308
2.3723076923076922
2.4007692307692308
2.27
2.2053846153846157
2.0707692307692307
2.1034615384615383
2.121153846153846
1.896923076923077
1.941153846153846
2.0053846153846155
1.9123076923076923
1.751923076923077
1.8334615384615385
1.8565384615384615
1.7242307692307692
1.896153846153846
1.8773076923076923
1.7576923076923079
1.875
1.9073076923076924
1.6823076923076923
1.776923076923077
1.7753846153846153
1.823076923076923
1.9
1.725
1.5765384615384617
1.7342307692307695
1.7346153846153847
1.5892307692307692
1.646153846153846
1.5815384615384613
1.746923076923077
1.4876923076923076
1.4376923076923078
1.4946153846153847
1.4707692307692308
1.4103846153846153
1.5476923076923077
1.4615384615384615
1.291923076923077
1.2315384615384617
1.3911538461538462
1.3738461538461537
1.2365384615384616
1.1484615384615384
1.0826923076923076
1.1480769230769232
1.0569230769230769
1.0846153846153845
1.0557692307692308
1.393846153846154
1.3192307692307692
1.1126923076923076
1.176923076923077
1.2326923076923078
1.1765384615384615
1.1088461538461538
1.0673076923076923
0.8584615384615385
0.8119230769230769
0.8857692307692309
0.8857692307692309
1.0638461538461539
1.1115384615384616
1.1134615384615385
1.0607692307692307
1.021923076923077
0.9719230769230769
0.9688461538461539
0.97
0.8788461538461539
0.8115384615384615
1.0150000000000001
0.8984615384615384
0.7330769230769231
0.7961538461538461
0.6838461538461539
0.7161538461538461
0.8473076923076923
0.7234615384615384
0.7611538461538461
0.691923076923077
0.6788461538461538
0.6215384615384616
0.5307692307692308
0.5734615384615385
0.6076923076923078
0.7446153846153846
0.6961538461538462
0.6446153846153847
0.6957692307692308
0.6396153846153846
0.6976923076923077
0.6634615384615384
0.7492307692307693
0.5826923076923077
0.5996153846153847
0.6030769230769231
0.6596153846153846
0.5296153846153846
0.4938461538461538
0.5907692307692308
0.6657692307692307
0.5815384615384616
0.6257692307692307
0.5515384615384615
0.49038461538461536
0.40230769230769237
0.4480769230769231
0.4592307692307692
0.43961538461538463
0.35884615384615387
0.35461538461538467
0.3669230769230769
0.23115384615384615
0.2476923076923077
0.6096153846153846
0.5884615384615385
0.5161538461538462
0.43846153846153846
0.46384615384615385
0.40692307692307694
0.42615384615384616
0.4330769230769231
0.36115384615384616
0.415
0.43346153846153845
0.5380769230769231
0.5965384615384616
0.5023076923076923
0.39384615384615385
0.25730769230769235
0.25230769230769234
0.2619230769230769
0.37153846153846154
0.49346153846153845
0.4438461538461539
0.4165384615384615
0.4115384615384616
0.4476923076923077
0.41538461538461535
0.36230769230769233
0.32653846153846156
0.40807692307692306
0.33653846153846156
0.3688461538461538
0.3584615384615385
0.3776923076923077
0.41307692307692306
0.4411538461538462
0.5076923076923077
0.39
0.38269230769230766
0.4046153846153846
0.36692307692307696
0.3984615384615384
0.4357692307692308
