temperature
4.662307692307692
4.203461538461538
3.6526923076923077
3.5900000000000003
3.8815384615384616
3.7796153846153846
4.3500000000000005
4.298846153846154
4.0019230769230765
4.45
4.691538461538462
5.0369230769230775
4.6765384615384615
4.381153846153846
4.528076923076923
4.0734615384615385
3.851153846153846
4.152692307692307
3.985
3.4299999999999997
3.193076923076923
3.5696153846153846
3.4203846153846156
3.4642307692307694
4.09576923076923
3.8857692307692306
4.115384615384615
4.282692307692307
4.141153846153847
3.5307692307692307
4.365384615384615
4.258846153846154
3.988076923076923
4.0600000000000005
5.134230769230769
4.845384615384615
3.9626923076923077
3.941153846153846
3.8530769230769226
3.742692307692308
3.5665384615384617
4.362307692307692
4.762307692307692
3.6953846153846155
4.422692307692308
5.045
4.755
5.258461538461538
4.967307692307693
5.342307692307693
5.589230769230769
5.882692307692308
5.483076923076923
5.493076923076923
5.1388461538461545
5.180384615384615
5.011153846153846
4.817692307692308
4.2226923076923075
4.299615384615385
4.616923076923078
4.554615384615385
4.29
4.618846153846154
5.341153846153846
5.884230769230769
6.231538461538462
6.78
6.726923076923077
6.518846153846154
6.362692307692308
5.399230769230769
6.951153846153845
7.707692307692308
7.180000000000001
6.911538461538461
6.352307692307692
6.198846153846153
6.151153846153846
6.850384615384616
6.428846153846154
6.861538461538462
6.860769230769231
6.913076923076924
6.898076923076923
6.995
7.8088461538461535
7.856153846153846
8.145
7.78923076923077
7.868076923076923
8.048076923076923
8.03423076923077
7.5407692307692304
8.058846153846154
7.411538461538461
6.727307692307692
7.357307692307692
8.238846153846154
7.653076923076923
7.395384615384615
7.458076923076923
7.761923076923077
8.31576923076923
8.300384615384615
7.914615384615384
8.386923076923077
8.192307692307692
8.306923076923077
8.792692307692308
10.077692307692306
10.295
10.403076923076924
10.712307692307691
9.755384615384616
9.091153846153846
9.396538461538462
9.392692307692307
8.777692307692307
9.618076923076924
9.897307692307692
9.976153846153846
10.12423076923077
9.926923076923078
10.433461538461538
10.681538461538462
11.450769230769232
11.659230769230769
11.443461538461538
12.039230769230768
11.447307692307692
10.965384615384616
11.12423076923077
10.658846153846154
11.517692307692307
11.650384615384617
11.686538461538463
11.810384615384615
12.279230769230768
12.099615384615383
12.141153846153847
12.256538461538462
12.417307692307693
12.415000000000001
12.839230769230769
13.031923076923077
13.093461538461538
12.713846153846154
12.807307692307692
12.954615384615384
13.159615384615384
14.371923076923078
14.418846153846154
13.77730769230769
13.403461538461539
13.271538461538462
13.323076923076922
13.498846153846156
13.643076923076924
14.438461538461537
14.145384615384614
14.080384615384615
13.756923076923076
14.465769230769231
14.565384615384614
14.669615384615385
15.157307692307691
15.66576923076923
15.245000000000001
15.149230769230769
14.94
14.74846153846154
14.941923076923077
15.28
15.346538461538461
15.667307692307693
16.12846153846154
15.493076923076924
15.576153846153847
15.921923076923076
15.851923076923075
16.40730769230769
16.127307692307692
15.887307692307692
16.00923076923077
16.389615384615386
16.373846153846156
16.107692307692307
16.483076923076922
16.576538461538462
16.426923076923078
16.018846153846155
15.942307692307692
15.918846153846154
16.325769230769232
16.481153846153845
17.063076923076924
17.092307692307692
17.767692307692307
18.000384615384615
17.051153846153845
16.653076923076924
16.959615384615383
17.461153846153845
17.371153846153845
17.895384615384618
17.50076923076923
17.213461538461537
17.255384615384614
16.958846153846153
16.839615384615385
17.059615384615384
17.378846153846155
17.035384615384615
17.24346153846154
17.01615384615385
17.143846153846155
17.408076923076923
17.029230769230768
17.675
16.854230769230767
16.83653846153846
17.934615384615384
16.968076923076925
17.23384615384615
17.033846153846152
16.514615384615386
16.351153846153846
16.755
16.766923076923078
16.354615384615386
16.14769230769231
16.471923076923076
16.976923076923075
16.55923076923077
16.025384615384613
16.703076923076924
15.870000000000001
15.41
15.405000000000001
15.11923076923077
14.820384615384615
14.798461538461538
14.429615384615385
15.803076923076922
15.198076923076922
15.721538461538461
15.458461538461538
15.144615384615385
14.652307692307694
15.165384615384616
14.666153846153845
15.598461538461539
15.08
14.364615384615385
14.371538461538462
13.98
14.007692307692308
13.616538461538461
13.327692307692306
13.98653846153846
13.919230769230769
14.029230769230768
13.825
13.605
13.42653846153846
13.000384615384615
12.821538461538463
13.045769230769231
13.139615384615384
13.10576923076923
13.223461538461539
13.499615384615385
12.706923076923077
11.958846153846155
11.822307692307692
11.17576923076923
11.958461538461538
11.114230769230769
11.19846153846154
11.92
11.71923076923077
12.149999999999999
11.067692307692308
11.122692307692308
11.20346153846154
10.81423076923077
10.691153846153847
10.93
10.051923076923078
10.206923076923077
10.07423076923077
9.957307692307692
10.326153846153847
10.043461538461539
10.476153846153846
10.310384615384615
10.254615384615384
9.946153846153846
9.743846153846153
9.709615384615384
9.272307692307693
9.553846153846154
9.416538461538462
8.787692307692307
8.693846153846154
8.411538461538461
7.851153846153846
7.855
7.948846153846154
7.877692307692308
7.387307692307692
7.567692307692307
8.10923076923077
7.6049999999999995
7.154615384615385
7.221923076923077
6.809615384615385
7.224615384615385
6.660384615384615
6.808461538461539
6.525
5.975769230769231
5.766153846153846
5.761923076923077
5.507307692307692
5.158461538461538
5.741538461538462
5.688076923076922
5.950769230769231
5.731153846153846
5.673461538461538
5.373461538461539
5.278846153846154
4.830384615384616
4.87
4.735
4.780384615384616
5.085384615384616
5.537307692307692
5.130769230769231
5.036153846153846
4.664615384615384
4.675
4.123846153846154
4.874615384615385
4.616538461538462
4.858076923076923
4.641153846153847
4.386923076923077
4.14
4.033846153846154
3.5584615384615383
3.9515384615384614
4.9592307692307696
5.160769230769231
6.075384615384616
5.932307692307693
4.852692307692307
4.726923076923077
4.235
3.4996153846153844
4.2773076923076925
4.854230769230769
4.551923076923076
