pet
0.38038461538461543
0.3903846153846154
0.30653846153846154
0.4003846153846154
0.5446153846153846
0.4103846153846154
0.46192307692307694
0.525
0.5426923076923077
0.5930769230769231
0.51
0.4626923076923077
0.47538461538461535
0.5238461538461539
0.5165384615384615
0.41615384615384615
0.3569230769230769
0.3984615384615384
0.4184615384615385
0.4803846153846154
0.6215384615384616
0.49961538461538463
0.485
0.4776923076923077
0.3976923076923077
0.3976923076923077
0.3680769230769231
0.4284615384615385
0.5326923076923077
0.4846153846153846
0.5073076923076922
0.46384615384615385
0.56
0.6353846153846153
0.6134615384615384
0.7392307692307691
0.7276923076923077
0.6157692307692308
0.5065384615384615
0.5338461538461539
0.4461538461538461
0.45653846153846156
0.44346153846153846
0.38576923076923075
0.3880769230769231
0.3961538461538462
0.4046153846153846
0.47692307692307695
0.47807692307692307
0.48384615384615387
0.5276923076923077
0.5515384615384615
0.635
0.6765384615384615
0.6307692307692307
0.5596153846153846
0.5707692307692308
0.7334615384615385
0.6680769230769231
0.7353846153846154
0.8326923076923076
0.8073076923076923
0.8669230769230769
1.0261538461538462
1.044230769230769
1.0946153846153845
1.013076923076923
0.9926923076923077
1.1115384615384616
1.058846153846154
1.0480769230769231
1.0415384615384615
0.8973076923076923
0.8861538461538461
0.9738461538461538
1.053076923076923
0.9838461538461538
0.981923076923077
0.9492307692307692
0.9753846153846154
1.0692307692307692
1.1015384615384616
1.103076923076923
1.0953846153846154
1.0865384615384615
1.1026923076923079
1.093076923076923
1.1984615384615385
1.29
1.416923076923077
1.4073076923076924
1.1723076923076923
1.1092307692307692
1.1746153846153846
1.2726923076923078
1.3361538461538462
1.2384615384615385
1.1026923076923079
1.3469230769230771
1.6403846153846153
1.741923076923077
1.665769230769231
1.4657692307692307
1.6846153846153844
1.7923076923076924
1.8265384615384617
1.7161538461538461
1.9469230769230768
1.8276923076923077
1.7757692307692308
1.9042307692307692
2.0234615384615386
1.8676923076923078
1.8276923076923077
1.7650000000000001
1.8646153846153848
1.853846153846154
1.7999999999999998
1.893846153846154
1.9203846153846154
1.9015384615384614
2.0103846153846154
2.2253846153846153
2.2803846153846155
2.1315384615384616
2.398076923076923
2.4930769230769227
2.331153846153846
2.2819230769230767
2.3611538461538464
2.375
2.4515384615384614
2.3419230769230768
2.3453846153846154
2.4284615384615384
2.2992307692307694
2.5023076923076926
2.336153846153846
2.5592307692307696
2.7311538461538465
2.633846153846154
2.7546153846153847
2.696153846153846
2.8196153846153846
2.863076923076923
2.81
2.585769230769231
2.6315384615384616
2.711153846153846
2.664615384615385
2.826923076923077
2.8415384615384616
2.632307692307692
2.5326923076923076
2.5157692307692305
2.6603846153846153
2.586153846153846
2.4484615384615385
2.566923076923077
2.463461538461538
2.4815384615384612
2.441538461538461
2.423076923076923
2.3853846153846154
2.3796153846153847
2.4496153846153845
2.6792307692307693
2.5338461538461536
2.634230769230769
2.6726923076923077
2.496153846153846
2.4273076923076924
2.48
2.437692307692308
2.5111538461538463
2.5776923076923075
2.638076923076923
2.5015384615384617
2.5380769230769227
2.5700000000000003
2.7976923076923077
2.651153846153846
2.7126923076923077
2.755
2.7765384615384616
2.763076923076923
2.9153846153846152
2.954230769230769
2.8211538461538463
2.7384615384615385
2.745
2.882307692307692
2.771153846153846
2.8684615384615384
2.7646153846153845
2.725769230769231
2.5176923076923075
2.436153846153846
2.494230769230769
2.778461538461538
2.5757692307692306
2.5519230769230767
2.523076923076923
2.519615384615385
2.5592307692307696
2.6465384615384617
2.696923076923077
2.766538461538462
2.650384615384615
2.7023076923076923
2.754230769230769
2.4050000000000002
2.531538461538461
2.667692307692308
2.523846153846154
2.348076923076923
2.448846153846154
2.4096153846153845
2.138076923076923
2.2811538461538463
2.1580769230769232
2.186153846153846
2.3076923076923075
2.2765384615384616
2.3715384615384614
2.4280769230769232
2.430769230769231
2.2046153846153844
2.1796153846153845
2.2507692307692304
2.309230769230769
2.3861538461538463
2.3888461538461536
2.14
2.085384615384615
2.111923076923077
1.9953846153846155
1.8819230769230768
1.9276923076923076
2.0461538461538464
2.0103846153846154
1.8588461538461538
1.8838461538461537
1.9200000000000002
1.9619230769230769
1.8407692307692307
1.8111538461538463
1.6473076923076921
1.6449999999999998
1.813076923076923
1.7042307692307692
1.8180769230769231
1.6557692307692307
1.4861538461538462
1.5161538461538462
1.4688461538461537
1.4165384615384615
1.3800000000000001
1.6434615384615385
1.636923076923077
1.4242307692307692
1.4534615384615384
1.4823076923076923
1.4823076923076923
1.3784615384615386
1.4526923076923077
1.1834615384615383
1.0976923076923077
1.1888461538461539
1.2030769230769232
1.3357692307692308
1.3361538461538462
1.4065384615384615
1.2553846153846153
1.3280769230769232
1.2349999999999999
1.1942307692307692
1.103846153846154
1.1303846153846153
1.0357692307692308
1.1434615384615385
1.1507692307692308
0.9380769230769231
1.0492307692307692
1.0176923076923077
0.8765384615384615
0.7765384615384616
0.8123076923076924
0.6915384615384615
0.7173076923076922
0.7496153846153847
0.7980769230769231
0.6373076923076924
0.6407692307692308
0.7415384615384616
0.8350000000000001
0.8411538461538461
0.7899999999999999
0.7142307692307692
0.6861538461538461
0.7038461538461539
0.7100000000000001
0.8876923076923077
0.7684615384615385
0.7188461538461539
0.8103846153846154
0.7780769230769231
0.66
0.5484615384615384
0.5384615384615384
0.7488461538461538
0.645
0.6376923076923078
0.731923076923077
0.5765384615384616
0.46269230769230774
0.4634615384615385
0.5069230769230769
0.45692307692307693
0.3780769230769231
0.42230769230769233
0.5003846153846154
0.3688461538461538
0.30115384615384616
0.4419230769230769
0.6334615384615384
0.645
0.5380769230769231
0.6146153846153847
0.4703846153846154
0.40807692307692306
0.4242307692307692
0.39
0.4115384615384615
0.52
0.591923076923077
0.5461538461538461
0.4942307692307692
0.4373076923076923
0.3253846153846153
0.27076923076923076
0.34769230769230774
0.33999999999999997
0.43884615384615383
0.4442307692307692
0.4269230769230769
0.4176923076923077
0.42230769230769233
0.46961538461538466
0.38384615384615384
0.41115384615384615
0.4076923076923077
0.39923076923076917
0.47538461538461535
0.4407692307692308
0.43038461538461537
0.45884615384615385
0.5065384615384615
0.5142307692307693
0.53
0.5469230769230768
0.6188461538461538
0.5246153846153846
0.41807692307692307
0.43115384615384617
