temperature
2.561923076923077
2.4569230769230765
2.1596153846153845
2.6265384615384617
3.3096153846153844
2.6865384615384613
2.8188461538461533
3.4130769230769227
3.4042307692307694
3.2311538461538465
2.5442307692307695
2.0923076923076924
2.5134615384615384
3.0380769230769227
2.8846153846153846
2.441153846153846
2.09
2.331153846153846
2.5276923076923077
2.895769230769231
3.4753846153846153
3.001153846153846
2.8438461538461537
2.7115384615384617
2.1234615384615383
2.086153846153846
1.991923076923077
2.2684615384615388
2.670384615384615
2.1373076923076924
2.1557692307692307
2.495
3.1599999999999997
3.420769230769231
3.2849999999999997
3.8176923076923077
3.5684615384615386
3.134230769230769
2.6257692307692304
2.5807692307692305
2.001923076923077
2.1446153846153844
2.1884615384615382
1.8111538461538463
1.4076923076923078
1.4130769230769231
1.7146153846153847
2.288076923076923
2.1826923076923075
2.1096153846153847
2.293076923076923
2.4996153846153844
2.9123076923076923
3.1580769230769232
3.0746153846153845
2.6630769230769227
2.7569230769230773
3.4476923076923076
3.0880769230769234
3.386923076923077
3.761923076923077
3.5876923076923077
3.8803846153846155
4.5115384615384615
4.696538461538461
4.826923076923077
4.606153846153846
4.462307692307692
4.855769230769231
4.689615384615385
4.719230769230769
4.595384615384615
3.9453846153846155
3.9923076923076923
4.138461538461538
4.376538461538462
4.306923076923077
4.363076923076923
4.144230769230769
4.263846153846154
4.466153846153846
4.761153846153847
4.781923076923077
4.787307692307692
4.7784615384615385
4.647307692307693
4.610384615384616
5.151923076923077
5.4338461538461535
5.8088461538461535
5.625
4.834615384615384
4.593076923076923
4.849230769230769
5.2215384615384615
5.481923076923077
5.160769230769231
4.496153846153846
5.374615384615385
6.322307692307692
6.703076923076923
6.515384615384615
5.811923076923076
6.618846153846154
7.1
7.1680769230769235
6.798846153846155
7.499230769230769
7.186538461538461
7.070769230769231
7.481923076923077
7.84
7.200384615384616
7.017307692307692
6.804230769230769
7.303076923076923
7.198846153846153
7.068846153846153
7.517307692307692
7.6657692307692304
7.183076923076923
7.553076923076923
8.108846153846153
8.313461538461539
8.059615384615386
8.866538461538461
9.145384615384616
8.728461538461538
8.562692307692307
8.781153846153845
8.787692307692307
9.093461538461538
8.849615384615385
8.979615384615384
9.237307692307692
8.957692307692309
9.441923076923077
9.025
9.724615384615385
10.252692307692307
10.078076923076923
10.450769230769232
10.373076923076923
10.734615384615385
10.899615384615384
10.817692307692308
10.243076923076924
10.51
10.770384615384614
10.642307692307693
11.191153846153847
11.913846153846153
11.622692307692308
11.351153846153846
11.460384615384616
11.983846153846153
11.822307692307692
11.461153846153847
11.911538461538461
11.703846153846154
11.844615384615384
11.81076923076923
11.758846153846154
11.598076923076924
11.68923076923077
12.083076923076923
12.839615384615383
12.527692307692309
12.85153846153846
12.95923076923077
12.553461538461537
12.412307692307694
12.592692307692309
12.587692307692306
12.923076923076923
13.235000000000001
13.456538461538461
13.071538461538463
13.28346153846154
13.434615384615386
14.147307692307692
13.838461538461539
14.04076923076923
14.243461538461538
14.36576923076923
14.416923076923077
14.882307692307693
14.996153846153845
14.728461538461538
14.617692307692307
14.661923076923076
15.098846153846154
14.821538461538463
15.185384615384615
14.970384615384615
14.901153846153846
14.31576923076923
14.111923076923075
14.376538461538463
15.213846153846154
14.713461538461539
14.673846153846153
14.557307692307692
14.589615384615383
14.72
15.057307692307692
15.269615384615385
15.474615384615387
15.194230769230769
15.40230769230769
15.597307692307691
14.572692307692307
14.913461538461538
15.336923076923076
15.025769230769232
14.523846153846154
14.843461538461538
14.74576923076923
13.97269230769231
14.410384615384617
14.04076923076923
14.195
14.598846153846154
14.50576923076923
14.853076923076923
15.037692307692309
15.008846153846154
14.342307692307692
14.21923076923077
14.567307692307692
14.711538461538462
14.92653846153846
14.983076923076924
14.149999999999999
14.006923076923076
14.122307692307693
13.787307692307694
13.418846153846154
13.508461538461539
13.90846153846154
13.803076923076922
13.320384615384615
13.436153846153845
13.411153846153846
13.442307692307692
13.004615384615384
12.94846153846154
12.343461538461538
12.278846153846153
12.887307692307692
12.531153846153845
12.926538461538463
12.135384615384615
11.751153846153848
11.853846153846153
11.711153846153847
11.524615384615384
11.352307692307694
12.25923076923077
12.236923076923079
11.610000000000001
11.706153846153846
11.77
11.583076923076923
11.346153846153847
11.563076923076922
10.693076923076923
10.355384615384615
10.542307692307693
10.464230769230769
11.00076923076923
11.055769230769231
11.228461538461538
10.633846153846154
10.803846153846154
10.34
10.336538461538462
10.038076923076924
10.177692307692308
9.648846153846154
10.071153846153846
10.161923076923076
9.12346153846154
9.363076923076923
9.321923076923078
8.585384615384616
8.170384615384616
8.435769230769232
7.871538461538462
7.8076923076923075
8.165
8.286923076923078
7.333461538461539
7.543461538461538
7.892692307692308
8.293076923076923
8.379999999999999
8.165
7.811538461538461
7.475
7.292307692307692
7.241923076923077
7.912692307692307
7.421923076923077
7.174615384615384
7.438846153846153
7.052307692307692
6.5576923076923075
5.959615384615384
5.953461538461538
6.794615384615384
6.6657692307692304
6.194615384615385
6.597307692307693
6.047692307692308
5.319999999999999
4.943461538461539
4.851153846153846
4.971923076923077
4.576538461538461
4.553461538461539
4.859230769230769
4.1596153846153845
3.8350000000000004
4.298076923076923
4.905769230769231
4.918461538461538
4.739615384615385
5.044615384615384
4.154615384615385
3.8892307692307693
3.6703846153846156
3.207307692307692
3.381153846153846
4.074230769230769
4.7153846153846155
4.660769230769231
4.598076923076923
4.353846153846154
3.523846153846154
3.0334615384615384
3.125
3.1330769230769233
3.495769230769231
3.4584615384615387
3.465384615384615
3.6288461538461543
3.704615384615385
4.062307692307693
3.696923076923077
3.44
3.511153846153846
3.5053846153846155
3.6550000000000002
3.5053846153846155
3.3042307692307693
3.5596153846153844
3.5876923076923077
3.5296153846153846
3.4815384615384612
3.423076923076923
3.746923076923077
3.1215384615384614
2.8061538461538467
2.605
