temperature
3.0768750000000002
2.625625
2.760625
2.546875
2.46
2.505625
2.38875
1.8225
2.135625
3.25625
3.24625
2.8925
2.07625
2.214375
2.9606250000000003
2.050625
2.2487500000000002
2.009375
1.251875
1.433125
2.0706249999999997
2.6725
2.645625
3.636875
3.7337499999999997
3.33375
3.276875
3.26
2.144375
2.3381250000000002
3.34
2.6418749999999998
2.45375
2.455625
2.520625
2.23875
1.7675
2.1475
2.7893749999999997
2.514375
1.456875
1.47375
2.54625
2.9387499999999998
3.601875
4.336875
4.2875
4.066875
3.445
4.15375
4.716875
4.674705882352941
4.430588235294117
4.710588235294118
4.036470588235295
4.664705882352941
4.061764705882353
4.18235294117647
3.821176470588235
3.618823529411765
3.678235294117647
3.3041176470588236
3.254705882352941
3.199411764705882
4.042941176470588
4.332941176470588
4.614117647058824
4.522352941176471
4.494705882352941
4.681764705882353
4.925882352941177
5.620588235294117
5.677058823529412
5.459411764705883
5.014117647058823
5.016470588235294
5.249411764705882
5.401764705882353
5.196470588235294
5.763529411764706
5.601764705882353
5.050588235294118
5.47
6.0458823529411765
6.354705882352941
6.563529411764706
5.727647058823529
6.231764705882353
5.660588235294118
5.6000000000000005
5.205294117647059
5.824117647058823
5.8882352941176475
6.196470588235294
6.632352941176471
6.719411764705883
6.249411764705882
7.1129411764705885
6.944117647058824
6.915294117647059
6.786470588235295
6.949411764705882
6.953529411764706
7.140588235294118
7.653529411764707
7.3999999999999995
6.825882352941176
7.29
7.943529411764706
8.24705882352941
8.304117647058824
8.964705882352941
8.66
8.382941176470588
7.791176470588234
7.711176470588235
7.159411764705883
7.527647058823529
7.292941176470588
7.35235294117647
7.568823529411764
7.370588235294117
7.921176470588235
9.43764705882353
9.395882352941175
9.42705882352941
8.83705882352941
9.368235294117646
9.405294117647058
9.381176470588235
9.211176470588235
8.711176470588235
8.958823529411765
8.957058823529412
9.84
9.824117647058824
10.955294117647059
10.574117647058824
10.986470588235294
10.739999999999998
10.881176470588235
10.564705882352941
10.893529411764705
10.81
11.19
11.382352941176471
11.083529411764705
11.02
11.259411764705883
11.147647058823528
11.852352941176472
12.71764705882353
12.754117647058823
12.130588235294118
11.398235294117647
11.323529411764707
11.570588235294117
11.814117647058824
12.147058823529411
12.491764705882353
13.009411764705883
12.063529411764707
12.164705882352942
11.83470588235294
11.758235294117647
12.520588235294117
12.943529411764706
13.543529411764707
12.573529411764707
12.508235294117647
13.353529411764706
12.882352941176471
13.544705882352941
13.953529411764706
13.201764705882354
13.11
13.41764705882353
13.738235294117647
13.805294117647058
13.808823529411764
13.879411764705882
14.653529411764705
13.882941176470588
14.63
14.248235294117647
14.387058823529413
14.607058823529412
14.31529411764706
14.296470588235294
14.276470588235293
14.578823529411764
14.776470588235293
13.97235294117647
14.132352941176471
14.553529411764705
15.059999999999999
15.56529411764706
15.74235294117647
15.602941176470589
15.34235294117647
14.715294117647058
14.411764705882353
15.16705882352941
15.468823529411766
15.659411764705885
15.409411764705881
15.717647058823529
15.139411764705883
14.422941176470587
14.329999999999998
14.294705882352941
14.420000000000002
14.98235294117647
14.75
15.138823529411766
14.617647058823529
14.968235294117648
14.419411764705883
14.15764705882353
14.260588235294119
13.671176470588236
13.788235294117648
13.602352941176472
14.0
14.491764705882352
14.440588235294117
13.838235294117647
13.717647058823529
14.448823529411765
13.958823529411765
13.878823529411765
14.423529411764704
14.380588235294118
14.393529411764705
14.277058823529412
13.75764705882353
14.023529411764706
12.965294117647058
13.446470588235295
13.010588235294119
12.937058823529412
13.07764705882353
13.205294117647059
13.15
13.560588235294118
13.035882352941178
13.34529411764706
13.395882352941175
13.193529411764706
13.103529411764706
13.474705882352941
13.000588235294117
13.034705882352942
13.079411764705881
12.831764705882353
12.73235294117647
11.802941176470588
11.873529411764705
11.901764705882353
11.053529411764705
11.141176470588235
11.435294117647059
12.50470588235294
12.014117647058825
11.964705882352941
11.387058823529411
11.181764705882353
11.403529411764707
11.06529411764706
10.867647058823529
11.528235294117646
10.622941176470588
10.673529411764704
9.9175
9.649375
9.694375
8.9625
9.655
9.571875
10.203125
10.164375
9.446875
9.373125
9.241875
9.526875
9.64
9.50375
8.506875
7.929375
8.03
8.705
8.440625
9.003125
8.804375
8.395
8.740625
7.915
7.8425
7.95625
8.219375
7.604375
6.44625
7.70875
8.23375
6.92875
6.6525
6.0675
5.764375
5.554375
6.193125
5.725
5.65875
5.686875
5.459375
5.889375
5.708125
5.90375
6.404375
6.556875
5.66625
5.48125
5.635625
5.581875
5.16125
4.6925
3.6875
4.0675
3.879375
3.39875
4.44875
4.690625
3.8000000000000003
3.085625
2.4375
2.5187500000000003
3.0575
2.23
2.756875
2.930625
2.640625
2.841875
3.36
3.383125
3.139375
2.434375
2.664375
2.6818750000000002
3.456875
3.3375
2.880625
2.5975
2.9943750000000002
3.3512500000000003
2.96625
2.8249999999999997
2.59
3.035625
2.16
2.496875
2.80875
2.84125
2.3762499999999998
3.685625
3.71
3.92875
