pet
0.5184615384615385
0.4176923076923077
0.41346153846153844
0.3830769230769231
0.3926923076923077
0.3796153846153846
0.5115384615384616
0.5215384615384615
0.4688461538461538
0.41923076923076924
0.5134615384615384
0.5057692307692307
0.4815384615384615
0.42230769230769233
0.49038461538461536
0.45269230769230767
0.3984615384615384
0.5107692307692308
0.5634615384615385
0.4626923076923077
0.33692307692307694
0.4269230769230769
0.4480769230769231
0.4153846153846154
0.4419230769230769
0.46
0.5215384615384615
0.5880769230769232
0.5511538461538461
0.45038461538461544
0.5538461538461539
0.6142307692307692
0.6276923076923077
0.573076923076923
0.7115384615384616
0.746923076923077
0.5876923076923076
0.5457692307692308
0.5803846153846154
0.558076923076923
0.5088461538461538
0.6269230769230769
0.6011538461538461
0.48000000000000004
0.595
0.7557692307692307
0.6761538461538461
0.73
0.6711538461538461
0.7923076923076923
0.8003846153846154
0.8773076923076922
0.8438461538461539
0.8757692307692307
0.8507692307692308
0.8276923076923077
0.8023076923076923
0.8292307692307692
0.7626923076923077
0.7492307692307693
0.8176923076923077
0.8115384615384615
0.7330769230769231
0.8103846153846154
0.8926923076923077
1.0388461538461538
1.133076923076923
1.1861538461538461
1.1596153846153845
1.1334615384615385
1.1965384615384616
1.011153846153846
1.3184615384615386
1.44
1.4742307692307692
1.28
1.2692307692307692
1.1503846153846153
1.1376923076923078
1.2292307692307693
1.1542307692307694
1.2746153846153847
1.345
1.3546153846153846
1.330769230769231
1.371923076923077
1.4746153846153847
1.665
1.7665384615384616
1.6992307692307693
1.651923076923077
1.8707692307692307
1.8192307692307692
1.6938461538461538
1.7896153846153846
1.6965384615384616
1.6315384615384616
1.638076923076923
1.8092307692307692
1.7653846153846153
1.695769230769231
1.7765384615384614
1.8523076923076922
1.9657692307692307
1.9773076923076922
1.871923076923077
1.9153846153846152
1.8984615384615384
1.929230769230769
1.9934615384615384
2.319230769230769
2.4365384615384618
2.4426923076923077
2.5065384615384616
2.359230769230769
2.0949999999999998
2.131153846153846
2.283846153846154
2.191923076923077
2.2034615384615384
2.3611538461538464
2.33
2.335
2.3423076923076924
2.419230769230769
2.599615384615385
2.6876923076923074
2.8103846153846153
2.973076923076923
2.9915384615384615
2.855
2.5988461538461536
2.608076923076923
2.422307692307692
2.588461538461538
2.92
2.838461538461538
2.736923076923077
2.788846153846154
2.8576923076923078
2.772692307692308
2.755
2.808846153846154
2.8757692307692304
3.0146153846153845
3.0107692307692306
2.9815384615384612
2.895
2.862692307692307
2.924615384615385
2.8157692307692304
2.946153846153846
2.9088461538461536
2.6265384615384617
2.6076923076923078
2.564230769230769
2.587307692307692
2.480769230769231
2.6226923076923074
2.781538461538462
2.6403846153846158
2.701923076923077
2.705
2.6815384615384614
2.920769230769231
2.813846153846154
2.9749999999999996
3.088461538461538
3.0250000000000004
3.009230769230769
2.9384615384615387
2.8203846153846155
2.7046153846153844
2.9315384615384614
2.9711538461538463
2.8703846153846153
3.0323076923076924
3.0134615384615384
2.914615384615385
3.0300000000000002
2.9046153846153846
3.1392307692307693
3.146153846153846
3.0080769230769233
3.1826923076923075
3.284615384615385
3.1165384615384615
2.993846153846154
3.061923076923077
3.0603846153846153
3.0984615384615384
2.9853846153846155
2.8853846153846154
2.9211538461538464
3.0265384615384616
3.175
3.2388461538461537
3.1726923076923077
3.3173076923076925
3.5246153846153847
3.2719230769230765
3.121923076923077
3.046538461538461
3.2361538461538464
3.3430769230769233
3.3615384615384616
3.27
3.1803846153846154
3.103846153846154
3.078076923076923
2.9426923076923073
2.9557692307692305
3.1907692307692304
2.964230769230769
3.0403846153846152
2.9226923076923077
2.9873076923076924
3.1234615384615383
2.9976923076923074
3.1046153846153848
2.9515384615384614
2.8907692307692305
3.038846153846154
2.826923076923077
2.9069230769230767
2.850769230769231
2.6592307692307693
2.5142307692307693
2.7357692307692307
2.726153846153846
2.631153846153846
2.542307692307692
2.5930769230769233
2.5773076923076923
2.5288461538461537
2.3984615384615386
2.6350000000000002
2.417307692307692
2.1973076923076924
2.125
2.191538461538461
2.0319230769230767
2.0434615384615387
2.0065384615384616
2.164230769230769
2.1965384615384616
2.2169230769230768
2.2476923076923074
2.1196153846153845
2.045769230769231
2.11
1.9849999999999999
2.186153846153846
2.1423076923076922
1.8623076923076924
1.790769230769231
1.6703846153846154
1.7576923076923079
1.7657692307692305
1.573076923076923
1.708846153846154
1.6930769230769231
1.75
1.6642307692307694
1.6180769230769232
1.6084615384615384
1.4792307692307693
1.4653846153846155
1.416923076923077
1.455769230769231
1.5076923076923079
1.451153846153846
1.5303846153846155
1.5315384615384615
1.366923076923077
1.2565384615384616
1.218076923076923
1.2369230769230768
1.1092307692307692
1.0780769230769232
1.1753846153846153
1.2403846153846154
1.2984615384615383
1.0561538461538462
1.0692307692307692
1.1538461538461537
1.0607692307692307
0.9611538461538461
1.033076923076923
0.8680769230769231
0.9615384615384616
0.9315384615384615
0.995
1.011923076923077
0.908076923076923
1.016923076923077
1.0342307692307693
1.0438461538461539
0.9230769230769231
1.0007692307692309
0.9530769230769232
0.9107692307692308
0.8784615384615384
0.8830769230769231
0.803076923076923
0.8065384615384615
0.73
0.6273076923076922
0.6792307692307692
0.6373076923076924
0.5976923076923076
0.5957692307692308
0.5542307692307692
0.6792307692307692
0.6630769230769231
0.5623076923076924
0.595
0.5342307692307693
0.6026923076923076
0.5065384615384615
0.4626923076923077
0.5084615384615384
0.41384615384615386
0.4338461538461538
0.47230769230769226
0.47846153846153844
0.4096153846153846
0.445
0.4403846153846154
0.47846153846153844
0.47423076923076923
0.5207692307692308
0.4634615384615385
0.4288461538461539
0.39115384615384613
0.4230769230769231
0.2873076923076923
0.29615384615384616
0.4242307692307692
0.49538461538461537
0.37576923076923074
0.4326923076923077
0.34346153846153843
0.32961538461538464
0.3584615384615385
0.4061538461538462
0.31576923076923075
0.3584615384615385
0.3992307692307693
0.3515384615384616
0.3396153846153846
0.34500000000000003
0.3688461538461538
0.38653846153846155
0.5319230769230769
0.5703846153846154
0.6642307692307692
0.6415384615384615
0.4507692307692308
0.43961538461538463
0.3738461538461539
0.2526923076923077
0.4123076923076923
0.5215384615384615
0.49115384615384616
