temperature
5.4253846153846155
4.721923076923077
4.742692307692308
4.556538461538461
4.616538461538462
4.42076923076923
5.0200000000000005
4.938461538461539
4.601538461538461
4.723076923076923
5.175000000000001
5.4423076923076925
5.177692307692308
4.843846153846154
4.921153846153846
4.533846153846154
4.398461538461539
4.602692307692307
4.819615384615385
4.053461538461539
3.93
4.445769230769231
4.293461538461538
4.094230769230769
4.2761538461538455
4.369230769230769
4.8234615384615385
5.08576923076923
4.850769230769231
4.205384615384616
4.608461538461539
4.818461538461539
4.891538461538461
4.946923076923077
5.718461538461539
5.753076923076923
4.954615384615384
4.3792307692307695
4.635
4.450769230769231
4.0746153846153845
4.715
4.757692307692308
4.17
4.9496153846153845
5.737307692307693
5.280384615384615
5.508461538461538
5.231153846153846
5.811923076923076
5.772307692307693
6.214230769230769
5.976153846153846
6.008461538461538
5.769230769230769
5.591153846153846
5.653076923076923
5.466538461538462
5.094615384615385
5.107692307692308
5.299615384615384
5.351923076923077
5.053076923076923
5.491153846153846
5.741153846153846
6.3465384615384615
6.916538461538462
7.139615384615384
6.9934615384615375
6.7457692307692305
7.029230769230769
6.372307692307692
7.570384615384615
8.06076923076923
8.188846153846153
7.235769230769231
7.0430769230769235
6.666153846153846
6.621923076923077
7.051923076923076
6.7542307692307695
7.088461538461539
7.338461538461539
7.387307692307692
7.207692307692308
7.416153846153846
7.723461538461539
8.50576923076923
8.827307692307691
8.51923076923077
8.304230769230768
9.049615384615384
8.852692307692308
8.408846153846154
8.641538461538461
8.267307692307693
8.0
7.961923076923076
8.711153846153847
8.532307692307693
8.261153846153846
8.521538461538462
8.672692307692309
9.049999999999999
9.00076923076923
8.856923076923078
9.04076923076923
8.957692307692309
9.091153846153846
9.315384615384616
10.451153846153847
10.81423076923077
10.899999999999999
11.150769230769232
10.680769230769231
9.815
9.997307692307693
10.612307692307693
10.258846153846154
10.32846153846154
10.68423076923077
10.524999999999999
10.57346153846154
10.675384615384615
10.963846153846154
11.435
11.818846153846154
12.246923076923078
12.74576923076923
12.839615384615383
12.511923076923077
11.82
11.879615384615384
11.458076923076923
11.967307692307692
13.033076923076923
12.852307692307694
12.680384615384614
12.90576923076923
13.109615384615385
12.961153846153847
12.94576923076923
13.12153846153846
13.371153846153845
13.855384615384615
13.92923076923077
13.876923076923077
13.594615384615384
13.600000000000001
13.918076923076923
13.577692307692306
14.758846153846154
14.896923076923077
14.093461538461538
14.068846153846154
13.951153846153847
14.140769230769232
13.835384615384616
14.346153846153847
14.97269230769231
14.55
14.737307692307693
14.878461538461538
14.816538461538462
15.652692307692307
15.376538461538463
15.949615384615385
16.29346153846154
16.140384615384615
16.121538461538464
15.950384615384614
15.589230769230769
15.30153846153846
16.07076923076923
16.27769230769231
16.004615384615384
16.5
16.505
16.243076923076924
16.631923076923076
16.26923076923077
16.95576923076923
17.02576923076923
16.663076923076922
17.216153846153848
17.556538461538462
17.098076923076924
16.781923076923075
17.020769230769233
17.091538461538462
17.20346153846154
16.923076923076923
16.622307692307693
16.788846153846155
17.17192307692308
17.608076923076922
17.836923076923078
17.728846153846153
18.18769230769231
18.840384615384615
18.177307692307693
17.768846153846155
17.62076923076923
18.248461538461537
18.603461538461538
18.663076923076922
18.465
18.256153846153847
18.091153846153848
18.07923076923077
17.74423076923077
17.788846153846155
18.586153846153845
17.98730769230769
18.28576923076923
17.952692307692306
18.189230769230768
18.678461538461537
18.348846153846154
18.713076923076922
18.232692307692307
18.12653846153846
18.66346153846154
18.01615384615385
18.336923076923078
18.19923076923077
17.635384615384616
17.20307692307692
17.976923076923075
17.96846153846154
17.683846153846154
17.431153846153844
17.64115384615385
17.62576923076923
17.529230769230768
17.103846153846153
17.909230769230767
17.23076923076923
16.542307692307695
16.32923076923077
16.610384615384614
16.038846153846155
16.09730769230769
15.766538461538461
16.293076923076924
16.451153846153847
16.527692307692305
16.66076923076923
16.19076923076923
15.948461538461537
16.205384615384617
15.765384615384615
16.482307692307693
16.369615384615386
15.363076923076923
15.151923076923076
14.693846153846154
15.056923076923077
15.012307692307692
14.35923076923077
14.967692307692309
14.888846153846155
15.115
14.78346153846154
14.614615384615385
14.492307692307692
14.04076923076923
14.061923076923078
13.887692307692307
13.983076923076924
14.034615384615384
13.893461538461539
14.365384615384615
14.025769230769232
13.101923076923075
12.757307692307693
12.44
12.682307692307692
12.258076923076922
12.178076923076922
12.607692307692307
12.81423076923077
12.947307692307692
12.02
11.993461538461538
12.254999999999999
11.821153846153846
11.477692307692308
11.92576923076923
10.92153846153846
11.183076923076923
11.086923076923076
11.19576923076923
11.277692307692309
10.966153846153846
11.401923076923076
11.391923076923076
11.383461538461539
11.023846153846154
10.993846153846153
10.611153846153845
10.503076923076922
10.321923076923078
10.527692307692307
9.965384615384616
9.903461538461539
9.535384615384615
8.785
9.038846153846153
8.953461538461537
8.757692307692308
8.506923076923076
8.235384615384616
8.928461538461537
8.928461538461539
8.232307692307693
8.341923076923077
7.8549999999999995
7.894615384615384
7.551153846153846
7.299615384615384
7.546153846153846
6.748846153846154
6.607692307692308
6.711153846153847
6.943461538461539
6.471923076923077
6.730769230769231
6.624230769230769
6.817692307692307
6.6619230769230775
6.879230769230769
6.5200000000000005
6.145384615384615
5.90076923076923
5.616923076923077
5.288076923076924
5.2226923076923075
5.734230769230769
5.98
5.635
5.695384615384616
5.2299999999999995
5.256923076923077
5.144615384615384
5.458846153846154
4.888846153846154
5.281538461538461
5.286153846153846
4.746538461538462
4.801153846153846
4.6426923076923075
4.583461538461538
4.753461538461538
5.72
5.966153846153846
6.796153846153846
6.750769230769231
5.464615384615384
5.327307692307692
4.718846153846154
3.955
4.522692307692308
5.29
4.892307692307693
