pet
0.3596153846153846
0.235
0.16769230769230767
0.3538461538461538
0.4461538461538461
0.38153846153846155
0.40384615384615385
0.39192307692307693
0.37153846153846154
0.44076923076923075
0.4
0.32961538461538464
0.41000000000000003
0.40076923076923077
0.41384615384615386
0.33576923076923076
0.24423076923076922
0.3046153846153846
0.3923076923076923
0.4107692307692308
0.4734615384615385
0.37884615384615383
0.39192307692307693
0.3853846153846154
0.29538461538461536
0.3515384615384616
0.24807692307692308
0.33807692307692305
0.41423076923076924
0.36038461538461536
0.3923076923076923
0.43
0.5161538461538462
0.5269230769230769
0.5423076923076923
0.6442307692307693
0.5857692307692308
0.42230769230769233
0.37269230769230766
0.40192307692307694
0.30615384615384617
0.2865384615384615
0.36846153846153845
0.30423076923076925
0.33807692307692305
0.3215384615384615
0.35615384615384615
0.37538461538461537
0.37846153846153846
0.4453846153846154
0.4603846153846154
0.4642307692307692
0.5638461538461539
0.6288461538461539
0.546923076923077
0.5592307692307692
0.5865384615384616
0.6584615384615385
0.5896153846153847
0.6180769230769231
0.6799999999999999
0.6353846153846153
0.698076923076923
0.8846153846153846
0.9634615384615385
1.0196153846153846
0.8123076923076924
0.825
0.908076923076923
0.9515384615384617
0.958076923076923
0.8242307692307692
0.6888461538461539
0.6869230769230769
0.7496153846153846
0.8226923076923077
0.7076923076923076
0.6673076923076924
0.7119230769230769
0.7415384615384616
0.8392307692307692
0.8476923076923076
0.9215384615384615
0.8680769230769231
0.8926923076923077
0.9011538461538462
0.893846153846154
1.018076923076923
1.0957692307692306
1.2576923076923079
1.1826923076923077
0.965
0.946923076923077
1.1342307692307692
1.123076923076923
1.15
1.1753846153846155
1.116923076923077
1.2492307692307691
1.4715384615384615
1.4546153846153846
1.3311538461538461
1.3253846153846154
1.5765384615384617
1.6515384615384614
1.6184615384615384
1.6319230769230768
1.8026923076923076
1.606923076923077
1.6388461538461538
1.8023076923076924
1.7473076923076922
1.708076923076923
1.7838461538461539
1.7296153846153846
1.8188461538461538
1.7834615384615384
1.78
1.7776923076923077
1.786153846153846
1.8888461538461538
1.9757692307692307
2.0907692307692307
2.1846153846153844
1.9561538461538461
2.3634615384615385
2.438076923076923
2.105769230769231
2.17
2.2169230769230768
2.230769230769231
2.426923076923077
2.3876923076923076
2.3649999999999998
2.4688461538461537
2.2476923076923074
2.4523076923076923
2.3607692307692307
2.400384615384615
2.6061538461538465
2.5742307692307693
2.4673076923076924
2.791923076923077
2.789615384615385
2.7119230769230773
2.541153846153846
2.6265384615384613
2.5319230769230767
2.556923076923077
2.748076923076923
2.742692307692308
2.5788461538461536
2.388076923076923
2.3765384615384617
2.3234615384615385
2.3934615384615388
2.335
2.356153846153846
2.4242307692307694
2.3415384615384616
2.371923076923077
2.2196153846153845
2.0403846153846152
2.128846153846154
2.1665384615384613
2.261923076923077
2.3211538461538463
2.308076923076923
2.2996153846153846
2.5930769230769233
2.2415384615384615
2.2484615384615383
2.250769230769231
2.065769230769231
2.29
2.3673076923076923
2.227692307692308
2.161538461538462
2.292692307692308
2.455769230769231
2.4523076923076923
2.129230769230769
2.198076923076923
2.464230769230769
2.5615384615384613
2.4284615384615384
2.688076923076923
2.7515384615384613
2.4842307692307695
2.3392307692307694
2.3603846153846155
2.4834615384615386
2.311923076923077
2.4815384615384612
2.394230769230769
1.996923076923077
1.9015384615384614
1.9757692307692307
2.143846153846154
2.4065384615384615
2.2584615384615385
2.1930769230769234
2.1357692307692306
2.115
2.331923076923077
2.3607692307692307
2.3873076923076924
2.2992307692307694
2.273846153846154
2.1780769230769232
2.221923076923077
2.042307692307692
2.2157692307692307
2.124230769230769
1.9911538461538463
1.9546153846153846
1.9753846153846153
2.020769230769231
1.77
1.9073076923076921
1.811923076923077
1.8465384615384615
1.9942307692307693
1.9057692307692307
1.8838461538461537
1.915
1.9334615384615383
1.6884615384615385
1.8192307692307692
1.7946153846153845
1.8853846153846152
1.9442307692307692
1.8826923076923079
1.756153846153846
1.7646153846153847
1.7999999999999998
1.72
1.6665384615384615
1.6796153846153847
1.8576923076923075
1.6496153846153847
1.4653846153846155
1.5857692307692306
1.5376923076923075
1.5515384615384618
1.4973076923076922
1.52
1.2426923076923078
1.3980769230769232
1.4073076923076924
1.3226923076923076
1.2815384615384615
1.238076923076923
1.1392307692307693
1.1930769230769231
1.0788461538461538
1.0453846153846154
1.1084615384615384
1.291153846153846
1.3153846153846156
1.1557692307692309
1.1653846153846155
1.2176923076923076
1.2261538461538461
1.0788461538461538
1.1434615384615385
0.9353846153846154
0.825
0.9411538461538461
0.9446153846153847
1.106923076923077
1.1711538461538462
1.1734615384615386
1.051153846153846
1.0711538461538461
1.115
1.0403846153846155
0.9553846153846154
0.9346153846153846
0.825
0.9542307692307692
0.9149999999999999
0.8011538461538461
0.9134615384615384
0.7715384615384615
0.8457692307692308
0.8196153846153847
0.7261538461538461
0.7380769230769231
0.6911538461538461
0.6465384615384615
0.6211538461538461
0.5676923076923077
0.5884615384615385
0.6976923076923077
0.7930769230769231
0.676923076923077
0.6296153846153847
0.6284615384615384
0.6265384615384615
0.6888461538461539
0.7288461538461538
0.806923076923077
0.6273076923076922
0.6019230769230769
0.6703846153846154
0.6799999999999999
0.5426923076923077
0.44461538461538463
0.5638461538461539
0.6857692307692308
0.5492307692307692
0.615
0.6188461538461538
0.5107692307692308
0.4123076923076923
0.3926923076923077
0.43884615384615383
0.3861538461538461
0.3123076923076923
0.38346153846153846
0.35500000000000004
0.19576923076923075
0.2173076923076923
0.4788461538461538
0.5234615384615384
0.4926923076923077
0.43615384615384617
0.4880769230769231
0.33807692307692305
0.35423076923076924
0.3692307692307692
0.3734615384615385
0.4157692307692308
0.4553846153846154
0.5365384615384615
0.49807692307692303
0.4869230769230769
0.31384615384615383
0.21
0.22576923076923078
0.2580769230769231
0.3396153846153846
0.4165384615384615
0.4392307692307692
0.40692307692307694
0.36692307692307696
0.4238461538461538
0.4326923076923077
0.33615384615384614
0.33499999999999996
0.35730769230769227
0.29230769230769227
0.3873076923076923
0.34923076923076923
0.3161538461538462
0.37884615384615383
0.4511538461538462
0.45346153846153847
0.4169230769230769
0.39961538461538465
0.43846153846153846
0.3984615384615384
0.36576923076923074
0.3873076923076923
