pet
0.42
0.4553846153846154
0.3811538461538462
0.4538461538461539
0.5861538461538461
0.3973076923076923
0.42807692307692313
0.5015384615384615
0.5796153846153846
0.6107692307692308
0.39384615384615385
0.3776923076923077
0.42346153846153844
0.5207692307692308
0.4869230769230769
0.4411538461538462
0.28500000000000003
0.33884615384615385
0.4096153846153846
0.45692307692307693
0.5926923076923077
0.6042307692307692
0.6003846153846154
0.5057692307692307
0.5315384615384615
0.49923076923076926
0.5365384615384616
0.5257692307692308
0.5219230769230769
0.4288461538461539
0.4957692307692308
0.5042307692307693
0.5065384615384615
0.6219230769230768
0.6407692307692308
0.7707692307692308
0.8065384615384615
0.6753846153846154
0.6092307692307692
0.543076923076923
0.5346153846153846
0.568076923076923
0.5242307692307693
0.41923076923076924
0.40499999999999997
0.4419230769230769
0.4519230769230769
0.5742307692307692
0.5257692307692308
0.5546153846153846
0.59
0.5711538461538461
0.6273076923076922
0.7457692307692307
0.645
0.5984615384615385
0.6588461538461539
0.76
0.8476923076923076
0.8534615384615384
0.9815384615384615
0.8619230769230769
0.8288461538461539
0.95
1.0342307692307693
1.036923076923077
1.0096153846153846
0.9665384615384615
1.2096153846153845
1.1111538461538462
1.0946153846153845
1.083846153846154
1.0953846153846154
1.065
1.156153846153846
1.2257692307692307
1.3146153846153845
1.1403846153846153
1.1376923076923076
1.1807692307692308
1.1857692307692307
1.4026923076923077
1.4526923076923077
1.3803846153846153
1.3365384615384615
1.2984615384615383
1.3723076923076922
1.3257692307692308
1.3788461538461538
1.5884615384615386
1.5692307692307692
1.4876923076923076
1.3457692307692308
1.3534615384615383
1.4257692307692307
1.5576923076923077
1.65
1.4542307692307692
1.6111538461538462
1.8907692307692305
1.7776923076923077
1.9061538461538463
1.7596153846153846
1.8092307692307692
2.0376923076923075
2.0584615384615383
1.8426923076923079
1.9773076923076922
2.040769230769231
1.9530769230769232
2.1584615384615384
2.3692307692307693
2.0300000000000002
2.0553846153846154
2.0357692307692306
2.017692307692308
2.128461538461538
2.0773076923076923
2.1550000000000002
2.2365384615384616
2.226153846153846
2.4473076923076924
2.3396153846153847
2.3665384615384615
2.506153846153846
2.504230769230769
2.6353846153846154
2.572307692307692
2.62
2.7157692307692307
2.6196153846153845
2.666153846153846
2.6665384615384613
2.653461538461538
2.8226923076923076
2.7434615384615384
2.4719230769230767
2.7115384615384617
2.881923076923077
2.9434615384615386
2.714230769230769
3.0003846153846156
2.926153846153846
3.071153846153846
3.006153846153846
3.0534615384615384
2.895
2.75
2.9646153846153847
2.8703846153846153
3.0319230769230767
2.9426923076923077
2.737692307692308
2.686923076923077
2.6619230769230766
2.7811538461538463
2.744230769230769
2.838076923076923
2.8530769230769235
2.769230769230769
2.674615384615385
2.6592307692307693
2.5646153846153843
2.7676923076923075
2.7834615384615384
2.7626923076923076
3.049615384615385
2.7476923076923074
2.7657692307692305
2.8265384615384614
2.8796153846153847
2.805769230769231
2.7496153846153844
2.7684615384615388
2.8723076923076927
2.883076923076923
3.0926923076923076
2.993846153846154
2.9796153846153848
2.946923076923077
3.0761538461538462
3.0034615384615386
2.8726923076923074
3.0373076923076923
3.3492307692307692
3.1799999999999997
3.205
3.2192307692307693
3.3446153846153845
3.1465384615384617
3.071923076923077
3.1357692307692306
3.118846153846154
3.238076923076923
3.2026923076923075
3.013076923076923
2.861923076923077
2.8226923076923076
2.920769230769231
3.071153846153846
3.086153846153846
2.928076923076923
3.016923076923077
2.9415384615384617
2.7780769230769233
3.0484615384615386
3.048461538461538
3.0730769230769233
3.0342307692307693
3.1046153846153848
3.295769230769231
2.964230769230769
2.8623076923076924
3.019615384615385
2.976923076923077
2.8561538461538465
2.745
2.708846153846154
2.6257692307692304
2.8984615384615386
2.850769230769231
2.6823076923076923
2.7169230769230768
2.6388461538461536
2.7176923076923076
2.855
2.811923076923077
2.6934615384615386
2.5834615384615387
2.5703846153846155
2.8084615384615383
2.7465384615384614
2.715384615384615
2.501153846153846
2.242692307692308
2.313846153846154
2.3807692307692307
2.3261538461538462
2.1580769230769232
2.275384615384615
2.275384615384615
2.1726923076923077
2.0930769230769233
2.19
2.1
1.9642307692307692
2.0303846153846155
1.9576923076923076
1.9103846153846153
2.0784615384615384
2.125
1.9976923076923077
1.8065384615384614
1.7730769230769232
1.6861538461538463
1.5611538461538461
1.613076923076923
1.655
1.6892307692307693
1.6707692307692308
1.7273076923076924
1.5357692307692308
1.5450000000000002
1.584230769230769
1.5415384615384615
1.6096153846153847
1.5003846153846152
1.4492307692307693
1.533076923076923
1.3919230769230768
1.4200000000000002
1.4815384615384615
1.3626923076923076
1.32
1.366923076923077
1.3584615384615384
1.323076923076923
1.166923076923077
1.16
1.051923076923077
1.2426923076923078
1.385
1.2784615384615385
1.2126923076923077
1.3003846153846155
1.0392307692307692
0.9707692307692307
0.9457692307692308
0.841923076923077
0.9030769230769231
0.9584615384615384
0.9384615384615386
0.8834615384615384
0.7426923076923077
0.7884615384615384
0.8461538461538461
0.8734615384615385
0.9803846153846153
0.8457692307692308
0.8365384615384616
0.7250000000000001
0.803076923076923
0.9476923076923077
0.9030769230769231
0.9157692307692307
0.8976923076923077
0.7230769230769231
0.6792307692307692
0.6034615384615385
0.581923076923077
0.8200000000000001
0.7957692307692308
0.7238461538461538
0.7603846153846153
0.6238461538461538
0.5219230769230769
0.5357692307692308
0.4973076923076923
0.5288461538461539
0.4423076923076923
0.5357692307692308
0.5603846153846154
0.4
0.38846153846153847
0.4719230769230769
0.5234615384615384
0.6042307692307692
0.5280769230769231
0.5107692307692308
0.4857692307692308
0.4307692307692308
0.34192307692307694
0.3457692307692308
0.4896153846153846
0.5392307692307692
0.6496153846153846
0.5473076923076923
0.49615384615384617
0.38769230769230767
0.39192307692307693
0.4357692307692308
0.36692307692307696
0.3107692307692308
0.37538461538461537
0.38153846153846155
0.4369230769230769
0.3819230769230769
0.4519230769230769
0.3976923076923077
0.41423076923076924
0.48500000000000004
0.3961538461538462
0.4380769230769231
0.5226923076923077
0.535
0.5211538461538462
0.5246153846153846
0.5280769230769231
0.5015384615384615
0.5407692307692308
0.596923076923077
0.6603846153846153
0.5084615384615384
0.36346153846153845
0.4157692307692308
