temperature
3.7415384615384615
3.767692307692308
3.516153846153846
4.2700000000000005
4.667692307692308
3.949230769230769
4.022692307692308
4.453076923076923
4.761153846153846
4.486538461538461
3.257307692307692
2.831538461538462
3.298076923076923
4.186153846153847
4.048076923076923
3.7038461538461536
2.9511538461538462
3.2869230769230766
3.7646153846153845
4.069615384615385
4.648461538461539
4.712692307692308
4.593461538461538
4.0407692307692304
3.979230769230769
3.6553846153846155
3.7973076923076925
4.076923076923077
3.6765384615384615
2.8196153846153846
3.2869230769230766
3.5142307692307693
3.81
4.255
4.17076923076923
4.794230769230769
4.856538461538461
4.1826923076923075
3.983076923076923
3.266153846153846
3.2169230769230768
3.4484615384615385
3.2884615384615383
2.560769230769231
2.2565384615384616
2.5380769230769227
2.7734615384615386
3.3826923076923077
3.064230769230769
3.1223076923076922
3.1873076923076926
3.427692307692308
3.855769230769231
4.251538461538461
3.790769230769231
3.438076923076923
3.819230769230769
4.360769230769231
4.889230769230769
4.832307692307692
5.232692307692308
4.705
4.530384615384616
5.109230769230769
5.427307692307693
5.44923076923077
5.391153846153847
5.212307692307693
6.165384615384616
5.865384615384615
5.727307692307692
5.612692307692308
5.680000000000001
5.583461538461538
5.688076923076924
5.836538461538462
6.486538461538462
5.747692307692308
5.725384615384616
5.946538461538461
5.863076923076923
6.716538461538462
6.85
6.625
6.392307692307693
6.0200000000000005
6.234230769230769
6.1388461538461545
6.29576923076923
7.170384615384616
6.876538461538461
6.488461538461538
6.0030769230769225
5.851923076923077
6.141923076923077
6.755769230769231
7.056538461538461
6.3403846153846155
6.848846153846154
7.656538461538461
7.458461538461539
7.873076923076923
7.393076923076923
7.583846153846154
8.373076923076923
8.445769230769232
7.715769230769231
8.087692307692308
8.330769230769231
8.020384615384616
8.816153846153846
9.513076923076923
8.466153846153846
8.443076923076923
8.345769230769232
8.343076923076923
8.72653846153846
8.733076923076924
8.97653846153846
9.346923076923078
9.016923076923076
9.49576923076923
9.341923076923077
9.415
9.978846153846153
10.066153846153846
10.438076923076922
10.282692307692308
10.406923076923077
10.764615384615384
10.55423076923077
10.761153846153848
10.83423076923077
10.868461538461538
11.391923076923076
11.217307692307692
10.495000000000001
11.206153846153846
11.710384615384616
11.913461538461538
11.423461538461538
12.221538461538461
12.128461538461538
12.551923076923078
12.431153846153846
12.595384615384615
12.185384615384615
11.890384615384615
12.57076923076923
12.335769230769232
12.89576923076923
13.329615384615384
13.044230769230769
12.93576923076923
12.897307692307692
13.31
13.251923076923077
13.573076923076922
13.75346153846154
13.551923076923078
13.387307692307692
13.380384615384616
13.192692307692308
13.801923076923078
13.853461538461538
13.957307692307692
14.866923076923078
14.083846153846155
14.194230769230769
14.413846153846153
14.649230769230769
14.444230769230769
14.368076923076924
14.481538461538461
14.850000000000001
14.99076923076923
15.637307692307692
15.399999999999999
15.441538461538462
15.41
15.815384615384614
15.659230769230769
15.325769230769232
15.826923076923077
16.775
16.401153846153846
16.52846153846154
16.558846153846154
16.986923076923077
16.50730769230769
16.36769230769231
16.626923076923077
16.608461538461537
16.965769230769233
16.936153846153847
16.432692307692307
16.04769230769231
15.959615384615384
16.29346153846154
16.733461538461537
16.804615384615385
16.37846153846154
16.675384615384615
16.41
16.095769230769232
16.858461538461537
16.89846153846154
17.025
16.95846153846154
17.197307692307692
17.732692307692307
16.813846153846153
16.56923076923077
17.040384615384617
16.98076923076923
16.67923076923077
16.379615384615384
16.24653846153846
16.064615384615387
16.80576923076923
16.731153846153845
16.290384615384617
16.417307692307695
16.22423076923077
16.51615384615385
16.953846153846154
16.833076923076923
16.49423076923077
16.178076923076922
16.13230769230769
16.89923076923077
16.737692307692306
16.709230769230768
16.038076923076922
15.216923076923077
15.464615384615383
15.704615384615384
15.565
15.032692307692308
15.399230769230769
15.434615384615386
15.141923076923076
14.907692307692308
15.130384615384616
14.76076923076923
14.28730769230769
14.520384615384614
14.19923076923077
14.01576923076923
14.691923076923077
14.786538461538461
14.447307692307692
13.833846153846155
13.712307692307691
13.440384615384614
13.083076923076923
13.108846153846153
13.186153846153845
13.39576923076923
13.312692307692307
13.602307692307694
12.95923076923077
13.017307692307693
13.029615384615385
12.908846153846154
13.168076923076923
12.779615384615385
12.538461538461538
12.808846153846153
12.325
12.35153846153846
12.597307692307691
12.163846153846153
11.87423076923077
11.867307692307692
11.916538461538462
11.723846153846154
11.145
11.159615384615384
10.675384615384615
11.381538461538462
11.903846153846153
11.276538461538461
11.028846153846153
11.408846153846154
10.311923076923078
10.078076923076923
9.94
9.344615384615384
9.67
9.913076923076924
9.786923076923078
9.555384615384614
8.786153846153846
9.062692307692307
9.212307692307693
9.468076923076923
9.818461538461538
9.418846153846154
9.016153846153845
8.528076923076922
8.761923076923077
9.23076923076923
9.154230769230768
9.068461538461538
8.763846153846155
7.9592307692307696
7.685384615384615
7.058076923076923
7.254230769230769
8.34923076923077
8.118846153846153
7.719615384615385
8.00153846153846
7.428076923076923
6.735
6.511538461538462
6.096153846153846
6.299230769230769
6.08
6.3476923076923075
6.271923076923077
5.592692307692308
5.387307692307692
5.454615384615384
5.649230769230769
5.993076923076923
6.003076923076923
5.757307692307692
5.184615384615385
4.698846153846154
4.443076923076923
4.388461538461538
4.944615384615385
5.343076923076922
6.143076923076923
5.568461538461539
5.694999999999999
5.141153846153846
4.873461538461539
5.063846153846153
4.2226923076923075
3.9515384615384614
4.169230769230769
4.200769230769231
4.515
4.661153846153846
4.641538461538461
4.943076923076924
4.945769230769231
4.956153846153845
4.5673076923076925
4.888076923076923
5.125769230769231
5.046923076923077
4.513846153846154
4.73
4.597307692307693
4.679230769230769
4.888461538461538
4.6911538461538465
4.791538461538462
4.12423076923077
3.378846153846154
3.5265384615384616
