pet
0.4257692307692308
0.4834615384615385
0.33115384615384613
0.335
0.5734615384615385
0.3946153846153846
0.445
0.5196153846153846
0.566923076923077
0.5961538461538461
0.5165384615384615
0.5399999999999999
0.5230769230769231
0.52
0.6526923076923077
0.5619230769230769
0.32499999999999996
0.3869230769230769
0.40653846153846157
0.44
0.6723076923076923
0.5888461538461539
0.571923076923077
0.5323076923076923
0.5996153846153847
0.47961538461538467
0.5242307692307693
0.5119230769230769
0.5965384615384616
0.5707692307692308
0.5565384615384615
0.5153846153846154
0.5061538461538462
0.5926923076923077
0.6469230769230769
0.7503846153846154
0.8796153846153847
0.7396153846153847
0.5896153846153847
0.6334615384615384
0.5973076923076923
0.606923076923077
0.5342307692307693
0.48230769230769227
0.44269230769230766
0.4592307692307692
0.4511538461538462
0.5807692307692307
0.6173076923076923
0.5442307692307693
0.6388461538461538
0.6442307692307693
0.6515384615384616
0.7980769230769231
0.7757692307692309
0.6657692307692307
0.6861538461538461
0.8076923076923077
0.7607692307692309
0.856923076923077
0.9573076923076923
0.911923076923077
0.9265384615384615
1.0576923076923077
1.1015384615384616
1.2361538461538462
1.2738461538461539
1.1853846153846155
1.3834615384615385
1.2623076923076924
1.1976923076923076
1.1584615384615384
1.113076923076923
1.0923076923076922
1.1876923076923076
1.3626923076923076
1.4057692307692307
1.1657692307692307
1.2550000000000001
1.2265384615384616
1.1626923076923077
1.4030769230769229
1.4123076923076923
1.4723076923076923
1.3815384615384616
1.356153846153846
1.2811538461538463
1.2980769230769231
1.3673076923076921
1.7553846153846153
1.7634615384615384
1.603076923076923
1.4088461538461539
1.2184615384615385
1.5134615384615384
1.633076923076923
1.53
1.4076923076923078
1.5996153846153847
1.7973076923076925
1.8907692307692305
1.9084615384615384
1.6434615384615385
1.731923076923077
1.9061538461538463
2.0203846153846152
1.8084615384615386
1.8753846153846152
2.107307692307692
1.9915384615384615
2.1553846153846155
2.3180769230769234
1.9696153846153845
1.8673076923076921
2.008846153846154
1.9549999999999998
1.8365384615384615
2.0276923076923077
2.0492307692307694
2.167307692307692
2.2084615384615387
2.3023076923076924
2.2373076923076924
2.2419230769230767
2.356153846153846
2.4680769230769233
2.602692307692308
2.674615384615385
2.581538461538462
2.5342307692307693
2.441923076923077
2.698846153846154
2.6680769230769235
2.631923076923077
2.821153846153846
2.730769230769231
2.617692307692308
2.666153846153846
2.7765384615384616
3.088461538461538
2.7992307692307694
2.828461538461539
2.957692307692308
2.968461538461539
2.8123076923076926
3.0369230769230766
2.8096153846153844
2.7311538461538465
2.994230769230769
2.9515384615384614
3.1457692307692304
3.0096153846153846
2.763076923076923
2.753076923076923
2.780384615384615
2.8157692307692304
2.958076923076923
2.8226923076923076
2.9073076923076924
2.7811538461538463
2.718461538461539
2.7507692307692304
2.740769230769231
2.796538461538461
2.718461538461539
2.5349999999999997
2.6184615384615384
2.753846153846154
2.7807692307692307
2.8461538461538463
2.6315384615384616
2.6184615384615384
2.5776923076923075
2.601153846153846
2.7430769230769227
2.831538461538462
2.8303846153846157
2.836153846153846
2.8850000000000002
2.726923076923077
2.935
2.9484615384615385
2.924615384615385
2.789230769230769
3.0446153846153843
3.1096153846153842
3.136923076923077
3.0803846153846157
3.2873076923076923
2.876923076923077
3.0673076923076925
3.144615384615385
2.9050000000000002
3.079230769230769
3.276923076923077
3.0007692307692304
2.755769230769231
2.8649999999999998
2.7465384615384614
3.045
2.968461538461539
2.843461538461539
2.858461538461538
2.972692307692308
2.6876923076923074
2.787692307692308
2.914230769230769
3.238076923076923
3.164230769230769
3.2323076923076925
3.243846153846154
3.0930769230769233
2.9026923076923077
2.9992307692307696
3.005
2.9480769230769233
2.795769230769231
2.8915384615384614
2.803846153846154
2.7703846153846152
2.743846153846154
2.7265384615384614
2.7265384615384614
2.7353846153846155
2.7750000000000004
3.045769230769231
3.1015384615384614
2.7684615384615388
2.4899999999999998
2.7399999999999998
2.8561538461538465
2.772307692307692
2.8176923076923077
2.472692307692308
2.3203846153846155
2.4434615384615386
2.4615384615384617
2.1346153846153846
2.241153846153846
2.355769230769231
2.4996153846153844
2.2953846153846156
2.276923076923077
2.2315384615384617
2.289615384615385
2.2176923076923076
2.1265384615384617
2.0323076923076924
1.988846153846154
2.1538461538461537
2.2265384615384614
2.2630769230769228
2.1046153846153848
1.9461538461538461
1.9123076923076923
1.6903846153846156
1.8553846153846154
1.768076923076923
2.025384615384615
1.9315384615384614
1.9034615384615385
1.7084615384615385
1.8284615384615384
1.856153846153846
1.7415384615384615
1.8103846153846155
1.5523076923076924
1.5184615384615385
1.6123076923076924
1.57
1.6688461538461539
1.7326923076923075
1.6196153846153847
1.5392307692307694
1.5192307692307692
1.4396153846153845
1.4707692307692308
1.5092307692307694
1.508076923076923
1.2623076923076924
1.4249999999999998
1.4484615384615387
1.3415384615384616
1.3753846153846152
1.3923076923076925
1.1334615384615385
1.0257692307692308
1.0792307692307692
0.8896153846153846
1.0346153846153845
1.0384615384615385
1.0192307692307692
0.8688461538461538
0.8434615384615385
0.9053846153846153
1.0269230769230768
1.0873076923076923
0.9384615384615385
0.8973076923076923
0.9184615384615384
0.9184615384615384
0.8576923076923078
0.9946153846153846
0.9396153846153846
0.8803846153846154
0.9146153846153846
0.7915384615384616
0.765
0.6842307692307692
0.5873076923076923
0.8326923076923076
0.7792307692307692
0.8042307692307692
0.8907692307692308
0.6188461538461538
0.4880769230769231
0.5573076923076923
0.5846153846153846
0.5411538461538462
0.4834615384615385
0.5576923076923077
0.6565384615384615
0.5007692307692307
0.37461538461538463
0.48538461538461536
0.588076923076923
0.6938461538461538
0.5542307692307692
0.6157692307692308
0.5434615384615384
0.4423076923076923
0.35307692307692307
0.3638461538461539
0.5180769230769231
0.5515384615384615
0.6907692307692308
0.6426923076923077
0.6646153846153846
0.4580769230769231
0.31576923076923075
0.4392307692307692
0.43153846153846154
0.34769230769230763
0.3984615384615384
0.4123076923076923
0.46846153846153843
0.4288461538461539
0.4242307692307692
0.445
0.32076923076923075
0.3984615384615384
0.42
0.48115384615384615
0.525
0.5976923076923077
0.5503846153846154
0.5523076923076924
0.5623076923076924
0.485
0.5692307692307692
0.6492307692307692
0.6976923076923077
0.56
0.38653846153846155
0.39692307692307693
