temperature
3.0876923076923077
3.227692307692308
3.142692307692308
4.041153846153846
4.368846153846154
3.5553846153846154
3.722692307692308
4.038076923076923
4.179615384615385
3.9557692307692305
2.862692307692307
2.3534615384615383
2.5976923076923075
3.3649999999999998
3.5100000000000002
3.170769230769231
2.563846153846154
2.800769230769231
3.311153846153846
3.61
4.078846153846154
4.082307692307692
3.858076923076923
3.648076923076923
3.4326923076923075
3.147692307692308
3.081538461538462
3.3015384615384615
3.083076923076923
2.446923076923077
2.847692307692308
3.1142307692307694
3.516538461538462
3.8188461538461542
3.7584615384615385
4.320769230769231
4.028846153846154
3.6588461538461536
3.4038461538461537
3.0300000000000002
2.7392307692307694
2.7973076923076925
2.6796153846153845
1.9188461538461539
1.656923076923077
1.826153846153846
2.2438461538461536
2.9396153846153847
2.498076923076923
2.6738461538461538
2.686923076923077
3.167307692307692
3.4196153846153843
3.7199999999999998
3.1342307692307694
3.0303846153846155
3.7115384615384617
4.04576923076923
4.276153846153846
4.288846153846154
4.5346153846153845
4.223846153846154
4.253461538461538
4.783846153846154
5.102307692307692
5.313076923076922
5.076538461538462
4.796153846153846
5.608846153846154
5.2057692307692305
5.211153846153847
5.120384615384615
5.058076923076923
5.0842307692307696
4.967307692307693
5.239615384615385
5.635
5.116153846153846
5.106538461538462
5.208076923076923
5.173846153846155
6.065384615384615
6.0807692307692305
5.900384615384615
5.788846153846153
5.514230769230769
5.519230769230769
5.759615384615385
5.8961538461538465
6.772692307692308
6.357307692307692
5.607692307692308
5.167692307692308
5.387307692307692
5.708076923076923
6.1899999999999995
6.181153846153847
5.757307692307692
6.234230769230769
7.0942307692307685
7.303076923076923
7.337692307692308
6.637307692307692
7.114615384615385
8.078461538461537
7.967307692307693
7.364230769230769
7.967692307692308
7.746538461538462
7.606923076923077
8.321153846153846
8.930769230769231
7.928846153846154
7.875769230769231
7.8100000000000005
7.802692307692308
8.056538461538462
8.36076923076923
8.562692307692307
8.823461538461538
8.18423076923077
8.668846153846154
8.733461538461539
8.917307692307691
9.342307692307692
9.583461538461538
10.052692307692308
9.79076923076923
9.554615384615385
10.057692307692308
10.086153846153847
9.971538461538461
10.171923076923077
10.295384615384616
10.82076923076923
10.275384615384617
9.92576923076923
10.299615384615386
10.935
11.378461538461538
11.05653846153846
11.725000000000001
11.63076923076923
12.01769230769231
11.661923076923076
11.762307692307692
11.418846153846154
11.327692307692306
11.871538461538462
11.338846153846154
12.164230769230768
12.553846153846154
12.228461538461538
12.217692307692309
12.171153846153846
12.87576923076923
12.590769230769231
13.096538461538461
13.12923076923077
12.941153846153847
12.804230769230768
12.849230769230768
12.536538461538461
12.868461538461538
12.895
13.323076923076922
14.28
13.56
13.813846153846155
13.833076923076922
14.280000000000001
13.680384615384614
13.835384615384616
13.742692307692307
14.215769230769231
14.571923076923078
14.754999999999999
14.50423076923077
14.635384615384615
14.775769230769232
15.183461538461538
15.166538461538462
14.915000000000001
15.445
16.201923076923077
15.811923076923078
15.777692307692307
16.104230769230767
16.315384615384616
16.095384615384617
15.939615384615385
16.279230769230768
15.986923076923075
16.41846153846154
16.288076923076922
15.968846153846155
15.538461538461538
15.596538461538461
15.775769230769232
16.43423076923077
16.138076923076923
15.896153846153847
16.088461538461537
15.962307692307691
15.697307692307692
16.42153846153846
16.471153846153847
16.641538461538463
16.583846153846153
16.74269230769231
17.26615384615385
16.135384615384616
16.048846153846153
16.49346153846154
16.161923076923078
15.87923076923077
16.023846153846154
15.573846153846155
15.440384615384614
15.915000000000001
15.771923076923077
15.622307692307693
15.973461538461539
15.725384615384616
16.037307692307692
16.284230769230767
16.158846153846152
15.823846153846155
15.72
15.635384615384615
16.204615384615384
16.303846153846152
16.206923076923076
15.483846153846153
14.872692307692308
15.033076923076923
15.243846153846153
14.965384615384616
14.563461538461537
15.041153846153845
15.112307692307693
14.60576923076923
14.436153846153847
14.40576923076923
14.245384615384616
13.823846153846155
14.084999999999999
13.677307692307693
13.668076923076923
14.221538461538461
14.095769230769232
14.031923076923077
13.106923076923076
13.171923076923076
13.026923076923076
12.580769230769231
12.507307692307693
12.467307692307692
12.988846153846152
12.757692307692308
12.895
12.302692307692308
12.593846153846155
12.411538461538461
12.306153846153846
12.475000000000001
11.956538461538461
11.943076923076923
11.966153846153846
11.708846153846155
12.032307692307693
11.925
11.839615384615383
11.404615384615385
11.405
11.244615384615384
11.099230769230768
10.738076923076923
10.891538461538461
10.474615384615387
10.978461538461538
11.401538461538461
10.523846153846154
10.463461538461539
10.363461538461538
9.41423076923077
9.287692307692307
9.112692307692308
8.638461538461538
8.801923076923076
9.195769230769232
9.204230769230769
8.714230769230769
8.177692307692308
8.496538461538462
8.938461538461539
8.922692307692309
9.123846153846154
8.93576923076923
8.454230769230769
8.168076923076923
8.175384615384615
8.827307692307691
8.58
8.522692307692308
8.326538461538462
7.639615384615384
7.4096153846153845
6.711923076923076
6.819999999999999
7.873461538461539
7.608076923076923
7.298461538461538
7.483846153846154
7.0346153846153845
6.174230769230769
5.899615384615384
5.652692307692307
5.8173076923076925
5.371153846153846
5.731153846153846
6.009230769230769
5.093076923076922
4.885769230769231
4.997307692307692
5.256923076923077
5.778076923076923
5.711538461538462
5.658461538461538
4.934230769230769
4.4350000000000005
4.109615384615385
3.8757692307692304
4.375384615384616
4.965769230769231
5.823076923076924
5.520384615384615
5.405384615384615
4.621153846153846
4.298461538461538
4.406153846153846
3.7234615384615384
3.300769230769231
3.7638461538461536
3.701923076923077
3.895769230769231
4.265384615384615
4.42576923076923
4.814615384615385
4.693076923076923
4.395384615384615
4.046538461538462
4.41
4.670384615384616
4.387692307692308
4.100769230769231
4.0903846153846155
4.259615384615385
4.342307692307693
4.4957692307692305
4.304230769230769
4.458461538461538
3.659615384615385
3.0676923076923077
3.2523076923076926
