pet
0.3188888888888889
0.325
0.37777777777777777
0.3766666666666667
0.34055555555555556
0.5249999999999999
0.39166666666666666
0.32333333333333336
0.3961111111111111
0.4494444444444444
0.4583333333333333
0.3638888888888889
0.25777777777777783
0.3516666666666667
0.4433333333333333
0.2761111111111111
0.3222222222222222
0.31444444444444447
0.21888888888888888
0.19833333333333333
0.35888888888888887
0.4883333333333334
0.43
0.5905555555555556
0.47388888888888886
0.45944444444444443
0.415
0.44611111111111107
0.31277777777777777
0.35
0.4172222222222222
0.31055555555555553
0.36444444444444446
0.33555555555555555
0.3238888888888889
0.3277777777777778
0.29388888888888887
0.3605555555555556
0.36444444444444446
0.36333333333333334
0.19
0.265
0.3488888888888889
0.3577777777777778
0.5461111111111111
0.6061111111111112
0.6111111111111112
0.5411111111111111
0.4511111111111111
0.6188888888888889
0.6261111111111111
0.5855555555555556
0.6233333333333334
0.5977777777777777
0.51
0.6327777777777778
0.5977777777777777
0.6111111111111112
0.5566666666666666
0.5538888888888889
0.45055555555555554
0.41944444444444445
0.3977777777777778
0.5266666666666667
0.6238888888888889
0.6838888888888889
0.6761111111111111
0.5561111111111111
0.6861111111111111
0.7866666666666666
0.8338888888888889
0.916111111111111
0.9561111111111111
0.9577777777777777
0.8288888888888889
0.8927777777777778
1.0205555555555557
1.0677777777777777
0.9855555555555555
1.09
0.9811111111111112
0.8972222222222221
0.9866666666666666
1.1844444444444444
1.1216666666666666
1.135
1.0294444444444446
0.9561111111111111
0.9527777777777777
0.9516666666666667
0.9083333333333334
1.105
1.1294444444444445
1.0027777777777778
1.2594444444444446
1.2744444444444445
1.1383333333333332
1.268888888888889
1.38
1.4722222222222223
1.4205555555555556
1.3338888888888887
1.3427777777777778
1.4527777777777777
1.6255555555555556
1.498888888888889
1.3794444444444443
1.63
1.8066666666666664
1.836666666666667
1.9744444444444444
2.1161111111111115
1.8961111111111113
1.8183333333333331
1.6283333333333332
1.5194444444444444
1.5555555555555556
1.6166666666666667
1.6705555555555556
1.6216666666666668
1.6966666666666665
1.7977777777777777
1.8083333333333331
2.25
2.1038888888888887
2.09
2.0838888888888887
2.2094444444444448
2.156111111111111
2.1500000000000004
1.987222222222222
2.026111111111111
1.9777777777777779
2.07
2.0877777777777777
1.885
2.1783333333333332
2.194210526315789
2.4415789473684213
2.287894736842105
2.093157894736842
1.9173684210526316
2.0921052631578947
2.1773684210526314
2.2273684210526317
2.198421052631579
2.1805263157894736
2.3063157894736843
2.466842105263158
2.4478947368421053
2.8957894736842107
2.6957894736842105
2.491052631578947
2.208421052631579
2.09
1.9663157894736842
2.1126315789473686
2.3594736842105264
2.4563157894736842
2.3994736842105264
2.3594736842105264
1.9326315789473683
1.7805263157894735
1.7363157894736843
1.9105263157894736
2.0278947368421054
2.0163157894736843
1.9515789473684209
1.7684210526315791
1.6684210526315788
1.7573684210526317
1.832105263157895
2.0236842105263158
1.9505263157894739
1.8642105263157895
1.825263157894737
2.093157894736842
2.2921052631578944
2.366842105263158
2.1452631578947368
2.217368421052632
2.3126315789473684
2.008421052631579
2.108421052631579
2.1094736842105264
2.044736842105263
1.8673684210526318
1.8326315789473684
1.761578947368421
1.8473684210526315
1.9994736842105265
1.9994736842105265
1.7236842105263157
1.778421052631579
1.7599999999999998
1.9152631578947368
2.143157894736842
2.066315789473684
2.0742105263157895
2.088421052631579
1.9842105263157896
1.8673684210526313
2.256315789473684
2.3242105263157895
2.1310526315789473
2.227894736842105
2.158421052631579
1.9510526315789474
1.706842105263158
1.7189473684210526
1.591578947368421
1.6694736842105262
1.8657894736842102
1.9057894736842105
1.905263157894737
1.756842105263158
1.6642105263157894
1.6142105263157895
1.6147368421052632
1.6331578947368421
1.601578947368421
1.6005263157894738
1.5405263157894737
1.6010526315789473
1.6689473684210527
1.661578947368421
1.511578947368421
1.5594736842105263
1.5705263157894738
1.4678947368421054
1.4957894736842106
1.5494736842105263
1.6247368421052633
1.6221052631578947
1.5789473684210527
1.3826315789473684
1.3047368421052632
1.2547368421052632
1.2378947368421052
1.2010526315789474
1.1426315789473684
1.186842105263158
1.2210526315789474
1.22
1.4184210526315788
1.466842105263158
1.5336842105263158
1.41
1.3152631578947367
1.2989473684210526
1.5342105263157895
1.2705263157894737
1.3826315789473684
1.3494736842105264
1.2921052631578949
1.1436842105263159
0.9926315789473684
0.9257894736842105
0.9984210526315789
0.9210526315789473
0.9721052631578947
1.0015789473684211
1.144736842105263
1.28
1.028421052631579
0.8789473684210526
0.9315789473684211
1.0194736842105263
1.0094736842105263
1.0342105263157897
1.0647368421052632
0.8942105263157893
0.8247368421052631
0.7433333333333334
0.7483333333333333
0.7127777777777777
0.6094444444444445
0.7283333333333333
0.7905555555555556
0.828888888888889
0.8516666666666667
0.7177777777777777
0.815
0.6605555555555556
0.6972222222222223
0.8111111111111111
0.7805555555555556
0.6672222222222222
0.4861111111111111
0.6083333333333333
0.6555555555555556
0.6994444444444444
0.7094444444444444
0.6677777777777778
0.7200000000000001
0.7477777777777778
0.5961111111111111
0.51
0.6488888888888888
0.7616666666666666
0.6122222222222222
0.5961111111111111
0.8411111111111111
0.8366666666666667
0.5555555555555556
0.5222222222222223
0.49444444444444446
0.36000000000000004
0.4088888888888889
0.6005555555555556
0.385
0.37722222222222224
0.3611111111111111
0.335
0.435
0.435
0.41111111111111115
0.6499999999999999
0.6261111111111111
0.3938888888888889
0.3622222222222222
0.5005555555555555
0.41444444444444445
0.35944444444444446
0.2516666666666667
0.20222222222222222
0.2783333333333333
0.21333333333333332
0.25
0.5266666666666667
0.33166666666666667
0.24444444444444446
0.19000000000000003
0.2733333333333333
0.2
0.3338888888888889
0.20111111111111113
0.3466666666666667
0.3005555555555556
0.2905555555555555
0.27055555555555555
0.3638888888888889
0.5383333333333333
0.5238888888888888
0.38611111111111107
0.3966666666666667
0.39111111111111113
0.4772222222222222
0.30944444444444447
0.3794444444444445
0.39722222222222225
0.48944444444444446
0.4683333333333333
0.4166666666666667
0.43166666666666664
0.5066666666666667
0.46166666666666667
0.23055555555555557
0.3277777777777778
0.34833333333333333
0.2916666666666667
0.3705555555555555
0.5294444444444444
0.5683333333333334
0.5183333333333333
