temperature
5.2437499999999995
4.504583333333334
4.105833333333334
3.95375
4.287916666666667
4.145416666666667
4.74125
4.535
4.160833333333334
4.579166666666667
4.712083333333333
4.930416666666667
4.7675
4.496666666666667
4.5975
4.1658333333333335
3.767916666666667
4.181666666666667
4.51625
3.83
3.4066666666666667
3.8766666666666665
3.8358333333333334
3.7070833333333333
4.309583333333333
4.2562500000000005
4.595833333333333
4.7299999999999995
4.407916666666666
3.734583333333333
4.355833333333333
4.648750000000001
4.43625
4.3825
5.2124999999999995
4.88375
3.9575
4.067916666666666
3.845
3.6029166666666668
3.42375
4.009583333333333
4.242083333333333
3.6741666666666664
4.351249999999999
5.100416666666667
4.757083333333333
5.192916666666666
4.8525
5.074583333333334
5.185
5.77625
5.31375
5.434583333333333
5.135416666666667
5.08875
5.005833333333333
4.924166666666667
4.411666666666666
4.296666666666667
4.5512500000000005
4.411666666666666
4.285833333333334
4.7316666666666665
5.2525
5.896666666666667
6.5425
7.007083333333333
6.828749999999999
6.575833333333333
6.60125
5.701250000000001
7.103750000000001
7.7179166666666665
7.368333333333333
6.892083333333333
6.532916666666666
6.667916666666667
6.224166666666666
6.939166666666666
6.6674999999999995
7.170833333333333
7.242916666666667
7.147083333333334
6.994583333333334
7.022083333333334
7.800833333333333
7.9383333333333335
8.550416666666667
8.18375
8.059583333333334
8.3025
8.424999999999999
7.77
8.295833333333333
7.983333333333333
7.20375
7.782916666666666
8.652916666666666
8.075000000000001
8.019583333333333
8.166666666666666
8.387500000000001
8.969583333333333
9.10125
8.592916666666667
9.139166666666666
8.815
8.924166666666666
9.598333333333333
10.451666666666666
10.76375
10.872083333333334
11.060416666666667
10.152916666666666
9.495416666666666
9.650833333333333
9.596666666666666
9.094166666666666
9.883750000000001
10.268333333333333
10.217916666666666
10.485416666666667
10.225416666666666
10.829583333333334
11.4275
12.1475
11.89625
12.03375
12.472916666666668
11.782083333333333
11.376666666666667
11.449166666666665
11.027083333333332
11.8225
12.027916666666668
11.908333333333333
12.182083333333333
12.643749999999999
12.555833333333332
12.75
12.8275
13.23625
13.22125
13.535833333333334
13.456249999999999
13.721666666666666
13.354583333333332
13.292916666666665
13.336666666666666
13.77375
14.775416666666667
14.827083333333334
14.189583333333333
13.625416666666666
13.277083333333332
13.365
13.770833333333334
14.1725
14.877916666666666
14.352916666666667
14.6725
14.335833333333333
15.005833333333333
15.249166666666667
15.288333333333334
15.875
16.178333333333335
15.722083333333332
15.650833333333333
15.376666666666667
15.36625
15.305833333333332
15.859166666666667
15.866666666666667
16.104166666666668
16.65041666666667
16.26625
15.981250000000001
16.493750000000002
16.36
16.906666666666666
16.915833333333335
16.50916666666667
16.760416666666668
16.9225
16.862916666666667
16.555
16.607499999999998
16.837500000000002
16.84
16.419999999999998
16.475416666666668
16.517500000000002
16.88083333333333
17.002916666666668
17.612916666666667
17.78
18.4975
18.603333333333335
17.469166666666666
17.169583333333332
17.344166666666666
17.980416666666667
18.065
18.3725
17.982499999999998
17.733333333333334
17.728333333333335
17.322083333333335
17.2575
17.6275
18.02625
17.724999999999998
17.80333333333333
17.44666666666667
17.677083333333332
17.908333333333335
17.498333333333335
17.854166666666668
17.200416666666666
16.98375
18.149583333333336
17.164583333333333
17.6125
17.329166666666666
17.016666666666666
16.582
17.1096
17.0028
16.646
16.4164
16.6652
16.996
16.648400000000002
16.1896
17.1312
16.1992
15.9
15.816400000000002
15.6664
15.218399999999999
15.152000000000001
15.1216
16.1276
15.658400000000002
15.974
16.0676
15.4916
15.140799999999999
15.529200000000001
15.2172
15.834000000000001
15.55
14.8068
14.732000000000001
14.5296
14.4528
14.0704
13.581600000000002
14.168399999999998
14.225999999999999
14.4376
14.2296
14.0496
13.7312
13.2416
13.1896
13.1908
13.4268
13.431600000000001
13.3388
13.611200000000002
12.96125
12.350833333333334
12.060416666666667
11.46375
12.0
11.345833333333333
11.3825
11.902916666666668
11.918333333333335
12.417916666666668
11.539583333333333
11.618333333333334
11.567083333333334
10.9925
10.851666666666667
10.927083333333334
10.21625
10.321666666666667
10.072083333333333
10.115833333333333
10.688749999999999
10.226666666666667
10.605416666666667
10.632083333333334
10.643749999999999
10.205
10.218333333333334
10.089583333333334
9.741666666666667
9.965
9.8475
9.374583333333334
9.020833333333334
8.418750000000001
7.927499999999999
7.9975
8.127916666666666
7.921250000000001
7.707916666666667
7.736249999999999
8.365
8.28375
7.864999999999999
7.77375
7.337083333333333
7.486666666666667
6.771666666666667
6.873333333333334
6.72375
6.265833333333333
5.930416666666666
6.163333333333333
6.05875
5.611666666666667
6.166666666666667
5.979583333333333
6.15875
6.072916666666667
5.989166666666667
5.6675
5.547083333333333
5.3029166666666665
5.187916666666666
5.015833333333333
4.9870833333333335
5.506666666666667
5.5616666666666665
5.04625
5.015
4.64875
4.6025
4.405833333333333
5.0975
4.705
4.8845833333333335
5.005
4.648333333333333
4.245
3.9095833333333334
3.5862499999999997
3.9
4.980833333333333
5.33875
6.041250000000001
6.016666666666667
4.92375
4.986666666666666
4.52875
3.7708333333333335
4.495416666666666
5.017916666666667
4.824166666666667
