pet
0.31
0.24423076923076925
0.18153846153846154
0.315
0.4088461538461538
0.31769230769230766
0.365
0.37000000000000005
0.3688461538461538
0.42
0.3946153846153846
0.34500000000000003
0.3811538461538462
0.36
0.4107692307692308
0.3346153846153846
0.24192307692307694
0.30192307692307696
0.34153846153846157
0.38153846153846155
0.4623076923076923
0.31769230769230766
0.34346153846153843
0.3442307692307693
0.26807692307692305
0.3080769230769231
0.245
0.3261538461538462
0.4238461538461538
0.36
0.4057692307692307
0.3869230769230769
0.4592307692307692
0.4642307692307692
0.4676923076923077
0.6038461538461539
0.5415384615384615
0.38769230769230767
0.3596153846153846
0.40192307692307694
0.3046153846153846
0.28500000000000003
0.32499999999999996
0.2753846153846154
0.321923076923077
0.27384615384615385
0.30423076923076925
0.36423076923076925
0.3396153846153846
0.37423076923076926
0.4019230769230769
0.39923076923076917
0.5111538461538462
0.5615384615384615
0.5069230769230769
0.48653846153846153
0.49461538461538457
0.5946153846153847
0.5176923076923077
0.5711538461538461
0.625
0.6038461538461538
0.6696153846153846
0.8338461538461538
0.856923076923077
0.9557692307692308
0.7788461538461539
0.7903846153846155
0.8776923076923077
0.8511538461538461
0.8903846153846153
0.8242307692307692
0.6542307692307693
0.6696153846153846
0.7226923076923076
0.8211538461538462
0.6923076923076923
0.675
0.6773076923076923
0.7396153846153847
0.8088461538461539
0.8188461538461538
0.8273076923076924
0.8088461538461539
0.8196153846153845
0.9084615384615385
0.8530769230769231
0.9996153846153846
1.0230769230769232
1.1265384615384615
1.1411538461538462
0.895
0.878076923076923
1.0123076923076924
1.0473076923076923
1.0757692307692308
1.0046153846153847
0.9276923076923077
1.0926923076923076
1.3988461538461539
1.433076923076923
1.2803846153846155
1.2003846153846154
1.4334615384615386
1.5265384615384614
1.5069230769230768
1.4688461538461537
1.6726923076923077
1.501923076923077
1.5050000000000001
1.5707692307692307
1.595
1.611923076923077
1.6300000000000001
1.496923076923077
1.5973076923076923
1.5976923076923077
1.5723076923076924
1.6292307692307693
1.6588461538461539
1.685
1.7111538461538462
1.9034615384615385
1.9473076923076924
1.7265384615384616
2.0234615384615386
2.1273076923076926
1.893846153846154
1.9296153846153847
2.051153846153846
2.042307692307692
2.0942307692307693
2.0615384615384618
2.022307692307692
2.1569230769230767
1.9303846153846154
2.1634615384615383
2.1123076923076924
2.1007692307692305
2.319230769230769
2.3203846153846155
2.329230769230769
2.3776923076923078
2.487692307692307
2.4515384615384614
2.441538461538461
2.370769230769231
2.2823076923076924
2.311153846153846
2.3430769230769233
2.504230769230769
2.461153846153846
2.272307692307692
2.2419230769230767
2.253461538461538
2.318846153846154
2.191153846153846
2.1584615384615384
2.267692307692308
2.1573076923076924
2.194230769230769
2.147692307692308
2.082692307692308
2.026153846153846
2.1092307692307695
2.1346153846153846
2.3261538461538462
2.2484615384615383
2.336153846153846
2.4257692307692307
2.108846153846154
2.139615384615385
2.18
2.1276923076923078
2.208846153846154
2.311923076923077
2.2403846153846154
2.153076923076923
2.2742307692307695
2.293076923076923
2.4657692307692307
2.2403846153846154
2.292307692307692
2.389615384615385
2.395769230769231
2.2788461538461537
2.5034615384615386
2.5999999999999996
2.4007692307692308
2.312307692307692
2.336923076923077
2.4615384615384617
2.3030769230769232
2.4688461538461537
2.3376923076923077
2.144230769230769
2.0173076923076922
1.9549999999999998
2.0603846153846153
2.38
2.1565384615384615
2.0538461538461537
2.081153846153846
2.004230769230769
2.2180769230769233
2.263076923076923
2.370769230769231
2.2634615384615384
2.2192307692307693
2.1242307692307696
2.2219230769230767
1.9273076923076924
2.0903846153846155
2.105769230769231
2.048076923076923
1.8707692307692307
1.9726923076923077
1.9903846153846154
1.728076923076923
1.8442307692307693
1.8369230769230769
1.8203846153846153
1.959230769230769
1.889230769230769
1.9357692307692307
1.8996153846153847
1.931923076923077
1.7134615384615384
1.7446153846153847
1.7980769230769231
1.845
1.8653846153846154
1.885
1.76
1.73
1.7326923076923075
1.581923076923077
1.5380769230769231
1.5438461538461539
1.723076923076923
1.5338461538461539
1.4426923076923077
1.4553846153846153
1.4911538461538463
1.49
1.4830769230769232
1.4030769230769229
1.1784615384615384
1.29
1.385
1.2738461538461539
1.29
1.2492307692307694
1.0876923076923077
1.19
1.0961538461538463
1.058846153846154
1.05
1.261923076923077
1.2865384615384616
1.0976923076923077
1.0992307692307692
1.135
1.145
1.0923076923076922
1.113846153846154
0.7980769230769231
0.7557692307692307
0.9046153846153846
0.9223076923076923
1.0507692307692307
1.0584615384615383
1.1196153846153847
0.9773076923076923
1.0696153846153846
0.98
0.9415384615384615
0.8773076923076922
0.8411538461538461
0.7734615384615384
0.86
0.8196153846153845
0.7065384615384616
0.8261538461538461
0.7957692307692308
0.7407692307692307
0.7192307692307692
0.6673076923076924
0.5911538461538461
0.5834615384615385
0.5707692307692308
0.5803846153846154
0.47384615384615386
0.49076923076923074
0.5965384615384616
0.6334615384615384
0.6142307692307691
0.59
0.573076923076923
0.5530769230769231
0.5715384615384616
0.5976923076923076
0.6565384615384615
0.5534615384615384
0.5392307692307692
0.5869230769230769
0.6188461538461538
0.4896153846153846
0.41884615384615387
0.49153846153846154
0.5696153846153846
0.4803846153846154
0.5380769230769231
0.5861538461538461
0.43961538461538463
0.37461538461538463
0.3638461538461539
0.3719230769230769
0.3353846153846154
0.2673076923076923
0.3353846153846154
0.33999999999999997
0.22423076923076923
0.18884615384615386
0.4003846153846154
0.48307692307692307
0.4461538461538461
0.4003846153846154
0.46192307692307694
0.3373076923076923
0.28846153846153844
0.33692307692307694
0.3119230769230769
0.33076923076923076
0.39653846153846156
0.4411538461538462
0.44153846153846155
0.38346153846153846
0.28307692307692306
0.18615384615384614
0.18076923076923077
0.22653846153846152
0.2580769230769231
0.3480769230769231
0.3446153846153846
0.2896153846153846
0.31923076923076926
0.3353846153846154
0.32923076923076927
0.2623076923076923
0.26884615384615385
0.2853846153846154
0.2246153846153846
0.3438461538461538
0.3080769230769231
0.30653846153846154
0.3173076923076923
0.4115384615384615
0.4153846153846154
0.3923076923076923
0.3984615384615384
0.43884615384615383
0.3638461538461538
0.32846153846153847
0.34423076923076923
