pet
0.46653846153846157
0.4123076923076923
0.3457692307692308
0.5069230769230769
0.6003846153846154
0.47692307692307695
0.5034615384615384
0.5438461538461539
0.5573076923076923
0.6119230769230769
0.5557692307692308
0.475
0.5288461538461539
0.5642307692307692
0.5661538461538462
0.4938461538461538
0.42
0.4988461538461539
0.5415384615384615
0.5596153846153846
0.6096153846153846
0.46115384615384614
0.5161538461538462
0.5223076923076924
0.3915384615384615
0.43115384615384617
0.3723076923076923
0.4788461538461538
0.5388461538461539
0.4896153846153846
0.5192307692307693
0.5361538461538461
0.6253846153846154
0.6457692307692308
0.6461538461538462
0.7538461538461539
0.6534615384615384
0.5461538461538461
0.5184615384615385
0.5342307692307693
0.4165384615384615
0.42
0.43961538461538463
0.4103846153846154
0.4573076923076923
0.4034615384615385
0.3896153846153846
0.4573076923076923
0.47000000000000003
0.46192307692307694
0.5092307692307693
0.5357692307692308
0.6392307692307693
0.6815384615384615
0.6484615384615384
0.6323076923076923
0.6223076923076923
0.7473076923076923
0.6484615384615384
0.6976923076923077
0.7715384615384615
0.7461538461538461
0.841923076923077
0.9642307692307692
1.0176923076923077
1.0984615384615384
0.9330769230769231
0.9615384615384616
1.0765384615384614
1.0561538461538462
1.0534615384615384
0.943076923076923
0.7646153846153846
0.8099999999999999
0.871923076923077
0.963076923076923
0.8996153846153846
0.8853846153846153
0.8503846153846154
0.856923076923077
0.961923076923077
1.0157692307692308
1.0215384615384615
0.9688461538461539
1.0326923076923078
1.0257692307692308
0.9988461538461538
1.1615384615384614
1.2511538461538463
1.326153846153846
1.3046153846153847
1.0061538461538462
1.0423076923076924
1.2153846153846155
1.2134615384615386
1.25
1.2403846153846154
1.1173076923076923
1.3053846153846154
1.5784615384615384
1.5561538461538462
1.511153846153846
1.383076923076923
1.6192307692307693
1.7523076923076923
1.7038461538461538
1.679230769230769
1.8665384615384615
1.6576923076923078
1.645
1.7515384615384615
1.8873076923076924
1.8353846153846154
1.8634615384615385
1.7161538461538464
1.8446153846153845
1.835
1.7988461538461538
1.8384615384615384
1.7996153846153846
1.9276923076923076
2.0153846153846153
2.2053846153846153
2.2157692307692307
2.029230769230769
2.335
2.3592307692307695
2.1492307692307695
2.1346153846153846
2.228846153846154
2.3446153846153845
2.426923076923077
2.305
2.3684615384615384
2.411153846153846
2.1984615384615385
2.459230769230769
2.256153846153846
2.433076923076923
2.631153846153846
2.6580769230769232
2.617692307692308
2.6796153846153845
2.7842307692307693
2.7403846153846154
2.571923076923077
2.565
2.4376923076923074
2.505769230769231
2.5276923076923077
2.6465384615384617
2.5484615384615386
2.3396153846153847
2.370769230769231
2.266923076923077
2.348846153846154
2.2834615384615384
2.249230769230769
2.3038461538461537
2.3165384615384617
2.2815384615384615
2.191153846153846
2.085769230769231
2.0203846153846152
2.1126923076923076
2.265
2.345769230769231
2.25
2.255
2.4050000000000002
2.2011538461538462
2.2526923076923078
2.249230769230769
2.185
2.2623076923076924
2.257307692307692
2.256923076923077
2.1946153846153846
2.315384615384615
2.3742307692307696
2.4934615384615384
2.2665384615384614
2.295
2.501923076923077
2.5203846153846152
2.4257692307692307
2.5865384615384617
2.6803846153846154
2.4326923076923075
2.426153846153846
2.4038461538461537
2.4946153846153845
2.376923076923077
2.5142307692307693
2.3803846153846155
2.212307692307692
2.1153846153846154
2.0023076923076926
2.1196153846153845
2.391923076923077
2.209230769230769
2.1146153846153846
2.154230769230769
2.2015384615384614
2.3026923076923076
2.3303846153846157
2.3996153846153847
2.3134615384615382
2.223846153846154
2.1665384615384613
2.2146153846153847
2.006923076923077
2.142692307692308
2.183461538461539
2.151153846153846
1.9196153846153845
2.018076923076923
2.0523076923076924
1.738076923076923
1.919230769230769
1.8784615384615386
1.918076923076923
1.988846153846154
1.8846153846153846
1.9046153846153844
1.9542307692307692
1.963846153846154
1.7646153846153847
1.8711538461538462
1.9123076923076923
1.9396153846153845
1.993846153846154
1.9734615384615386
1.8815384615384616
1.8273076923076923
1.8699999999999999
1.7115384615384615
1.639230769230769
1.6538461538461537
1.8111538461538463
1.6696153846153847
1.508076923076923
1.603076923076923
1.5657692307692308
1.6126923076923076
1.5461538461538462
1.5342307692307693
1.3334615384615385
1.4200000000000002
1.5223076923076921
1.4203846153846154
1.4065384615384615
1.2965384615384616
1.168076923076923
1.2369230769230768
1.1696153846153847
1.1646153846153846
1.1407692307692308
1.304230769230769
1.3511538461538461
1.168076923076923
1.2738461538461539
1.283076923076923
1.2753846153846156
1.1961538461538461
1.228076923076923
0.9299999999999999
0.8523076923076923
0.9561538461538461
0.99
1.1957692307692307
1.1703846153846154
1.21
1.1311538461538462
1.1446153846153846
1.148076923076923
1.093846153846154
1.0407692307692307
1.0046153846153847
0.931923076923077
1.083846153846154
1.0042307692307693
0.8607692307692307
1.0084615384615385
0.943076923076923
0.928076923076923
0.8526923076923077
0.7746153846153846
0.7492307692307693
0.7384615384615384
0.7599999999999999
0.7707692307692308
0.6253846153846153
0.6373076923076924
0.7696153846153847
0.8461538461538461
0.7511538461538462
0.7484615384615385
0.6676923076923077
0.7326923076923078
0.7557692307692307
0.7896153846153846
0.8919230769230769
0.7673076923076922
0.7146153846153847
0.7857692307692308
0.8200000000000001
0.6523076923076924
0.5961538461538461
0.6507692307692307
0.7803846153846153
0.7030769230769232
0.7546153846153847
0.7973076923076923
0.6946153846153845
0.58
0.5376923076923077
0.5380769230769231
0.5119230769230769
0.43038461538461537
0.4596153846153846
0.4973076923076923
0.33692307692307694
0.31884615384615383
0.5353846153846153
0.6353846153846153
0.6115384615384616
0.5284615384615384
0.6307692307692307
0.485
0.4592307692307692
0.49269230769230765
0.4719230769230769
0.485
0.5673076923076923
0.6484615384615384
0.5853846153846154
0.5592307692307692
0.4269230769230769
0.3211538461538461
0.29653846153846153
0.3723076923076923
0.43653846153846154
0.515
0.49500000000000005
0.46576923076923077
0.4773076923076923
0.46807692307692306
0.5153846153846154
0.4380769230769231
0.4184615384615385
0.4096153846153846
0.37692307692307697
0.47423076923076923
0.43346153846153845
0.43346153846153845
0.4580769230769231
0.546923076923077
0.5623076923076923
0.5515384615384615
0.5615384615384615
0.5996153846153847
0.53
0.44846153846153847
0.47923076923076924
