temperature
2.7657692307692305
2.5176923076923075
2.411153846153846
3.143076923076923
3.4273076923076924
2.7773076923076925
2.960384615384615
3.292692307692308
3.170384615384615
2.958846153846154
2.4446153846153846
1.8576923076923075
2.6165384615384615
3.120769230769231
3.0103846153846154
2.5576923076923075
2.1599999999999997
2.5250000000000004
2.8673076923076923
3.0915384615384616
3.3096153846153844
2.7638461538461536
2.8061538461538458
2.805769230769231
2.039230769230769
1.9911538461538463
1.9684615384615385
2.353846153846154
2.449615384615385
1.9526923076923077
1.9507692307692308
2.4826923076923078
3.132307692307692
3.121923076923077
3.022692307692308
3.4346153846153844
2.8649999999999998
2.566923076923077
2.416923076923077
2.3461538461538463
1.7042307692307692
1.8153846153846156
1.9511538461538462
1.758846153846154
1.5676923076923077
1.365
1.376923076923077
1.8942307692307692
1.9115384615384616
1.8676923076923078
2.0696153846153846
2.276153846153846
2.751153846153846
2.902307692307692
2.8407692307692307
2.6607692307692306
2.5203846153846152
3.2788461538461537
2.7911538461538465
2.943076923076923
3.1465384615384617
2.98
3.394230769230769
3.9953846153846153
4.297307692307692
4.509230769230769
3.9842307692307695
4.006923076923077
4.434230769230769
4.411153846153846
4.412307692307692
3.9403846153846156
3.121923076923077
3.4042307692307694
3.4596153846153848
3.7434615384615384
3.5942307692307693
3.6184615384615384
3.3969230769230765
3.3888461538461536
3.7719230769230765
4.098461538461539
4.187692307692307
4.077307692307692
4.298846153846154
3.9784615384615383
3.8765384615384613
4.664230769230769
5.038076923076924
5.199999999999999
4.968076923076922
3.88
3.9669230769230768
4.666538461538462
4.67
4.897692307692308
4.804230769230769
4.115384615384615
4.823846153846154
5.700384615384616
5.699999999999999
5.71076923076923
5.151153846153846
6.078076923076923
6.594615384615385
6.423461538461538
6.283461538461538
6.888076923076923
6.345
6.30576923076923
6.601153846153846
7.040384615384616
6.752307692307692
6.791923076923077
6.288076923076924
6.772692307692308
6.730384615384616
6.636153846153846
6.986538461538462
6.893846153846154
6.864230769230769
7.143076923076923
7.622692307692308
7.730384615384616
7.4496153846153845
8.333076923076923
8.435
7.881923076923077
7.8476923076923075
8.105
8.48576923076923
8.663846153846153
8.38923076923077
8.609615384615385
8.869615384615384
8.4
9.100769230769231
8.531538461538462
9.115384615384615
9.746538461538462
9.951538461538462
9.904615384615385
10.176923076923078
10.488076923076923
10.415384615384616
10.00923076923077
10.038846153846153
9.820769230769232
9.976153846153846
10.08769230769231
10.473076923076924
10.98076923076923
10.498846153846156
10.762692307692307
10.528846153846153
10.84
10.736923076923079
10.704230769230769
10.966923076923077
11.143461538461539
11.113461538461538
10.938461538461537
10.624615384615385
10.334999999999999
10.773846153846154
11.426153846153845
11.717692307692309
11.56
11.617307692307692
12.099615384615387
11.620384615384616
11.767307692307693
11.831923076923077
11.71923076923077
12.079615384615384
12.168076923076923
12.199615384615385
11.933076923076923
12.492307692307692
12.737692307692308
13.19346153846154
12.584615384615384
12.780384615384616
13.448846153846155
13.549615384615386
13.38076923076923
13.893846153846154
14.143461538461539
13.534230769230769
13.618461538461538
13.545384615384616
13.915000000000001
13.638076923076925
14.099230769230768
13.766153846153847
13.299230769230768
13.086153846153847
12.781153846153845
13.163076923076924
14.083076923076923
13.588461538461539
13.305384615384614
13.407692307692308
13.511923076923077
13.889999999999999
14.098461538461539
14.390384615384615
14.164230769230768
13.947307692307692
13.803076923076922
13.955
13.174230769230768
13.713461538461539
13.873076923076923
13.836923076923076
13.136538461538462
13.417307692307693
13.679230769230768
12.675384615384615
13.269615384615385
13.199615384615385
13.396538461538462
13.653076923076924
13.293846153846154
13.364615384615385
13.529615384615385
13.586153846153847
12.927692307692308
13.19846153846154
13.536923076923076
13.528076923076924
13.668461538461539
13.70923076923077
13.264615384615384
13.081153846153846
13.328076923076924
12.868076923076924
12.526153846153846
12.466153846153846
13.162307692307694
12.731153846153846
12.11076923076923
12.467692307692309
12.196153846153846
12.274615384615384
11.951923076923077
12.008846153846154
11.205
11.507692307692308
11.882307692307693
11.42153846153846
11.498846153846156
10.827307692307691
10.545769230769231
10.756538461538462
10.481538461538461
10.401538461538461
10.318846153846154
11.007307692307693
11.067692307692308
10.559615384615386
10.892692307692307
10.865384615384615
10.56
10.520384615384614
10.544230769230769
9.582692307692309
9.213076923076922
9.376153846153846
9.395
10.23076923076923
10.155
10.25
9.99923076923077
9.856923076923076
9.806923076923077
9.686923076923078
9.529230769230768
9.492692307692307
9.063461538461539
9.6
9.406923076923077
8.528846153846153
8.874615384615385
8.521153846153847
8.262307692307692
8.091153846153846
7.943461538461539
7.7069230769230765
7.403846153846154
7.798846153846155
7.793461538461538
6.7773076923076925
7.184230769230769
7.641153846153847
7.943461538461539
7.694999999999999
7.571923076923077
7.265000000000001
7.321153846153846
7.102307692307692
7.243461538461539
7.53
6.990769230769231
6.707307692307692
6.971153846153846
6.920384615384616
6.301923076923076
5.91423076923077
6.1
6.629615384615385
6.474615384615385
6.162692307692307
6.443076923076924
6.091923076923077
5.315384615384615
4.836538461538462
4.618076923076923
4.992692307692308
4.411538461538462
4.423076923076923
4.53
3.6903846153846156
3.6653846153846152
4.227692307692307
4.665384615384616
4.638461538461538
4.507692307692308
4.662692307692308
3.884230769230769
3.7703846153846152
3.7684615384615388
3.551153846153846
3.6915384615384617
4.231923076923077
4.6523076923076925
4.416153846153846
4.373461538461539
4.119230769230769
3.375
2.869230769230769
3.0707692307692307
3.5096153846153846
3.701923076923077
3.6115384615384616
3.6876923076923074
3.7157692307692307
3.753076923076923
4.091153846153846
3.6815384615384614
3.1796153846153845
3.3469230769230767
3.3153846153846156
3.4403846153846156
3.2207692307692306
3.172692307692308
3.5819230769230774
3.733461538461538
3.7346153846153842
3.3123076923076926
3.0865384615384617
3.4453846153846155
3.0900000000000003
2.8850000000000002
2.6665384615384613
