pet
0.42153846153846153
0.4580769230769231
0.4173076923076924
0.5826923076923077
0.6119230769230769
0.3934615384615385
0.48000000000000004
0.583076923076923
0.5657692307692308
0.5634615384615385
0.4238461538461538
0.37846153846153846
0.40807692307692306
0.4765384615384616
0.4180769230769231
0.4230769230769231
0.33
0.3984615384615384
0.4257692307692308
0.5007692307692307
0.6138461538461539
0.5542307692307692
0.5638461538461539
0.5507692307692308
0.5126923076923077
0.5380769230769231
0.5007692307692307
0.5130769230769231
0.49615384615384617
0.4330769230769231
0.525
0.5307692307692308
0.5911538461538461
0.6203846153846153
0.7019230769230769
0.7673076923076922
0.7203846153846154
0.6792307692307692
0.6457692307692308
0.5638461538461539
0.5511538461538461
0.5738461538461539
0.5184615384615385
0.4453846153846154
0.4411538461538462
0.45692307692307693
0.4773076923076923
0.5742307692307692
0.52
0.5700000000000001
0.5619230769230769
0.5303846153846153
0.6653846153846155
0.7303846153846154
0.6276923076923077
0.6407692307692308
0.7853846153846155
0.8134615384615385
0.7776923076923077
0.8242307692307692
0.9688461538461539
0.8665384615384616
0.8680769230769231
0.9742307692307691
1.0038461538461538
1.0223076923076921
1.005
1.0234615384615384
1.1192307692307693
1.0461538461538462
1.0342307692307693
1.0407692307692307
0.948076923076923
1.0007692307692309
1.0065384615384614
1.1034615384615385
1.0723076923076922
1.0061538461538462
1.0361538461538462
1.0146153846153845
1.103076923076923
1.29
1.3223076923076924
1.2284615384615385
1.2396153846153846
1.2265384615384616
1.1723076923076923
1.2634615384615384
1.315
1.4923076923076921
1.3365384615384615
1.2011538461538462
1.106923076923077
1.196923076923077
1.2426923076923078
1.3880769230769232
1.4953846153846155
1.3596153846153847
1.4946153846153847
1.65
1.6776923076923076
1.7303846153846154
1.6342307692307694
1.6907692307692308
1.9115384615384614
1.8973076923076921
1.793076923076923
1.956923076923077
1.8815384615384616
1.816923076923077
1.9923076923076921
2.1357692307692306
1.9415384615384614
1.948846153846154
1.9257692307692307
1.9203846153846154
2.059230769230769
1.9942307692307693
2.101923076923077
2.0569230769230766
1.9761538461538461
2.2715384615384613
2.306153846153846
2.3053846153846154
2.4280769230769232
2.3596153846153847
2.482307692307692
2.389615384615385
2.4196153846153847
2.416923076923077
2.5726923076923076
2.4780769230769226
2.4903846153846154
2.5176923076923075
2.6426923076923075
2.491153846153846
2.454230769230769
2.4934615384615384
2.67
2.8288461538461536
2.795
2.9069230769230767
2.86
2.947307692307692
2.852307692307692
2.796538461538461
2.7157692307692307
2.6315384615384616
2.708846153846154
2.623846153846154
2.733846153846154
2.5726923076923076
2.4469230769230768
2.435769230769231
2.3611538461538464
2.4823076923076925
2.3565384615384612
2.3742307692307696
2.48
2.448846153846154
2.313076923076923
2.355769230769231
2.3611538461538464
2.3449999999999998
2.3846153846153846
2.441153846153846
2.661538461538462
2.5007692307692304
2.4861538461538464
2.579230769230769
2.7199999999999998
2.5534615384615384
2.4811538461538465
2.468461538461539
2.486923076923077
2.585384615384615
2.6957692307692307
2.5742307692307693
2.6576923076923076
2.6773076923076924
2.688846153846154
2.5319230769230767
2.504230769230769
2.68
2.916923076923077
2.808076923076923
2.748846153846154
2.7734615384615386
2.9088461538461536
2.771153846153846
2.6992307692307693
2.789230769230769
2.712307692307692
2.8053846153846154
2.724615384615385
2.631923076923077
2.516923076923077
2.4996153846153844
2.5034615384615386
2.7207692307692306
2.691923076923077
2.5492307692307694
2.5292307692307694
2.602692307692308
2.441923076923077
2.636923076923077
2.5265384615384616
2.7399999999999998
2.6353846153846154
2.7546153846153847
2.838461538461538
2.4211538461538464
2.4096153846153845
2.575384615384616
2.4892307692307694
2.381923076923077
2.4123076923076923
2.25
2.1123076923076924
2.3503846153846153
2.305769230769231
2.198846153846154
2.2953846153846156
2.2653846153846153
2.253846153846154
2.312692307692308
2.295769230769231
2.210384615384615
2.166923076923077
2.2546153846153847
2.397307692307692
2.3923076923076922
2.3626923076923076
2.1123076923076924
1.9773076923076924
2.0919230769230768
2.051923076923077
2.0280769230769233
1.9253846153846155
1.9707692307692308
1.9242307692307692
1.8323076923076924
1.9196153846153845
1.8657692307692306
1.8896153846153847
1.7503846153846152
1.7988461538461538
1.708846153846154
1.7673076923076925
1.8973076923076921
1.8980769230769232
1.804230769230769
1.5853846153846154
1.5607692307692307
1.5642307692307693
1.4265384615384613
1.4742307692307692
1.5150000000000001
1.5469230769230768
1.5215384615384617
1.4876923076923076
1.3842307692307694
1.4123076923076923
1.406923076923077
1.3165384615384614
1.3834615384615385
1.3446153846153845
1.2915384615384615
1.2703846153846154
1.2550000000000001
1.3680769230769232
1.2776923076923077
1.25
1.1884615384615385
1.2669230769230768
1.1719230769230768
1.1719230769230768
1.07
1.0811538461538461
1.0257692307692308
1.135
1.1923076923076923
1.0515384615384615
1.046923076923077
1.0711538461538461
0.8576923076923078
0.9273076923076923
0.8753846153846154
0.7876923076923077
0.8123076923076924
0.886923076923077
0.8580769230769231
0.8034615384615384
0.6923076923076923
0.7073076923076923
0.7926923076923077
0.7226923076923076
0.8103846153846154
0.7365384615384615
0.7907692307692307
0.7219230769230769
0.8084615384615385
0.9034615384615384
0.841923076923077
0.8811538461538462
0.855
0.7042307692307692
0.6838461538461539
0.6165384615384616
0.6792307692307692
0.8038461538461538
0.7426923076923077
0.7388461538461539
0.7426923076923077
0.6319230769230769
0.52
0.5492307692307692
0.5219230769230769
0.56
0.49153846153846154
0.5634615384615385
0.6080769230769231
0.45461538461538464
0.44576923076923075
0.4703846153846154
0.5446153846153846
0.6423076923076922
0.5438461538461539
0.5688461538461539
0.5365384615384615
0.41615384615384615
0.37461538461538463
0.4380769230769231
0.5503846153846154
0.5442307692307693
0.6096153846153846
0.5353846153846153
0.5038461538461538
0.37846153846153846
0.3853846153846154
0.4373076923076923
0.29
0.3123076923076923
0.3915384615384615
0.40692307692307694
0.49807692307692303
0.4646153846153846
0.4519230769230769
0.44999999999999996
0.44423076923076926
0.46384615384615385
0.40576923076923077
0.4603846153846154
0.5465384615384615
0.5215384615384615
0.5319230769230769
0.525
0.5315384615384615
0.5126923076923077
0.6023076923076923
0.5857692307692308
0.6319230769230769
0.45692307692307693
0.37115384615384617
0.4673076923076923
