temperature
4.171739130434783
4.120869565217391
3.5704347826086957
3.356086956521739
3.8108695652173914
3.927391304347826
4.5230434782608695
4.084347826086956
3.83
4.653913043478261
4.773478260869566
4.640434782608695
4.26304347826087
4.142173913043478
4.496956521739131
4.1326086956521735
3.634782608695652
3.9726086956521742
4.258695652173913
3.9269565217391307
3.6295652173913044
3.6869565217391305
3.613913043478261
3.9830434782608695
4.413913043478261
4.503478260869565
4.509130434782609
4.427826086956522
3.9391304347826086
3.528695652173913
4.002173913043478
4.338260869565217
4.108260869565218
4.008260869565217
4.6234782608695655
4.374347826086956
3.7656521739130433
3.8347826086956522
3.88
3.521304347826087
3.5539130434782606
3.9391304347826086
4.2330434782608695
3.817391304347826
4.3334782608695654
5.003043478260869
4.583913043478261
4.672173913043479
4.53
4.570869565217391
4.681304347826087
5.386086956521739
4.8786956521739135
5.004347826086956
4.6573913043478266
5.0926086956521734
4.568695652173913
4.238695652173913
3.783478260869565
3.6621739130434783
3.8656521739130434
3.9182608695652177
3.9956521739130437
4.246086956521739
5.014782608695652
5.467391304347826
5.8500000000000005
6.371739130434783
6.0752173913043475
5.889130434782608
5.311304347826087
5.111304347826087
6.117826086956522
6.8039130434782615
6.643913043478261
6.188260869565218
5.921739130434782
6.459130434782609
5.85304347826087
6.382608695652174
6.240869565217391
6.610434782608695
6.809565217391304
6.851739130434782
7.247391304347826
7.101304347826086
6.859565217391305
7.063043478260869
7.600434782608696
7.363043478260869
7.03
7.272608695652174
7.481739130434783
6.8500000000000005
7.325652173913044
7.079130434782608
6.418695652173913
7.287826086956522
7.4943478260869565
7.564347826086958
7.614347826086957
7.448695652173913
8.19
8.28
8.38
8.387826086956522
8.695652173913043
8.249130434782609
8.292608695652174
9.338260869565218
10.019130434782609
10.252608695652174
10.110434782608696
10.211304347826086
9.28695652173913
8.868695652173912
8.953913043478261
8.752173913043478
8.662173913043478
9.176521739130434
9.474782608695653
9.220434782608695
9.647826086956522
9.902608695652173
9.991304347826087
9.90304347826087
11.104347826086956
10.935217391304347
11.155217391304348
11.588260869565216
10.931739130434783
10.51695652173913
10.888260869565217
10.407391304347826
11.038695652173912
11.16391304347826
11.15375
11.219583333333333
11.56125
11.395416666666668
12.214166666666666
11.750416666666666
12.024166666666666
11.829166666666666
12.235833333333334
12.303333333333335
12.59875
12.285833333333334
12.362499999999999
12.527499999999998
13.25625
14.314583333333333
13.680416666666666
13.237916666666665
12.638333333333334
12.687083333333334
12.810833333333333
13.394583333333335
13.471666666666666
13.7425
14.012083333333335
13.564166666666667
13.33625
13.293333333333335
13.448749999999999
13.839166666666666
14.909583333333332
14.692916666666667
14.829583333333334
14.25875
13.829166666666666
13.776666666666666
14.15875
14.45125
14.557916666666666
14.655416666666667
15.449166666666665
14.877916666666666
14.700416666666667
15.337083333333332
15.1725
15.500833333333333
15.637083333333335
15.3025
15.565416666666666
15.49
15.39875
15.2275
15.112916666666665
15.302083333333334
15.491666666666667
15.347499999999998
14.9125
14.768749999999999
15.121249999999998
15.425416666666665
15.81
16.10125
16.885416666666668
16.61583333333333
15.753333333333332
15.253333333333332
16.10125
16.57375
16.175416666666667
16.6025
16.12666666666667
16.267500000000002
15.751249999999999
15.8575
15.816666666666668
15.88875
16.468333333333334
16.24833333333333
16.410833333333333
16.219166666666666
15.960833333333333
15.74
15.360416666666666
15.747916666666667
16.014583333333334
15.345833333333333
15.889583333333334
15.940833333333332
16.284166666666668
16.315833333333334
15.290833333333333
15.460416666666667
15.475416666666668
15.425833333333335
15.244583333333333
15.182916666666666
15.312916666666666
15.691250000000002
15.6025
14.893333333333333
15.07125
14.66375
14.73375
14.386249999999999
13.836666666666666
14.221666666666666
13.884583333333333
14.342083333333333
15.025833333333333
14.548333333333334
14.950833333333334
14.924583333333333
14.144583333333335
14.200000000000001
14.218333333333334
14.06875
14.483333333333334
14.60375
14.12625
13.597916666666668
13.164583333333333
13.33875
12.732916666666668
12.601666666666667
13.020416666666668
13.04125
13.022916666666667
13.352916666666665
12.868333333333332
12.47875
12.295833333333333
12.444583333333334
12.126666666666667
12.331249999999999
12.755
12.340833333333334
12.675833333333335
11.686521739130436
11.424347826086956
11.243913043478262
10.823478260869566
11.187391304347827
10.920434782608694
11.19304347826087
11.570869565217391
11.044782608695652
11.396521739130435
10.63304347826087
10.94695652173913
10.94304347826087
10.444782608695652
10.276521739130434
10.288695652173914
9.771304347826087
9.711304347826088
9.503478260869565
9.412608695652175
9.858695652173912
9.58695652173913
9.742173913043478
9.895217391304348
9.55304347826087
9.556086956521739
9.873478260869565
9.153478260869566
8.913913043478262
9.371739130434783
9.23695652173913
8.925217391304347
8.644347826086957
8.15
8.015652173913043
7.751304347826087
7.783478260869566
7.5926086956521734
7.027826086956522
7.08
7.9943478260869565
7.821304347826087
7.558695652173912
7.385217391304347
7.381304347826087
7.794347826086957
7.034782608695653
6.95304347826087
6.468260869565218
6.222608695652174
5.852173913043478
5.624347826086957
5.360434782608696
5.549565217391304
5.898260869565218
5.7586956521739125
5.969565217391305
5.572173913043478
5.464782608695652
5.458260869565217
5.113478260869565
4.9369565217391305
5.109565217391304
4.711304347826087
4.9421739130434785
5.507391304347826
5.331304347826087
5.154347826086957
4.899565217391304
4.9173913043478255
4.72
4.33
4.719130434782609
4.228695652173913
4.229130434782609
4.732608695652174
4.179130434782609
3.6595652173913042
3.4860869565217394
3.9182608695652177
4.170434782608695
4.6265217391304345
5.3017391304347825
5.590869565217392
5.030869565217392
4.242608695652174
4.0456521739130435
3.999565217391304
3.715217391304348
3.898695652173913
4.23695652173913
4.549130434782609
