temperature
2.5986956521739133
2.4217391304347826
2.2269565217391305
2.613913043478261
2.996086956521739
2.4586956521739127
2.489130434782609
2.7795652173913044
2.431304347826087
1.7734782608695652
1.3552173913043477
1.5247826086956522
2.6513043478260867
3.0195652173913046
2.7017391304347824
2.3178260869565217
2.1473913043478263
2.3978260869565218
2.373478260869565
3.005652173913043
3.1743478260869566
2.803478260869565
2.7960869565217394
2.4082608695652175
1.5934782608695652
1.5704347826086955
1.6269565217391304
2.220869565217391
2.562173913043478
2.279130434782609
2.4434782608695653
2.7404347826086957
3.0043478260869563
3.3065217391304347
3.4195652173913045
3.904782608695652
3.178695652173913
2.2304347826086954
2.3230434782608698
2.156086956521739
1.9491304347826086
2.336521739130435
2.5252173913043476
2.2891304347826087
2.2630434782608697
1.8652173913043477
1.8343478260869563
2.5117391304347825
2.6417391304347824
2.6534782608695653
2.396521739130435
2.4147826086956523
3.1847826086956523
3.157391304347826
2.9208695652173917
2.8069565217391306
2.8278260869565215
3.610869565217391
3.284347826086957
3.3317391304347823
3.537826086956522
3.1282608695652177
3.6239130434782605
4.3673913043478265
4.803913043478261
4.843478260869565
4.479130434782609
4.73
4.909565217391305
4.843478260869565
5.354782608695652
5.013478260869565
4.469130434782608
4.311304347826087
4.166956521739131
4.247826086956522
3.7356521739130435
3.9056521739130434
3.6969565217391307
3.743913043478261
4.012173913043478
4.2873913043478264
4.505217391304348
4.7843478260869565
4.743478260869565
4.322173913043478
4.452173913043478
5.232608695652174
5.654347826086957
6.109565217391305
5.614782608695651
4.388260869565218
4.187391304347826
5.349565217391304
5.477391304347826
5.452173913043478
5.519130434782609
5.211304347826087
5.399565217391304
5.719130434782608
5.772608695652174
5.512173913043478
4.89
6.006086956521739
6.083478260869566
6.193913043478261
6.179130434782609
6.647826086956522
6.295217391304347
6.543913043478261
6.989565217391304
6.722173913043479
7.071304347826087
7.082173913043479
7.027826086956521
7.287391304347826
7.756086956521739
7.976521739130435
7.966521739130434
7.741739130434783
7.681304347826086
7.737826086956522
8.215652173913044
8.099130434782609
7.219565217391305
8.392608695652173
8.361739130434783
7.773478260869565
7.997826086956521
8.375217391304348
8.775652173913043
9.261304347826087
9.429565217391303
9.340434782608696
9.68695652173913
9.270434782608696
9.211739130434783
9.0
9.505652173913044
10.459130434782608
9.65913043478261
9.746956521739131
10.637391304347826
10.444347826086956
10.342173913043478
9.977826086956522
10.55
10.527391304347827
10.45695652173913
11.189565217391305
11.32913043478261
11.452173913043477
11.238695652173913
11.534782608695652
11.320869565217391
11.273043478260869
10.781739130434783
10.842608695652174
11.101739130434783
11.617826086956521
11.355652173913043
10.85
10.827391304347826
11.219565217391304
11.121304347826086
11.41391304347826
11.685652173913043
12.144782608695651
12.153913043478262
12.831304347826087
12.479130434782608
11.92086956521739
11.756086956521738
11.588695652173914
12.312173913043479
12.40913043478261
12.447391304347827
12.626956521739132
12.617391304347825
12.821739130434782
12.756521739130434
12.082173913043478
12.238260869565218
13.106521739130434
13.507826086956522
13.430434782608694
14.225652173913044
14.25
13.760434782608696
13.639565217391304
13.930434782608694
14.260000000000002
13.73782608695652
13.608695652173912
13.640434782608697
12.938260869565216
12.971304347826088
12.77
13.412608695652175
14.349565217391305
13.868695652173914
13.69086956521739
14.224347826086957
14.23608695652174
14.357826086956523
14.209999999999999
14.48608695652174
14.317826086956522
14.087826086956522
13.976956521739131
14.29391304347826
14.037826086956523
14.126956521739132
14.253333333333332
13.814166666666667
13.472916666666668
13.462916666666667
13.960416666666667
13.37375
13.597083333333332
13.285416666666668
13.735416666666666
14.137916666666667
13.723333333333334
13.554166666666667
13.649583333333332
13.484583333333333
13.164583333333333
13.434583333333334
13.699166666666665
14.1475
13.943333333333333
13.514583333333334
12.984583333333333
12.790833333333333
13.0025
12.757083333333334
12.464166666666666
12.435833333333333
13.475833333333334
12.789166666666667
12.468333333333334
12.745
12.373913043478263
12.62217391304348
12.299999999999999
12.36
11.356521739130434
11.431739130434783
11.818260869565217
11.570434782608697
11.628695652173912
11.36304347826087
10.906521739130435
10.57913043478261
10.338260869565218
10.407391304347826
10.53
10.85391304347826
11.006086956521738
10.889130434782608
10.990434782608697
11.298695652173913
10.84
10.557391304347826
10.825217391304347
10.08
9.844347826086958
10.361739130434783
10.218260869565217
10.64695652173913
10.634347826086957
10.75
9.97391304347826
9.950869565217392
9.846521739130434
9.684782608695652
9.29391304347826
9.54391304347826
9.081304347826087
9.628260869565217
9.426521739130434
8.669130434782609
8.70304347826087
8.806521739130435
8.81913043478261
8.459565217391305
8.326086956521738
8.232608695652173
7.89
8.04304347826087
7.8786956521739135
7.2995652173913035
7.675217391304348
7.600869565217391
7.793478260869565
7.496956521739131
7.384347826086957
7.300434782608695
7.167826086956521
7.037826086956522
7.005217391304348
7.249130434782608
6.308695652173912
6.437826086956521
6.540434782608696
6.308260869565218
6.011739130434783
5.977826086956522
6.440434782608696
6.566521739130435
5.939565217391305
6.333913043478261
6.287826086956522
5.9308695652173915
5.236086956521739
4.672173913043478
4.879565217391304
5.3017391304347825
4.816521739130435
5.216086956521739
4.98695652173913
4.0343478260869565
3.877391304347826
4.413913043478261
4.4595652173913045
4.300869565217392
4.194347826086957
4.424347826086957
3.504782608695652
3.806086956521739
3.756086956521739
3.794782608695652
4.057391304347826
4.142608695652174
4.799565217391304
4.006086956521739
3.5143478260869565
3.1278260869565218
2.6556521739130434
2.6578260869565216
2.888695652173913
3.4213043478260867
3.8078260869565215
3.6691304347826086
3.6926086956521744
3.291739130434783
3.4469565217391307
3.716086956521739
3.4530434782608697
3.067391304347826
3.0017391304347827
2.489130434782609
2.223913043478261
2.4947826086956524
2.61695652173913
3.345652173913044
3.8734782608695655
2.96
2.3795652173913044
1.9760869565217392
2.3178260869565217
2.427391304347826
2.9352173913043482
2.710434782608696
