pet
0.4196153846153846
0.45615384615384613
0.3761538461538461
0.40269230769230774
0.5819230769230769
0.4042307692307692
0.3942307692307692
0.4392307692307692
0.5611538461538461
0.5953846153846154
0.4646153846153846
0.4284615384615385
0.4696153846153846
0.5311538461538462
0.5257692307692308
0.47115384615384615
0.3315384615384615
0.35884615384615387
0.39653846153846156
0.46115384615384614
0.6026923076923076
0.6142307692307692
0.5946153846153847
0.5538461538461539
0.558076923076923
0.4880769230769231
0.5334615384615385
0.525
0.5542307692307692
0.49076923076923074
0.5619230769230769
0.5280769230769231
0.5092307692307693
0.606923076923077
0.6284615384615384
0.7838461538461539
0.8734615384615385
0.6815384615384615
0.6284615384615384
0.6373076923076924
0.5957692307692308
0.63
0.5503846153846154
0.43730769230769234
0.39115384615384613
0.4642307692307692
0.48846153846153845
0.6092307692307692
0.5734615384615385
0.5426923076923077
0.6165384615384616
0.6957692307692308
0.7138461538461538
0.8326923076923076
0.7361538461538462
0.7003846153846154
0.7273076923076923
0.8746153846153846
0.8865384615384616
0.9253846153846154
1.0134615384615384
0.9438461538461538
0.9149999999999999
1.0546153846153847
1.1457692307692307
1.1415384615384616
1.1700000000000002
1.0734615384615385
1.286153846153846
1.2042307692307692
1.1903846153846154
1.1507692307692308
1.1607692307692308
1.1611538461538462
1.2076923076923076
1.2892000000000001
1.3684
1.1944
1.2276
1.256
1.2651999999999999
1.4484000000000001
1.484
1.3932
1.3603999999999998
1.3272
1.3659999999999999
1.4036000000000002
1.4252
1.7231999999999998
1.6735999999999998
1.5632
1.4216
1.3419999999999999
1.5084
1.6084
1.6547999999999998
1.4831999999999999
1.6540000000000001
1.9628
1.8763999999999998
1.9635999999999998
1.7792
1.8684
2.0288
2.1188
1.9196
1.9624000000000001
2.1004
1.9752
2.1332
2.3468
2.0532
2.0864
2.1144
2.1084
2.0864000000000003
2.1319999999999997
2.1724
2.3208
2.2516
2.4415999999999998
2.2988
2.3032
2.3708
2.4136
2.6136
2.5248
2.5404
2.572
2.4556
2.59
2.5804
2.594
2.792
2.7256
2.5276
2.6072
2.7376
2.9095999999999997
2.6984
2.9212000000000002
2.9072000000000005
2.9768
2.9095999999999997
2.9619999999999997
2.8448
2.7148000000000003
2.89
2.7756
3.0164
2.9504
2.7276
2.6568
2.7215999999999996
2.8684
2.806
2.88
2.8924000000000003
2.758
2.7132
2.7432
2.6792000000000002
2.8172
2.8188
2.7388
3.03
2.7528
2.8504
2.898
2.9436
2.7672000000000003
2.7483999999999997
2.7168
2.8132
2.8715999999999995
3.0348
2.9760000000000004
2.9628
2.9227999999999996
3.0244
3.0227999999999997
2.92
3.012
3.2308
3.1552
3.2068
3.2680000000000002
3.3156
3.1171999999999995
3.0787999999999998
3.1576
3.1092
3.2439999999999998
3.234
3.0492000000000004
2.9636
2.924
2.9884000000000004
3.1052
3.0844
3.0176
3.0060000000000002
2.9976
2.8804000000000003
3.0627999999999997
3.0951999999999997
3.1151999999999997
3.1431999999999998
3.2396
3.2903999999999995
3.1192
2.9788
3.072
3.0660000000000003
2.944
2.8604000000000003
2.8844
2.826
2.9056
2.8451999999999997
2.824
2.8495999999999997
2.7856
2.8312
3.0212
3.0336000000000003
2.8336
2.6508
2.6976
2.8344
2.8592
2.8339999999999996
2.5587999999999997
2.3480000000000003
2.4052000000000002
2.48
2.3904
2.2403999999999997
2.3388
2.3931999999999998
2.2963999999999998
2.1428
2.220769230769231
2.180769230769231
2.0923076923076924
2.180769230769231
2.0803846153846157
1.9757692307692307
2.1507692307692308
2.1557692307692307
2.118076923076923
1.9076923076923078
1.8815384615384616
1.808076923076923
1.6115384615384616
1.6507692307692308
1.693076923076923
1.7796153846153844
1.7453846153846155
1.7376923076923076
1.576153846153846
1.6180769230769232
1.673846153846154
1.588846153846154
1.6730769230769231
1.51
1.4607692307692306
1.5273076923076923
1.4246153846153846
1.4565384615384613
1.540769230769231
1.4573076923076924
1.3699999999999999
1.4034615384615385
1.375
1.308076923076923
1.2457692307692307
1.2965384615384616
1.1684615384615384
1.3615384615384616
1.4196153846153845
1.291923076923077
1.1923076923076923
1.2746153846153847
1.0357692307692308
0.9665384615384615
1.0469230769230768
0.8746153846153846
0.9507692307692307
0.9538461538461539
1.0092307692307694
0.9134615384615384
0.8200000000000001
0.8503846153846154
0.9207692307692308
0.9334615384615385
0.9726923076923076
0.8926923076923077
0.875
0.8046153846153847
0.8046153846153847
0.8376923076923077
0.8269230769230769
0.8461538461538461
0.8819230769230769
0.7992307692307693
0.7280769230769231
0.6457692307692308
0.591923076923077
0.8096153846153846
0.7557692307692309
0.705
0.753076923076923
0.5565384615384615
0.48923076923076925
0.5092307692307693
0.5023076923076923
0.5161538461538462
0.44461538461538463
0.5242307692307693
0.5380769230769231
0.3976923076923077
0.3523076923076923
0.44269230769230766
0.5080769230769231
0.5592307692307692
0.4507692307692308
0.5046153846153847
0.45461538461538464
0.37576923076923074
0.2919230769230769
0.28923076923076924
0.45576923076923076
0.5261538461538462
0.621923076923077
0.5284615384615384
0.5007692307692307
0.39384615384615385
0.36846153846153845
0.3688461538461538
0.3807692307692308
0.3142307692307692
0.3373076923076923
0.3457692307692308
0.40230769230769237
0.3538461538461538
0.38653846153846155
0.3861538461538461
0.3873076923076923
0.40692307692307694
0.3692307692307692
0.4403846153846154
0.5026923076923077
0.5165384615384615
0.48000000000000004
0.48846153846153845
0.48307692307692307
0.4696153846153846
0.5003846153846154
0.5538461538461539
0.6026923076923076
0.46384615384615385
0.3565384615384615
0.3792307692307692
