pet
0.38625
0.3720833333333333
0.30624999999999997
0.3825
0.53125
0.38166666666666665
0.4254166666666667
0.47125
0.46166666666666667
0.5
0.43916666666666665
0.4458333333333333
0.4491666666666667
0.47875
0.5304166666666666
0.42
0.3829166666666666
0.39625
0.45249999999999996
0.4704166666666667
0.5004166666666666
0.35083333333333333
0.3770833333333334
0.4283333333333334
0.32125
0.3379166666666667
0.29083333333333333
0.38666666666666666
0.46125
0.4283333333333333
0.4945833333333334
0.4245833333333333
0.5075
0.6254166666666666
0.6533333333333333
0.7599999999999999
0.63125
0.4795833333333333
0.4916666666666667
0.5333333333333333
0.38666666666666666
0.4275
0.4566666666666667
0.42041666666666666
0.48333333333333334
0.4354166666666666
0.34625
0.46166666666666667
0.49875
0.46875
0.46249999999999997
0.48208333333333336
0.6229166666666667
0.6445833333333334
0.58375
0.5933333333333334
0.5870833333333333
0.7225
0.6204166666666667
0.6825
0.7441666666666666
0.6520833333333333
0.7799999999999999
0.8970833333333333
0.9541666666666666
0.9754166666666667
0.8745833333333333
0.9191666666666666
1.0054166666666666
1.00875
1.0383333333333333
0.9925
0.8645833333333334
0.8595833333333333
0.9029166666666666
0.94375
0.77375
0.7975
0.7512500000000001
0.7470833333333333
0.8574999999999999
0.8804166666666666
0.9375
0.91375
0.9916666666666667
0.9775
1.0070833333333333
1.1795833333333332
1.21
1.3916666666666666
1.3695833333333332
1.035
1.0329166666666667
1.1808333333333334
1.2570833333333333
1.3170833333333334
1.2408333333333335
1.1516666666666666
1.33
1.5429166666666667
1.52125
1.4891666666666667
1.2483333333333333
1.5041666666666667
1.5725
1.7075000000000002
1.5341666666666667
1.7395833333333333
1.6520833333333333
1.5954166666666667
1.7425
1.8291666666666666
1.8258333333333334
1.9054166666666665
1.7079166666666667
1.85875
1.9662499999999998
1.94625
1.9833333333333334
1.9204166666666669
2.0483333333333333
2.120833333333333
2.34125
2.2133333333333334
1.9758333333333333
2.308333333333333
2.3625000000000003
2.14
2.063333333333333
2.267916666666667
2.3004166666666666
2.4433333333333334
2.4591666666666665
2.557916666666667
2.566666666666667
2.29
2.513478260869565
2.294782608695652
2.5186956521739132
2.7204347826086956
2.532608695652174
2.5960869565217393
2.6982608695652175
2.857391304347826
2.789130434782609
2.5404347826086955
2.436086956521739
2.512608695652174
2.6830434782608696
2.7508695652173913
2.9543478260869565
2.7682608695652173
2.522173913043478
2.609565217391304
2.5165217391304346
2.5430434782608695
2.389130434782609
2.258260869565217
2.4182608695652172
2.511304347826087
2.407391304347826
2.1447826086956523
2.1482608695652177
2.1356521739130434
2.095652173913044
2.2343478260869567
2.4243478260869566
2.4221739130434785
2.3956521739130436
2.5626086956521736
2.398695652173913
2.257391304347826
2.283478260869565
2.1943478260869567
2.345217391304348
2.247391304347826
2.3743478260869564
2.3865217391304347
2.4995652173913046
2.5191304347826087
2.5382608695652173
2.252173913043478
2.347391304347826
2.467391304347826
2.687826086956522
2.5530434782608693
2.7395652173913043
2.75
2.59
2.5891304347826085
2.567391304347826
2.723478260869565
2.6382608695652174
2.5882608695652176
2.4808695652173913
2.312173913043478
2.2352173913043476
2.0617391304347827
2.206086956521739
2.5317391304347825
2.3895652173913042
2.223913043478261
2.35
2.378260869565217
2.4439130434782608
2.4504347826086956
2.5413043478260873
2.5417391304347827
2.367826086956522
2.318695652173913
2.329565217391304
2.1008695652173914
2.1408695652173915
2.3260869565217392
2.25
1.9795652173913043
2.0791304347826087
2.163913043478261
1.786086956521739
2.049130434782609
2.0430434782608695
2.1391304347826083
2.233913043478261
1.9573913043478262
1.9943478260869565
1.9739130434782608
2.0626086956521736
1.876086956521739
2.0056521739130435
2.117826086956522
2.217391304347826
2.219130434782609
2.138695652173913
1.912608695652174
1.8021739130434784
1.7973913043478262
1.6869565217391302
1.5608695652173912
1.6134782608695653
1.8278260869565217
1.712608695652174
1.585217391304348
1.708695652173913
1.6082608695652174
1.6843478260869567
1.5817391304347828
1.5391304347826087
1.372608695652174
1.3730434782608696
1.5352173913043479
1.401304347826087
1.4373913043478261
1.4043478260869564
1.2004347826086956
1.1543478260869566
1.1278260869565218
1.1317391304347826
1.1013043478260869
1.2421739130434784
1.3969565217391307
1.2230434782608695
1.3565217391304347
1.3917391304347826
1.3430434782608696
1.203913043478261
1.3069565217391304
0.991304347826087
1.0039130434782608
1.1439130434782607
1.1678260869565218
1.317826086956522
1.2891304347826087
1.4034782608695653
1.156086956521739
1.1256521739130434
1.1317391304347826
1.0669565217391304
1.0278260869565217
1.0217391304347827
0.9134782608695653
1.0756521739130434
1.0213043478260868
0.8234782608695653
0.9360869565217392
1.0552173913043479
1.0260869565217392
0.9317391304347826
0.8682608695652173
0.7665217391304348
0.7034782608695652
0.7595652173913043
0.8730434782608695
0.7000000000000001
0.7152173913043478
0.7378260869565217
0.742608695652174
0.698695652173913
0.7000000000000001
0.6208695652173913
0.6808695652173913
0.7252173913043478
0.6660869565217391
0.7643478260869566
0.6052173913043478
0.6134782608695653
0.6182608695652174
0.6391304347826087
0.5008695652173912
0.5321739130434783
0.5482608695652174
0.6465217391304349
0.5921739130434783
0.6334782608695653
0.6847826086956522
0.5943478260869565
0.5008695652173912
0.46956521739130436
0.4543478260869565
0.47565217391304343
0.49
0.52
0.4504347826086956
0.3269565217391305
0.31478260869565217
0.47347826086956524
0.5373913043478261
0.4678260869565217
0.3917391304347826
0.5082608695652173
0.41782608695652174
0.3843478260869565
0.42
0.3769565217391304
0.42260869565217396
0.48869565217391303
0.6295652173913043
0.4721739130434782
0.36
0.26782608695652177
0.22434782608695653
0.24695652173913046
0.371304347826087
0.42043478260869566
0.49391304347826087
0.4739130434782609
0.3904347826086957
0.43695652173913047
0.4026086956521739
0.42913043478260876
0.41173913043478266
0.3591304347826087
0.32652173913043475
0.2778260869565218
0.3382608695652174
0.3291304347826087
0.3591304347826087
0.42260869565217396
0.5608695652173913
0.4904347826086956
0.44826086956521743
0.46956521739130436
0.4882608695652174
0.4973913043478261
0.4556521739130435
0.44478260869565217
