temperature
4.1924
3.7843999999999998
3.4539999999999997
3.4928
3.6884
3.7319999999999998
4.382
4.0396
3.8287999999999998
4.4092
4.5056
4.5804
4.1408
3.8084
4.2044
3.8
3.5416
4.0308
4.242
3.6812
3.1384
3.3916000000000004
3.4551999999999996
3.5792
4.1308
3.9515999999999996
4.012
4.2744
3.8051999999999997
3.392
3.7992000000000004
4.180400000000001
3.9203999999999994
4.13
4.8704
4.5112
3.6408
3.7895999999999996
3.7828
3.3436000000000003
3.3392
4.0224
4.2776
3.9348
4.3952
5.0928
4.5024
4.7788
4.4248
4.5716
4.946000000000001
5.1712
4.8156
5.294
4.6936
5.1088
4.8004
4.3776
4.0004
4.046
4.3228
3.9944
3.9288
4.1704
4.7048000000000005
5.5964
5.666
6.4692
6.185599999999999
5.9648
5.5376
5.539199999999999
6.6552
6.876799999999999
6.7352
6.6404
5.990399999999999
6.3036
6.1812000000000005
6.4664
6.259600000000001
6.5608
6.768400000000001
6.932
6.936800000000001
6.7896
7.2352
7.5443999999999996
7.775600000000001
7.7828
7.2652
7.324
7.8016
7.395600000000001
7.7188
7.608
6.7188
7.6160000000000005
7.763999999999999
7.250800000000001
7.3788
7.2732
7.6048
8.1504
8.2296
8.121923076923077
8.327692307692308
8.148461538461538
7.920384615384616
8.83576923076923
9.69153846153846
10.122307692307693
10.089230769230769
10.238846153846152
9.54
8.949615384615385
9.379999999999999
9.006153846153847
8.731153846153846
9.324615384615385
9.763076923076923
9.810384615384615
10.02076923076923
9.93923076923077
10.284230769230769
10.056153846153846
10.998076923076923
10.898076923076925
11.343846153846155
11.543846153846154
10.845769230769232
10.659615384615384
10.816153846153846
10.62076923076923
11.633076923076922
11.377692307692307
11.337307692307691
11.739615384615385
12.153846153846153
12.06076923076923
12.019615384615385
12.019615384615385
12.409615384615384
12.178846153846154
12.438461538461537
12.381538461538462
12.614615384615385
12.438846153846153
12.58423076923077
12.687692307692307
13.398846153846154
14.31076923076923
14.01923076923077
13.443076923076923
12.773076923076925
13.178461538461537
13.097307692307691
13.458461538461538
13.567307692307692
14.166923076923078
13.84423076923077
13.727692307692308
13.623076923076923
14.069230769230769
13.868846153846155
14.02730769230769
15.018846153846154
15.199615384615385
15.163461538461538
14.726923076923075
14.508846153846154
14.477307692307692
14.787692307692309
15.158076923076923
14.89576923076923
14.797692307692309
15.333076923076923
14.888846153846155
14.911153846153846
15.323076923076922
15.129615384615384
15.676153846153845
15.843461538461538
15.56576923076923
15.777692307692307
16.028846153846153
15.896538461538462
15.863076923076923
15.889999999999999
15.837307692307691
16.00807692307692
15.683461538461538
15.697307692307692
15.35423076923077
15.713846153846154
16.14846153846154
16.710384615384616
16.807692307692307
17.26076923076923
17.404230769230768
16.41769230769231
15.785769230769231
16.463076923076922
16.810769230769232
16.576538461538462
17.18653846153846
16.825769230769232
16.70423076923077
16.548461538461538
16.43730769230769
16.241153846153846
16.26076923076923
16.59
16.646923076923077
16.801923076923078
16.46
16.493846153846153
16.908076923076923
16.586923076923078
16.738076923076925
16.72423076923077
16.246538461538464
16.990000000000002
16.290384615384617
16.509615384615383
16.48153846153846
16.09653846153846
15.893461538461539
15.989615384615385
15.95
15.990384615384615
15.742692307692307
15.824615384615385
16.23576923076923
16.08653846153846
15.265769230769232
15.496923076923078
14.876153846153844
15.01076923076923
14.77
14.393461538461539
14.398846153846154
14.158846153846154
14.373461538461537
15.347692307692306
14.717692307692307
15.022692307692306
15.107307692307693
14.60730769230769
14.487307692307693
14.533076923076923
14.545384615384616
14.64423076923077
14.433461538461538
13.921153846153846
13.606538461538461
13.643076923076924
13.57423076923077
13.081538461538461
12.891538461538461
13.235384615384616
13.428461538461537
13.291923076923077
13.103461538461538
13.107692307692307
12.818076923076923
12.482307692307693
12.650769230769232
12.399999999999999
12.608846153846153
12.93576923076923
12.649615384615384
12.589230769230769
11.8608
11.1732
11.0748
10.7176
11.290799999999999
10.609200000000001
10.761199999999999
11.342
10.992
11.319600000000001
10.68
10.68
10.628
10.1172
10.093200000000001
10.1544
9.5424
9.6476
9.3428
9.0664
9.613199999999999
9.238
9.2292
9.411200000000001
9.3868
8.9724
9.1888
8.7752
8.5008
8.9388
8.796
8.782
8.3364
7.7592
7.51
7.7128
7.3664
7.4244
7.1196
6.9324
7.65
7.5336
7.2916
6.9228
6.8812
7.5572
6.7176
6.489199999999999
6.2988
5.9096
5.485600000000001
5.2456
5.122000000000001
5.1284
5.444
5.274
5.7504
5.5572
5.356800000000001
5.1432
5.0492
4.6936
4.6892000000000005
4.5108
4.52
5.074
5.038
4.702
4.718
4.6816
4.6676
4.312
4.6956
4.296
4.3852
4.48
4.1136
3.5980000000000003
3.5460000000000003
3.5712
3.4295999999999998
4.0908
4.81
5.416799999999999
5.1672
4.3728
4.246
3.9416
3.398
3.9268
4.4172
4.3268
