pet
0.2811538461538462
0.2980769230769231
0.27384615384615385
0.2469230769230769
0.3142307692307692
0.34730769230769226
0.39499999999999996
0.27961538461538465
0.2653846153846154
0.36153846153846153
0.39538461538461533
0.37038461538461537
0.3346153846153846
0.30923076923076925
0.3807692307692308
0.31653846153846155
0.25653846153846155
0.33269230769230773
0.3023076923076923
0.2234615384615385
0.27115384615384613
0.3396153846153846
0.33692307692307694
0.40230769230769226
0.4
0.4380769230769231
0.4169230769230769
0.41615384615384615
0.27692307692307694
0.3334615384615385
0.4565384615384615
0.4523076923076923
0.43
0.4307692307692308
0.41500000000000004
0.35923076923076924
0.32538461538461544
0.3480769230769231
0.4634615384615385
0.34500000000000003
0.31923076923076926
0.42615384615384616
0.4803846153846154
0.4296153846153846
0.5057692307692307
0.6192307692307693
0.5303846153846153
0.5211538461538461
0.4788461538461538
0.6503846153846153
0.5769230769230769
0.6465384615384615
0.5980769230769231
0.6480769230769231
0.5207692307692308
0.67
0.5261538461538462
0.5453846153846154
0.5073076923076922
0.46076923076923076
0.5007692307692307
0.4553846153846154
0.435
0.5119230769230769
0.663076923076923
0.7076923076923076
0.7961538461538461
0.8196153846153845
0.8015384615384615
0.8099999999999999
0.7426923076923077
0.8523076923076923
1.0392307692307692
1.080769230769231
1.0288461538461537
1.0496153846153846
0.9934615384615385
1.025
0.9803846153846153
1.0396153846153846
1.0273076923076923
1.0269230769230768
1.1292307692307693
1.2084615384615385
1.1534615384615383
1.283076923076923
1.2315384615384617
1.2834615384615384
1.265769230769231
1.3592307692307695
1.186923076923077
1.3692307692307693
1.4088461538461539
1.3846153846153846
1.433076923076923
1.3911538461538462
1.1692307692307693
1.4396153846153845
1.5184615384615385
1.4534615384615384
1.3903846153846153
1.3446153846153845
1.4634615384615384
1.5753846153846154
1.5773076923076923
1.5292307692307692
1.5396153846153846
1.496923076923077
1.7000000000000002
1.8730769230769229
2.033846153846154
2.0934615384615385
2.0488461538461538
2.0315384615384615
1.8353846153846154
1.6592307692307693
1.668076923076923
1.7276923076923079
1.7973076923076923
1.7584615384615385
1.8680769230769232
2.0719230769230768
2.085
2.2438461538461536
2.0930769230769233
2.0726923076923076
2.3796153846153847
2.2765384615384616
2.378846153846154
2.5307692307692307
2.3076923076923075
2.3303846153846157
2.265
2.3015384615384615
2.5665384615384617
2.3984615384615386
2.48
2.255
2.5930769230769233
2.374615384615385
2.4107692307692306
2.3346153846153848
2.371923076923077
2.389615384615385
2.612692307692308
2.6234615384615383
2.5003846153846156
2.5111538461538463
2.6065384615384612
2.506923076923077
2.757307692307692
2.7150000000000003
2.471538461538462
2.36
2.0923076923076924
2.1715384615384616
2.2803846153846155
2.3907692307692305
2.2965384615384616
2.3234615384615385
2.391923076923077
2.055769230769231
2.0696153846153846
1.9984615384615385
1.9615384615384615
2.171923076923077
2.385
2.457692307692308
2.376923076923077
2.1376923076923076
2.308846153846154
2.131923076923077
2.167307692307692
2.2557692307692307
2.14
2.1965384615384616
2.2642307692307693
2.226923076923077
2.288076923076923
2.2334615384615386
2.205769230769231
2.313076923076923
2.3807692307692307
2.363076923076923
2.333846153846154
2.2803846153846155
2.2184615384615385
2.145769230769231
2.205769230769231
2.319230769230769
2.2953846153846156
2.251153846153846
2.0107692307692306
2.083076923076923
2.120769230769231
2.2257692307692305
2.2903846153846157
2.2815384615384615
2.490769230769231
2.4365384615384618
2.2615384615384615
2.1607692307692306
2.4265384615384615
2.3396153846153847
2.2007692307692306
2.2257692307692305
2.1784615384615384
2.187692307692308
2.0873076923076925
2.0761538461538462
1.9926923076923078
2.135
2.170769230769231
2.101923076923077
2.1446153846153844
2.0896153846153847
2.0719230769230768
2.0007692307692304
1.764230769230769
2.0103846153846154
2.0242307692307695
1.916923076923077
1.8888461538461538
1.981923076923077
2.0684615384615386
1.9073076923076921
1.731923076923077
1.7715384615384617
1.7757692307692308
1.686923076923077
1.7603846153846152
1.7000000000000002
1.613076923076923
1.6234615384615385
1.6346153846153846
1.5896153846153847
1.6557692307692307
1.4084615384615384
1.468076923076923
1.4519230769230769
1.3315384615384613
1.341923076923077
1.4496153846153845
1.4042307692307692
1.6357692307692309
1.5050000000000001
1.6053846153846154
1.676153846153846
1.4211538461538462
1.455769230769231
1.5153846153846153
1.2957692307692308
1.4473076923076924
1.4634615384615384
1.268076923076923
1.2523076923076923
1.1257692307692309
1.1446153846153846
1.0834615384615385
1.0323076923076924
1.1019230769230768
1.1453846153846154
1.2007692307692308
1.1961538461538461
1.158076923076923
1.0284615384615385
1.0557692307692308
1.0592307692307692
1.0215384615384615
0.9407692307692308
1.1815384615384616
1.0026923076923078
1.0753846153846154
0.9584615384615385
0.9311538461538462
0.8319230769230769
0.7988461538461539
0.8019230769230768
0.7719230769230769
0.8746153846153846
0.9107692307692308
0.825
0.8353846153846154
0.7311538461538463
0.77
0.8284615384615385
0.8157692307692308
0.6592307692307693
0.7046153846153846
0.678076923076923
0.6392307692307693
0.6338461538461538
0.6499999999999999
0.7123076923076923
0.615
0.6788461538461538
0.7273076923076923
0.6146153846153847
0.6673076923076924
0.7657692307692308
0.5861538461538461
0.5707692307692308
0.6388461538461538
0.6680769230769231
0.573076923076923
0.5080769230769231
0.5234615384615384
0.5111538461538461
0.4392307692307692
0.43653846153846154
0.46192307692307694
0.3765384615384615
0.3819230769230769
0.4126923076923077
0.42038461538461536
0.36153846153846153
0.35
0.42038461538461536
0.5711538461538462
0.41346153846153844
0.42653846153846153
0.39576923076923076
0.33807692307692305
0.33
0.31846153846153846
0.19
0.3
0.28384615384615386
0.2319230769230769
0.3480769230769231
0.34346153846153843
0.31653846153846155
0.32923076923076927
0.3403846153846154
0.27115384615384613
0.29230769230769227
0.17653846153846153
0.24884615384615383
0.32
0.35038461538461535
0.3130769230769231
0.3088461538461539
0.34769230769230763
0.3811538461538462
0.2423076923076923
0.3080769230769231
0.27884615384615385
0.2730769230769231
0.31961538461538463
0.3211538461538461
0.2823076923076923
0.2692307692307692
0.3107692307692308
0.28115384615384614
0.3526923076923077
0.37269230769230766
0.4888461538461539
0.38961538461538464
0.28923076923076924
0.26384615384615384
0.2573076923076923
0.2203846153846154
0.3119230769230769
0.38038461538461543
0.4357692307692308
