temperature
2.4457692307692307
2.4296153846153845
2.1492307692307695
1.8399999999999999
2.248846153846154
2.366153846153846
2.5103846153846154
2.0107692307692306
2.1576923076923076
2.941153846153846
3.0296153846153846
3.141923076923077
2.7849999999999997
2.6392307692307693
2.861923076923077
2.267692307692308
2.170769230769231
2.5869230769230773
2.326923076923077
1.6050000000000002
2.056153846153846
2.2811538461538463
2.4453846153846155
2.8492307692307692
3.0415384615384613
3.071153846153846
2.7388461538461537
2.4738461538461536
1.7449999999999999
1.9707692307692308
2.611923076923077
2.6592307692307693
2.4080769230769232
2.691923076923077
2.6865384615384613
2.4103846153846153
2.132307692307692
1.9642307692307692
2.2984615384615386
1.991923076923077
1.8973076923076921
2.4861538461538464
2.9153846153846152
2.7242307692307692
3.196153846153846
3.6773076923076924
3.206538461538462
3.214230769230769
2.958076923076923
3.676153846153846
3.426153846153846
3.674615384615385
3.3634615384615385
3.520769230769231
2.9619230769230764
3.786153846153846
3.078076923076923
2.8303846153846157
2.2830769230769232
2.088461538461538
2.4892307692307694
2.4676923076923076
2.3334615384615387
2.420769230769231
3.348076923076923
3.6561538461538463
3.983461538461538
4.1657692307692304
4.115
3.9699999999999998
3.6392307692307693
4.173461538461539
5.07423076923077
5.172692307692308
4.968076923076922
4.885769230769231
4.621538461538462
4.851153846153846
4.57923076923077
4.7907692307692304
4.8707692307692305
4.849230769230769
5.298846153846155
5.473846153846154
5.281923076923077
5.749230769230769
5.34923076923077
5.7153846153846155
5.511923076923077
5.823076923076924
5.190769230769231
5.816923076923077
5.837307692307693
5.636538461538462
5.845769230769231
5.794615384615384
5.013076923076923
5.902692307692307
6.0942307692307685
5.940769230769231
5.707692307692308
5.544615384615384
5.754615384615385
6.158846153846154
6.2192307692307685
6.122307692307692
6.145769230769231
6.066923076923077
6.837307692307693
7.431153846153847
7.9350000000000005
8.136153846153846
8.125769230769231
8.036923076923078
7.393846153846154
6.842307692307693
6.903846153846154
7.013076923076923
7.299230769230769
7.1596153846153845
7.369615384615385
7.9265384615384615
8.020384615384616
8.489230769230769
7.851538461538461
7.847307692307693
8.841153846153846
8.671153846153846
8.995384615384616
9.551153846153847
8.85923076923077
9.013461538461538
9.041538461538462
8.993461538461538
9.996538461538462
9.496153846153847
9.833846153846155
9.193846153846154
10.246923076923078
9.643076923076922
9.86423076923077
9.555
9.886923076923077
10.014615384615384
10.701153846153847
10.77
10.50923076923077
10.633076923076922
10.968846153846155
10.703846153846154
11.573846153846155
12.15576923076923
11.706538461538461
11.538076923076924
10.778076923076924
11.034615384615384
11.50076923076923
11.875384615384615
11.74576923076923
11.825769230769229
12.114615384615385
11.154230769230768
11.312307692307693
11.194230769230769
11.123846153846156
11.887692307692307
12.524615384615384
12.889615384615384
12.687307692307693
11.990384615384615
12.602307692307694
12.100384615384616
12.383076923076922
12.682692307692308
12.393846153846154
12.584999999999999
12.930384615384614
12.845769230769232
13.046923076923076
12.991538461538463
12.936923076923078
13.276153846153846
13.528846153846153
13.595769230769232
13.589615384615383
13.47653846153846
13.310384615384615
13.101923076923075
13.425
13.793846153846154
13.801923076923078
13.695384615384615
12.873461538461537
13.193461538461538
13.387307692307692
13.718461538461538
14.043076923076923
14.074615384615385
14.715769230769231
14.577307692307691
14.113846153846152
13.819615384615386
14.65846153846154
14.481923076923076
14.116153846153846
14.17576923076923
14.140769230769232
14.267692307692307
13.943461538461538
14.02076923076923
13.773076923076925
14.183461538461538
14.346923076923076
14.245000000000001
14.367692307692307
14.237692307692308
14.181538461538462
14.055769230769231
13.312692307692307
14.022307692307692
14.093461538461538
13.725769230769231
13.768846153846154
14.073846153846155
14.422692307692309
13.995384615384616
13.445
13.590769230769231
13.651923076923076
13.366923076923078
13.595384615384615
13.333846153846155
12.995384615384616
13.080384615384615
13.15846153846154
12.913076923076924
13.319230769230769
12.405000000000001
12.75923076923077
12.725000000000001
12.16
12.152692307692309
12.446538461538463
12.350384615384616
13.11076923076923
12.583846153846155
12.753461538461538
13.13076923076923
12.216923076923077
12.235384615384616
12.613076923076923
11.938461538461537
12.401153846153846
12.445
11.628846153846155
11.442307692307692
11.166153846153845
11.162307692307694
10.703846153846154
10.701153846153847
11.10153846153846
11.138076923076921
11.478076923076923
11.350000000000001
11.07
10.493076923076924
10.610384615384616
10.725384615384616
10.42153846153846
10.2
11.024999999999999
10.431538461538462
10.598076923076924
9.687307692307693
9.496923076923077
9.226923076923077
8.720769230769232
8.896153846153847
8.728076923076923
9.366153846153846
9.42423076923077
9.136153846153846
8.945769230769232
8.577307692307691
8.82
8.758461538461539
8.777692307692307
8.195384615384615
8.226153846153846
7.782692307692307
7.79
7.499230769230769
7.561538461538461
8.05846153846154
7.655
7.604615384615385
7.737692307692308
7.555384615384615
7.594615384615385
7.70423076923077
6.913461538461538
6.479615384615385
7.065769230769231
7.231153846153846
6.734615384615385
6.509230769230769
6.243846153846154
5.946538461538461
5.677692307692308
5.864615384615385
5.795000000000001
5.186153846153847
5.128076923076923
5.698846153846154
5.569615384615385
5.1996153846153845
4.991923076923077
5.515384615384615
5.977692307692307
5.12
5.026538461538461
4.582307692307692
4.305384615384615
4.091538461538462
3.5726923076923076
3.200384615384615
3.918846153846154
4.024615384615385
3.6296153846153847
4.2542307692307695
4.041923076923077
3.673076923076923
3.387307692307692
2.996923076923077
2.8115384615384613
3.102307692307692
2.4326923076923075
2.6365384615384615
2.9180769230769235
2.9899999999999998
3.105769230769231
3.1169230769230767
3.6265384615384617
3.5234615384615386
2.784615384615385
2.8453846153846154
2.863076923076923
2.819230769230769
3.0869230769230773
2.7403846153846154
2.246153846153846
2.017692307692308
2.141153846153846
2.1265384615384617
2.64
3.174615384615385
3.8061538461538458
3.1453846153846152
2.2876923076923075
2.3415384615384616
1.8680769230769232
1.3900000000000001
2.2226923076923075
2.744230769230769
2.68
