temperature
2.819230769230769
2.686153846153846
2.7807692307692307
3.7165384615384616
3.7223076923076923
2.8415384615384616
3.1223076923076927
3.4896153846153846
3.425
2.9492307692307693
2.2180769230769233
1.6942307692307692
2.0446153846153843
2.705
2.7265384615384614
2.2853846153846153
1.9580769230769233
2.2346153846153847
2.683846153846154
3.0488461538461538
3.1223076923076922
3.0523076923076924
2.983461538461538
2.8734615384615383
2.455769230769231
2.4423076923076925
2.3796153846153847
2.5203846153846152
2.1973076923076924
1.5657692307692308
1.9849999999999999
2.2834615384615384
2.7657692307692305
2.9407692307692304
2.9153846153846152
3.3515384615384614
3.045769230769231
2.880769230769231
2.4365384615384618
2.1007692307692305
1.9057692307692309
2.133846153846154
1.8792307692307693
1.2103846153846154
0.9442307692307692
1.0415384615384615
1.5196153846153848
1.9573076923076924
1.603076923076923
1.905
1.6926923076923077
2.110384615384615
2.680769230769231
2.7834615384615384
2.431923076923077
2.2192307692307693
2.803076923076923
2.9811538461538465
2.987692307692307
3.150384615384615
3.4415384615384617
3.155384615384615
3.3846153846153846
4.0115384615384615
4.237692307692307
4.2615384615384615
3.893076923076923
4.015769230769231
4.62576923076923
4.381538461538462
4.302692307692308
4.2069230769230765
3.8338461538461535
3.944230769230769
3.743846153846154
3.8892307692307693
4.168461538461538
3.7084615384615387
3.9238461538461538
3.8369230769230773
4.0042307692307695
4.559230769230769
4.842692307692308
4.566538461538462
4.601923076923077
4.465
4.172307692307692
4.708846153846154
4.991538461538462
5.390769230769231
4.67076923076923
4.0273076923076925
3.7180769230769233
4.175769230769231
4.37423076923077
4.938076923076922
4.923846153846155
4.615384615384615
5.0273076923076925
5.613846153846154
5.901923076923078
6.002692307692308
5.439615384615385
5.859230769230769
6.901153846153846
6.656153846153846
6.342692307692308
6.671923076923077
6.272692307692308
6.358461538461539
6.863846153846154
7.363076923076923
6.71076923076923
6.764230769230769
6.616153846153845
6.8234615384615385
7.010384615384615
7.102307692307692
7.4096153846153845
7.296153846153846
6.648846153846154
7.113076923076923
7.485384615384616
7.686538461538461
8.06576923076923
8.369615384615384
8.569230769230769
8.153461538461539
7.986153846153846
8.228461538461538
8.581923076923077
8.637307692307692
8.851923076923077
8.898461538461538
9.262692307692308
8.693076923076923
8.823461538461538
9.025384615384615
9.592692307692307
10.093846153846155
9.86576923076923
10.206153846153846
10.314615384615385
10.721153846153847
10.153846153846153
10.355384615384615
10.125
9.88076923076923
10.265384615384615
9.99
10.581538461538461
10.819230769230769
10.518846153846154
10.540384615384616
10.531538461538462
10.974230769230768
10.662307692307694
10.82846153846154
10.986923076923075
10.992692307692307
10.823076923076922
11.13923076923077
11.008846153846154
10.917307692307693
11.051923076923078
11.562307692307693
12.290384615384616
12.188076923076922
12.008461538461539
12.246538461538462
12.507307692307693
12.00346153846154
12.167307692307693
12.069615384615386
12.281923076923077
12.49576923076923
12.69076923076923
12.482307692307693
12.876538461538463
13.038461538461538
13.013076923076921
12.963076923076924
12.998461538461537
13.713846153846154
14.03
13.849615384615387
13.803461538461537
14.09423076923077
14.282692307692308
14.070384615384615
13.93423076923077
14.306923076923077
14.006923076923076
14.33
14.075769230769232
13.893076923076924
13.60153846153846
13.517692307692307
13.605384615384615
14.217692307692307
14.081923076923077
13.906923076923077
13.729615384615386
13.98653846153846
13.717307692307692
14.257692307692308
14.241538461538461
14.767307692307693
14.425384615384615
14.612307692307693
14.95
13.741538461538461
13.94923076923077
14.432307692307692
14.114615384615385
13.884615384615385
14.153076923076924
13.527692307692307
13.15576923076923
13.921923076923077
13.475769230769231
13.676153846153845
14.060384615384615
13.662692307692309
13.889999999999999
14.10423076923077
14.01423076923077
13.661923076923076
13.747307692307693
13.871538461538462
14.298461538461538
14.556923076923077
14.335384615384616
13.688846153846155
13.246923076923078
13.603846153846153
13.540384615384616
13.305
13.11923076923077
13.380384615384616
13.001923076923077
12.85423076923077
12.951538461538462
12.643076923076922
12.571538461538463
12.086153846153847
12.26
11.75
12.103846153846153
12.60576923076923
12.28
12.275769230769232
11.271538461538462
11.264999999999999
11.271923076923077
11.069230769230769
10.959615384615384
11.03
11.352307692307694
11.25076923076923
11.147692307692306
10.954230769230769
11.006153846153845
10.919230769230769
10.707307692307692
10.863461538461538
10.521923076923077
10.383846153846154
10.265384615384615
10.438461538461537
10.629615384615384
10.451923076923077
10.323076923076922
10.003461538461538
10.113846153846152
9.822307692307692
9.699615384615385
9.541153846153845
9.39846153846154
9.359615384615385
9.678461538461537
9.887307692307692
9.041923076923077
9.143076923076922
8.986923076923077
8.162307692307692
8.436923076923078
8.097307692307693
7.718076923076922
7.70423076923077
7.95423076923077
7.913461538461538
7.6984615384615385
7.18923076923077
7.448076923076924
7.79576923076923
7.595384615384615
7.846153846153846
7.554230769230769
7.365
7.166538461538462
7.475
7.821153846153846
7.568846153846153
7.5200000000000005
7.398846153846154
6.709615384615384
6.52576923076923
5.919615384615384
6.214615384615385
7.203461538461538
6.5965384615384615
6.388076923076923
6.559615384615385
6.149230769230769
5.217692307692308
5.116923076923077
5.075384615384616
5.132692307692308
4.789615384615384
5.180000000000001
5.302307692307692
4.094615384615385
4.242307692307692
4.134230769230769
4.707692307692308
5.071538461538462
4.864615384615385
4.795
4.1923076923076925
3.753846153846154
3.472692307692308
3.505
4.068846153846154
4.196153846153846
4.789615384615384
4.559230769230769
4.518846153846154
3.888076923076923
3.539230769230769
3.67
2.825384615384615
2.867692307692308
3.3334615384615387
3.299615384615384
3.795
3.723076923076923
3.9238461538461538
4.091923076923077
3.843461538461538
3.2849999999999997
3.2565384615384616
3.6715384615384616
3.9296153846153845
3.344615384615385
3.2642307692307693
3.4103846153846153
3.5765384615384614
3.7053846153846157
3.626153846153846
3.406538461538461
3.538846153846154
2.6799999999999997
2.456153846153846
2.8023076923076924
