pet
0.30473684210526314
0.2805263157894737
0.2805263157894737
0.2726315789473684
0.27421052631578946
0.38421052631578945
0.39631578947368423
0.2715789473684211
0.25684210526315787
0.38526315789473686
0.3957894736842105
0.33263157894736844
0.20421052631578948
0.22842105263157894
0.35368421052631577
0.28526315789473683
0.25052631578947365
0.3026315789473684
0.26789473684210524
0.21947368421052632
0.2805263157894737
0.3910526315789474
0.3852631578947368
0.46157894736842103
0.4257894736842105
0.4221052631578947
0.38263157894736843
0.44421052631578944
0.23736842105263156
0.30526315789473685
0.5031578947368421
0.3626315789473684
0.4094736842105263
0.3763157894736842
0.34736842105263155
0.3157894736842105
0.24578947368421053
0.3294736842105263
0.3147368421052632
0.35789473684210527
0.2605263157894737
0.22210526315789472
0.31157894736842107
0.3968421052631579
0.4584210526315789
0.5389473684210526
0.5563157894736842
0.46421052631578946
0.4089473684210526
0.5542105263157895
0.5863157894736842
0.6384210526315789
0.6063157894736841
0.6631578947368421
0.48368421052631577
0.6326315789473684
0.5521052631578948
0.5957894736842105
0.5173684210526316
0.4636842105263158
0.47263157894736846
0.3910526315789474
0.4147368421052631
0.5452631578947368
0.6263157894736843
0.6226315789473684
0.6305263157894737
0.5563157894736842
0.6621052631578948
0.7368421052631579
0.7263157894736842
0.9357894736842106
0.9442105263157895
0.9868421052631579
0.9315789473684211
1.0189473684210526
1.0547368421052632
1.0
0.9678947368421053
1.1221052631578947
1.0047368421052632
0.8721052631578947
0.9273684210526316
1.1810526315789474
1.2815789473684212
1.3326315789473684
1.1336842105263158
1.1552631578947368
1.0952631578947367
1.1031578947368421
0.9757894736842104
1.2436842105263157
1.1936842105263157
1.1842105263157894
1.3589473684210527
1.3136842105263158
1.163157894736842
1.4236842105263159
1.4473684210526316
1.6142105263157893
1.4689473684210526
1.458421052631579
1.4331578947368422
1.6405263157894738
1.808421052631579
1.5326315789473686
1.3136842105263158
1.5942105263157895
1.8210526315789475
1.9263157894736842
1.9847368421052631
2.2505263157894735
1.9915789473684213
1.8847368421052633
1.6710526315789473
1.6394736842105262
1.6021052631578947
1.7405263157894737
1.5863157894736843
1.513684210526316
1.67
1.7757894736842106
1.8105263157894735
2.41
2.3084210526315787
2.3815789473684212
2.2010526315789476
2.285263157894737
2.346842105263158
2.29
2.2321052631578944
2.0147368421052634
2.0078947368421054
2.209473684210526
2.283684210526316
2.1110526315789473
2.4826315789473683
2.3478947368421053
2.6936842105263157
2.4478947368421053
2.380526315789474
2.1
2.254736842105263
2.3815789473684212
2.4973684210526317
2.343157894736842
2.3289473684210527
2.358421052631579
2.584736842105263
2.531578947368421
2.8594736842105264
2.7989473684210524
2.6321052631578947
2.446842105263158
2.1452631578947368
2.095263157894737
2.188421052631579
2.4210526315789473
2.4642105263157896
2.4921052631578946
2.488421052631579
2.0542105263157895
1.9073684210526316
1.7757894736842106
1.8563157894736844
2.0978947368421053
2.236842105263158
2.3310526315789475
2.0157894736842104
1.8205263157894738
2.062105263157895
1.9615789473684209
2.215263157894737
2.332105263157895
2.0142105263157895
1.9026315789473685
2.1468421052631577
2.378947368421053
2.2910526315789475
2.1557894736842105
2.2078947368421056
2.3368421052631576
2.0257894736842106
2.2257894736842103
2.1721052631578948
2.121578947368421
2.095263157894737
2.1115789473684208
2.0710526315789473
2.1373684210526314
2.329473684210526
2.3021052631578947
2.0136842105263155
2.0026315789473683
2.0236842105263158
2.196315789473684
2.3005263157894738
2.3947368421052633
2.328421052631579
2.3105263157894735
2.183157894736842
2.123684210526316
2.393157894736842
2.375263157894737
2.3821052631578947
2.232105263157895
2.3278947368421052
2.101578947368421
1.886315789473684
1.858421052631579
1.7089473684210525
1.796842105263158
2.001052631578947
1.9121052631578948
1.9542105263157896
1.736842105263158
1.9089473684210527
1.5963157894736841
1.5910526315789475
1.7405263157894737
1.684736842105263
1.7100000000000002
1.644736842105263
1.7242105263157894
1.8784210526315788
1.8005263157894738
1.6510526315789473
1.5457894736842106
1.7
1.5542105263157895
1.5847368421052632
1.664736842105263
1.6821052631578948
1.6826315789473683
1.624736842105263
1.5031578947368422
1.4626315789473683
1.1510526315789473
1.3673684210526316
1.2284210526315789
1.148421052631579
1.3147368421052632
1.3047368421052632
1.2684210526315791
1.368421052631579
1.3805263157894736
1.5410526315789475
1.4789473684210528
1.4905263157894737
1.4363157894736842
1.4905263157894737
1.2057894736842105
1.3210526315789475
1.3894736842105262
1.3426315789473684
1.2721052631578948
0.9605263157894737
1.026842105263158
0.9442105263157895
0.8036842105263158
0.8926315789473684
0.9773684210526316
1.1757894736842105
1.2310526315789474
1.0673684210526317
0.8542105263157895
0.8552631578947368
1.0342105263157895
0.9426315789473684
0.9315789473684211
1.0663157894736843
0.8336842105263158
0.8994736842105263
0.7183333333333333
0.6488888888888888
0.6272222222222222
0.49388888888888893
0.6661111111111111
0.6622222222222223
0.8388888888888889
0.7366666666666667
0.7038888888888889
0.7394444444444445
0.5894444444444444
0.6405555555555555
0.798888888888889
0.76
0.5922222222222222
0.5038888888888889
0.5705555555555555
0.62
0.6794444444444445
0.735
0.6344444444444445
0.6127777777777778
0.6244444444444445
0.5361111111111111
0.47888888888888886
0.5866666666666667
0.7688888888888888
0.6322222222222221
0.5205555555555557
0.7844444444444444
0.7799999999999999
0.5144444444444445
0.4566666666666667
0.41055555555555556
0.31444444444444447
0.38555555555555554
0.47777777777777775
0.41777777777777775
0.3061111111111111
0.33166666666666667
0.31555555555555553
0.3888888888888889
0.3977777777777778
0.3427777777777778
0.5655555555555556
0.5744444444444444
0.32947368421052636
0.35105263157894734
0.5057894736842105
0.4105263157894737
0.3368421052631579
0.2889473684210526
0.10894736842105263
0.26473684210526316
0.18263157894736842
0.1773684210526316
0.4673684210526316
0.3705263157894737
0.22789473684210526
0.16842105263157894
0.16631578947368422
0.15263157894736842
0.27473684210526317
0.1126315789473684
0.2831578947368421
0.32842105263157895
0.2394736842105263
0.19947368421052633
0.24631578947368418
0.37105263157894736
0.4326315789473685
0.22789473684210526
0.291578947368421
0.32894736842105265
0.3942105263157895
0.3563157894736842
0.2931578947368421
0.3005263157894737
0.3794736842105263
0.38842105263157894
0.2805263157894737
0.32105263157894737
0.3647368421052632
0.4473684210526316
0.29473684210526313
0.2968421052631579
0.3057894736842105
0.2394736842105263
0.28631578947368425
0.43842105263157893
0.43736842105263163
0.508421052631579
