pet
0.30153846153846153
0.25461538461538463
0.20115384615384618
0.32
0.41807692307692307
0.3380769230769231
0.39
0.38384615384615384
0.38769230769230767
0.4492307692307692
0.38423076923076926
0.3415384615384615
0.36846153846153845
0.36423076923076925
0.3984615384615384
0.31923076923076926
0.26269230769230767
0.3057692307692308
0.34192307692307694
0.37846153846153846
0.4453846153846154
0.30653846153846154
0.34153846153846157
0.3396153846153846
0.25846153846153846
0.30115384615384616
0.21923076923076923
0.30076923076923073
0.4034615384615385
0.3376923076923077
0.3680769230769231
0.35192307692307695
0.44346153846153846
0.4734615384615385
0.46192307692307694
0.6007692307692308
0.5134615384615384
0.38846153846153847
0.3565384615384615
0.37961538461538463
0.29115384615384615
0.2569230769230769
0.2846153846153846
0.2469230769230769
0.30692307692307697
0.26
0.2811538461538462
0.33269230769230773
0.3119230769230769
0.35
0.36423076923076925
0.37884615384615383
0.485
0.5388461538461539
0.4926923076923077
0.46576923076923077
0.4646153846153846
0.5776923076923077
0.49346153846153845
0.5557692307692308
0.6088461538461538
0.5761538461538461
0.6653846153846155
0.8057692307692308
0.8284615384615385
0.9284615384615384
0.745
0.7673076923076922
0.8392307692307692
0.8303846153846154
0.8503846153846154
0.768076923076923
0.5911538461538461
0.6257692307692307
0.6926923076923077
0.7857692307692308
0.6807692307692308
0.6376923076923078
0.6346153846153846
0.655
0.7338461538461539
0.7703846153846154
0.783076923076923
0.7507692307692307
0.7684615384615385
0.8365384615384616
0.8049999999999999
0.9257692307692308
0.9961538461538461
1.0646153846153845
1.0734615384615385
0.8392307692307692
0.801923076923077
0.9330769230769231
0.9450000000000001
1.0073076923076922
0.9226923076923076
0.875
1.038846153846154
1.3407692307692307
1.35
1.231153846153846
1.1188461538461538
1.3761538461538463
1.451153846153846
1.4392307692307693
1.4215384615384616
1.583846153846154
1.4165384615384615
1.3980769230769232
1.4953846153846155
1.5642307692307693
1.5742307692307693
1.5926923076923079
1.435
1.5480769230769231
1.5684615384615386
1.5234615384615384
1.5515384615384618
1.5665384615384614
1.65
1.7115384615384615
1.935
1.9719230769230771
1.738846153846154
2.066923076923077
2.1376923076923076
1.889230769230769
1.8842307692307694
2.001153846153846
2.0319230769230767
2.098076923076923
2.036923076923077
2.085384615384615
2.1188461538461536
1.8626923076923076
2.110384615384615
2.0034615384615386
2.0953846153846154
2.3319230769230765
2.335
2.3334615384615387
2.3634615384615385
2.4553846153846153
2.42
2.397307692307692
2.298076923076923
2.2115384615384617
2.2965384615384616
2.2849999999999997
2.4646153846153847
2.44
2.2557692307692307
2.2142307692307694
2.180769230769231
2.24
2.1115384615384616
2.0761538461538462
2.171923076923077
2.076923076923077
2.085769230769231
2.017692307692308
1.9623076923076925
1.9038461538461537
1.9519230769230769
2.085
2.242692307692308
2.1788461538461537
2.206923076923077
2.2946153846153843
2.0165384615384614
2.0253846153846156
2.0757692307692306
2.017692307692308
2.085384615384615
2.1492307692307695
2.1134615384615385
2.0915384615384616
2.2003846153846154
2.227692307692308
2.3934615384615383
2.1315384615384616
2.1973076923076924
2.330769230769231
2.331538461538462
2.241153846153846
2.434230769230769
2.5115384615384615
2.3053846153846154
2.1992307692307693
2.243846153846154
2.383846153846154
2.2442307692307693
2.4050000000000002
2.2626923076923076
2.065769230769231
1.9792307692307693
1.8796153846153847
2.0092307692307694
2.2873076923076923
2.084230769230769
1.9815384615384615
2.0184615384615383
2.0034615384615386
2.2038461538461536
2.1903846153846156
2.27
2.232307692307692
2.147692307692308
2.0673076923076925
2.1573076923076924
1.8715384615384614
2.044230769230769
2.0676923076923077
2.007307692307692
1.7992307692307692
1.935
1.9076923076923078
1.6215384615384614
1.7784615384615385
1.7396153846153846
1.7315384615384617
1.8473076923076923
1.793076923076923
1.8426923076923076
1.8573076923076923
1.8565384615384615
1.6376923076923076
1.7365384615384616
1.7634615384615384
1.8073076923076923
1.8807692307692307
1.8488461538461538
1.741923076923077
1.7007692307692308
1.6903846153846156
1.5203846153846154
1.5238461538461539
1.514230769230769
1.662692307692308
1.5115384615384615
1.375
1.436923076923077
1.4234615384615383
1.4219230769230768
1.3900000000000001
1.333076923076923
1.1376923076923078
1.2515384615384615
1.3557692307692308
1.25
1.2246153846153847
1.155
1.008076923076923
1.0742307692307693
1.0076923076923077
0.9896153846153847
0.9869230769230769
1.2123076923076923
1.2369230769230768
1.0334615384615384
1.0776923076923077
1.125
1.123846153846154
1.0723076923076922
1.1115384615384616
0.7665384615384615
0.7223076923076923
0.8561538461538463
0.8861538461538461
1.0476923076923077
1.0688461538461538
1.1188461538461538
0.9392307692307693
1.04
0.9519230769230769
0.8915384615384615
0.8315384615384616
0.8119230769230769
0.7619230769230769
0.8753846153846153
0.8057692307692308
0.7007692307692307
0.8726923076923078
0.7915384615384615
0.7684615384615385
0.6976923076923077
0.6365384615384616
0.5626923076923076
0.5611538461538461
0.5619230769230769
0.58
0.48000000000000004
0.4846153846153846
0.6042307692307692
0.6330769230769231
0.5826923076923077
0.5588461538461538
0.5142307692307693
0.565
0.5723076923076923
0.5938461538461539
0.6826923076923077
0.5653846153846154
0.5373076923076924
0.5911538461538461
0.6119230769230769
0.4803846153846154
0.4196153846153846
0.4703846153846154
0.575
0.49230769230769234
0.5115384615384616
0.5842307692307692
0.4407692307692308
0.37961538461538463
0.3707692307692308
0.3576923076923077
0.33115384615384613
0.2873076923076923
0.31230769230769234
0.31961538461538463
0.22230769230769232
0.18653846153846157
0.37423076923076926
0.4634615384615385
0.44307692307692303
0.39269230769230773
0.4834615384615385
0.36846153846153845
0.30346153846153845
0.3619230769230769
0.3211538461538461
0.33615384615384614
0.4153846153846154
0.4807692307692308
0.44269230769230766
0.38346153846153846
0.27192307692307693
0.1930769230769231
0.17115384615384616
0.22576923076923078
0.2753846153846154
0.3565384615384615
0.35461538461538467
0.3157692307692308
0.33269230769230773
0.3423076923076923
0.3396153846153846
0.2792307692307692
0.27076923076923076
0.31038461538461537
0.23576923076923076
0.33999999999999997
0.2976923076923077
0.2926923076923077
0.29384615384615387
0.39384615384615385
0.39807692307692305
0.36615384615384616
0.40153846153846157
0.43615384615384617
0.35615384615384615
0.3019230769230769
0.3346153846153846
