temperature
3.9020833333333336
3.9625
3.4441666666666664
3.7125000000000004
4.680833333333333
3.6845833333333338
3.4600000000000004
4.21625
4.7525
4.2091666666666665
3.4345833333333338
3.1170833333333334
3.2929166666666667
3.532083333333333
3.74875
3.52875
2.8166666666666664
2.9945833333333334
3.22875
3.6879166666666667
4.630833333333333
4.127916666666667
3.8508333333333336
3.7270833333333333
3.4929166666666664
2.94875
3.2158333333333338
3.3829166666666666
3.5620833333333333
3.09125
3.50375
3.1995833333333334
3.3200000000000003
3.7808333333333333
4.10375
4.925416666666667
5.059166666666667
4.165416666666666
3.6820833333333334
3.4783333333333335
3.294166666666667
3.6941666666666664
3.3220833333333335
2.765
2.4791666666666665
2.6479166666666667
2.8524999999999996
3.4795833333333337
3.2891666666666666
3.174166666666667
3.2591666666666668
3.48625
4.046666666666667
4.830416666666667
4.43
4.070416666666667
4.2425
5.06375
4.975833333333333
5.291666666666667
5.8062499999999995
5.132083333333333
4.961666666666667
5.826250000000001
6.490833333333334
6.334583333333334
6.0945833333333335
5.7441666666666675
6.809166666666666
6.32
6.43875
6.161666666666666
6.203333333333333
5.865416666666667
5.967083333333334
6.319583333333333
6.663333333333333
5.665
5.920416666666667
5.9075
6.075
6.547916666666667
6.682083333333334
6.72375
6.649583333333333
6.38
6.344166666666666
6.676666666666667
6.626666666666666
7.70625
7.390416666666667
6.915416666666666
6.155833333333334
5.737916666666667
6.603333333333333
6.8075
6.95625
6.464166666666666
7.203333333333333
7.983333333333333
7.632916666666667
7.863333333333333
7.60875
7.660416666666666
8.114166666666668
8.594583333333334
7.858333333333333
7.772083333333334
8.835416666666667
8.225416666666666
9.157916666666667
10.069166666666666
8.889166666666666
8.940833333333334
9.177083333333334
9.046666666666667
8.917916666666667
9.506666666666666
9.386249999999999
9.979583333333332
9.572083333333333
10.058333333333334
9.48625
9.445833333333335
9.947916666666666
10.166666666666666
10.81875
10.830833333333333
10.477916666666667
10.705833333333333
10.5725
10.99125
11.119166666666667
11.4075
11.8975
11.822916666666666
11.325000000000001
11.230833333333335
11.62
12.364166666666668
11.419166666666667
11.939166666666667
12.202916666666667
12.4125
12.457083333333335
12.593333333333334
11.922916666666666
11.892916666666666
12.755833333333333
12.560833333333333
13.444166666666668
13.909583333333332
13.469166666666666
13.167916666666668
13.519583333333332
14.10875
14.369583333333333
14.244583333333333
14.255833333333333
13.97625
14.1275
13.824583333333335
13.788333333333334
14.35375
14.123333333333333
13.815416666666666
14.4975
14.04
14.592500000000001
15.010833333333332
15.285416666666668
14.698333333333332
14.409166666666666
14.502916666666666
14.762500000000001
15.029166666666667
15.683333333333332
15.527083333333332
15.764166666666666
15.549999999999999
15.767916666666666
15.7325
15.559166666666668
15.792499999999999
16.632916666666667
16.603333333333335
17.045416666666664
17.01625
17.524166666666666
16.761666666666667
16.83125
17.190416666666668
17.005416666666665
17.555833333333336
17.412499999999998
17.070416666666667
16.667916666666667
16.622916666666665
16.539166666666667
17.084166666666665
17.16208333333333
16.79
17.045416666666668
17.228333333333335
16.707083333333333
17.090416666666666
17.478333333333335
17.70625
18.040833333333335
18.195
18.301666666666666
17.518333333333334
16.9024
17.258
17.6704
17.432000000000002
17.1844
17.3876
17.3272
17.5744
17.4028
17.421200000000002
17.5884
17.224
17.236800000000002
17.8632
17.8072
17.236
16.8612
16.8404
17.5772
17.5424
17.840799999999998
16.5392
16.0916
15.84
16.242
15.681199999999999
15.162
15.7992
16.1348
15.6592
15.347916666666668
15.21
15.081249999999999
14.827083333333334
15.048333333333332
14.53875
14.312083333333334
15.064166666666667
15.066666666666668
15.034166666666666
14.832083333333335
14.582083333333332
14.03875
13.35375
13.46875
13.667499999999999
14.072083333333333
14.117916666666666
14.165833333333333
13.44
13.621250000000002
13.777916666666668
13.292916666666665
13.678333333333333
13.03875
12.923333333333334
13.274583333333334
12.901666666666666
13.112083333333333
13.515416666666667
13.043333333333335
12.517916666666666
12.17125
12.104583333333332
12.174583333333333
11.899583333333334
12.044166666666667
11.339166666666666
12.14
12.334583333333333
11.543333333333335
11.120833333333332
11.475833333333334
10.659166666666666
10.344583333333334
10.59875
9.954166666666667
10.287916666666666
10.255833333333333
10.689583333333333
9.84625
9.460416666666667
9.385833333333332
9.641666666666667
9.55875
9.973333333333334
9.708333333333334
9.277916666666668
8.799166666666666
8.709583333333333
8.744583333333333
8.852083333333333
8.757083333333334
8.6875
8.29625
8.0875
7.611250000000001
7.63375
8.551666666666668
8.189583333333333
7.915
8.3775
7.3525
6.5975
6.255416666666666
6.195833333333333
6.889583333333333
6.557916666666666
6.607916666666667
6.852083333333333
6.265833333333333
5.327083333333333
5.405833333333334
5.905416666666667
6.095
5.924166666666667
6.3175
5.5320833333333335
4.992916666666667
4.495416666666666
4.4783333333333335
5.2175
5.54
5.9175
5.602916666666666
5.487916666666667
5.012083333333334
4.556666666666667
4.796666666666667
4.647916666666666
4.239166666666667
4.173333333333333
3.96625
4.046666666666667
4.037916666666667
4.089166666666666
4.564166666666666
4.607083333333334
4.629166666666667
4.586666666666667
4.925
5.079166666666667
5.169583333333333
4.59875
4.985
4.992083333333333
4.7475
4.957083333333333
4.43125
4.520416666666667
3.984583333333333
3.71875
3.768333333333333
