temperature
3.9143478260869564
3.5817391304347823
3.893913043478261
4.558260869565218
4.430434782608696
3.457826086956522
3.5573913043478256
4.073913043478261
3.675652173913044
3.181304347826087
2.8400000000000003
2.6734782608695653
3.2678260869565214
3.6869565217391305
3.9295652173913043
3.5356521739130433
3.207391304347826
3.489130434782609
3.7039130434782606
4.072608695652174
3.9504347826086956
3.362608695652174
3.606086956521739
3.965652173913043
3.402608695652174
3.095652173913044
3.0204347826086955
3.4126086956521737
3.46
3.2060869565217387
3.5656521739130436
3.5965217391304347
3.9352173913043482
4.089130434782609
4.468695652173913
4.762608695652173
4.05304347826087
3.34304347826087
3.372608695652174
3.2734782608695654
2.7113043478260868
3.1869565217391305
2.9517391304347824
2.6113043478260867
2.8795652173913044
2.7060869565217387
2.614782608695652
3.0530434782608693
3.153913043478261
3.181304347826087
2.7978260869565217
3.154347826086956
3.652608695652174
3.641739130434783
3.54
3.9160869565217395
3.786086956521739
4.0773913043478265
4.122608695652174
4.2617391304347825
4.251739130434783
3.7221739130434783
4.217826086956522
5.06695652173913
5.511739130434783
5.230434782608696
5.178260869565217
5.268260869565218
5.735217391304348
5.806086956521739
5.944347826086957
5.794782608695653
4.904782608695652
4.703043478260869
4.805652173913043
4.900434782608696
4.613913043478261
4.299565217391304
4.197391304347826
4.254782608695652
4.796956521739131
4.981739130434782
5.269130434782609
5.3
5.448695652173913
5.016521739130434
5.102173913043478
5.71391304347826
5.763478260869565
6.572173913043478
6.05
4.729565217391304
4.709565217391304
4.984347826086957
5.345217391304348
5.512173913043478
5.2843478260869565
5.43304347826087
5.789130434782609
5.86695652173913
5.8999999999999995
5.897826086956522
5.62695652173913
6.155652173913044
6.535652173913043
6.5486956521739135
6.283043478260869
6.545217391304347
6.208695652173914
6.329130434782608
6.703913043478261
7.251739130434783
7.423478260869565
7.431739130434783
6.976086956521739
7.416086956521739
7.821739130434783
8.372608695652174
8.430000000000001
8.207391304347826
7.986086956521739
8.51
8.697391304347827
8.626956521739132
8.26608695652174
8.687391304347827
8.851304347826087
8.635217391304348
8.18304347826087
8.80913043478261
9.256086956521738
9.922608695652174
10.389565217391304
10.066521739130435
9.926521739130434
9.933478260869565
10.088260869565218
10.119130434782608
10.554347826086957
10.82391304347826
10.23608695652174
10.710434782608695
11.290000000000001
11.025652173913043
10.924782608695653
10.875217391304348
11.234347826086957
10.892608695652173
11.253913043478262
11.45608695652174
12.064347826086957
11.92086956521739
11.441304347826087
11.789565217391305
11.44086956521739
11.404782608695653
10.848695652173914
10.693478260869565
11.048260869565217
11.414347826086955
11.262608695652174
11.334782608695651
11.32304347826087
11.044347826086957
11.222608695652173
11.761739130434782
12.252173913043478
12.230869565217391
12.443478260869565
12.812173913043479
12.700869565217392
11.934782608695652
11.929130434782609
11.92478260869565
12.267391304347825
12.347826086956522
12.65
12.638260869565217
13.19217391304348
13.13695652173913
12.57304347826087
12.529565217391305
12.839565217391305
13.158260869565217
13.841739130434783
13.654782608695653
13.909565217391306
14.199130434782608
14.045217391304348
14.32695652173913
14.62782608695652
14.42782608695652
14.491304347826087
14.274347826086956
14.038260869565217
13.73695652173913
13.609565217391303
13.581739130434782
13.688260869565216
14.328260869565218
14.286956521739132
13.966956521739132
14.14
14.631739130434784
14.407391304347826
14.740869565217393
14.579999999999998
14.522173913043478
14.568695652173913
14.72086956521739
14.656521739130437
13.95608695652174
14.581304347826087
14.854999999999999
14.358333333333334
14.305
13.982916666666668
14.090000000000002
13.580833333333333
14.25625
14.06
14.851666666666667
14.731250000000001
14.136249999999999
13.929583333333333
14.095833333333333
13.873333333333333
13.591666666666667
14.21625
14.633333333333333
14.75
14.752916666666666
14.622916666666667
14.061250000000001
13.6425
13.542499999999999
13.465833333333334
13.054583333333333
13.21
13.752083333333333
13.34875
13.01
13.6025
13.187826086956521
13.203913043478261
12.815652173913042
12.773043478260869
12.59086956521739
12.730434782608697
13.005652173913044
12.810434782608695
12.673913043478262
11.92782608695652
11.624347826086957
11.166956521739133
11.42304347826087
11.186521739130436
11.440434782608696
11.696521739130434
12.075652173913044
11.786521739130436
11.967391304347826
11.837391304347825
11.571304347826086
11.371304347826088
11.880869565217392
11.203478260869565
11.520434782608698
11.33869565217391
11.729565217391302
11.689565217391305
11.460869565217392
11.700869565217392
10.859130434782609
10.617391304347825
10.462173913043477
10.185652173913043
10.242173913043478
10.269565217391303
10.177391304347825
10.667391304347825
10.14913043478261
9.682608695652174
10.268695652173914
10.268695652173914
10.012608695652174
9.912608695652175
9.53
9.14391304347826
8.678260869565218
9.380434782608695
9.246956521739131
8.720434782608695
8.77913043478261
8.45304347826087
8.794782608695652
8.485217391304348
8.589565217391305
8.242173913043478
8.231304347826086
7.688695652173913
8.16304347826087
8.556086956521739
7.869565217391305
7.880434782608695
8.084782608695651
7.40391304347826
7.116086956521738
7.10304347826087
7.576086956521739
8.091739130434783
7.581304347826087
7.416521739130435
7.25695652173913
7.065217391304348
6.425217391304348
6.249130434782609
6.147391304347827
6.521739130434782
6.228695652173912
6.64304347826087
6.486521739130435
5.67608695652174
5.55
5.6091304347826085
5.715217391304347
5.798260869565218
5.7760869565217385
5.8191304347826085
5.431739130434783
5.191739130434782
5.115652173913043
5.535652173913043
5.4769565217391305
5.486086956521739
5.656956521739131
5.234782608695652
4.9
4.329130434782609
4.332173913043478
4.434347826086956
4.481304347826088
4.959565217391304
4.886521739130435
4.783913043478261
4.920434782608695
4.7956521739130435
4.73695652173913
4.67
4.589130434782609
4.042173913043478
4.228695652173913
4.287826086956522
4.05608695652174
4.071739130434783
4.0465217391304344
4.6347826086956525
4.94
4.6039130434782605
4.406521739130435
4.003913043478261
4.17304347826087
3.9104347826086956
3.9130434782608696
3.818695652173913
