pet
0.46315789473684216
0.36894736842105263
0.2815789473684211
0.3257894736842106
0.4842105263157894
0.3257894736842106
0.4242105263157895
0.47421052631578947
0.5499999999999999
0.4694736842105263
0.4557894736842105
0.5268421052631579
0.5847368421052631
0.5463157894736842
0.5836842105263158
0.41947368421052633
0.3668421052631579
0.49526315789473685
0.5468421052631579
0.598421052631579
0.5926315789473684
0.4610526315789474
0.5163157894736843
0.4810526315789474
0.40631578947368424
0.40157894736842104
0.4594736842105263
0.5268421052631579
0.5789473684210527
0.6252631578947367
0.6263157894736843
0.5642105263157894
0.5873684210526315
0.7347368421052631
0.8110526315789474
0.8447368421052632
0.9189473684210526
0.7484210526315789
0.6778947368421052
0.6573684210526316
0.616842105263158
0.7705263157894737
0.6410526315789473
0.54
0.6126315789473684
0.6826315789473684
0.4957894736842105
0.6815789473684211
0.7231578947368421
0.7489473684210527
0.7321052631578947
0.7078947368421052
0.7857894736842105
0.9299999999999999
0.63
0.7210526315789473
0.7973684210526316
0.966842105263158
0.8442105263157894
0.7542105263157894
0.7605263157894736
0.8536842105263157
1.0252631578947369
1.0910526315789475
1.1936842105263157
1.315263157894737
1.27
1.2473684210526315
1.3910526315789473
1.1663157894736842
1.2284210526315789
1.2589473684210528
1.3310526315789475
1.2710526315789472
1.427894736842105
1.5557894736842104
1.3057894736842104
1.2247368421052631
1.3573684210526316
1.36
1.4910526315789472
1.5405263157894737
1.3357894736842104
1.236842105263158
1.2694736842105263
1.3663157894736842
1.2726315789473683
1.5047368421052632
1.736842105263158
1.9384210526315788
1.803684210526316
1.6331578947368421
1.5668421052631578
1.5121052631578948
1.5736842105263158
1.5389473684210526
1.3210526315789475
1.4747368421052631
1.7936842105263158
1.7057894736842103
1.7463157894736843
1.6957894736842105
1.4436842105263157
1.5742105263157895
1.6478947368421053
1.8705263157894736
1.7226315789473687
1.8131578947368423
1.8357894736842106
1.8426315789473684
2.228421052631579
2.2036842105263155
2.1347368421052635
2.196842105263158
2.062105263157895
2.166315789473684
2.170526315789474
2.226842105263158
2.2905263157894735
2.391578947368421
2.488947368421053
2.5826315789473684
2.511052631578947
2.5842105263157897
2.444736842105263
2.452105263157895
2.7505263157894735
2.6163157894736844
2.592631578947368
2.583684210526316
2.4631578947368418
2.561052631578947
2.5594736842105266
2.6842105263157894
2.791578947368421
2.7295
2.6855
2.552
2.7760000000000002
2.877
2.673
2.8795
2.9915
2.978
2.9490000000000003
2.9245
2.725
2.769
3.09
2.874
3.15
2.9585
2.6115000000000004
2.5004999999999997
2.244
2.662
2.714
2.447
2.681
2.6654999999999998
2.57
2.5585
2.519
2.8715
2.7565
2.822
3.018
3.0495
3.129
3.067
3.0509999999999997
2.815
2.7855
2.6325
2.8099999999999996
2.9379999999999997
3.1955
2.9545000000000003
3.0055
2.9635000000000002
2.931
2.7065
2.9010000000000002
2.9625
3.0265
2.9605
3.103
3.2560000000000002
3.1774999999999998
2.988
3.088
3.0825
3.0035
3.1345
3.129
3.1189999999999998
3.0695
2.7735
2.942
3.1685
3.1399999999999997
3.0095
3.064
3.1260000000000003
2.991052631578947
2.952105263157895
2.9942105263157894
3.247894736842105
3.1826315789473685
3.3889473684210527
3.2394736842105267
3.034736842105263
3.031578947368421
3.173157894736842
2.938421052631579
2.7536842105263157
2.7057894736842107
2.964736842105263
2.6610526315789476
2.7952631578947367
2.7578947368421054
2.8678947368421053
2.806842105263158
2.64421052631579
2.8210526315789473
2.8394736842105264
2.7736842105263158
2.7805263157894737
2.6557894736842105
2.7847368421052634
2.9499999999999997
2.804736842105263
2.826842105263158
2.6521052631578947
2.524736842105263
2.4526315789473685
2.3794736842105264
2.1189473684210527
2.154736842105263
2.3689473684210527
2.2921052631578944
2.2136842105263157
2.1984210526315793
2.3236842105263156
2.376842105263158
2.125263157894737
1.94
1.8589473684210527
1.8652631578947367
1.9794736842105263
1.8573684210526316
1.97
2.03
1.9331578947368424
1.821578947368421
1.7478947368421054
1.605263157894737
1.5636842105263156
1.5873684210526315
1.7910526315789475
1.7078947368421054
1.601578947368421
1.6426315789473684
1.7489473684210524
1.5310526315789474
1.5942105263157895
1.3731578947368421
1.3910526315789473
1.4357894736842105
1.4426315789473685
1.645263157894737
1.6278947368421053
1.6663157894736842
1.5473684210526315
1.3957894736842105
1.2584210526315789
1.3136842105263158
1.398421052631579
1.3089473684210526
1.1726315789473685
1.2573684210526317
1.4163157894736842
1.1547368421052633
1.0636842105263158
1.1678947368421053
1.2142105263157894
1.1410526315789473
1.1173684210526316
1.0268421052631578
0.8221052631578948
0.8415789473684211
0.9468421052631578
0.9078947368421053
0.9573684210526316
0.9305263157894736
0.8747368421052633
0.9242105263157894
0.9957894736842104
0.8542105263157895
0.8647368421052631
0.7557894736842105
0.7973684210526316
0.7747368421052632
0.71
0.6936842105263158
0.6752631578947369
0.6621052631578948
0.6468421052631579
0.6173684210526316
0.5457894736842106
0.7210526315789473
0.6005263157894737
0.5568421052631579
0.6163157894736843
0.6068421052631578
0.6226315789473684
0.5252631578947369
0.4489473684210526
0.4784210526315789
0.4231578947368422
0.3589473684210526
0.4505263157894737
0.3968421052631579
0.2710526315789474
0.3268421052631579
0.3563157894736842
0.4963157894736842
0.5452631578947368
0.5152631578947368
0.43105263157894735
0.4094736842105263
0.4878947368421052
0.47421052631578947
0.6368421052631579
0.6505263157894736
0.758421052631579
0.651578947368421
0.5126315789473684
0.4515789473684211
0.43631578947368416
0.3278947368421053
0.3721052631578948
0.3252631578947368
0.42947368421052634
0.5063157894736843
0.5310526315789473
0.3436842105263158
0.3357894736842105
0.34736842105263155
0.506842105263158
0.5426315789473685
0.44263157894736843
0.431578947368421
0.40789473684210525
0.47368421052631576
0.521578947368421
0.5236842105263158
0.5636842105263158
0.42157894736842105
0.4636842105263158
0.4378947368421053
0.5584210526315789
0.49105263157894735
0.43
0.3294736842105263
