temperature
3.991578947368421
3.192105263157895
2.650526315789474
3.276842105263158
4.172105263157895
3.2326315789473683
3.427894736842105
3.943157894736842
4.3715789473684215
3.586842105263158
3.5621052631578944
4.105789473684211
4.347894736842105
4.303684210526316
4.2
3.236842105263158
3.1631578947368424
3.9594736842105265
4.168947368421053
4.387368421052631
4.118421052631579
3.5431578947368423
3.865789473684211
3.690526315789474
3.296842105263158
3.081578947368421
3.2431578947368425
3.548421052631579
4.012631578947368
3.9021052631578947
3.738947368421053
3.818947368421053
4.158947368421052
4.905789473684211
5.081052631578948
5.21421052631579
5.355789473684211
4.5815789473684205
4.058421052631579
3.8247368421052634
3.821578947368421
4.369473684210526
3.918421052631579
3.231578947368421
3.586315789473684
4.036315789473684
3.136842105263158
4.078421052631579
3.975263157894737
4.222105263157895
4.099473684210526
4.158947368421052
4.481578947368422
5.065263157894736
3.931578947368421
4.347894736842105
4.792631578947368
5.491052631578947
4.739473684210526
4.258947368421053
4.259473684210526
4.603684210526316
5.355789473684211
5.6078947368421055
6.1021052631578945
6.518421052631578
6.201052631578947
6.255263157894737
6.760526315789473
5.941578947368421
6.197368421052632
6.204736842105263
6.452105263157895
6.328421052631579
6.788947368421053
7.13
6.207368421052632
6.029473684210527
6.48
6.479473684210526
7.031578947368421
7.207368421052632
6.522105263157894
6.117894736842105
6.243157894736842
6.571052631578947
6.178947368421052
7.040526315789474
7.795263157894738
8.553684210526317
7.9105263157894745
7.334736842105264
7.105263157894737
6.866315789473685
7.145263157894736
6.979473684210527
6.251578947368421
6.81842105263158
7.891578947368421
7.533157894736842
7.6215789473684215
7.471052631578947
6.457894736842105
6.9936842105263155
7.3236842105263165
8.138947368421054
7.643157894736842
7.9331578947368415
8.126842105263158
8.144736842105264
9.518947368421053
9.443157894736842
9.06842105263158
9.25157894736842
8.792631578947368
9.366315789473685
9.284210526315789
9.605263157894736
9.85421052631579
10.25263157894737
10.266842105263157
10.54
10.327894736842106
10.56421052631579
10.133157894736842
10.099473684210526
11.091052631578947
10.718947368421052
10.666842105263157
10.57842105263158
10.248947368421051
10.60578947368421
10.677894736842106
11.17578947368421
11.51842105263158
11.2755
11.0755
10.763
11.439
11.7905
11.274
11.9315
12.281
12.326
12.2835
12.241
11.717
11.9505
12.910499999999999
12.2885
13.187999999999999
13.2085
12.5185
12.24
11.5525
12.9185
13.0735
12.297
13.1125
13.151
12.955000000000002
12.886500000000002
12.881499999999999
13.957999999999998
13.629
13.915000000000001
14.5995
14.722
15.056000000000001
14.839500000000001
14.861
14.261500000000002
14.2835
13.873499999999998
14.4385
14.903
15.727500000000001
15.0655
15.279499999999999
15.2255
15.181999999999999
14.545499999999999
15.116
15.381499999999999
15.631499999999999
15.4815
15.982999999999999
16.453
16.312
15.811000000000002
16.105
16.165
16.0135
16.422
16.464000000000002
16.43
16.3275
15.514499999999998
16.072
16.7815
16.736
16.4155
16.591
16.8155
16.36
16.28578947368421
16.46
17.232105263157894
17.097894736842107
17.77842105263158
17.38684210526316
16.78842105263158
16.799473684210525
17.276842105263157
16.604736842105265
16.10684210526316
15.913684210526316
16.747894736842103
15.904736842105264
16.25315789473684
16.12421052631579
16.58105263157895
16.44263157894737
15.993684210526316
16.56421052631579
16.65684210526316
16.46421052631579
16.513684210526314
16.20421052631579
16.59631578947368
17.096842105263157
16.637894736842107
16.71736842105263
16.17157894736842
15.845263157894736
15.649473684210525
15.442105263157893
14.577894736842106
14.735789473684212
15.44894736842105
15.245263157894735
14.989473684210527
14.926315789473685
15.238421052631578
15.347368421052632
14.533157894736842
13.90421052631579
13.719473684210527
13.705789473684211
14.090526315789475
13.672631578947367
14.04736842105263
14.266842105263157
13.922105263157894
13.468421052631578
13.321052631578947
12.848947368421053
12.722631578947368
12.797894736842105
13.479473684210527
13.213157894736844
12.881052631578948
13.025789473684211
13.397368421052633
12.65157894736842
12.84
12.06842105263158
12.112631578947367
12.207894736842105
12.19421052631579
12.894736842105264
12.828947368421053
12.982105263157894
12.381052631578948
11.813157894736841
11.178421052631577
11.362105263157895
11.69157894736842
11.49421052631579
10.90157894736842
11.193684210526316
11.81578947368421
10.744210526315788
10.278947368421052
10.68578947368421
10.707894736842105
10.449473684210526
10.30842105263158
9.961578947368421
9.159473684210527
9.303684210526317
9.60421052631579
9.31421052631579
9.717894736842105
9.532631578947369
9.11
9.408421052631578
9.744210526315788
9.240526315789474
8.965789473684211
8.299999999999999
8.450526315789475
8.437368421052632
8.232105263157894
8.044210526315789
7.825263157894737
7.709473684210526
7.470000000000001
7.217894736842105
7.14421052631579
7.957368421052632
7.31
6.945263157894737
7.461052631578947
7.263684210526315
7.329473684210526
6.47
6.2163157894736845
6.396315789473684
5.765263157894737
5.330526315789474
5.827894736842105
5.485263157894737
4.8042105263157895
4.95
4.962631578947369
5.55
5.8578947368421055
5.944210526315789
5.528947368421052
5.084736842105263
5.0884210526315785
5.248421052631579
6.376842105263158
6.27421052631579
6.488421052631579
6.1147368421052635
5.54
5.2836842105263155
5.031578947368422
4.308947368421053
4.1889473684210525
3.9463157894736844
4.408947368421052
4.698421052631579
5.016842105263158
4.218421052631579
3.7868421052631582
4.5336842105263155
5.138947368421053
5.055789473684211
4.4263157894736835
4.37421052631579
3.961052631578948
4.453157894736842
4.592105263157895
4.681578947368421
4.948421052631579
3.9968421052631578
3.8515789473684214
3.343157894736842
3.8205263157894738
3.326842105263158
3.4705263157894737
3.1752631578947366
