temperature
5.196000000000001
4.7428
4.084
3.9324
4.2824
4.2704
4.882
4.8012
4.3724
4.8444
4.9872
5.268400000000001
4.9404
4.55
4.742307692307692
4.424230769230769
4.1303846153846155
4.463461538461538
4.348461538461539
3.6315384615384616
3.4180769230769235
3.7688461538461535
3.7126923076923077
3.792692307692308
4.304615384615385
4.148076923076923
4.463846153846154
4.563461538461539
4.458846153846154
3.761923076923077
4.260769230769231
4.256538461538462
4.0661538461538465
4.063846153846153
5.104230769230769
4.853461538461539
4.064615384615385
4.035384615384616
3.8984615384615386
3.6599999999999997
3.5942307692307693
4.278076923076923
4.725
3.8903846153846158
4.532692307692307
5.119615384615385
4.697692307692308
5.159230769230769
4.806923076923077
5.225384615384614
5.487692307692308
5.7784615384615385
5.468846153846154
5.488461538461538
5.1123076923076916
5.257692307692308
4.988461538461538
4.855
4.233461538461539
4.405
4.642307692307693
4.433076923076923
4.3707692307692305
4.625
5.348461538461539
5.971923076923077
6.394230769230769
6.757692307692308
6.618076923076923
6.485384615384616
6.331153846153847
5.553076923076923
6.988846153846154
7.613846153846154
7.1657692307692304
6.9350000000000005
6.3888461538461545
6.394615384615384
6.30576923076923
6.789615384615384
6.522692307692308
6.866153846153846
6.915
7.020769230769231
7.098076923076923
7.144230769230769
7.848076923076923
7.790384615384616
8.15576923076923
7.803461538461538
7.918846153846153
8.023076923076923
8.108076923076924
7.57423076923077
8.01423076923077
7.636153846153846
6.898461538461539
7.465769230769231
8.213461538461537
7.677692307692308
7.385
7.658076923076924
7.929615384615384
8.286153846153846
8.458461538461538
8.035769230769231
8.511923076923077
8.285
8.39423076923077
8.903461538461539
10.086538461538462
10.258461538461539
10.24923076923077
10.617307692307692
9.721153846153847
9.156923076923077
9.39846153846154
9.35923076923077
8.818461538461538
9.686153846153847
10.020384615384614
10.168461538461539
10.210384615384616
10.225384615384616
10.547692307692309
10.696153846153846
11.584615384615384
11.69076923076923
11.464615384615383
12.138846153846155
11.476923076923075
11.258846153846154
11.357692307692307
10.93576923076923
11.77076923076923
11.845384615384615
11.875
11.978461538461538
12.322692307692307
12.207307692307692
12.248461538461537
12.357307692307693
12.500384615384615
12.523076923076925
12.925384615384615
13.157307692307691
13.176153846153845
12.87423076923077
13.053846153846154
13.211923076923076
13.290000000000001
14.391153846153847
14.132307692307693
13.788076923076924
13.366153846153846
13.348076923076924
13.334615384615384
13.465769230769231
13.591153846153846
14.26076923076923
14.065769230769233
14.01923076923077
13.66230769230769
14.34769230769231
14.450384615384614
14.596923076923076
15.15846153846154
15.461538461538462
15.175
15.000384615384615
14.767692307692307
14.668076923076923
14.766538461538461
15.180769230769231
15.168846153846154
15.356153846153846
15.879615384615384
15.308076923076923
15.451538461538462
15.84153846153846
15.821923076923078
16.305384615384614
15.87923076923077
15.829230769230769
15.935
16.326153846153847
16.373461538461537
16.314615384615387
16.54346153846154
16.582692307692305
16.46153846153846
16.13576923076923
16.072692307692307
16.051923076923078
16.54230769230769
16.622307692307693
17.068461538461538
17.036923076923078
17.728076923076923
17.999615384615385
16.981923076923078
16.806923076923077
17.03153846153846
17.29153846153846
17.18423076923077
17.79346153846154
17.475
17.18
17.20307692307692
16.86846153846154
16.74076923076923
16.970769230769232
17.305384615384614
17.065
17.21
17.035
17.193076923076923
17.257692307692306
17.095769230769232
17.600384615384616
17.03076923076923
16.860384615384614
17.80923076923077
17.156153846153845
17.200384615384614
17.02269230769231
16.499615384615385
16.427692307692308
16.571153846153848
16.56576923076923
16.44
16.238846153846154
16.455
16.896153846153847
16.496538461538464
15.924230769230768
16.817692307692308
15.866153846153846
15.478846153846153
15.295
15.249615384615385
14.966153846153846
14.892692307692307
14.784999999999998
15.812307692307693
15.452307692307691
15.756923076923076
15.679230769230768
15.36576923076923
14.82423076923077
15.203846153846154
14.82346153846154
15.678076923076922
15.261923076923077
14.576923076923077
14.453846153846154
14.143461538461539
14.182692307692308
13.708461538461538
13.654230769230768
14.171923076923077
14.11423076923077
14.164615384615384
13.981923076923078
13.808846153846153
13.651538461538461
13.150384615384613
13.108076923076924
13.21653846153846
13.303461538461537
13.26423076923077
13.487307692307693
13.594999999999999
12.876
12.28
11.9692
11.392000000000001
12.0672
11.4004
11.4036
12.032
11.916400000000001
12.3872
11.2776
11.3348
11.2116
10.818399999999999
10.908399999999999
11.11
10.2424
10.394400000000001
10.0424
9.9008
10.366800000000001
10.004399999999999
10.3484
10.170399999999999
10.228000000000002
10.0576
9.7976
9.659600000000001
9.5036
9.7568
9.618400000000001
9.0176
8.7048
8.1872
7.813199999999999
8.0972
8.0124
7.9336
7.7028
7.6832
8.4032
8.1268
7.6339999999999995
7.570399999999999
7.188400000000001
7.6088
7.0664
7.1376
6.860400000000001
6.475599999999999
6.2172
6.1676
5.981599999999999
5.5448
6.184
5.9868
6.256799999999999
6.1812000000000005
6.0512
5.6148
5.3716
5.0724
5.0556
4.9112
4.9432
5.561599999999999
5.8964
5.382000000000001
5.284800000000001
5.0408
5.0088
4.5872
5.215599999999999
4.8784
5.2472
5.0788
4.5596
4.432799999999999
4.1948
3.6156
4.11
5.2072
5.5264
6.3708
6.2368
5.3364
5.1216
4.6528
3.8027999999999995
4.7219999999999995
5.317200000000001
4.9516
