temperature
2.413076923076923
2.045769230769231
2.125
2.5280769230769233
2.7392307692307694
2.727692307692308
2.713846153846154
2.8242307692307693
2.341153846153846
2.522692307692308
2.0884615384615386
1.691153846153846
2.7811538461538463
2.7384615384615385
2.7284615384615383
2.1865384615384618
2.522692307692308
2.6980769230769233
2.882307692307692
3.073846153846154
2.991923076923077
2.8834615384615385
2.69
2.225769230769231
1.2842307692307693
1.4349999999999998
1.1307692307692307
1.7999999999999998
1.9834615384615384
1.7842307692307693
1.988076923076923
2.2146153846153847
2.855
2.67
2.723076923076923
3.1046153846153848
1.926923076923077
1.7696153846153848
1.643846153846154
1.8511538461538461
1.6538461538461537
1.7646153846153845
2.0057692307692307
1.4561538461538461
1.307307692307692
0.8396153846153845
1.393076923076923
1.8949999999999998
2.1546153846153846
2.469615384615385
2.4665384615384616
2.608846153846154
3.149230769230769
2.9130769230769227
2.9057692307692307
2.915769230769231
2.911538461538462
3.498846153846154
2.8
3.0053846153846155
2.8534615384615383
3.0592307692307688
3.4069230769230767
4.167307692307692
4.535384615384616
4.763076923076923
4.010769230769231
3.9484615384615385
4.117307692307692
4.281923076923077
4.141153846153847
3.6811538461538467
2.829230769230769
2.9865384615384616
3.133846153846154
3.202692307692308
2.898076923076923
3.064230769230769
2.5446153846153843
2.9688461538461537
3.4734615384615384
3.3680769230769227
3.7688461538461544
3.45
3.5626923076923074
3.3534615384615383
3.392692307692308
3.945
4.594230769230769
4.8476923076923075
4.525
3.450384615384615
3.691923076923077
4.700769230769231
4.924615384615384
4.878461538461538
4.413846153846153
4.545
5.110384615384616
5.523076923076923
5.268461538461538
4.697307692307692
5.124230769230769
5.917692307692308
6.006538461538461
5.563846153846153
5.80576923076923
5.7784615384615385
5.639230769230769
5.666153846153846
6.224615384615385
5.949999999999999
6.2215384615384615
6.4788461538461535
6.272692307692308
6.408461538461538
6.181153846153847
6.298461538461538
6.673076923076923
6.267307692307692
6.694999999999999
6.678846153846154
7.052692307692308
6.769615384615384
7.027692307692307
7.681538461538461
7.836538461538462
7.636923076923077
7.408461538461538
7.655
7.672307692307692
8.463076923076922
8.446923076923078
9.076538461538462
8.493846153846153
8.041923076923077
8.788076923076924
8.439615384615385
8.659615384615385
9.383461538461539
9.483461538461539
9.295
9.959999999999999
10.323846153846155
9.980384615384615
9.816153846153846
9.453846153846154
9.523076923076923
9.506538461538462
10.123461538461537
10.332307692307692
10.525769230769232
10.697692307692307
10.175
10.24923076923077
9.92923076923077
10.208846153846155
10.090769230769231
10.355
10.47923076923077
10.123461538461537
10.327307692307691
10.293846153846154
10.243846153846153
10.195
10.683076923076923
11.078076923076924
10.889999999999999
10.729615384615386
11.371923076923078
10.902692307692309
11.24
11.373076923076923
10.883846153846154
11.34
11.234615384615385
11.028076923076924
11.18576923076923
11.153846153846153
11.714615384615383
11.459615384615384
11.694230769230769
12.292307692307693
12.510769230769231
12.702307692307691
12.552692307692308
12.950384615384614
13.19576923076923
12.365
12.580384615384615
12.759615384615385
12.913846153846153
12.38423076923077
12.631538461538462
12.74
11.679615384615385
11.924615384615386
12.222307692307691
12.812692307692307
13.01
12.508461538461539
12.022692307692306
12.396923076923077
12.90230769230769
12.718076923076923
13.266538461538461
13.312307692307693
13.210384615384616
13.544230769230769
13.493846153846153
13.134615384615385
12.708461538461538
13.12423076923077
12.630769230769232
12.442692307692308
12.520384615384614
12.36923076923077
12.327692307692306
12.226923076923075
12.222307692307693
12.303076923076922
12.646538461538462
13.326923076923077
12.846153846153847
12.508461538461539
12.8
12.825769230769232
12.141538461538461
12.25
12.782692307692308
13.016923076923076
12.693076923076923
12.146538461538462
12.003461538461538
12.350384615384616
12.392692307692307
12.37076923076923
11.956923076923077
12.133461538461539
12.271538461538462
11.682307692307692
11.49076923076923
12.04076923076923
11.671923076923076
11.582692307692307
11.503846153846155
10.901538461538461
10.777692307692309
10.769615384615385
11.161153846153846
10.705384615384617
10.641153846153847
9.763846153846155
9.616153846153846
10.09153846153846
9.598846153846154
9.603076923076923
9.772307692307693
10.503846153846155
9.932307692307692
10.07423076923077
10.254615384615384
10.044230769230769
9.502307692307692
9.569230769230769
9.350384615384616
8.84153846153846
9.086923076923076
8.718076923076923
8.900384615384615
9.583076923076923
9.438846153846153
9.832692307692309
9.496538461538462
8.975
8.901923076923076
8.803461538461537
8.738846153846154
8.61346153846154
8.559615384615386
8.633461538461539
7.956153846153847
7.5708
7.693200000000001
7.0892
7.2528
7.83
7.2252
7.22
7.1815999999999995
7.3748000000000005
6.938076923076922
6.098461538461539
6.726153846153846
7.30076923076923
7.428076923076923
7.127692307692308
6.632692307692308
7.019230769230769
6.672307692307692
6.899230769230769
6.83576923076923
6.596923076923077
6.3161538461538465
6.093461538461539
6.252692307692308
5.883461538461538
5.697692307692307
5.609230769230769
6.038846153846153
5.973846153846154
5.485769230769231
5.483076923076923
5.103076923076923
4.664230769230769
4.294615384615384
4.427307692307692
4.053076923076923
4.20423076923077
3.560769230769231
3.75
3.9046153846153846
3.0784615384615384
3.210384615384615
4.256153846153846
4.480384615384615
4.052692307692308
3.7838461538461536
3.880769230769231
3.3369230769230773
3.6580769230769232
3.578076923076923
3.2930769230769235
3.7423076923076923
4.189230769230769
4.438076923076923
4.365
4.033076923076923
3.763076923076923
2.888076923076923
2.0111538461538463
2.5957692307692306
3.2373076923076924
3.909615384615385
3.3642307692307694
3.4711538461538463
3.6623076923076923
3.4292307692307693
3.2930769230769235
2.985
2.8426923076923076
3.2026923076923075
3.1149999999999998
2.857307692307692
3.0488461538461538
3.257307692307692
3.272692307692308
3.3426923076923076
3.126923076923077
2.415
2.373846153846154
2.3934615384615388
1.7273076923076924
2.121153846153846
2.525384615384615
