pet
0.5015384615384615
0.43884615384615383
0.4
0.3830769230769231
0.4230769230769231
0.4480769230769231
0.5576923076923077
0.48000000000000004
0.44846153846153847
0.48730769230769233
0.581923076923077
0.541923076923077
0.5230769230769231
0.4573076923076923
0.5653846153846154
0.5319230769230769
0.43
0.5553846153846154
0.6015384615384616
0.4592307692307692
0.39115384615384613
0.4257692307692308
0.44346153846153846
0.4623076923076923
0.5196153846153846
0.49076923076923074
0.5696153846153846
0.6053846153846154
0.5653846153846154
0.525
0.6369230769230769
0.6476923076923077
0.6649999999999999
0.6157692307692308
0.7469230769230768
0.7338461538461539
0.591923076923077
0.6269230769230769
0.655
0.5696153846153846
0.5657692307692308
0.7146153846153845
0.6953846153846153
0.5657692307692308
0.6869230769230769
0.8207692307692308
0.7457692307692307
0.8046153846153847
0.7280769230769231
0.8573076923076923
0.9230769230769231
0.9400000000000001
0.9138461538461539
0.913076923076923
0.8561538461538463
0.8753846153846154
0.8269230769230769
0.8142307692307693
0.7526923076923077
0.8184615384615385
0.8465384615384615
0.8157692307692308
0.765
0.8096153846153846
1.0142307692307693
1.1611538461538462
1.2046153846153846
1.3396153846153847
1.3030769230769232
1.26
1.16
1.0946153846153845
1.4015384615384614
1.543076923076923
1.4103846153846153
1.4515384615384617
1.3226923076923076
1.3192307692307692
1.3534615384615383
1.4065384615384615
1.3846153846153846
1.4892307692307691
1.4934615384615384
1.5415384615384615
1.573076923076923
1.598076923076923
1.76
1.713076923076923
1.8215384615384616
1.8611538461538462
1.863076923076923
1.8965384615384617
1.8896153846153847
1.8207692307692307
1.8907692307692305
1.8707692307692307
1.651923076923077
1.8523076923076922
1.9334615384615386
1.8653846153846154
1.8461538461538463
1.8484615384615386
2.0046153846153847
2.0984615384615384
2.0711538461538463
2.036538461538462
2.131923076923077
2.007307692307692
2.056153846153846
2.268846153846154
2.587307692307692
2.560769230769231
2.5707692307692307
2.69
2.412692307692308
2.2734615384615386
2.3407692307692307
2.2819230769230767
2.142692307692308
2.3434615384615385
2.5584615384615383
2.6276923076923078
2.6465384615384617
2.660769230769231
2.7446153846153845
2.73
2.9973076923076922
2.991153846153846
2.9665384615384616
3.1392307692307693
2.9415384615384617
2.8607692307692307
2.7780769230769233
2.7703846153846152
3.1111538461538464
3.0126923076923076
2.9134615384615383
2.946923076923077
3.085769230769231
3.0203846153846152
3.0307692307692307
3.0730769230769233
3.0757692307692306
3.041153846153846
3.170769230769231
3.246923076923077
3.246153846153846
3.161538461538462
3.159615384615385
3.3
3.3615384615384616
3.501153846153846
3.2653846153846158
3.1438461538461535
2.9753846153846153
2.946923076923077
2.879230769230769
2.9046153846153846
3.0153846153846158
3.1984615384615385
3.118076923076923
3.096538461538462
2.863846153846154
3.036538461538462
3.1096153846153842
3.0688461538461542
3.3715384615384614
3.3469230769230767
3.3230769230769233
3.251153846153846
3.1665384615384613
3.102307692307692
3.0900000000000003
3.2353846153846155
3.164615384615385
3.310769230769231
3.4492307692307693
3.178076923076923
3.2576923076923077
3.3726923076923074
3.2853846153846153
3.3757692307692304
3.269230769230769
3.355
3.2492307692307696
3.286153846153846
3.2976923076923077
3.289615384615385
3.396153846153846
3.411538461538462
3.402307692307692
3.2653846153846158
3.245769230769231
3.097692307692308
3.2869230769230766
3.273846153846154
3.414615384615385
3.388076923076923
3.5949999999999998
3.668461538461538
3.286538461538462
3.2353846153846155
3.2176923076923076
3.298461538461538
3.2353846153846155
3.4811538461538456
3.2842307692307693
3.2011538461538462
3.178076923076923
3.0546153846153845
2.9834615384615386
3.034615384615385
3.1115384615384616
3.0303846153846155
3.0384615384615383
2.899230769230769
3.0076923076923077
2.865769230769231
2.8684615384615384
3.0330769230769232
2.906538461538461
2.7611538461538463
2.925
2.8461538461538463
2.8634615384615385
2.7023076923076923
2.601153846153846
2.6111538461538464
2.583846153846154
2.5573076923076923
2.572307692307692
2.5246153846153847
2.5303846153846155
2.703461538461539
2.5069230769230773
2.3223076923076924
2.4930769230769227
2.2630769230769228
2.241153846153846
2.124615384615385
2.1273076923076926
2.08
2.004230769230769
2.039230769230769
2.3534615384615383
2.256923076923077
2.3211538461538463
2.268076923076923
2.2038461538461536
2.108076923076923
2.1696153846153847
2.058461538461539
2.3196153846153846
2.106153846153846
1.9815384615384617
1.8373076923076925
1.7723076923076921
1.8176923076923077
1.713076923076923
1.6826923076923077
1.7592307692307694
1.81
1.7638461538461538
1.8146153846153845
1.7330769230769232
1.6565384615384615
1.5461538461538462
1.5426923076923076
1.555
1.5792307692307692
1.6253846153846152
1.6319230769230768
1.705769230769231
1.5053846153846153
1.411153846153846
1.35
1.26
1.3476923076923077
1.198076923076923
1.2234615384615386
1.418076923076923
1.2826923076923078
1.433076923076923
1.195
1.2007692307692308
1.2373076923076924
1.108076923076923
1.1211538461538462
1.13
0.9542307692307693
1.0165384615384616
0.9596153846153845
0.9696153846153847
1.0334615384615384
0.8946153846153847
1.066153846153846
1.09
1.0823076923076924
1.0053846153846153
1.023076923076923
1.0226923076923078
0.9623076923076923
1.0380769230769231
0.9376923076923076
0.8507692307692308
0.806923076923077
0.7238461538461538
0.7134615384615385
0.7626923076923077
0.6826923076923077
0.5930769230769231
0.6257692307692307
0.6730769230769231
0.7157692307692307
0.6715384615384615
0.6153846153846154
0.6053846153846154
0.5788461538461539
0.675
0.5303846153846153
0.6265384615384615
0.5653846153846154
0.4765384615384616
0.4665384615384615
0.4565384615384615
0.38846153846153847
0.36615384615384616
0.44884615384615384
0.4634615384615385
0.5161538461538462
0.5369230769230768
0.5238461538461539
0.4826923076923077
0.5042307692307693
0.4330769230769231
0.46961538461538466
0.35
0.39076923076923076
0.5092307692307693
0.5873076923076923
0.475
0.47961538461538467
0.4076923076923077
0.39653846153846156
0.33269230769230773
0.4746153846153846
0.39653846153846156
0.4496153846153846
0.4303846153846154
0.4330769230769231
0.35730769230769227
0.38269230769230766
0.3557692307692308
0.45307692307692304
0.5876923076923076
0.5976923076923077
0.6865384615384614
0.5961538461538461
0.48923076923076925
0.49115384615384616
0.44461538461538463
0.34192307692307694
0.5203846153846153
0.5557692307692308
0.551923076923077
