pet
0.3529166666666667
0.3233333333333333
0.30625
0.2945833333333333
0.39375
0.37041666666666667
0.44166666666666665
0.31083333333333335
0.29125
0.3620833333333333
0.42874999999999996
0.3879166666666667
0.3675
0.3491666666666667
0.47119999999999995
0.40880000000000005
0.3504
0.45880000000000004
0.5004
0.36200000000000004
0.302
0.3576
0.35719999999999996
0.3944
0.4268
0.4152
0.45439999999999997
0.5044
0.4328
0.456
0.5492
0.53
0.5376
0.47759999999999997
0.5672
0.528
0.3912
0.49
0.508
0.4032
0.43199999999999994
0.5404
0.542
0.4496
0.5920000000000001
0.6808
0.5836
0.612
0.5871999999999999
0.6823999999999999
0.6920000000000001
0.6956
0.6904
0.6812
0.5956
0.6644
0.6164000000000001
0.5936
0.5836
0.574
0.6324000000000001
0.5404
0.494
0.6192
0.768
0.8884000000000001
0.9344
1.0228
0.9748
0.9308
0.7824
0.8304
1.0684
1.1732
1.1084
1.1440000000000001
1.0188
1.0964
1.0816
1.0892
1.0936
1.1956
1.206
1.2812000000000001
1.2863999999999998
1.288
1.4063999999999999
1.3612
1.4736000000000002
1.5056
1.4752
1.4944
1.5568
1.4952
1.5456
1.4935999999999998
1.3308000000000002
1.5648
1.6156
1.5075999999999998
1.5751999999999997
1.5368000000000002
1.6824000000000001
1.8124
1.778
1.7280000000000002
1.776
1.6556
1.7475999999999998
2.0496
2.2652
2.2128
2.2892
2.2976
2.0236
1.86
1.8936000000000002
1.786
1.7544
1.9088
2.06
2.0991999999999997
2.1532
2.1319999999999997
2.244
2.2840000000000003
2.5836
2.4796
2.488
2.6436
2.3728
2.414
2.3128
2.396
2.6184
2.4112
2.3280000000000003
2.2572
2.4584
2.4172
2.5063999999999997
2.4663999999999997
2.5144
2.4616
2.6271999999999998
2.498
2.5831999999999997
2.6164
2.588
2.63
2.8336
2.9052
2.6712000000000002
2.4792
2.2868
2.3012
2.2736
2.33
2.4268
2.478
2.4215999999999998
2.2896
2.2212
2.3188
2.426
2.3832
2.6548000000000003
2.5948
2.6408
2.5839999999999996
2.4412000000000003
2.3936
2.3528000000000002
2.5384
2.5164
2.6439999999999997
2.8268
2.5147999999999997
2.5928000000000004
2.6519999999999997
2.546
2.6359999999999997
2.5596
2.62
2.4804
2.5248
2.4108
2.4964
2.5228
2.6563999999999997
2.61
2.4448
2.4552
2.3535999999999997
2.5196
2.5124
2.5236
2.6744
2.8775999999999997
2.842
2.4464
2.4248
2.4988
2.544
2.4328
2.7483999999999997
2.5343999999999998
2.398
2.314
2.3048
2.2163999999999997
2.2603999999999997
2.4916
2.3872
2.3952
2.2068
2.2992000000000004
2.2016
2.1088
2.344
2.2952
2.072
2.202
2.1995999999999998
2.2488
2.11
1.9168
1.8847999999999998
1.9112
1.8292
1.8632
1.8459999999999999
1.8744
1.9635999999999998
1.8752000000000002
1.7575999999999998
1.9264
1.6987999999999999
1.7131999999999998
1.5851999999999997
1.5592
1.5608000000000002
1.5184
1.5175999999999998
1.7724000000000002
1.6468
1.7668000000000001
1.7608
1.696
1.6268
1.6003999999999998
1.5888
1.7484
1.5763999999999998
1.482
1.4080000000000001
1.3528
1.3912
1.2844
1.246
1.2728
1.396
1.3392
1.4384000000000001
1.3044
1.2536
1.1048
1.1356
1.1076000000000001
1.146
1.238
1.2496
1.2671999999999999
1.0741666666666667
1.0533333333333335
0.915
0.8733333333333334
0.9495833333333333
0.83875
0.90625
1.0729166666666667
0.9379166666666666
1.0295833333333333
0.8604166666666666
0.9108333333333333
0.9941666666666666
0.80625
0.8216666666666667
0.7912500000000001
0.7287499999999999
0.7495833333333334
0.6366666666666667
0.67375
0.7604166666666666
0.6333333333333333
0.8120833333333333
0.7883333333333334
0.7695833333333333
0.7758333333333334
0.8645833333333334
0.8020833333333334
0.8016666666666666
0.8954166666666667
0.745
0.6708333333333334
0.6233333333333334
0.5445833333333333
0.5641666666666667
0.5879166666666666
0.49875
0.4483333333333333
0.5279166666666667
0.5466666666666667
0.6108333333333333
0.5608333333333334
0.49041666666666667
0.49291666666666667
0.5075
0.55125
0.38666666666666666
0.45708333333333334
0.4295833333333334
0.41291666666666665
0.3833333333333333
0.38166666666666665
0.3070833333333333
0.3408333333333333
0.3666666666666667
0.3566666666666667
0.44166666666666665
0.4504166666666667
0.45125
0.41124999999999995
0.43416666666666665
0.3720833333333333
0.37083333333333335
0.28250000000000003
0.3345833333333333
0.4695833333333333
0.4995833333333333
0.37916666666666665
0.42124999999999996
0.31666666666666665
0.3516666666666666
0.35708333333333336
0.47583333333333333
0.36083333333333334
0.40458333333333335
0.39458333333333334
0.3529166666666666
0.32666666666666666
0.31125
0.29
0.39999999999999997
0.5591666666666667
0.5358333333333333
0.6041666666666666
0.48833333333333334
0.43166666666666664
0.4370833333333333
0.40875
0.3129166666666667
0.4895833333333333
0.5216666666666666
0.5329166666666666
