temperature
5.170384615384616
4.637692307692308
4.337692307692308
4.21
4.402692307692307
4.311538461538461
5.001923076923077
4.847307692307693
4.544615384615384
4.865
5.132307692307692
5.473076923076923
5.146923076923077
4.706153846153846
4.821923076923077
4.389230769230769
4.269615384615385
4.761923076923077
4.805769230769231
4.088461538461538
3.618846153846154
4.207692307692308
4.141923076923077
4.118461538461538
4.62
4.563076923076923
4.854615384615385
4.957692307692308
4.744230769230769
4.128461538461538
4.559230769230769
4.748846153846154
4.593461538461539
4.6596153846153845
5.500384615384615
5.395769230769231
4.592307692307693
4.387692307692308
4.473461538461539
4.416538461538462
4.105
4.803461538461539
4.923846153846155
4.3403846153846155
4.852307692307692
5.750384615384615
5.187692307692307
5.655384615384615
5.174230769230769
5.615384615384615
5.9861538461538455
6.240769230769231
5.885384615384615
6.103461538461539
5.747692307692308
5.773846153846154
5.577307692307692
5.444999999999999
4.911153846153846
4.9569230769230765
5.148461538461539
5.084615384615384
4.895384615384615
5.354615384615385
5.842307692307693
6.464230769230769
6.731153846153846
7.336538461538462
7.108461538461539
6.975384615384616
7.078846153846154
6.199999999999999
7.556923076923076
8.21923076923077
7.876153846153846
7.490384615384615
6.989615384615385
6.9861538461538455
6.753846153846154
7.142692307692308
6.888846153846154
7.295384615384616
7.343461538461539
7.552307692307693
7.431923076923076
7.490384615384615
8.133846153846154
8.441923076923077
8.934615384615386
8.593846153846155
8.452692307692308
8.781538461538462
8.787307692307692
8.332307692307692
8.853461538461538
8.230384615384615
7.5
7.978461538461539
8.762692307692307
8.408846153846154
7.89
8.236153846153845
8.61076923076923
8.966923076923077
8.84423076923077
8.578846153846154
9.09423076923077
8.931538461538462
8.996538461538462
9.388846153846155
10.445
11.021153846153847
11.005384615384616
11.383076923076922
10.484230769230768
9.736923076923077
10.141538461538461
10.070384615384615
9.419230769230769
10.216153846153846
10.498846153846156
10.65576923076923
10.748461538461537
10.535769230769231
11.05653846153846
11.37576923076923
12.021153846153847
12.25423076923077
12.39076923076923
12.591923076923077
11.905384615384616
11.599615384615383
11.795
11.345384615384615
12.117307692307692
12.538846153846153
12.331538461538461
12.562692307692307
13.045
12.991153846153846
12.751538461538463
12.90576923076923
13.260384615384615
13.219999999999999
13.547307692307694
13.576153846153847
13.682307692307692
13.342692307692309
13.363076923076923
13.591923076923077
13.781153846153845
14.951923076923077
14.996153846153845
14.242692307692307
13.81423076923077
13.820384615384615
13.939615384615385
14.314615384615385
14.42576923076923
15.092692307692309
14.688846153846155
14.75576923076923
14.724230769230768
15.228846153846153
15.301538461538463
15.453846153846154
15.951153846153847
16.35884615384615
16.023076923076925
15.856538461538461
15.792692307692308
15.702692307692306
15.518076923076922
16.06346153846154
16.06153846153846
16.03923076923077
16.40730769230769
16.233076923076922
16.05
16.536923076923078
16.26846153846154
16.899615384615384
16.943846153846156
16.651153846153846
17.005
17.33153846153846
17.174230769230768
16.851153846153846
17.138461538461538
17.18
17.23730769230769
16.760384615384616
16.713846153846156
16.732692307692307
17.04576923076923
17.267692307692307
17.957692307692305
17.87423076923077
18.561923076923076
18.84846153846154
17.95846153846154
17.430384615384614
17.740384615384617
18.368846153846157
18.287692307692307
18.462307692307693
18.26923076923077
18.144615384615385
18.078076923076924
17.828076923076924
17.59423076923077
17.723076923076924
18.161538461538463
17.981923076923074
18.073076923076922
17.801923076923078
18.12076923076923
18.54153846153846
18.07846153846154
18.519615384615385
17.794615384615383
17.803461538461537
18.89423076923077
17.728461538461538
18.132692307692306
17.819615384615386
17.515
17.162307692307692
17.641923076923078
17.742307692307694
17.32846153846154
17.140384615384615
17.278076923076924
17.61846153846154
17.26846153846154
16.703846153846154
17.35884615384615
16.641923076923078
16.194615384615386
16.276923076923076
16.213846153846156
15.50423076923077
15.621153846153845
15.555769230769231
16.610384615384614
16.043076923076924
16.304615384615385
16.47423076923077
16.005
15.582692307692307
15.861923076923075
15.599615384615383
16.127692307692307
16.120384615384616
15.141538461538461
15.048846153846153
14.88846153846154
14.907307692307691
14.581923076923077
14.109615384615385
14.808846153846154
14.626538461538463
14.700769230769232
14.501538461538463
14.487692307692308
14.194615384615386
13.76076923076923
13.738461538461538
13.655
13.882307692307693
13.88846153846154
13.916923076923077
14.154230769230768
13.436923076923078
12.58769230769231
12.549615384615386
12.00576923076923
12.529230769230768
11.721923076923076
11.84769230769231
12.593846153846155
12.348846153846154
12.725384615384616
11.771923076923077
11.879615384615384
11.835769230769232
11.423846153846153
11.359230769230768
11.391923076923076
10.603076923076923
10.78730769230769
10.723076923076924
10.618076923076924
10.964230769230769
10.511538461538462
11.004615384615384
10.963846153846154
10.97923076923077
10.539615384615384
10.40230769230769
10.221923076923076
9.883076923076922
9.944230769230769
10.016153846153847
9.582692307692309
9.429230769230768
9.0
8.522692307692308
8.584615384615384
8.567307692307692
8.392307692307693
7.996153846153846
7.898461538461539
8.462307692307691
8.27
7.962307692307693
7.783076923076923
7.4096153846153845
7.91
7.198076923076924
7.157692307692307
6.875384615384615
6.331153846153845
6.0369230769230775
6.211153846153847
6.121153846153846
5.727692307692307
6.244230769230769
6.153076923076923
6.439615384615385
6.365
6.181923076923076
5.956538461538462
5.704615384615384
5.419615384615384
5.452307692307692
5.200384615384616
5.1596153846153845
5.670000000000001
5.6838461538461535
5.227692307692307
5.353076923076923
5.043846153846153
5.065384615384615
4.711923076923077
5.170000000000001
4.881923076923077
4.943076923076922
5.197692307692307
4.849615384615385
4.411153846153846
4.202307692307692
4.077692307692308
4.181923076923077
5.053461538461539
5.34923076923077
6.2711538461538465
6.205
5.076153846153845
5.031153846153846
4.546923076923077
3.7984615384615386
4.371538461538462
5.184615384615385
4.848846153846154
