pet
0.4046153846153846
0.42461538461538456
0.3607692307692308
0.3719230769230769
0.533076923076923
0.38923076923076927
0.37999999999999995
0.41807692307692307
0.5176923076923077
0.5415384615384615
0.3780769230769231
0.35346153846153844
0.38576923076923075
0.4807692307692308
0.4857692307692308
0.40692307692307694
0.2619230769230769
0.29846153846153844
0.37538461538461537
0.40692307692307694
0.5584615384615385
0.5665384615384615
0.5376923076923077
0.46807692307692306
0.5134615384615384
0.4642307692307692
0.5242307692307692
0.4896153846153846
0.5107692307692308
0.44846153846153847
0.49653846153846154
0.4846153846153846
0.4438461538461539
0.5707692307692308
0.5815384615384616
0.7326923076923078
0.7673076923076922
0.6461538461538462
0.5538461538461539
0.5165384615384615
0.5069230769230769
0.5026923076923077
0.48423076923076924
0.3923076923076923
0.3765384615384616
0.4126923076923077
0.3738461538461539
0.5088461538461538
0.5192307692307693
0.49923076923076926
0.581923076923077
0.58
0.5657692307692308
0.6957692307692308
0.645
0.605
0.6288461538461539
0.6773076923076923
0.7576923076923077
0.806923076923077
0.8999999999999999
0.7969230769230768
0.7642307692307693
0.8553846153846153
0.9569230769230769
0.9438461538461538
0.9349999999999999
0.8911538461538461
1.133076923076923
1.071923076923077
1.0892307692307692
0.9969230769230768
0.9988461538461538
1.0230769230769232
1.1088461538461538
1.185769230769231
1.271153846153846
1.0876923076923077
1.0873076923076923
1.1196153846153847
1.103076923076923
1.2999999999999998
1.3684615384615384
1.2992307692307692
1.2953846153846154
1.1884615384615385
1.3038461538461539
1.2746153846153847
1.343076923076923
1.5742307692307693
1.5492307692307692
1.4469230769230768
1.3030769230769232
1.2507692307692309
1.3438461538461537
1.4615384615384615
1.5576923076923077
1.3553846153846154
1.4942307692307693
1.8134615384615385
1.6292307692307693
1.7857692307692308
1.6734615384615383
1.6607692307692308
1.9057692307692307
1.941153846153846
1.7657692307692305
1.7073076923076924
1.9065384615384615
1.8484615384615386
2.038076923076923
2.2346153846153847
1.9673076923076922
1.8469230769230771
1.8511538461538461
1.8900000000000001
1.8903846153846153
1.9015384615384614
1.9719230769230771
2.108846153846154
2.0296153846153846
2.2553846153846155
2.1092307692307695
2.164230769230769
2.2823076923076924
2.245
2.3903846153846153
2.352307692307692
2.4515384615384614
2.436923076923077
2.378846153846154
2.457307692307692
2.401153846153846
2.3807692307692307
2.6253846153846156
2.555769230769231
2.3661538461538463
2.495769230769231
2.5838461538461535
2.678076923076923
2.4253846153846155
2.6334615384615385
2.5926923076923076
2.7638461538461536
2.7038461538461536
2.758076923076923
2.5900000000000003
2.439230769230769
2.708076923076923
2.6149999999999998
2.7580769230769233
2.718461538461538
2.495
2.4796153846153848
2.4688461538461537
2.486923076923077
2.5349999999999997
2.5757692307692306
2.560769230769231
2.56
2.4903846153846154
2.389615384615385
2.336153846153846
2.5473076923076925
2.539615384615385
2.438846153846154
2.6265384615384617
2.376923076923077
2.528461538461538
2.6173076923076923
2.552692307692308
2.5542307692307693
2.4738461538461536
2.5265384615384616
2.5834615384615387
2.5069230769230773
2.7819230769230767
2.670769230769231
2.666923076923077
2.629230769230769
2.8246153846153845
2.7219230769230767
2.6415384615384614
2.7180769230769233
2.951923076923077
2.8484615384615384
2.8892307692307693
2.9676923076923076
3.0330769230769232
2.89
2.7976923076923077
2.8469230769230767
2.8684615384615384
2.9269230769230767
2.8734615384615383
2.7161538461538464
2.634230769230769
2.5507692307692307
2.5757692307692306
2.6876923076923074
2.7761538461538464
2.737692307692308
2.718461538461539
2.649230769230769
2.5653846153846156
2.7526923076923073
2.6634615384615383
2.7638461538461536
2.742692307692308
2.8673076923076923
2.881153846153846
2.795
2.6234615384615383
2.727307692307692
2.7869230769230766
2.7157692307692307
2.496923076923077
2.5788461538461536
2.485
2.6703846153846156
2.588461538461538
2.491923076923077
2.5134615384615384
2.4499999999999997
2.545
2.6407692307692305
2.578461538461539
2.4469230769230768
2.383846153846154
2.3884615384615384
2.5342307692307693
2.5100000000000002
2.618846153846154
2.295
2.1115384615384616
2.0973076923076923
2.1434615384615388
2.15
2.0026923076923078
2.102692307692308
2.0946153846153845
1.9930769230769232
1.9096153846153845
2.026153846153846
1.9453846153846153
1.8857692307692309
1.8465384615384615
1.8184615384615386
1.7430769230769232
1.848076923076923
1.9184615384615387
1.8903846153846153
1.6749999999999998
1.6199999999999999
1.5426923076923076
1.4215384615384616
1.4823076923076923
1.5892307692307692
1.5303846153846155
1.5542307692307693
1.5276923076923077
1.401923076923077
1.4146153846153846
1.4623076923076925
1.3911538461538462
1.4326923076923077
1.3526923076923079
1.2650000000000001
1.3776923076923078
1.2465384615384614
1.3073076923076923
1.4030769230769229
1.2415384615384615
1.2326923076923075
1.2788461538461537
1.2269230769230768
1.2003846153846154
1.1165384615384615
1.0853846153846154
0.9473076923076923
1.1523076923076923
1.28
1.2303846153846154
1.161923076923077
1.1557692307692309
0.9596153846153845
0.8861538461538461
0.8965384615384615
0.7615384615384616
0.8773076923076922
0.9026923076923077
0.8934615384615385
0.8423076923076922
0.7342307692307692
0.7173076923076922
0.7826923076923078
0.7992307692307693
0.8757692307692307
0.7707692307692308
0.8173076923076923
0.6776923076923077
0.7707692307692308
0.8123076923076924
0.7773076923076924
0.8073076923076923
0.8530769230769231
0.6823076923076924
0.6330769230769231
0.5553846153846154
0.5230769230769231
0.7711538461538462
0.7515384615384615
0.67
0.7326923076923078
0.5930769230769231
0.49461538461538457
0.5269230769230769
0.48730769230769233
0.5088461538461538
0.4369230769230769
0.5111538461538462
0.5430769230769231
0.37153846153846154
0.3630769230769231
0.47115384615384615
0.4953846153846154
0.565
0.46384615384615385
0.4973076923076923
0.4211538461538462
0.3988461538461539
0.3107692307692308
0.3096153846153846
0.446923076923077
0.49461538461538457
0.6126923076923076
0.5126923076923077
0.47269230769230763
0.4165384615384615
0.3680769230769231
0.40384615384615385
0.3638461538461539
0.3038461538461539
0.35
0.35346153846153844
0.4107692307692308
0.365
0.3888461538461539
0.3923076923076923
0.3819230769230769
0.4226923076923077
0.4030769230769231
0.428076923076923
0.5073076923076922
0.5226923076923077
0.49192307692307696
0.5065384615384615
0.4807692307692308
0.47576923076923083
0.5107692307692308
0.5596153846153846
0.6226923076923078
0.47384615384615386
0.3819230769230769
0.39115384615384613
