pet
0.40846153846153843
0.4538461538461539
0.4015384615384615
0.5115384615384616
0.6130769230769231
0.3923076923076923
0.44846153846153847
0.5426923076923077
0.5765384615384616
0.5946153846153847
0.4288461538461539
0.3930769230769231
0.42923076923076925
0.5076923076923077
0.4603846153846154
0.42769230769230765
0.3107692307692308
0.3669230769230769
0.42461538461538456
0.4953846153846154
0.5896153846153847
0.5611538461538461
0.605
0.5338461538461539
0.5076923076923078
0.5180769230769231
0.515
0.5046153846153847
0.4969230769230769
0.46384615384615385
0.5353846153846153
0.5280769230769231
0.5403846153846154
0.6188461538461538
0.67
0.7715384615384615
0.7630769230769231
0.6815384615384615
0.6211538461538461
0.5853846153846154
0.5411538461538462
0.568076923076923
0.5238461538461539
0.4461538461538461
0.40846153846153843
0.4642307692307692
0.47115384615384615
0.5946153846153847
0.515
0.5703846153846154
0.5907692307692307
0.5707692307692308
0.6542307692307693
0.735
0.6161538461538462
0.5884615384615385
0.7488461538461538
0.8057692307692308
0.8619230769230769
0.8576923076923078
0.981923076923077
0.9011538461538462
0.8911538461538461
1.0069230769230768
1.064230769230769
1.080769230769231
1.0534615384615384
0.995
1.1819230769230769
1.1023076923076922
1.0907692307692307
1.0926923076923076
1.0688461538461538
1.0888461538461538
1.09
1.19
1.2203846153846154
1.1342307692307692
1.1515384615384616
1.1423076923076922
1.1746153846153846
1.3988461538461539
1.4219230769230768
1.3503846153846153
1.3488461538461538
1.326153846153846
1.3246153846153845
1.3253846153846154
1.3792307692307693
1.6023076923076922
1.5503846153846155
1.4026923076923077
1.268846153846154
1.3453846153846152
1.4
1.5388461538461538
1.6080769230769232
1.47
1.606923076923077
1.843076923076923
1.843076923076923
1.8957692307692307
1.7565384615384616
1.8065384615384614
2.062692307692308
2.068846153846154
1.8696153846153847
2.0715384615384616
2.001923076923077
1.9415384615384617
2.141923076923077
2.3423076923076924
2.0534615384615384
2.065769230769231
2.063076923076923
2.0296153846153846
2.1403846153846153
2.1126923076923076
2.1926923076923077
2.251923076923077
2.1342307692307694
2.3611538461538464
2.3846153846153846
2.35
2.5115384615384615
2.455
2.621923076923077
2.564230769230769
2.5369230769230766
2.6938461538461542
2.677692307692308
2.606923076923077
2.583076923076923
2.6511538461538464
2.828461538461539
2.6680769230769235
2.4815384615384612
2.634230769230769
2.8542307692307696
2.9696153846153845
2.835384615384615
3.0915384615384616
3.016153846153846
3.1103846153846155
3.0207692307692304
3.0084615384615385
2.867692307692308
2.7492307692307696
2.936923076923077
2.773076923076923
3.016153846153846
2.9134615384615383
2.686153846153846
2.681923076923077
2.6388461538461536
2.871153846153846
2.7626923076923076
2.871923076923077
2.8776923076923073
2.838846153846154
2.7265384615384614
2.7465384615384614
2.6353846153846154
2.7146153846153847
2.7284615384615383
2.810769230769231
3.14
2.8242307692307693
2.839230769230769
2.9053846153846155
3.0153846153846158
2.8188461538461542
2.846538461538462
2.8076923076923075
2.8965384615384617
3.031538461538461
3.084230769230769
2.960384615384615
3.0126923076923076
3.0257692307692308
3.104230769230769
3.0869230769230773
2.9415384615384617
3.1530769230769233
3.4373076923076926
3.2653846153846158
3.2115384615384617
3.241153846153846
3.3892307692307693
3.2534615384615386
3.17
3.206153846153846
3.1665384615384613
3.272692307692308
3.2365384615384616
3.0999999999999996
2.9615384615384617
2.928846153846154
2.9919230769230767
3.1592307692307693
3.1146153846153846
2.976153846153846
3.083076923076923
3.001153846153846
2.858846153846154
3.1034615384615383
3.1065384615384612
3.1957692307692307
3.0596153846153844
3.2057692307692305
3.349615384615385
2.909615384615385
2.9088461538461536
3.085384615384615
2.920769230769231
2.8534615384615383
2.8746153846153844
2.7419230769230767
2.605769230769231
2.835
2.791153846153846
2.6769230769230767
2.816153846153846
2.671923076923077
2.745769230769231
2.8153846153846156
2.8049999999999997
2.7
2.612692307692308
2.605384615384615
2.7676923076923075
2.8053846153846154
2.741923076923077
2.528461538461538
2.3015384615384615
2.4007692307692308
2.45
2.3615384615384616
2.2153846153846155
2.3715384615384614
2.366153846153846
2.2150000000000003
2.1565384615384615
2.1957692307692307
2.1330769230769233
2.0357692307692306
2.1053846153846156
1.9476923076923076
1.958076923076923
2.1361538461538463
2.1384615384615384
2.0573076923076923
1.8003846153846155
1.8211538461538461
1.7542307692307693
1.6300000000000001
1.6630769230769231
1.6665384615384615
1.7373076923076924
1.6873076923076922
1.7446153846153847
1.5446153846153845
1.5776923076923077
1.5946153846153845
1.5565384615384614
1.5680769230769231
1.4553846153846153
1.4396153846153845
1.47
1.3946153846153846
1.4549999999999998
1.4073076923076924
1.4038461538461537
1.290769230769231
1.3426923076923076
1.3284615384615384
1.2938461538461539
1.1973076923076922
1.1815384615384614
1.1153846153846154
1.2307692307692308
1.3476923076923077
1.206923076923077
1.1611538461538462
1.1703846153846154
0.9476923076923077
0.9315384615384615
0.8773076923076923
0.7838461538461539
0.8738461538461538
0.916923076923077
0.9069230769230768
0.8626923076923076
0.7407692307692308
0.7753846153846153
0.8757692307692307
0.8446153846153847
0.9342307692307692
0.8457692307692307
0.8126923076923076
0.7176923076923077
0.8080769230769231
0.9307692307692308
0.8665384615384616
0.8988461538461539
0.8738461538461538
0.7423076923076923
0.6919230769230769
0.6026923076923076
0.6011538461538461
0.8065384615384615
0.7688461538461537
0.7207692307692308
0.7292307692307692
0.6338461538461538
0.5165384615384615
0.5161538461538462
0.51
0.5219230769230769
0.46692307692307694
0.5338461538461539
0.5888461538461539
0.4061538461538462
0.42038461538461536
0.46192307692307694
0.5326923076923077
0.655
0.5426923076923077
0.5457692307692308
0.5234615384615384
0.43615384615384617
0.37730769230769234
0.3507692307692307
0.5038461538461538
0.5476923076923077
0.6288461538461539
0.5807692307692307
0.5053846153846154
0.3892307692307692
0.3880769230769231
0.4592307692307692
0.3376923076923077
0.28846153846153844
0.37961538461538463
0.42
0.46846153846153843
0.4276923076923077
0.46115384615384614
0.4519230769230769
0.44269230769230766
0.49346153846153845
0.40115384615384614
0.45615384615384613
0.5334615384615384
0.5057692307692307
0.5361538461538461
0.5226923076923077
0.535
0.4957692307692308
0.5553846153846154
0.5996153846153847
0.6534615384615384
0.4788461538461538
0.37461538461538463
0.43730769230769234
