temperature
5.513076923076923
5.176153846153846
4.695
4.737307692307692
4.997307692307692
4.911923076923077
5.368076923076923
5.158846153846154
4.940384615384615
5.539615384615384
5.8876923076923084
6.058461538461539
5.7069230769230765
5.555384615384615
5.846153846153846
5.541153846153846
5.173846153846155
5.4692307692307685
5.396923076923077
4.4980769230769235
4.664615384615384
4.657307692307692
4.689230769230769
4.775769230769231
5.256538461538461
4.936538461538461
5.33576923076923
5.385
5.1657692307692304
4.718076923076923
5.20423076923077
5.185769230769231
5.124615384615385
5.129615384615385
5.941923076923077
5.754230769230769
5.130384615384615
5.166923076923077
4.985384615384616
4.64
4.700769230769231
5.438076923076922
5.652692307692307
5.089230769230769
5.529230769230769
6.094615384615385
5.636923076923077
5.979230769230769
5.638461538461538
6.084615384615384
6.443461538461539
6.427307692307693
6.338461538461539
6.266923076923077
5.921153846153846
6.03
5.764615384615384
5.542307692307692
5.143076923076923
5.119230769230769
5.38
5.351923076923077
5.207307692307693
5.458846153846154
5.980384615384616
6.712307692307693
7.052307692307692
7.420384615384616
7.270384615384615
7.138076923076923
6.703461538461538
6.464615384615385
7.619230769230769
8.16
7.586923076923076
7.510384615384615
6.9692307692307685
7.181538461538461
7.1692307692307695
7.615769230769231
7.352307692307692
7.803846153846154
7.755384615384615
7.979615384615385
7.961153846153847
8.09423076923077
8.592692307692307
8.317307692307692
8.663461538461538
8.786923076923078
8.654615384615385
8.712307692307693
8.698846153846153
8.476153846153846
8.662692307692307
8.57423076923077
7.864615384615385
8.41
8.684615384615386
8.43346153846154
8.348076923076924
8.47923076923077
8.92576923076923
9.034230769230769
9.047307692307694
9.078846153846154
9.306538461538462
8.95923076923077
9.123846153846154
9.887307692307692
10.925
10.776923076923076
10.933846153846153
11.258076923076922
10.419230769230769
9.910769230769231
10.18
9.913461538461538
9.522307692307693
10.202692307692306
10.611153846153845
10.748076923076923
10.946923076923078
10.815
11.092307692307692
11.041923076923077
11.913846153846153
12.089615384615383
11.935
12.485000000000001
11.936538461538463
11.830384615384615
11.652692307692309
11.725769230769231
12.586153846153847
12.288461538461538
12.163461538461538
12.273846153846154
12.696153846153846
12.623846153846156
12.743461538461538
12.80076923076923
12.868076923076924
12.803461538461537
13.156538461538462
13.511923076923077
13.473076923076924
13.36923076923077
13.417692307692308
13.871923076923078
14.03
15.180769230769231
14.752307692307692
14.463846153846154
13.978846153846153
14.116538461538463
13.956153846153846
13.95923076923077
14.405384615384616
14.950769230769232
14.825769230769229
14.68923076923077
14.186538461538463
14.765384615384615
14.923461538461538
14.895769230769229
15.79653846153846
15.701923076923077
15.766538461538461
15.558076923076923
15.275384615384617
15.220384615384615
15.232692307692307
15.64076923076923
15.532307692307691
16.05923076923077
16.334615384615383
15.782307692307693
15.98576923076923
16.38346153846154
16.253461538461536
16.392307692307693
16.19
16.475
16.113846153846154
16.201538461538462
16.348846153846154
16.448461538461537
16.71846153846154
16.94423076923077
16.865000000000002
16.581153846153846
16.56
16.25346153846154
16.808461538461536
16.77846153846154
17.195
17.192692307692308
17.921923076923076
18.13230769230769
17.143076923076926
17.07846153846154
17.126153846153848
17.35230769230769
17.139615384615386
17.887307692307694
17.432307692307692
17.244615384615386
17.198076923076922
17.009615384615383
16.853846153846153
17.092307692307692
17.49423076923077
17.36846153846154
17.356153846153845
17.052692307692308
17.288076923076922
17.023846153846154
17.053076923076922
17.603461538461538
17.275384615384617
17.129615384615384
17.465769230769233
17.27769230769231
17.451538461538462
17.045384615384616
16.694615384615386
16.720000000000002
16.65653846153846
16.48730769230769
16.685384615384613
16.57346153846154
16.69576923076923
17.053461538461537
16.724615384615383
16.119615384615386
16.704615384615384
16.11230769230769
15.883461538461539
15.59423076923077
15.549230769230768
15.511153846153848
15.174230769230768
15.26576923076923
16.140384615384615
15.914615384615384
16.108461538461537
15.944615384615386
15.744615384615384
15.422692307692309
15.542307692307693
15.238846153846152
16.09
15.404615384615385
15.011923076923077
14.588846153846154
14.388076923076925
14.622307692307693
14.112692307692308
14.165384615384616
14.488461538461538
14.605384615384615
14.48076923076923
14.633076923076922
14.389999999999999
13.978461538461538
13.502307692307692
13.667307692307693
13.661153846153846
13.713076923076924
13.76423076923077
13.936923076923078
14.253076923076922
13.3444
12.7956
12.5052
12.176400000000001
12.738
12.099200000000002
12.1648
12.833599999999999
12.5132
12.8664
12.0512
11.955599999999999
11.761199999999999
11.3812
11.7476
11.6372
10.9444
11.058800000000002
10.766399999999999
10.6768
10.9496
10.4652
10.882
10.8304
10.8716
10.8172
10.515999999999998
10.3796
10.1972
10.604800000000001
10.258
9.610800000000001
9.3544
8.9552
8.7492
9.1992
8.7488
8.6084
8.639199999999999
8.6832
9.258
9.0556
8.558
8.2684
7.9852
8.4296
7.811923076923078
8.199615384615385
7.6534615384615385
7.351923076923077
7.148461538461538
6.839615384615384
6.480384615384616
6.257307692307692
6.958846153846154
6.8088461538461535
7.005384615384615
6.84
6.686923076923078
6.501538461538461
6.27576923076923
5.752307692307692
5.848461538461539
5.825384615384616
5.8442307692307685
6.355384615384616
6.578461538461538
6.128076923076923
6.024230769230769
5.941538461538461
5.947307692307692
5.407692307692307
6.03923076923077
5.7299999999999995
5.932307692307693
5.9326923076923075
5.584615384615384
5.26
5.35
4.747307692307692
5.125
6.068076923076924
6.268461538461538
6.838461538461539
6.527692307692307
5.771538461538461
5.752692307692308
5.290384615384616
4.6196153846153845
5.475384615384614
5.81923076923077
5.636153846153846
