pet
0.41384615384615386
0.21692307692307694
0.16115384615384618
0.34769230769230774
0.41192307692307695
0.43
0.41000000000000003
0.3792307692307692
0.3607692307692308
0.37846153846153846
0.4103846153846154
0.31
0.42192307692307696
0.3946153846153846
0.4523076923076923
0.34346153846153843
0.26884615384615385
0.3257692307692308
0.3923076923076923
0.44423076923076926
0.44730769230769235
0.36153846153846153
0.3619230769230769
0.3873076923076923
0.26384615384615384
0.3353846153846154
0.23
0.3142307692307692
0.43346153846153845
0.36961538461538457
0.39961538461538465
0.41807692307692307
0.5073076923076923
0.47923076923076924
0.505
0.6465384615384615
0.5319230769230769
0.37461538461538463
0.29115384615384615
0.3626923076923077
0.275
0.2753846153846154
0.35500000000000004
0.2746153846153846
0.2980769230769231
0.3169230769230769
0.3411538461538462
0.40076923076923077
0.38461538461538464
0.4073076923076923
0.4230769230769231
0.4346153846153846
0.5688461538461539
0.6180769230769231
0.5296153846153846
0.49769230769230766
0.5207692307692308
0.6253846153846153
0.5223076923076924
0.5903846153846154
0.6665384615384616
0.6173076923076923
0.7034615384615385
0.89
0.9553846153846154
1.0257692307692308
0.8242307692307692
0.8484615384615384
0.9161538461538462
0.8826923076923077
0.9123076923076923
0.7846153846153846
0.6873076923076924
0.6680769230769231
0.7334615384615385
0.7926923076923077
0.6569230769230768
0.6519230769230769
0.661923076923077
0.7365384615384616
0.8319230769230769
0.8300000000000001
0.8846153846153846
0.855
0.8703846153846153
0.8634615384615384
0.8865384615384616
1.0007692307692309
1.1557692307692309
1.1730769230769231
1.1242307692307691
0.9215384615384615
0.9323076923076923
1.1088461538461538
1.0776923076923077
1.1584615384615384
1.0553846153846154
1.1515384615384616
1.2792307692307692
1.536923076923077
1.4476923076923076
1.2842307692307693
1.2884615384615385
1.5676923076923077
1.701153846153846
1.6119230769230768
1.69
1.7188461538461537
1.5507692307692307
1.6365384615384615
1.7565384615384616
1.5857692307692306
1.6357692307692309
1.8153846153846156
1.6976923076923076
1.8296153846153846
1.7684615384615383
1.7630769230769232
1.7815384615384615
1.8153846153846156
1.8611538461538462
1.9038461538461537
2.021153846153846
2.0719230769230768
2.0465384615384616
2.2223076923076923
2.305769230769231
2.0865384615384617
2.0961538461538463
2.1565384615384615
2.138076923076923
2.215
2.1846153846153844
2.286538461538462
2.290769230769231
2.026923076923077
2.338076923076923
2.3042307692307693
2.2703846153846152
2.5188461538461535
2.4811538461538465
2.3442307692307693
2.6734615384615386
2.5865384615384617
2.693076923076923
2.606923076923077
2.582307692307692
2.56
2.4753846153846153
2.6076923076923078
2.621923076923077
2.530384615384615
2.3403846153846155
2.2611538461538463
2.246153846153846
2.2876923076923075
2.3615384615384616
2.3284615384615384
2.4123076923076923
2.313846153846154
2.322307692307692
2.253076923076923
2.2115384615384617
2.207692307692308
2.2626923076923076
2.3065384615384614
2.382307692307692
2.3669230769230767
2.4292307692307693
2.641538461538462
2.2773076923076925
2.144230769230769
2.233846153846154
2.2046153846153844
2.267692307692308
2.417692307692308
2.2746153846153847
2.2523076923076926
2.3288461538461536
2.462307692307692
2.376153846153846
2.223076923076923
2.2453846153846153
2.4453846153846155
2.5084615384615385
2.4615384615384617
2.660769230769231
2.678076923076923
2.4296153846153845
2.376153846153846
2.381923076923077
2.456153846153846
2.2811538461538463
2.4134615384615383
2.329230769230769
2.1307692307692307
2.0015384615384617
2.132307692307692
2.2857692307692306
2.531538461538462
2.3007692307692307
2.2576923076923077
2.163076923076923
2.141153846153846
2.23
2.371153846153846
2.392692307692308
2.393076923076923
2.3223076923076924
2.3096153846153844
2.2523076923076926
2.0930769230769233
2.1603846153846153
2.131923076923077
1.9388461538461539
1.9684615384615385
2.020769230769231
2.0273076923076925
1.8580769230769232
1.9423076923076923
1.9076923076923078
1.8196153846153846
1.9561538461538461
1.9342307692307692
1.8853846153846154
1.9257692307692307
1.958846153846154
1.723076923076923
1.8473076923076923
1.7969230769230768
1.8919230769230768
1.9473076923076924
1.7615384615384615
1.7176923076923076
1.8457692307692308
1.8176923076923077
1.6926923076923077
1.7000000000000002
1.6969230769230768
1.8315384615384613
1.5784615384615384
1.5176923076923077
1.5426923076923076
1.5426923076923076
1.5034615384615386
1.5826923076923076
1.5123076923076924
1.2999999999999998
1.3784615384615386
1.4623076923076925
1.3496153846153847
1.2138461538461538
1.2323076923076923
1.1673076923076924
1.1807692307692308
1.0857692307692308
1.0857692307692308
1.1207692307692307
1.308076923076923
1.3215384615384616
1.178076923076923
1.1807692307692308
1.2330769230769232
1.2142307692307692
1.1126923076923076
1.1203846153846153
0.8642307692307691
0.8053846153846155
0.8911538461538462
0.9400000000000001
1.0057692307692307
1.075
1.1238461538461537
1.0576923076923077
1.0873076923076923
1.0134615384615384
0.9511538461538461
0.9511538461538461
0.8853846153846153
0.8223076923076923
0.9692307692307692
0.8842307692307692
0.7665384615384615
0.8334615384615385
0.7153846153846154
0.715
0.7746153846153846
0.6876923076923076
0.7019230769230769
0.6592307692307693
0.6303846153846154
0.5703846153846154
0.5557692307692308
0.573076923076923
0.6388461538461538
0.7103846153846154
0.6569230769230768
0.6307692307692307
0.635
0.5653846153846154
0.6830769230769231
0.6469230769230769
0.7015384615384617
0.5703846153846154
0.5703846153846154
0.6053846153846154
0.6426923076923077
0.5369230769230768
0.4792307692307692
0.5896153846153847
0.6380769230769231
0.5411538461538462
0.6115384615384616
0.53
0.49
0.39269230769230773
0.41615384615384615
0.45038461538461544
0.39961538461538465
0.3330769230769231
0.33884615384615385
0.3423076923076923
0.23153846153846155
0.215
0.53
0.5223076923076924
0.48000000000000004
0.42769230769230765
0.4411538461538461
0.36038461538461536
0.3484615384615385
0.3807692307692308
0.3392307692307692
0.3892307692307692
0.40230769230769237
0.5192307692307693
0.5334615384615385
0.47423076923076923
0.3761538461538461
0.24115384615384616
0.23115384615384615
0.23538461538461536
0.3565384615384615
0.44846153846153847
0.4438461538461539
0.4034615384615385
0.37846153846153846
0.4211538461538462
0.4088461538461538
0.3203846153846154
0.28807692307692306
0.3426923076923077
0.2576923076923077
0.3273076923076923
0.3411538461538462
0.3384615384615385
0.40230769230769237
0.44999999999999996
0.4869230769230769
0.3861538461538462
0.37846153846153846
0.4
0.36615384615384616
0.38153846153846155
0.4238461538461538
