pet
0.3961538461538462
0.44423076923076926
0.38423076923076926
0.47538461538461535
0.5846153846153846
0.3807692307692308
0.42769230769230765
0.5196153846153846
0.5638461538461539
0.5930769230769231
0.38346153846153846
0.3792307692307692
0.4034615384615385
0.4953846153846154
0.4496153846153846
0.4019230769230769
0.2926923076923077
0.35346153846153844
0.4123076923076923
0.47230769230769226
0.5911538461538461
0.5684615384615385
0.588076923076923
0.5192307692307693
0.51
0.4834615384615385
0.5019230769230769
0.48730769230769233
0.5003846153846154
0.4461538461538461
0.5192307692307693
0.49500000000000005
0.5007692307692307
0.5996153846153847
0.6342307692307692
0.7619230769230769
0.7769230769230769
0.6907692307692308
0.61
0.56
0.525
0.5446153846153846
0.5203846153846153
0.45307692307692304
0.39538461538461533
0.46115384615384614
0.46576923076923077
0.6038461538461538
0.53
0.5673076923076923
0.59
0.5696153846153846
0.6499999999999999
0.7492307692307693
0.6323076923076923
0.5976923076923076
0.7173076923076922
0.7984615384615383
0.8653846153846154
0.8480769230769231
0.9653846153846154
0.8776923076923077
0.8880769230769231
0.9869230769230769
1.0315384615384615
1.0457692307692308
1.025
0.9588461538461538
1.1919230769230769
1.1003846153846153
1.0653846153846154
1.0638461538461539
1.0803846153846153
1.0676923076923077
1.0857692307692308
1.1976923076923076
1.231153846153846
1.1319230769230768
1.13
1.1465384615384615
1.1607692307692308
1.4230769230769231
1.4088461538461539
1.3473076923076923
1.3473076923076923
1.3250000000000002
1.348076923076923
1.2961538461538462
1.3684615384615384
1.6238461538461537
1.5696153846153846
1.4596153846153848
1.3484615384615386
1.3723076923076922
1.415
1.5607692307692307
1.6365384615384615
1.4549999999999998
1.6434615384615383
1.871923076923077
1.8292307692307692
1.93
1.7950000000000002
1.8299999999999998
2.0784615384615384
2.062307692307692
1.8807692307692307
2.058846153846154
2.0476923076923077
1.9542307692307692
2.1915384615384617
2.394230769230769
2.072307692307692
2.086923076923077
2.0911538461538464
2.0461538461538464
2.1757692307692307
2.1265384615384617
2.2142307692307694
2.2811538461538463
2.203076923076923
2.411538461538462
2.4153846153846152
2.3776923076923078
2.4973076923076927
2.4699999999999998
2.634230769230769
2.5788461538461536
2.5534615384615384
2.7346153846153842
2.6580769230769232
2.6134615384615385
2.6180769230769227
2.6630769230769227
2.8461538461538463
2.665769230769231
2.4465384615384616
2.671923076923077
2.868076923076923
2.9780769230769235
2.8007692307692307
3.0684615384615386
2.9742307692307692
3.061923076923077
3.0276923076923077
3.0523076923076924
2.8649999999999998
2.738076923076923
2.9523076923076923
2.768076923076923
2.971538461538462
2.8865384615384615
2.670384615384615
2.6319230769230773
2.602307692307692
2.825
2.728846153846154
2.868846153846154
2.8653846153846154
2.813076923076923
2.6696153846153843
2.704230769230769
2.5707692307692307
2.7007692307692306
2.746153846153846
2.7626923076923076
3.093461538461539
2.7603846153846154
2.7976923076923077
2.855384615384615
2.9334615384615383
2.7946153846153843
2.7946153846153843
2.7688461538461535
2.852692307692308
2.9846153846153842
3.06
2.954230769230769
2.973076923076923
3.008846153846154
3.0923076923076924
3.0476923076923077
2.9269230769230767
3.146153846153846
3.468461538461539
3.258846153846154
3.2346153846153842
3.245769230769231
3.3857692307692306
3.1907692307692304
3.129230769230769
3.168461538461538
3.1361538461538463
3.259230769230769
3.241153846153846
3.043846153846154
2.945
2.884230769230769
2.983076923076923
3.113846153846154
3.082307692307692
2.9507692307692306
3.0865384615384617
2.9711538461538463
2.816153846153846
3.0930769230769233
3.096538461538462
3.1715384615384616
3.023076923076923
3.1811538461538458
3.349615384615385
2.9192307692307695
2.916923076923077
3.0953846153846154
2.941153846153846
2.8530769230769235
2.855769230769231
2.7484615384615383
2.611923076923077
2.8803846153846155
2.8442307692307693
2.700384615384615
2.8288461538461536
2.6792307692307693
2.7834615384615384
2.838846153846154
2.8319230769230765
2.7430769230769227
2.6273076923076926
2.6242307692307696
2.8307692307692305
2.822307692307692
2.7761538461538464
2.546538461538461
2.313076923076923
2.3953846153846152
2.4673076923076924
2.405769230769231
2.2453846153846153
2.3865384615384615
2.367692307692308
2.2123076923076925
2.1453846153846152
2.194230769230769
2.142692307692308
2.033846153846154
2.123076923076923
2.0046153846153847
1.9642307692307692
2.17
2.1784615384615384
2.0534615384615384
1.823076923076923
1.8723076923076922
1.7661538461538462
1.6453846153846154
1.6603846153846153
1.6842307692307692
1.7376923076923076
1.7019230769230769
1.7699999999999998
1.5784615384615384
1.580769230769231
1.633076923076923
1.5723076923076924
1.5907692307692307
1.4619230769230769
1.4534615384615384
1.508076923076923
1.3976923076923078
1.4392307692307693
1.4288461538461539
1.4034615384615385
1.3257692307692308
1.3726923076923077
1.3542307692307693
1.3096153846153844
1.1826923076923077
1.1765384615384615
1.1123076923076924
1.2453846153846155
1.3803846153846153
1.2488461538461537
1.1992307692307693
1.2411538461538463
0.985
0.9665384615384615
0.928076923076923
0.8134615384615385
0.8988461538461539
0.9530769230769232
0.9415384615384615
0.8688461538461538
0.7342307692307692
0.7819230769230768
0.878076923076923
0.8769230769230769
0.9761538461538461
0.8646153846153847
0.8338461538461538
0.7242307692307691
0.8065384615384615
0.9484615384615385
0.8919230769230769
0.8869230769230769
0.878076923076923
0.715
0.6796153846153847
0.5915384615384616
0.5842307692307692
0.7934615384615384
0.7753846153846153
0.7276923076923077
0.7073076923076923
0.6176923076923077
0.49653846153846154
0.5161538461538462
0.4938461538461538
0.5196153846153846
0.45038461538461544
0.5111538461538461
0.5703846153846154
0.39230769230769236
0.42076923076923073
0.46
0.5123076923076924
0.6284615384615384
0.5303846153846155
0.5284615384615384
0.5184615384615385
0.4334615384615385
0.35692307692307695
0.3403846153846154
0.4942307692307692
0.5453846153846154
0.6415384615384615
0.5703846153846154
0.5046153846153847
0.38846153846153847
0.3873076923076923
0.4565384615384615
0.3346153846153846
0.28692307692307695
0.36576923076923074
0.40499999999999997
0.4511538461538462
0.40807692307692306
0.45576923076923076
0.42230769230769233
0.4211538461538462
0.48615384615384616
0.3915384615384615
0.43538461538461537
0.5173076923076922
0.5076923076923078
0.5284615384615384
0.4957692307692308
0.5119230769230769
0.47692307692307695
0.533076923076923
0.5965384615384616
0.6419230769230769
0.4807692307692308
0.3584615384615385
0.4176923076923077
