temperature
3.77125
3.274375
3.436875
4.178125
4.77125
4.171875
4.080625
3.9200000000000004
4.41
4.453125
3.743125
4.495
4.941875
4.56125
4.355625
4.1431249999999995
3.8762499999999998
4.428125
4.998125
4.89
3.82
3.1075
3.263125
2.99125
3.00875
2.739375
3.1475
3.245
3.6675
3.6625
3.963125
3.391875
3.855625
4.5425
4.89875
4.673125
4.27375
4.08375
3.711875
3.32625
4.505
5.4375
5.03625
3.195625
3.42875
4.3625
3.813125
4.089375
3.689375
3.544375
3.578125
3.46375
3.75875
4.208125
3.505
4.2006250000000005
4.524375
4.110625
3.508125
3.8337499999999998
3.44625
3.84125
4.421875
4.769375
5.744375
6.4750000000000005
5.981875
5.786875
6.58
5.6068750000000005
5.499375
5.681875
6.6075
6.84
7.165625
7.327500000000001
6.33625
6.024375
6.529375
6.356875
6.57875
7.4
7.266875
6.69875
6.225625
6.01875
6.820625
7.02625
7.0775
8.1125
7.87375
7.461875
7.282500000000001
6.875
7.225625
7.04875
6.2825
6.484375
7.0775
7.3975
7.16875
7.578125
6.733750000000001
7.005625
7.11125
7.228125
7.4125
7.303125
6.943125
7.568125
9.075
9.369375
9.105625
9.726875
9.415625
9.679375
10.221875
9.965625
9.575625
9.823125
10.030625
10.39375
10.179375
9.98
9.6875
9.68125
10.17375
10.1875
9.94125
10.975
10.940625
11.153125
11.223125
11.083125
12.194375
11.477500000000001
10.811875
11.03625
11.75125
11.901250000000001
11.71125
11.55625
12.25
12.04125
12.02875
12.660625
12.666875000000001
11.841875
12.455625
12.235
12.49125
13.570625
12.67375
12.340625
12.300625
13.571250000000001
13.723749999999999
13.773125
13.71625
14.435
13.679375
13.584375
12.70625
13.76875
13.930625
14.5575
15.29625
15.096875
15.203125
14.7125
14.548125
13.661875
14.025
14.30125
14.703125
14.683125
15.07625
14.58875
15.629999999999999
15.701875000000001
16.0125
15.665
15.71625
15.85875
15.88125
15.604375000000001
15.3525
15.869375
16.199375
15.81625
15.96125
15.685
15.784375
15.76125
16.66375
16.513125
16.344375
16.01875
16.63375
17.13
16.906875
16.543125
16.72
16.925
16.4425
16.523125
16.7525
16.830624999999998
17.589375
17.8175
17.914375
17.120625
17.01625
17.149375
16.87
16.685625
17.32875
17.73125
16.98
17.34
17.596875
17.089375
17.049375
16.16
16.046875
16.25375
16.365
16.8225
16.633125
16.6575
16.681874999999998
16.49625
16.578125
16.210625
15.691875
15.23625
15.695
15.303125
14.71375
14.585
14.764375
14.996875
14.849375
14.60375
15.354375
15.036875
15.045
15.196875
14.93125
14.34
14.175625
14.061875
14.61875
14.445625
13.795
13.753124999999999
13.119375
13.03125
12.45875
13.4175
13.95125
13.324375
13.33875
13.729375000000001
12.838750000000001
12.939375
12.71625
12.521875
12.706875
12.575624999999999
12.718125
12.904375
12.938749999999999
12.036875
11.21
11.01375
10.29625
10.661875
10.944375
11.035625
11.616249999999999
11.314375
11.785625
11.381874999999999
10.986875
10.3875
10.508125
10.13625
9.698125
8.606875
8.68125
8.808125
8.703125
9.155
9.06625
9.216875
9.3625
9.6925
8.919375
8.863125
9.044375
9.43875
8.81
8.23
8.274666666666667
8.949333333333334
8.307333333333334
7.988666666666666
8.264666666666667
8.287333333333333
8.793333333333333
8.023333333333333
7.229333333333333
7.183999999999999
7.070666666666667
6.776
5.994666666666666
5.498666666666667
5.9479999999999995
5.262666666666666
5.323333333333334
5.430666666666666
5.249333333333333
4.357333333333333
4.437333333333333
4.9766666666666675
5.830666666666667
6.2459999999999996
6.550666666666667
6.354666666666668
6.078
5.706666666666666
5.706666666666666
6.139333333333334
5.875625
6.139375
5.751875
4.53625
4.104375
4.3275
4.19125
4.150625
3.948125
3.9137500000000003
4.245
4.93875
4.051875
3.265625
3.62125
4.12875
3.6375
3.9162500000000002
3.51
2.898125
4.130625
4.54125
4.280625
4.13625
3.345625
3.029375
2.594375
2.7125
2.518125
2.8725
2.84125
