pet
0.52
0.43
0.43846153846153846
0.3796153846153846
0.41423076923076924
0.43961538461538463
0.5611538461538461
0.5026923076923077
0.4880769230769231
0.4573076923076923
0.5742307692307692
0.5626923076923076
0.525
0.4392307692307692
0.5688461538461538
0.5142307692307692
0.4238461538461538
0.5603846153846154
0.6107692307692307
0.46115384615384614
0.385
0.42346153846153844
0.45346153846153847
0.4096153846153846
0.5057692307692307
0.4773076923076923
0.5423076923076923
0.6057692307692307
0.5546153846153846
0.4896153846153846
0.625
0.6457692307692308
0.6457692307692308
0.578076923076923
0.7030769230769232
0.7369230769230769
0.5723076923076923
0.6038461538461538
0.6265384615384615
0.5592307692307693
0.5688461538461539
0.7026923076923077
0.6765384615384615
0.5161538461538462
0.6492307692307692
0.7911538461538462
0.7230769230769231
0.7980769230769231
0.7153846153846154
0.8515384615384616
0.8765384615384615
0.9588461538461538
0.8811538461538462
0.9126923076923077
0.8488461538461538
0.8346153846153845
0.7938461538461539
0.8269230769230769
0.7588461538461538
0.8076923076923077
0.8623076923076923
0.8119230769230769
0.7511538461538462
0.7565384615384616
0.9907692307692308
1.143076923076923
1.258076923076923
1.3076923076923077
1.3138461538461537
1.2661538461538462
1.2273076923076922
1.0757692307692308
1.405
1.5680769230769231
1.4361538461538461
1.426923076923077
1.3153846153846156
1.31
1.3065384615384614
1.445769230769231
1.3615384615384616
1.4784615384615383
1.445769230769231
1.5446153846153847
1.5861538461538462
1.625
1.805
1.7503846153846152
1.8157692307692308
1.7273076923076922
1.7284615384615383
1.7726923076923076
1.7796153846153844
1.6938461538461538
1.7807692307692307
1.7211538461538463
1.5
1.7000000000000002
1.8703846153846155
1.7465384615384614
1.676153846153846
1.7538461538461538
1.856153846153846
1.9134615384615385
1.9538461538461538
1.9134615384615385
2.022307692307692
1.9196153846153847
1.9042307692307692
2.171153846153846
2.4857692307692307
2.457307692307692
2.463846153846154
2.541923076923077
2.3134615384615382
2.1311538461538464
2.1703846153846156
2.1776923076923076
1.9719230769230767
2.207307692307692
2.3449999999999998
2.416923076923077
2.455
2.4403846153846156
2.52
2.604230769230769
2.838846153846154
2.8261538461538462
2.8407692307692307
2.9865384615384616
2.8234615384615385
2.7165384615384616
2.6792307692307693
2.583846153846154
2.7903846153846152
2.792307692307692
2.746153846153846
2.723076923076923
2.748076923076923
2.774230769230769
2.8230769230769233
2.8015384615384615
2.854230769230769
2.8007692307692307
2.9453846153846155
3.082692307692308
3.008846153846154
2.933076923076923
2.9699999999999998
3.0300000000000002
2.996153846153846
3.2219230769230767
2.957692307692308
2.866153846153846
2.7165384615384616
2.696153846153846
2.6384615384615384
2.5988461538461536
2.670769230769231
2.8815384615384616
2.823846153846154
2.7976923076923077
2.6142307692307694
2.791923076923077
2.792307692307692
2.7546153846153847
3.040769230769231
3.0349999999999997
3.041153846153846
2.971538461538462
2.833846153846154
2.8126923076923074
2.7150000000000003
2.87
2.867692307692308
2.9919230769230767
3.0688461538461533
2.943076923076923
3.016153846153846
3.046923076923077
2.9646153846153847
3.0334615384615384
2.9376923076923074
2.945
2.8653846153846154
2.945
2.995
3.0003846153846156
3.045769230769231
3.1296153846153847
2.9873076923076924
2.911153846153846
2.870769230769231
2.839230769230769
3.0273076923076925
3.0111538461538463
3.1599999999999997
3.159615384615385
3.322307692307692
3.354230769230769
3.006153846153846
3.0
2.9630769230769234
3.0549999999999997
3.05
3.2392307692307694
3.0819230769230765
2.9976923076923074
2.9119230769230766
2.8246153846153845
2.7249999999999996
2.808846153846154
2.9234615384615386
2.837307692307692
2.854230769230769
2.792307692307692
2.7973076923076925
2.7503846153846156
2.696153846153846
2.9434615384615386
2.721538461538462
2.710769230769231
2.833846153846154
2.671923076923077
2.7600000000000002
2.6196153846153845
2.513076923076923
2.462307692307692
2.4584615384615387
2.4523076923076923
2.3946153846153844
2.3692307692307693
2.4238461538461538
2.5142307692307693
2.4050000000000002
2.220769230769231
2.513076923076923
2.271153846153846
2.1084615384615386
2.006153846153846
1.9607692307692308
1.9665384615384616
1.9434615384615386
1.94
2.2342307692307695
2.207307692307692
2.2584615384615385
2.203076923076923
2.1492307692307695
2.022307692307692
2.1169230769230767
1.98
2.2342307692307695
2.0484615384615386
1.9057692307692307
1.7903846153846152
1.6930769230769231
1.781923076923077
1.683076923076923
1.6196153846153847
1.705769230769231
1.7307692307692308
1.7553846153846153
1.7176923076923076
1.6419230769230768
1.615
1.513076923076923
1.4642307692307692
1.4892307692307691
1.5534615384615384
1.5623076923076922
1.5726923076923076
1.6300000000000001
1.4457692307692307
1.3365384615384615
1.3184615384615386
1.1873076923076924
1.2565384615384616
1.1142307692307691
1.0803846153846153
1.3219230769230768
1.2650000000000001
1.4134615384615385
1.111923076923077
1.115
1.189230769230769
1.0707692307692307
1.0626923076923076
1.095
0.8957692307692308
0.9776923076923076
0.8984615384615384
0.9638461538461538
1.011923076923077
0.8557692307692307
1.0676923076923077
1.0323076923076924
1.0823076923076924
1.0042307692307693
1.0173076923076922
1.0757692307692308
0.9873076923076922
1.018076923076923
1.0065384615384614
0.8746153846153847
0.8288461538461539
0.7315384615384615
0.7126923076923077
0.7157692307692307
0.6730769230769231
0.5696153846153846
0.6380769230769231
0.6830769230769231
0.7219230769230769
0.6723076923076923
0.595
0.6088461538461538
0.5892307692307692
0.6703846153846154
0.5476923076923077
0.6342307692307693
0.5930769230769231
0.49038461538461536
0.52
0.5153846153846154
0.44153846153846155
0.38346153846153846
0.4773076923076923
0.49961538461538463
0.5111538461538462
0.535
0.5423076923076923
0.48423076923076924
0.5130769230769231
0.4480769230769231
0.47846153846153844
0.3426923076923077
0.3780769230769231
0.4926923076923077
0.5888461538461539
0.445
0.4538461538461539
0.38423076923076926
0.36423076923076925
0.3538461538461538
0.5038461538461538
0.40115384615384614
0.44423076923076926
0.4111538461538462
0.40923076923076923
0.36230769230769233
0.38884615384615384
0.34769230769230774
0.46846153846153843
0.6
0.6257692307692307
0.711923076923077
0.62
0.5192307692307693
0.5042307692307693
0.4553846153846154
0.35192307692307695
0.5476923076923077
0.6084615384615385
0.5784615384615385
