pet
0.2996153846153846
0.25923076923076926
0.2203846153846154
0.23807692307692305
0.2919230769230769
0.3130769230769231
0.39192307692307693
0.2580769230769231
0.2773076923076923
0.34423076923076923
0.4230769230769231
0.44461538461538463
0.3869230769230769
0.32538461538461544
0.39692307692307693
0.3426923076923077
0.31153846153846154
0.37692307692307697
0.41500000000000004
0.3007692307692308
0.22230769230769232
0.27961538461538465
0.3038461538461539
0.3984615384615384
0.36961538461538457
0.3761538461538461
0.39653846153846156
0.4042307692307692
0.3334615384615385
0.37884615384615383
0.4592307692307692
0.4461538461538461
0.4296153846153846
0.4015384615384615
0.48615384615384616
0.4211538461538462
0.33999999999999997
0.3880769230769231
0.39384615384615385
0.3426923076923077
0.38961538461538464
0.5242307692307693
0.505
0.3515384615384616
0.4807692307692308
0.5846153846153845
0.46576923076923077
0.46499999999999997
0.4730769230769231
0.5676923076923077
0.5561538461538462
0.6111538461538462
0.5988461538461538
0.5557692307692308
0.435
0.5446153846153846
0.46961538461538466
0.46115384615384614
0.4815384615384616
0.4761538461538461
0.5003846153846154
0.37884615384615383
0.36
0.5146153846153847
0.6723076923076923
0.7403846153846154
0.8092307692307692
0.8503846153846154
0.8496153846153847
0.821923076923077
0.6799999999999999
0.6984615384615385
0.8573076923076923
1.0253846153846153
0.9611538461538461
1.0042307692307693
0.8819230769230769
0.9826923076923078
0.8984615384615384
0.8946153846153847
0.9338461538461539
1.0769230769230769
1.0957692307692306
1.1673076923076924
1.1853846153846155
1.0934615384615385
1.2230769230769232
1.1538461538461537
1.2803846153846155
1.320769230769231
1.2784615384615385
1.2626923076923076
1.253076923076923
1.1730769230769231
1.3415384615384616
1.2407692307692306
0.9846153846153847
1.3296153846153846
1.3826923076923079
1.2323076923076923
1.3334615384615385
1.231923076923077
1.4280769230769232
1.5915384615384616
1.5230769230769232
1.5123076923076924
1.491923076923077
1.3884615384615384
1.390769230769231
1.6907692307692308
2.069230769230769
1.9792307692307693
1.9834615384615384
2.0303846153846155
1.7426923076923078
1.588076923076923
1.6715384615384616
1.503076923076923
1.5642307692307693
1.6226923076923077
1.7538461538461538
1.863846153846154
1.9353846153846155
1.8576923076923075
1.845
1.8315384615384613
2.261923076923077
2.1415384615384614
2.1826923076923075
2.2273076923076927
1.9803846153846154
2.0942307692307693
2.0719230769230768
2.036153846153846
2.2150000000000003
2.0284615384615385
2.008846153846154
1.93
1.9930769230769232
2.0084615384615385
2.06
1.9684615384615385
2.0326923076923076
1.968076923076923
2.2199999999999998
2.2
2.267692307692308
2.2169230769230768
2.373846153846154
2.3853846153846154
2.5880769230769234
2.6030769230769226
2.3419230769230768
2.066923076923077
1.959230769230769
1.978846153846154
1.9815384615384617
2.0765384615384614
2.0326923076923076
2.1234615384615383
2.1757692307692307
1.9457692307692307
1.8192307692307692
1.791923076923077
1.9176923076923076
1.8715384615384614
2.198076923076923
2.1092307692307695
2.2596153846153846
2.125384615384615
1.9253846153846155
1.9184615384615387
1.9296153846153847
2.048076923076923
2.0415384615384613
2.253076923076923
2.405769230769231
2.0907692307692307
2.158846153846154
2.180769230769231
2.124230769230769
2.233846153846154
2.171923076923077
2.1196153846153845
2.0815384615384613
2.120769230769231
1.965
1.9473076923076924
2.0246153846153847
2.1792307692307693
2.147307692307692
2.0703846153846155
1.978846153846154
1.808846153846154
1.9726923076923077
2.003846153846154
2.003076923076923
2.0961538461538463
2.435769230769231
2.4215384615384616
2.0415384615384613
1.96
2.0726923076923076
2.161923076923077
1.9949999999999999
2.2626923076923076
1.988076923076923
1.8984615384615384
1.853846153846154
1.9046153846153848
1.7442307692307693
1.7123076923076925
1.933076923076923
1.9207692307692308
1.8142307692307693
1.7696153846153846
1.8080769230769234
1.8284615384615384
1.6503846153846156
1.901923076923077
1.8726923076923077
1.65
1.8146153846153845
1.7892307692307692
1.7865384615384616
1.7334615384615384
1.4753846153846153
1.551923076923077
1.5092307692307694
1.4357692307692307
1.5803846153846153
1.4696153846153845
1.4823076923076923
1.5750000000000002
1.4992307692307694
1.330769230769231
1.473076923076923
1.2657692307692305
1.2211538461538463
1.2115384615384615
1.1261538461538463
1.2257692307692307
1.2153846153846155
1.1930769230769231
1.4107692307692308
1.2242307692307692
1.4684615384615385
1.3584615384615384
1.3384615384615384
1.3284615384615384
1.2811538461538463
1.2550000000000001
1.393076923076923
1.265769230769231
1.1884615384615385
1.0865384615384615
1.018076923076923
1.1353846153846154
0.9976923076923078
1.0434615384615384
1.035
1.0238461538461539
0.9930769230769231
1.1365384615384615
1.0007692307692309
0.9426923076923076
0.9211538461538461
0.9103846153846153
0.8553846153846153
0.9565384615384616
1.0373076923076923
1.0423076923076924
1.1373076923076924
0.9207692307692308
0.7992307692307693
0.7896153846153846
0.7315384615384615
0.7057692307692308
0.6357692307692309
0.7723076923076923
0.8976923076923077
0.7273076923076923
0.8338461538461538
0.6515384615384616
0.7484615384615385
0.8353846153846154
0.7419230769230769
0.7188461538461539
0.7100000000000001
0.5607692307692308
0.643846153846154
0.6015384615384616
0.5461538461538461
0.6626923076923077
0.533076923076923
0.6419230769230769
0.6838461538461539
0.6446153846153847
0.683076923076923
0.783076923076923
0.6519230769230769
0.6603846153846155
0.76
0.6434615384615385
0.6153846153846154
0.5773076923076923
0.4715384615384615
0.5176923076923077
0.5015384615384616
0.4923076923076923
0.37423076923076926
0.41769230769230775
0.3957692307692308
0.4453846153846154
0.39538461538461533
0.34076923076923077
0.3469230769230769
0.4453846153846154
0.5515384615384615
0.4226923076923077
0.43192307692307697
0.3738461538461539
0.3303846153846154
0.2826923076923077
0.3257692307692308
0.215
0.25153846153846154
0.28384615384615386
0.28192307692307694
0.3942307692307692
0.35500000000000004
0.3942307692307692
0.3934615384615385
0.35
0.31653846153846155
0.2919230769230769
0.2380769230769231
0.28692307692307695
0.36961538461538457
0.38538461538461544
0.3507692307692307
0.34884615384615386
0.2873076923076923
0.3507692307692307
0.3261538461538462
0.41615384615384615
0.28846153846153844
0.2619230769230769
0.2969230769230769
0.31038461538461537
0.2353846153846154
0.2623076923076923
0.2803846153846154
0.30115384615384616
0.46153846153846156
0.4461538461538461
0.5046153846153847
0.41846153846153844
0.3557692307692308
0.31384615384615383
0.31461538461538463
0.25
0.38961538461538464
0.4519230769230769
0.4834615384615385
