pet
0.4840909090909091
0.4
0.2586363636363636
0.36818181818181817
0.4422727272727273
0.4090909090909091
0.38499999999999995
0.4104545454545454
0.49090909090909096
0.475
0.44090909090909086
0.3831818181818182
0.4890909090909091
0.4954545454545455
0.5409090909090909
0.4359090909090909
0.35818181818181816
0.4477272727272727
0.4731818181818182
0.5540909090909091
0.5690909090909091
0.4231818181818182
0.4327272727272727
0.3518181818181818
0.2413636363636364
0.38272727272727275
0.33
0.4518181818181818
0.5554545454545454
0.5368181818181819
0.6009090909090908
0.5754545454545454
0.6236363636363637
0.6831818181818182
0.7263636363636364
0.8650000000000001
0.7031818181818182
0.46409090909090905
0.5045454545454545
0.5418181818181819
0.42772727272727273
0.5459090909090909
0.6163636363636363
0.5095454545454546
0.5768181818181818
0.4818181818181818
0.4522727272727273
0.6013636363636364
0.595
0.5668181818181819
0.5331818181818182
0.5340909090909091
0.7022727272727273
0.729090909090909
0.5863636363636364
0.595
0.6559090909090909
0.7413636363636363
0.6327272727272727
0.6968181818181818
0.7277272727272728
0.6959090909090909
0.8831818181818182
1.0295454545454545
1.1286363636363637
1.2054545454545453
1.055
1.1072727272727272
1.1209090909090909
1.1104545454545454
1.2863636363636364
1.2472727272727273
1.1336363636363638
1.0618181818181818
1.1568181818181817
1.1327272727272726
0.8754545454545455
0.925
0.9972727272727273
0.9713636363636364
1.0027272727272727
1.0240909090909092
1.0813636363636363
1.1072727272727272
1.1422727272727273
1.079090909090909
1.048181818181818
1.3136363636363635
1.4895454545454543
1.5090909090909093
1.4677272727272728
1.210909090909091
1.1181818181818182
1.3218181818181818
1.423181818181818
1.5581818181818183
1.458181818181818
1.489090909090909
1.5950000000000002
1.7213636363636362
1.5595454545454546
1.5431818181818182
1.49
1.6436363636363638
1.660909090909091
1.6645454545454543
1.6022727272727273
1.74
1.6577272727272727
1.814090909090909
1.9445454545454546
1.8281818181818181
1.9236363636363636
2.0940909090909092
1.9340909090909089
1.9886363636363635
2.165909090909091
2.3318181818181816
2.3327272727272725
2.3286363636363636
2.3404545454545453
2.3795454545454544
2.4440909090909093
2.3677272727272727
2.1759090909090912
2.3936363636363636
2.4436363636363634
2.3163636363636364
2.3145454545454545
2.540909090909091
2.4395454545454545
2.563181818181818
2.725
2.8422727272727273
2.928181818181818
2.5745454545454547
2.6213636363636366
2.540909090909091
2.587727272727273
2.9645454545454544
2.6463636363636365
2.6004545454545456
2.915909090909091
2.735909090909091
2.7813636363636363
2.649090909090909
2.798636363636364
2.7195454545454543
2.794545454545455
3.0336363636363632
2.931363636363636
2.825909090909091
2.6418181818181816
2.5090909090909093
2.5395454545454546
2.606363636363636
2.4990909090909095
2.5522727272727272
2.6245454545454545
2.6427272727272726
2.6295454545454544
2.441818181818182
2.481818181818182
2.683181818181818
2.4831818181818184
2.591818181818182
2.6704545454545454
2.85
2.7513636363636365
3.139090909090909
2.851363636363636
2.528181818181818
2.389090909090909
2.3745454545454545
2.520909090909091
2.627272727272727
2.6713636363636364
2.649090909090909
2.685909090909091
2.6704545454545454
2.541363636363636
2.3327272727272725
2.4545454545454546
2.632727272727273
2.8113636363636365
2.7668181818181816
2.9031818181818183
2.8554545454545455
2.799090909090909
2.7436363636363637
2.6336363636363633
2.7145454545454544
2.6122727272727273
2.62
2.5827272727272725
2.357727272727273
2.3904545454545456
2.385
2.6195454545454546
2.9495454545454547
2.7609090909090908
2.601818181818182
2.7800000000000002
2.6686363636363635
2.760909090909091
2.775909090909091
2.7686363636363636
2.807272727272727
2.6713636363636364
2.601818181818182
2.6563636363636363
2.493181818181818
2.480909090909091
2.5995454545454546
2.4413636363636364
2.3227272727272728
2.385909090909091
2.4181818181818184
2.3013636363636363
2.3495454545454546
2.2531818181818184
2.244545454545454
2.3395454545454544
2.2245454545454546
2.2822727272727272
2.2445454545454546
2.1795454545454547
2.06
2.063181818181818
2.1663636363636365
2.2886363636363636
2.161818181818182
2.0768181818181817
1.8513636363636365
1.86
1.9800000000000002
1.8895454545454546
1.820909090909091
1.88
2.095
1.9286363636363637
1.895909090909091
1.8254545454545452
1.8086363636363636
1.9259090909090908
1.8531818181818183
1.7631818181818182
1.6618181818181819
1.5854545454545457
1.6631818181818183
1.5995454545454544
1.5409090909090908
1.6309090909090906
1.4472727272727273
1.3295454545454546
1.1872727272727273
1.2036363636363636
1.335909090909091
1.4145454545454546
1.5740909090909092
1.39
1.38
1.4604545454545457
1.404090909090909
1.2877272727272728
1.4522727272727272
1.1113636363636363
1.074090909090909
1.200909090909091
1.2031818181818181
1.2922727272727272
1.2772727272727273
1.3918181818181818
1.1413636363636364
1.2368181818181818
1.2095454545454545
1.1713636363636364
1.0318181818181817
0.9800000000000001
1.0231818181818182
1.124090909090909
1.1013636363636363
0.8418181818181818
0.8359090909090909
0.8677272727272727
0.9331818181818182
0.9440909090909091
0.8740909090909091
0.8845454545454546
0.760909090909091
0.770909090909091
0.7040909090909091
0.6727272727272727
0.7277272727272728
0.7309090909090908
0.7377272727272728
0.7281818181818182
0.7322727272727273
0.6795454545454546
0.6618181818181819
0.715
0.6172727272727273
0.6759090909090909
0.655
0.6472727272727273
0.6345454545454545
0.665
0.5281818181818182
0.46318181818181814
0.6268181818181818
0.6995454545454546
0.5422727272727272
0.6
0.52
0.5459090909090909
0.4945454545454545
0.42818181818181816
0.48045454545454547
0.5409090909090909
0.5019047619047619
0.5028571428571429
0.4342857142857143
0.2995238095238095
0.33428571428571424
0.5757142857142857
0.5414285714285715
0.5547619047619048
0.5304761904761905
0.5480952380952381
0.3871428571428572
0.44857142857142857
0.4504761904761904
0.4704761904761905
0.5957142857142858
0.5476190476190477
0.6876190476190476
0.5571428571428572
0.40095238095238095
0.3761904761904762
0.29
0.2509523809523809
0.33476190476190476
0.4066666666666666
0.4628571428571429
0.5361904761904762
0.38904761904761903
0.4228571428571429
0.46238095238095234
0.45285714285714285
0.5109523809523809
0.4176190476190476
0.34285714285714286
0.24523809523809526
0.3252380952380952
0.3495238095238095
0.31952380952380954
0.44
0.5438095238095239
0.3795238095238095
0.3757142857142857
0.38476190476190475
0.4576190476190476
0.490952380952381
0.5095238095238095
0.5052380952380953
