pet
0.5052631578947369
0.40263157894736845
0.3373684210526316
0.4621052631578947
0.5821052631578948
0.36999999999999994
0.4452631578947368
0.4905263157894737
0.5284210526315789
0.4852631578947369
0.4663157894736842
0.4842105263157894
0.5842105263157894
0.5831578947368421
0.5484210526315789
0.4731578947368421
0.42157894736842105
0.5463157894736842
0.5878947368421052
0.6147368421052631
0.5531578947368421
0.4505263157894737
0.5257894736842106
0.5205263157894737
0.4663157894736842
0.4878947368421052
0.531578947368421
0.531578947368421
0.6063157894736841
0.6147368421052631
0.6078947368421053
0.5278947368421052
0.5968421052631578
0.7589473684210526
0.8157894736842105
0.8842105263157896
0.8494736842105264
0.7457894736842106
0.6963157894736842
0.6721052631578948
0.6326315789473684
0.7578947368421053
0.6168421052631579
0.5342105263157895
0.6010526315789474
0.6410526315789473
0.5
0.6673684210526316
0.7073684210526315
0.7157894736842105
0.6584210526315789
0.6652631578947369
0.7742105263157896
0.8463157894736841
0.6105263157894737
0.7121052631578948
0.7784210526315789
0.8389473684210526
0.7768421052631579
0.7310526315789474
0.7355
0.8045
0.9564999999999999
1.0665
1.1965
1.2005000000000001
1.135
1.1055
1.2730000000000001
1.0710000000000002
1.141
1.2245
1.234
1.1705
1.237
1.301
1.0705
0.999
1.1300000000000001
1.147
1.321
1.416
1.2685
1.1595
1.2055
1.205
1.2545
1.3725
1.5050000000000001
1.7155
1.6055
1.3695
1.3095
1.407
1.4235
1.4575
1.3545
1.4565
1.6895
1.613
1.672
1.5735
1.421
1.5924999999999998
1.7195
1.7690000000000001
1.7149999999999999
1.8184999999999998
1.7570000000000001
1.7965
2.1574999999999998
2.1205
2.053
2.121
2.1065
2.18
2.2495000000000003
2.195
2.332
2.323
2.4615
2.5375
2.4735
2.452
2.3505
2.309
2.5475000000000003
2.5
2.3495
2.467
2.3855
2.5265
2.5934999999999997
2.627
2.7755
2.7035
2.677
2.5989999999999998
2.6795
2.7824999999999998
2.6875
2.8495
2.9815
2.9435
2.7314999999999996
2.8035
2.741
2.648
2.928
2.7965
3.0065
2.887
2.5095
2.384
2.1260000000000003
2.5015
2.4755
2.3434999999999997
2.441
2.502
2.4085
2.409
2.4665
2.623
2.5565
2.7595
2.8821052631578947
2.812105263157895
2.8873684210526314
2.8689473684210527
2.9105263157894736
2.571578947368421
2.4489473684210528
2.4873684210526315
2.642105263157895
2.805263157894737
3.0452631578947367
2.7647368421052634
2.995789473684211
2.9131578947368424
2.8610526315789473
2.6468421052631577
2.8194736842105264
2.8826315789473687
2.964736842105263
2.9426315789473687
2.944210526315789
3.0278947368421054
2.843684210526316
2.8742105263157893
2.991052631578947
2.8689473684210527
2.805789473684211
2.8226315789473686
2.876315789473684
2.738947368421053
2.655263157894737
2.4878947368421054
2.7789473684210524
2.99
2.9968421052631578
2.75
2.8226315789473686
3.0031578947368422
2.8247368421052634
2.946315789473684
2.758947368421053
2.9194736842105264
2.9568421052631577
3.0210526315789474
2.8973684210526316
2.6494736842105264
2.7757894736842106
2.8905263157894736
2.593684210526316
2.473684210526316
2.4894736842105263
2.646315789473684
2.4557894736842107
2.5594736842105266
2.4678947368421054
2.595263157894737
2.466842105263158
2.4142105263157894
2.4757894736842103
2.4294736842105262
2.2778947368421054
2.3484210526315787
2.4194736842105264
2.375263157894737
2.583157894736842
2.5778947368421052
2.491578947368421
2.3726315789473684
2.227894736842105
2.1294736842105264
2.195263157894737
1.948421052631579
1.9457894736842105
2.1073684210526316
1.9878947368421052
1.9542105263157896
1.926842105263158
1.9973684210526317
2.091578947368421
1.8352631578947367
1.7247368421052633
1.7378947368421054
1.7205263157894735
1.8505263157894738
1.739473684210526
1.666842105263158
1.67
1.7599999999999998
1.6273684210526316
1.5
1.323157894736842
1.4221052631578948
1.4394736842105265
1.6010526315789473
1.5689473684210526
1.4421052631578946
1.5073684210526317
1.4952631578947368
1.3094736842105263
1.421578947368421
1.3078947368421054
1.2578947368421052
1.3542105263157895
1.4189473684210527
1.573157894736842
1.4994736842105263
1.483157894736842
1.335263157894737
1.2736842105263158
1.16
1.2315789473684209
1.2547368421052632
1.1889473684210525
1.0947368421052632
1.2521052631578946
1.2810526315789474
1.0947368421052632
1.0184210526315791
1.1300000000000001
1.1510526315789473
1.1247368421052633
1.0231578947368423
0.9678947368421053
0.7642105263157895
0.8042105263157895
0.8921052631578947
0.8315789473684211
0.85
0.8663157894736843
0.8215789473684211
0.8368421052631579
0.9505263157894737
0.8226315789473684
0.8394736842105263
0.7157894736842105
0.8394736842105263
0.7757894736842106
0.6805263157894736
0.6652631578947369
0.6968421052631579
0.6073684210526317
0.6378947368421053
0.5689473684210526
0.603157894736842
0.7863157894736842
0.7326315789473684
0.6121052631578947
0.5989473684210527
0.63
0.6236842105263157
0.5536842105263158
0.4694736842105263
0.5236842105263159
0.4794736842105263
0.45105263157894737
0.4884210526315789
0.3857894736842105
0.2973684210526316
0.34157894736842104
0.3663157894736842
0.5584210526315789
0.5578947368421052
0.506842105263158
0.4689473684210526
0.4794736842105263
0.5126315789473684
0.5036842105263158
0.6605263157894737
0.6605263157894737
0.7994736842105263
0.646842105263158
0.48736842105263156
0.42368421052631583
0.43105263157894735
0.40789473684210525
0.37894736842105264
0.36894736842105263
0.45
0.4947368421052632
0.5552631578947369
0.4005263157894737
0.37473684210526315
0.35631578947368425
0.5278947368421052
0.5026315789473684
0.43999999999999995
0.4147368421052631
0.4515789473684211
0.5310526315789473
0.5357894736842105
0.5521052631578948
0.6194736842105263
0.4594736842105263
0.5273684210526316
0.496842105263158
0.5636842105263158
0.49684210526315786
0.44947368421052625
0.38894736842105265
