pet
0.43076923076923074
0.28615384615384615
0.2296153846153846
0.44153846153846155
0.5111538461538462
0.47346153846153843
0.4411538461538462
0.4703846153846154
0.4511538461538462
0.47846153846153844
0.4496153846153846
0.37999999999999995
0.4888461538461539
0.46192307692307694
0.49653846153846154
0.4030769230769231
0.3584615384615385
0.39384615384615385
0.4773076923076923
0.5042307692307693
0.565
0.43884615384615383
0.44999999999999996
0.4623076923076923
0.35
0.37692307692307697
0.28846153846153844
0.39076923076923076
0.47115384615384615
0.43615384615384617
0.475
0.4969230769230769
0.5865384615384616
0.5957692307692308
0.6130769230769231
0.7173076923076922
0.6211538461538461
0.46153846153846156
0.4257692307692308
0.48384615384615387
0.3903846153846154
0.38269230769230766
0.45576923076923076
0.3565384615384615
0.3738461538461539
0.385
0.4423076923076923
0.4715384615384615
0.5080769230769231
0.5184615384615385
0.5165384615384615
0.525
0.6465384615384615
0.6938461538461538
0.6326923076923077
0.6261538461538462
0.6569230769230768
0.735
0.6830769230769231
0.7246153846153847
0.7669230769230769
0.7400000000000001
0.8257692307692307
0.988076923076923
1.0711538461538461
1.1407692307692308
0.9707692307692307
0.9515384615384614
1.0196153846153846
1.0434615384615384
1.058076923076923
0.9734615384615384
0.8269230769230769
0.8173076923076923
0.8642307692307691
0.8984615384615384
0.8296153846153846
0.8084615384615385
0.801923076923077
0.8984615384615384
0.9876923076923076
0.9965384615384616
1.0526923076923078
1.0215384615384615
1.0338461538461539
0.9903846153846154
1.058846153846154
1.1303846153846153
1.2676923076923077
1.3488461538461538
1.2665384615384616
1.0669230769230769
1.0473076923076923
1.316153846153846
1.3023076923076924
1.353846153846154
1.3115384615384615
1.3334615384615385
1.4823076923076923
1.633076923076923
1.5557692307692308
1.4834615384615384
1.4761538461538461
1.6773076923076924
1.8192307692307692
1.76
1.8315384615384613
1.8907692307692305
1.7349999999999999
1.8115384615384615
1.978076923076923
1.8807692307692307
1.9015384615384614
2.022307692307692
1.958076923076923
2.0300000000000002
1.9549999999999998
1.9357692307692307
1.9273076923076924
1.9288461538461539
2.0896153846153847
2.1776923076923076
2.2203846153846154
2.229230769230769
2.2334615384615386
2.438076923076923
2.522307692307692
2.301923076923077
2.313846153846154
2.3657692307692306
2.39
2.491923076923077
2.4334615384615383
2.5319230769230767
2.601923076923077
2.3923076923076922
2.5665384615384617
2.475769230769231
2.563846153846154
2.8073076923076923
2.753076923076923
2.6784615384615384
3.016923076923077
2.891153846153846
2.837307692307692
2.7780769230769233
2.8334615384615387
2.7930769230769235
2.762307692307692
2.923076923076923
2.9069230769230767
2.7357692307692307
2.5565384615384614
2.52
2.491153846153846
2.5292307692307694
2.566153846153846
2.522692307692308
2.6453846153846152
2.5657692307692304
2.5773076923076923
2.463461538461538
2.396923076923077
2.408846153846154
2.4511538461538462
2.531538461538461
2.5684615384615386
2.5696153846153846
2.528461538461538
2.8196153846153846
2.5384615384615383
2.4403846153846156
2.4811538461538465
2.3584615384615386
2.522692307692308
2.5461538461538464
2.460384615384615
2.414230769230769
2.5053846153846155
2.6265384615384617
2.6407692307692305
2.3376923076923077
2.3876923076923076
2.6407692307692305
2.680769230769231
2.6550000000000002
2.883846153846154
2.8815384615384616
2.6242307692307696
2.5773076923076923
2.527307692307692
2.6223076923076927
2.460384615384615
2.5803846153846157
2.490769230769231
2.2203846153846154
2.2226923076923075
2.2184615384615385
2.414230769230769
2.6196153846153845
2.414230769230769
2.4050000000000002
2.3492307692307692
2.2815384615384615
2.43
2.545769230769231
2.5
2.503846153846154
2.4234615384615386
2.3623076923076924
2.3219230769230768
2.2296153846153848
2.3038461538461537
2.2434615384615384
2.135
2.11
2.0984615384615384
2.129230769230769
2.0315384615384615
2.060769230769231
2.042692307692308
2.0026923076923078
2.1103846153846155
2.0530769230769232
1.9973076923076922
2.037692307692308
2.0300000000000002
1.833846153846154
1.933846153846154
1.9534615384615384
2.026923076923077
2.033846153846154
1.9200000000000002
1.8315384615384613
1.9107692307692308
1.8819230769230768
1.7815384615384615
1.7411538461538463
1.78
1.941923076923077
1.7284615384615383
1.6411538461538462
1.685
1.6823076923076923
1.6715384615384616
1.7003846153846154
1.6373076923076924
1.4534615384615384
1.488076923076923
1.540769230769231
1.466923076923077
1.3976923076923076
1.3153846153846156
1.236923076923077
1.2826923076923078
1.1684615384615384
1.1496153846153847
1.2461538461538462
1.3496153846153847
1.376923076923077
1.2615384615384615
1.2576923076923079
1.3292307692307692
1.261923076923077
1.1703846153846154
1.1930769230769231
1.0184615384615385
0.8603846153846154
0.9461538461538462
1.0315384615384615
1.1007692307692307
1.1365384615384615
1.1696153846153847
1.096923076923077
1.1353846153846154
1.1511538461538462
1.0734615384615385
0.9965384615384616
1.0161538461538462
0.9096153846153846
1.0703846153846153
0.9707692307692308
0.8538461538461538
0.9073076923076923
0.8061538461538462
0.8473076923076923
0.8276923076923077
0.7642307692307693
0.731153846153846
0.696923076923077
0.7123076923076923
0.6569230769230769
0.6446153846153846
0.6096153846153846
0.7088461538461538
0.8049999999999999
0.7334615384615385
0.7123076923076923
0.6903846153846154
0.6346153846153846
0.6923076923076923
0.7173076923076922
0.8026923076923077
0.6723076923076923
0.6861538461538461
0.7269230769230769
0.7115384615384616
0.6046153846153847
0.5076923076923077
0.6730769230769231
0.7326923076923078
0.6203846153846153
0.6950000000000001
0.6196153846153846
0.571923076923077
0.48730769230769233
0.44576923076923075
0.5161538461538462
0.44576923076923075
0.3719230769230769
0.41307692307692306
0.41730769230769227
0.2576923076923077
0.28923076923076924
0.5280769230769231
0.5603846153846154
0.5284615384615384
0.47692307692307695
0.4942307692307692
0.3853846153846154
0.3923076923076923
0.42038461538461536
0.4184615384615385
0.4461538461538461
0.49961538461538463
0.5738461538461539
0.5446153846153846
0.5096153846153846
0.38884615384615384
0.25961538461538464
0.2530769230769231
0.24884615384615383
0.3676923076923077
0.47269230769230774
0.4676923076923077
0.4511538461538462
0.4042307692307692
0.44307692307692303
0.4765384615384616
0.38923076923076927
0.37884615384615383
0.3869230769230769
0.3019230769230769
0.36
0.3723076923076923
0.35884615384615387
0.4476923076923077
0.4803846153846154
0.5011538461538462
0.4273076923076923
0.4257692307692308
0.45461538461538464
0.4019230769230769
0.40076923076923077
0.4380769230769231
