temperature
3.0715384615384616
2.495
2.2065384615384613
3.2992307692307694
3.5865384615384617
3.2326923076923078
3.0819230769230765
3.4892307692307694
3.0757692307692306
2.88
2.376153846153846
1.9992307692307694
3.023076923076923
3.2315384615384612
3.1042307692307696
2.6907692307692304
2.4457692307692307
2.6553846153846155
3.0534615384615384
3.3392307692307694
3.668846153846154
3.2384615384615385
3.0415384615384613
2.9438461538461542
2.210769230769231
2.1423076923076922
2.0746153846153845
2.5973076923076923
2.636923076923077
2.279230769230769
2.253076923076923
2.9042307692307694
3.5115384615384615
3.443076923076923
3.493846153846154
3.915769230769231
3.387307692307692
2.776153846153846
2.5707692307692307
2.6111538461538464
2.2611538461538463
2.250769230769231
2.4753846153846153
2.000384615384615
1.8061538461538462
1.6726923076923077
1.9442307692307692
2.4650000000000003
2.708076923076923
2.7915384615384613
2.861923076923077
2.8103846153846153
3.4407692307692304
3.5646153846153843
3.3888461538461536
3.17
3.236923076923077
3.8049999999999997
3.477692307692308
3.464230769230769
3.6103846153846155
3.458846153846154
3.8457692307692306
4.583076923076923
4.9934615384615375
5.207307692307692
4.613846153846154
4.459615384615384
4.771923076923077
4.855384615384615
4.828461538461538
4.483076923076923
3.703076923076923
3.796538461538461
3.912692307692308
4.019230769230769
3.7615384615384615
3.7703846153846152
3.6226923076923074
3.954230769230769
4.328846153846154
4.4338461538461535
4.743846153846154
4.6292307692307695
4.675
4.365384615384615
4.561538461538462
4.875
5.411538461538461
5.661538461538461
5.2907692307692304
4.531538461538461
4.452692307692308
5.450384615384616
5.358461538461539
5.549615384615384
5.403076923076923
5.303846153846154
5.872307692307692
6.330384615384616
6.138461538461538
5.928846153846154
5.747692307692308
6.588461538461539
7.0807692307692305
6.860769230769231
6.994615384615385
7.298461538461538
6.8246153846153845
7.085
7.617692307692308
7.245
7.291153846153846
7.606923076923077
7.466923076923077
7.711923076923076
7.466153846153846
7.478076923076923
7.5053846153846155
7.501538461538461
7.633461538461538
7.870769230769231
8.022307692307693
8.073461538461538
8.153846153846153
8.738461538461538
8.971153846153847
8.42
8.493076923076924
8.718076923076923
8.875
9.141538461538461
8.992692307692307
9.151153846153846
9.474615384615385
8.988461538461538
9.486538461538462
9.251923076923077
9.581923076923077
10.338461538461539
10.242307692307692
10.115
11.066923076923077
10.759615384615385
10.629999999999999
10.474230769230768
10.718461538461538
10.75576923076923
10.650384615384617
11.162692307692309
11.126153846153844
11.47269230769231
11.242692307692307
11.26923076923077
11.208846153846155
11.34153846153846
11.484615384615385
11.410769230769231
11.863846153846152
11.707692307692307
11.776538461538461
11.538461538461538
11.373846153846156
11.427307692307693
11.675
11.989615384615385
12.173461538461538
12.284230769230769
12.255384615384616
13.100000000000001
12.401923076923076
12.184615384615386
12.374615384615385
12.108846153846153
12.631923076923076
12.774615384615384
12.581153846153846
12.553846153846154
12.850384615384616
13.231923076923078
13.441538461538462
12.621923076923078
12.843461538461538
13.636923076923077
13.805384615384614
13.798846153846153
14.47269230769231
14.50923076923077
13.896923076923077
13.848846153846154
13.72269230769231
14.064615384615385
13.700384615384614
14.098846153846154
13.941923076923077
13.229615384615384
13.338076923076924
13.393461538461539
13.942692307692308
14.55923076923077
14.060384615384615
14.07423076923077
13.846923076923076
13.698076923076922
14.184615384615386
14.579615384615384
14.518461538461539
14.605
14.403846153846153
14.264999999999999
14.139615384615384
13.885
14.165384615384616
14.078076923076923
13.809615384615386
13.743461538461538
13.706923076923077
13.864230769230769
13.629615384615384
13.723461538461539
13.72269230769231
13.631923076923076
13.98
13.844615384615384
13.641923076923076
13.795769230769231
13.73
13.197692307692307
13.498461538461537
13.605
13.779230769230768
13.835384615384616
13.525769230769232
13.156538461538462
13.410384615384617
13.373846153846156
13.127307692307692
12.963461538461539
12.99653846153846
13.55
12.891538461538461
12.589230769230769
12.73653846153846
12.611153846153845
12.500384615384615
12.599230769230768
12.356923076923076
11.658846153846154
11.791153846153845
11.973076923076924
11.645
11.450769230769229
11.06
10.894615384615385
11.134615384615385
10.697692307692307
10.55153846153846
10.932307692307692
11.195384615384615
11.248461538461537
11.002692307692307
10.977692307692308
11.07423076923077
10.656538461538462
10.595
10.506923076923076
9.93153846153846
9.395384615384616
9.53076923076923
9.61576923076923
10.085769230769232
10.327307692307691
10.366538461538461
9.975769230769231
10.014615384615384
9.918846153846154
9.76923076923077
9.495000000000001
9.602307692307692
9.211153846153847
9.702307692307691
9.377692307692307
8.613076923076923
8.729615384615384
8.191923076923077
8.181153846153846
8.238461538461538
8.053846153846154
7.746153846153846
7.593846153846154
7.7626923076923084
7.556538461538461
7.135
7.129230769230769
7.623076923076923
7.972307692307693
7.783461538461538
7.627307692307692
7.386923076923077
7.127692307692308
7.122307692307692
7.288846153846153
7.528076923076923
6.80576923076923
6.856538461538462
7.031538461538461
6.821538461538461
6.293461538461538
5.9423076923076925
6.470769230769231
6.764615384615384
6.318461538461539
6.399615384615386
6.229230769230769
5.9180769230769235
5.247307692307692
4.738076923076923
4.986923076923077
4.943461538461539
4.384615384615385
4.506538461538462
4.611538461538462
3.7111538461538465
3.6103846153846155
4.569615384615385
4.8707692307692305
4.71076923076923
4.520769230769231
4.488076923076923
3.7242307692307692
3.9511538461538462
3.7
3.6303846153846155
3.9069230769230767
4.297307692307692
4.911538461538462
4.807307692307692
4.635769230769231
4.335384615384616
3.5176923076923075
2.9046153846153846
2.8488461538461536
3.3576923076923078
3.7715384615384617
3.8115384615384613
3.9007692307692308
3.7296153846153848
3.8888461538461536
4.345
3.748846153846154
3.411153846153846
3.7165384615384616
3.244230769230769
3.112692307692308
3.168461538461538
3.3076923076923075
3.8638461538461537
4.055384615384615
3.786923076923077
3.1469230769230774
2.6353846153846154
3.0307692307692307
2.730384615384615
3.076923076923077
3.13
