pet
0.4342307692307692
0.2603846153846154
0.20423076923076922
0.4153846153846154
0.4834615384615385
0.46076923076923076
0.44307692307692303
0.46192307692307694
0.43653846153846154
0.4553846153846154
0.4480769230769231
0.36538461538461536
0.4803846153846154
0.46115384615384614
0.48538461538461536
0.39499999999999996
0.34346153846153843
0.3853846153846154
0.45615384615384613
0.48307692307692307
0.5434615384615384
0.4242307692307693
0.43346153846153845
0.43961538461538463
0.32807692307692304
0.3642307692307692
0.27192307692307693
0.35807692307692307
0.46384615384615385
0.4123076923076923
0.44576923076923075
0.4715384615384615
0.5642307692307692
0.5588461538461538
0.5753846153846154
0.696923076923077
0.5984615384615385
0.4338461538461538
0.3830769230769231
0.44999999999999996
0.3496153846153846
0.3553846153846154
0.43346153846153845
0.34153846153846157
0.35807692307692307
0.36423076923076925
0.40653846153846157
0.4592307692307692
0.4730769230769231
0.49653846153846154
0.5057692307692307
0.5073076923076922
0.6234615384615385
0.678076923076923
0.6026923076923076
0.595
0.6369230769230769
0.7030769230769232
0.6423076923076922
0.67
0.7538461538461539
0.7007692307692307
0.7980769230769231
0.9657692307692307
1.0284615384615385
1.1126923076923076
0.9488461538461539
0.9180769230769231
0.9876923076923076
1.0057692307692307
1.0173076923076922
0.9273076923076923
0.7907692307692307
0.7807692307692308
0.8346153846153845
0.8730769230769231
0.7757692307692309
0.7684615384615385
0.7630769230769231
0.8469230769230769
0.9553846153846154
0.9576923076923076
1.0365384615384614
0.9707692307692308
0.9873076923076923
0.9780769230769231
1.0092307692307694
1.0865384615384615
1.2492307692307694
1.294230769230769
1.2338461538461538
1.058076923076923
1.0615384615384615
1.2773076923076923
1.26
1.3226923076923076
1.286153846153846
1.3046153846153847
1.4415384615384614
1.6257692307692306
1.544230769230769
1.4684615384615385
1.4584615384615385
1.6719230769230768
1.8319230769230768
1.7292307692307693
1.7834615384615384
1.8534615384615383
1.7246153846153844
1.823846153846154
1.9396153846153845
1.8296153846153846
1.865
1.99
1.9076923076923078
1.9838461538461538
1.9053846153846155
1.9046153846153848
1.8953846153846154
1.9346153846153848
2.045769230769231
2.133846153846154
2.1965384615384616
2.2284615384615383
2.246153846153846
2.4084615384615384
2.5096153846153846
2.3226923076923076
2.3365384615384617
2.397692307692308
2.3846153846153846
2.4753846153846153
2.4215384615384616
2.523846153846154
2.5907692307692307
2.371153846153846
2.5519230769230767
2.495
2.537692307692308
2.769615384615385
2.7311538461538465
2.646153846153846
2.9699999999999998
2.8461538461538463
2.8673076923076923
2.7780769230769233
2.7992307692307694
2.7903846153846152
2.7576923076923077
2.8853846153846154
2.853846153846154
2.766923076923077
2.58
2.5111538461538463
2.4934615384615384
2.5430769230769235
2.5453846153846156
2.542692307692308
2.651923076923077
2.526923076923077
2.561923076923077
2.4642307692307694
2.4015384615384616
2.4015384615384616
2.460384615384615
2.521153846153846
2.5442307692307695
2.5634615384615387
2.5646153846153847
2.8261538461538462
2.503076923076923
2.414230769230769
2.4523076923076923
2.3673076923076923
2.525384615384615
2.5696153846153846
2.4476923076923076
2.423076923076923
2.4899999999999998
2.6223076923076927
2.621923076923077
2.3665384615384615
2.408846153846154
2.6303846153846155
2.677692307692308
2.6365384615384615
2.835
2.8415384615384616
2.5869230769230773
2.558846153846154
2.5065384615384616
2.5765384615384614
2.417692307692308
2.5646153846153847
2.4965384615384614
2.229230769230769
2.211153846153846
2.253846153846154
2.433076923076923
2.64
2.44
2.4073076923076924
2.308076923076923
2.232307692307692
2.388076923076923
2.531538461538461
2.5115384615384615
2.516538461538462
2.418846153846154
2.3765384615384617
2.351153846153846
2.243846153846154
2.31
2.2473076923076922
2.12
2.0953846153846154
2.1215384615384614
2.148076923076923
2.036538461538462
2.0573076923076923
2.066153846153846
1.9723076923076923
2.0973076923076923
2.043076923076923
2.007307692307692
2.021153846153846
2.0496153846153846
1.8453846153846156
1.9211538461538462
1.911153846153846
1.9849999999999999
2.0215384615384617
1.8996153846153847
1.7896153846153846
1.9053846153846155
1.8884615384615384
1.7919230769230767
1.741923076923077
1.7838461538461539
1.9242307692307692
1.7257692307692307
1.621923076923077
1.668076923076923
1.6865384615384615
1.6642307692307692
1.6938461538461538
1.636153846153846
1.4561538461538461
1.5238461538461539
1.5715384615384616
1.4757692307692307
1.4173076923076924
1.3580769230769232
1.286153846153846
1.3111538461538463
1.1796153846153845
1.2049999999999998
1.2823076923076924
1.4011538461538462
1.4307692307692308
1.3111538461538463
1.291153846153846
1.3515384615384616
1.2996153846153846
1.191153846153846
1.2215384615384615
1.0342307692307693
0.8892307692307693
0.9761538461538461
1.058076923076923
1.0926923076923076
1.1519230769230768
1.191923076923077
1.1288461538461538
1.1665384615384615
1.1715384615384616
1.0884615384615386
1.0307692307692309
1.0269230769230768
0.931923076923077
1.0892307692307692
1.0
0.8738461538461538
0.931923076923077
0.8269230769230769
0.8357692307692308
0.8238461538461539
0.7611538461538461
0.7423076923076923
0.7261538461538461
0.7207692307692307
0.6565384615384615
0.6338461538461538
0.6388461538461538
0.7330769230769231
0.821923076923077
0.7423076923076923
0.7226923076923076
0.7015384615384617
0.6419230769230769
0.7234615384615384
0.7103846153846154
0.8046153846153847
0.6573076923076923
0.6561538461538462
0.6996153846153846
0.7042307692307692
0.5823076923076923
0.49653846153846154
0.6519230769230769
0.7146153846153845
0.6034615384615385
0.6703846153846154
0.6030769230769231
0.5561538461538462
0.46653846153846157
0.43346153846153845
0.49807692307692303
0.4296153846153846
0.35307692307692307
0.3988461538461538
0.40269230769230774
0.2696153846153846
0.2665384615384615
0.5392307692307692
0.5619230769230769
0.5296153846153846
0.47807692307692307
0.49346153846153845
0.385
0.37538461538461537
0.41923076923076924
0.4096153846153846
0.44
0.4707692307692308
0.5438461538461539
0.5499999999999999
0.5184615384615385
0.40269230769230774
0.2646153846153846
0.23692307692307693
0.23192307692307693
0.36653846153846154
0.46846153846153843
0.47269230769230774
0.4476923076923077
0.4169230769230769
0.45692307692307693
0.4826923076923077
0.39653846153846156
0.37269230769230766
0.38423076923076926
0.2923076923076923
0.35884615384615387
0.37269230769230766
0.3626923076923077
0.43846153846153846
0.48384615384615387
0.5073076923076922
0.42346153846153844
0.4230769230769231
0.44346153846153846
0.4076923076923077
0.40923076923076923
0.45269230769230767
