pet
0.525
0.4315384615384615
0.44884615384615384
0.37846153846153846
0.3961538461538462
0.4042307692307692
0.5530769230769231
0.5111538461538461
0.4915384615384616
0.4519230769230769
0.5584615384615385
0.5484615384615384
0.5407692307692308
0.4603846153846154
0.5465384615384615
0.4957692307692308
0.4157692307692308
0.5415384615384615
0.6084615384615385
0.4819230769230769
0.3765384615384615
0.4392307692307692
0.4630769230769231
0.39576923076923076
0.5057692307692307
0.49076923076923074
0.5511538461538461
0.6157692307692307
0.5865384615384616
0.49923076923076926
0.6326923076923077
0.6803846153846155
0.67
0.5823076923076923
0.7476923076923078
0.7530769230769232
0.5834615384615385
0.6
0.6215384615384616
0.5911538461538461
0.573076923076923
0.7034615384615385
0.713076923076923
0.5211538461538462
0.6215384615384616
0.7946153846153846
0.7342307692307692
0.8307692307692308
0.7034615384615385
0.8653846153846154
0.8873076923076924
1.0034615384615384
0.9026923076923077
0.9323076923076923
0.8646153846153847
0.8792307692307693
0.83
0.8507692307692308
0.7580769230769231
0.8165384615384615
0.875
0.8288461538461539
0.7415384615384616
0.765
1.0165384615384616
1.1503846153846153
1.246923076923077
1.3084615384615383
1.3184615384615386
1.2742307692307693
1.2826923076923078
1.1046153846153846
1.4088461538461539
1.5965384615384615
1.4903846153846154
1.4496153846153845
1.3738461538461537
1.3234615384615382
1.3126923076923078
1.4303846153846154
1.3476923076923077
1.4715384615384615
1.4757692307692307
1.5311538461538463
1.5676923076923077
1.5984615384615386
1.7761538461538462
1.7873076923076923
1.8611538461538462
1.7888461538461538
1.830769230769231
1.93
1.9196153846153845
1.8038461538461539
1.911153846153846
1.815
1.6538461538461537
1.7784615384615385
2.0123076923076924
1.9023076923076923
1.804230769230769
1.8599999999999999
1.9673076923076922
2.038076923076923
2.0949999999999998
2.0346153846153845
2.1296153846153847
2.045
2.0673076923076925
2.251153846153846
2.58
2.6134615384615385
2.608076923076923
2.6984615384615385
2.419230769230769
2.29
2.310769230769231
2.3253846153846154
2.161923076923077
2.360384615384615
2.4873076923076924
2.526923076923077
2.6111538461538464
2.549615384615384
2.618846153846154
2.7853846153846153
2.9676923076923076
2.9334615384615383
2.9896153846153846
3.1873076923076926
2.985
2.8273076923076923
2.821923076923077
2.6334615384615385
2.873846153846154
2.9780769230769226
2.9315384615384614
2.898846153846154
2.9161538461538465
2.9557692307692305
2.972692307692308
2.9453846153846155
3.0053846153846155
3.0196153846153844
3.1903846153846156
3.1946153846153846
3.188076923076923
3.0773076923076923
3.1111538461538464
3.1619230769230766
3.1246153846153844
3.287692307692308
3.1284615384615386
2.974615384615385
2.851153846153846
2.7638461538461536
2.7323076923076925
2.688846153846154
2.8034615384615384
3.0111538461538463
2.886153846153846
2.9234615384615386
2.768076923076923
2.936923076923077
2.9903846153846154
2.95
3.153461538461538
3.2484615384615387
3.19
3.121923076923077
3.022307692307692
2.995769230769231
2.8638461538461537
3.053076923076923
3.0349999999999997
3.1496153846153847
3.2634615384615384
3.1423076923076922
3.1226923076923074
3.1876923076923074
3.167692307692308
3.3065384615384614
3.173076923076923
3.121923076923077
3.0765384615384614
3.227307692307692
3.2688461538461535
3.1853846153846153
3.266153846153846
3.3065384615384614
3.1846153846153844
3.126923076923077
3.0776923076923075
3.065
3.2249999999999996
3.2634615384615384
3.3903846153846158
3.3773076923076926
3.5326923076923076
3.6253846153846156
3.2653846153846158
3.2353846153846155
3.1738461538461538
3.338461538461538
3.328461538461539
3.498846153846154
3.3173076923076925
3.274230769230769
3.2284615384615383
3.0953846153846154
2.9600000000000004
3.0307692307692307
3.167692307692308
3.0007692307692304
3.083846153846154
3.0084615384615385
3.035769230769231
3.04
2.961153846153846
3.147307692307692
2.9688461538461537
2.935769230769231
3.1003846153846153
2.8819230769230773
2.941153846153846
2.8376923076923077
2.6388461538461536
2.5923076923076924
2.6584615384615384
2.6561538461538463
2.545
2.4896153846153846
2.5523076923076924
2.67
2.5276923076923077
2.381153846153846
2.6846153846153844
2.4238461538461538
2.24
2.166153846153846
2.1365384615384615
2.0926923076923076
2.051923076923077
2.029230769230769
2.3653846153846154
2.3076923076923075
2.3673076923076923
2.330769230769231
2.2773076923076925
2.108076923076923
2.231923076923077
2.0757692307692306
2.345769230769231
2.1826923076923075
1.9757692307692307
1.893846153846154
1.8138461538461537
1.8523076923076922
1.8038461538461539
1.6749999999999998
1.7965384615384616
1.7853846153846153
1.8676923076923078
1.7669230769230768
1.6788461538461539
1.6926923076923077
1.613846153846154
1.5342307692307693
1.5465384615384616
1.6099999999999999
1.6357692307692309
1.6253846153846152
1.6976923076923076
1.5584615384615386
1.4169230769230767
1.365
1.2430769230769232
1.330769230769231
1.1630769230769231
1.1473076923076924
1.3226923076923076
1.3092307692307692
1.463846153846154
1.123076923076923
1.1630769230769231
1.2134615384615386
1.0792307692307692
1.0892307692307692
1.1284615384615384
0.941923076923077
1.0146153846153845
0.9576923076923076
1.0103846153846154
1.080769230769231
0.9380769230769231
1.1046153846153846
1.081923076923077
1.1242307692307691
1.0203846153846154
1.0546153846153845
1.0826923076923076
1.0038461538461538
1.0261538461538462
1.0038461538461538
0.8807692307692307
0.8423076923076922
0.7465384615384616
0.7011538461538461
0.7215384615384616
0.7003846153846154
0.5976923076923077
0.6269230769230769
0.6526923076923077
0.7015384615384614
0.6926923076923076
0.6196153846153846
0.6519230769230769
0.5796153846153846
0.6757692307692308
0.55
0.595
0.5842307692307692
0.49230769230769234
0.49076923076923074
0.5084615384615384
0.4496153846153846
0.36576923076923074
0.5034615384615384
0.4969230769230769
0.5169230769230769
0.525
0.5561538461538462
0.49461538461538457
0.49923076923076926
0.4580769230769231
0.48653846153846153
0.34769230769230774
0.3692307692307692
0.4969230769230769
0.58
0.4496153846153846
0.4657692307692308
0.36961538461538457
0.375
0.3469230769230769
0.4884615384615385
0.38653846153846155
0.43076923076923074
0.4242307692307693
0.4111538461538462
0.37576923076923074
0.4
0.3576923076923077
0.44846153846153847
0.6023076923076923
0.6326923076923077
0.7323076923076923
0.6411538461538462
0.5146153846153846
0.48307692307692307
0.4492307692307692
0.32923076923076927
0.51
0.6084615384615385
0.56
