pet
0.40230769230769226
0.43538461538461537
0.41884615384615387
0.53
0.6015384615384616
0.4076923076923077
0.47692307692307695
0.5565384615384615
0.5588461538461538
0.6030769230769231
0.44153846153846155
0.40269230769230774
0.4230769230769231
0.4803846153846154
0.44999999999999996
0.43846153846153846
0.3107692307692308
0.37461538461538463
0.44
0.4984615384615384
0.6146153846153847
0.5857692307692308
0.5926923076923077
0.5257692307692308
0.5180769230769231
0.5396153846153846
0.5473076923076923
0.525
0.47538461538461535
0.415
0.5376923076923077
0.5103846153846153
0.5496153846153846
0.6123076923076923
0.666923076923077
0.7515384615384615
0.7384615384615384
0.6626923076923077
0.5984615384615385
0.5311538461538462
0.5376923076923077
0.5788461538461539
0.5538461538461539
0.4453846153846154
0.44
0.47000000000000003
0.4630769230769231
0.6061538461538462
0.5269230769230769
0.5630769230769231
0.5753846153846154
0.5653846153846154
0.6649999999999999
0.7261538461538461
0.6119230769230769
0.5896153846153847
0.7173076923076922
0.7803846153846153
0.8146153846153846
0.823076923076923
0.9076923076923078
0.8323076923076923
0.8073076923076923
0.9161538461538462
0.9707692307692307
0.9765384615384616
0.9342307692307692
0.931923076923077
1.0453846153846154
0.9957692307692307
1.021923076923077
1.0338461538461539
0.9884615384615384
1.0276923076923077
1.0438461538461539
1.1011538461538461
1.1615384615384614
1.0576923076923077
1.0307692307692309
1.095
1.1296153846153847
1.293076923076923
1.3673076923076921
1.3123076923076922
1.275
1.29
1.308076923076923
1.248076923076923
1.345
1.536153846153846
1.4438461538461538
1.304230769230769
1.2176923076923076
1.3034615384615384
1.3288461538461538
1.4757692307692307
1.6319230769230768
1.4196153846153845
1.5169230769230768
1.7296153846153846
1.7176923076923076
1.7884615384615385
1.743846153846154
1.7196153846153845
1.9492307692307693
1.9296153846153847
1.8173076923076923
1.923846153846154
1.908076923076923
1.8542307692307693
2.0573076923076923
2.2188461538461537
1.9973076923076922
2.0026923076923078
2.021153846153846
1.9253846153846155
2.1084615384615386
1.9907692307692306
2.11
2.1307692307692307
2.0326923076923076
2.298076923076923
2.293461538461538
2.2807692307692307
2.398846153846154
2.3207692307692307
2.448846153846154
2.4503846153846154
2.4553846153846153
2.525384615384615
2.6103846153846155
2.5023076923076926
2.4165384615384613
2.4688461538461537
2.645
2.511153846153846
2.393846153846154
2.558846153846154
2.6784615384615384
2.7703846153846152
2.6992307692307693
2.903461538461538
2.8426923076923076
2.9265384615384615
2.855
2.857307692307692
2.7800000000000002
2.678076923076923
2.746923076923077
2.645769230769231
2.7365384615384616
2.68
2.5561538461538467
2.516923076923077
2.4457692307692307
2.598846153846154
2.5707692307692307
2.558846153846154
2.6415384615384614
2.6076923076923078
2.4846153846153842
2.541153846153846
2.460769230769231
2.5203846153846152
2.5953846153846154
2.546923076923077
2.7534615384615386
2.576923076923077
2.617692307692308
2.6773076923076924
2.774230769230769
2.726923076923077
2.6753846153846155
2.6765384615384615
2.761153846153846
2.7211538461538463
2.901923076923077
2.7942307692307695
2.8261538461538462
2.811923076923077
2.870769230769231
2.7757692307692308
2.671923076923077
2.879230769230769
3.210769230769231
3.052692307692308
3.0688461538461542
2.986923076923077
3.120769230769231
3.006153846153846
2.9123076923076923
2.933846153846154
2.944230769230769
2.9903846153846154
3.0173076923076922
2.7973076923076925
2.755769230769231
2.704230769230769
2.8207692307692307
2.948846153846154
2.894230769230769
2.7238461538461536
2.773846153846154
2.75
2.629230769230769
2.887307692307692
2.8723076923076922
2.9457692307692307
2.776923076923077
2.891153846153846
3.042692307692308
2.743846153846154
2.6726923076923077
2.8153846153846156
2.6842307692307696
2.6526923076923077
2.6426923076923075
2.503076923076923
2.376153846153846
2.6196153846153845
2.664615384615385
2.4661538461538464
2.4965384615384614
2.420769230769231
2.5053846153846155
2.545769230769231
2.5292307692307694
2.4469230769230768
2.3473076923076923
2.448076923076923
2.539230769230769
2.5053846153846155
2.4892307692307694
2.2811538461538463
2.102307692307692
2.213846153846154
2.229230769230769
2.2
2.0734615384615385
2.0680769230769234
2.1053846153846156
1.9965384615384614
2.0165384615384614
1.9884615384615385
1.9584615384615385
1.8211538461538461
1.8715384615384616
1.761923076923077
1.8030769230769232
1.8823076923076922
1.9723076923076923
1.883076923076923
1.6642307692307694
1.6526923076923077
1.5965384615384615
1.4815384615384617
1.5434615384615387
1.5692307692307692
1.5965384615384615
1.5792307692307692
1.6276923076923078
1.4696153846153845
1.4500000000000002
1.445
1.4565384615384613
1.4607692307692306
1.4342307692307692
1.341923076923077
1.3823076923076922
1.2803846153846155
1.3684615384615384
1.3423076923076922
1.3403846153846155
1.2965384615384616
1.3311538461538461
1.3184615384615386
1.2999999999999998
1.1588461538461539
1.1276923076923078
1.091923076923077
1.2226923076923077
1.2903846153846152
1.2226923076923077
1.1265384615384615
1.2003846153846154
0.9530769230769232
0.9696153846153847
0.9503846153846154
0.8280769230769232
0.8869230769230769
0.9826923076923078
0.8853846153846153
0.89
0.7603846153846153
0.7611538461538461
0.8311538461538461
0.8392307692307692
0.8938461538461537
0.8323076923076923
0.8207692307692308
0.7361538461538462
0.8365384615384616
0.9315384615384615
0.9126923076923077
0.9157692307692307
0.8692307692307691
0.7123076923076923
0.6807692307692308
0.5934615384615385
0.6746153846153846
0.8207692307692308
0.7996153846153846
0.7673076923076922
0.7361538461538462
0.6207692307692307
0.5607692307692308
0.4984615384615385
0.4880769230769231
0.5296153846153846
0.4846153846153846
0.5784615384615385
0.5965384615384616
0.4338461538461538
0.42192307692307696
0.48307692307692307
0.533076923076923
0.6123076923076923
0.5423076923076923
0.5334615384615385
0.5284615384615384
0.4473076923076923
0.34500000000000003
0.37423076923076926
0.553076923076923
0.5615384615384615
0.6165384615384616
0.5634615384615385
0.49923076923076926
0.4461538461538461
0.44576923076923075
0.5076923076923077
0.3426923076923077
0.3046153846153846
0.39807692307692305
0.4053846153846154
0.4642307692307692
0.4376923076923077
0.47269230769230763
0.4573076923076923
0.47269230769230763
0.5226923076923077
0.40653846153846157
0.46076923076923076
0.5784615384615385
0.5457692307692308
0.5392307692307692
0.5423076923076923
0.5088461538461538
0.49153846153846154
0.5842307692307692
0.5796153846153846
0.6530769230769231
0.4788461538461538
0.3976923076923077
0.47423076923076923
