pet
0.39842105263157895
0.3768421052631579
0.4605263157894737
0.30526315789473685
0.3794736842105263
0.4826315789473684
0.49000000000000005
0.3621052631578947
0.38947368421052636
0.5252631578947369
0.538421052631579
0.48052631578947375
0.35789473684210527
0.34157894736842104
0.5578947368421052
0.4247368421052632
0.2715789473684211
0.30315789473684207
0.28210526315789475
0.2805263157894737
0.3721052631578948
0.4410526315789474
0.45499999999999996
0.6094999999999999
0.67
0.6285000000000001
0.5505
0.5295
0.361
0.4425
0.5780000000000001
0.445
0.45099999999999996
0.5495
0.42800000000000005
0.48550000000000004
0.381
0.46950000000000003
0.507
0.484
0.3855
0.357
0.466
0.524
0.5925
0.759
0.8
0.8380000000000001
0.7
0.7424999999999999
0.86
0.8975
0.8160000000000001
0.9525
0.8280000000000001
0.8775000000000001
0.7865
0.7675
0.775
0.7969999999999999
0.766
0.7184999999999999
0.58
0.6935
0.9410000000000001
1.06
1.0615
0.9595
1.0725
1.0735
1.068
1.241
1.2725
1.3045
1.3145
1.3365
1.326
1.3504999999999998
1.3255000000000001
1.349
1.381
1.233
1.276
1.4785
1.58
1.569
1.418
1.5265
1.3800000000000001
1.3385
1.2745
1.4485
1.4215
1.5135
1.645
1.677
1.503
1.6689999999999998
1.7384999999999997
1.8715
1.7934999999999999
1.7594999999999998
1.7605
1.8824999999999998
2.0185
1.9335
1.7289999999999999
1.9055
1.909
2.091
2.1985
2.2605
2.1715
2.1335
2.0675
2.1115
1.871
2.0309999999999997
1.8195000000000001
2.0345
1.904
2.004
2.161
2.627
2.625
2.6390000000000002
2.326
2.5045
2.5055
2.52
2.3594999999999997
2.2735
2.2664999999999997
2.2915
2.631
2.4705000000000004
2.8325
2.7994999999999997
2.9985
2.754
2.8305
2.5895
2.7885
2.744
2.737
2.7359999999999998
2.768
2.7215
2.8465
2.7175000000000002
2.8895
2.9155
2.8145
2.5915
2.327
2.259
2.3905000000000003
2.4859999999999998
2.543
2.574
2.679
2.5164999999999997
2.2925
2.284
2.3685
2.566
2.7175000000000002
2.746
2.5035
2.222
2.4895
2.3280000000000003
2.4805
2.697
2.2655000000000003
2.1825
2.3215
2.649
2.7024999999999997
2.5555
2.7025
2.7635
2.5625
2.6535
2.46
2.535
2.6559999999999997
2.4295
2.4695
2.5965
2.5195
2.6390000000000002
2.2555
2.3114999999999997
2.647
2.6774999999999998
2.957
2.988
2.6795
2.6475
2.5375
2.4125
2.524
2.7969999999999997
2.627
2.6145
2.6235
2.5295
2.42
2.4050000000000002
2.289
2.3845
2.3505
2.4050000000000002
2.5535
2.4565
2.4735
2.391
2.2
2.175
2.0974999999999997
2.1645
2.086
2.1550000000000002
2.2495000000000003
2.0665
1.886
2.1395
2.3
2.1035
2.1465
2.144
2.2169999999999996
2.037
2.1205000000000003
1.9055
1.7559999999999998
1.6
1.7254999999999998
1.7605
1.5565
1.8515000000000001
1.7550000000000001
1.8039999999999998
2.0505
1.909
2.0795
2.05
1.987
1.9164999999999999
1.8315000000000001
1.7849999999999997
1.6774999999999998
1.8199999999999998
1.9274999999999998
1.834
1.4665
1.4300000000000002
1.4485000000000001
1.3370000000000002
1.339
1.2855
1.616
1.7605
1.5485000000000002
1.3645
1.272
1.4085
1.3525
1.345
1.343
1.137
1.1655
0.9600000000000001
1.0857894736842104
1.043157894736842
0.8557894736842107
1.0621052631578947
1.0263157894736843
1.1057894736842104
1.161578947368421
0.9978947368421053
1.0021052631578946
0.881578947368421
0.9294736842105263
1.0942105263157895
1.1031578947368421
0.8926315789473684
0.7657894736842106
0.7531578947368421
0.8184210526315789
0.8178947368421052
0.9800000000000001
0.94
0.7636842105263157
0.8536842105263157
0.728421052631579
0.7484210526315789
0.8731578947368421
1.0205263157894737
0.7726315789473684
0.5757894736842105
0.8042105263157895
0.8736842105263158
0.6605263157894737
0.6721052631578948
0.5863157894736842
0.5005263157894737
0.5947368421052632
0.7205263157894737
0.5673684210526316
0.56
0.5584210526315789
0.45473684210526316
0.603157894736842
0.5736842105263158
0.5878947368421052
0.7410526315789474
0.776842105263158
0.5147368421052632
0.528421052631579
0.6921052631578948
0.5521052631578948
0.4931578947368421
0.43210526315789477
0.2552631578947368
0.3294736842105263
0.27789473684210525
0.27578947368421053
0.5057894736842106
0.5278947368421052
0.36947368421052634
0.2794736842105263
0.25578947368421057
0.2326315789473684
0.3494736842105263
0.22789473684210526
0.3794736842105263
0.46
0.3157894736842105
0.30473684210526314
0.35947368421052633
0.4205263157894737
0.4826315789473684
0.3215789473684211
0.3778947368421052
0.44684210526315793
0.5378947368421053
0.43
0.29947368421052634
0.3168421052631579
0.37578947368421056
0.43210526315789477
0.3673684210526316
0.34578947368421054
0.4263157894736842
0.49789473684210533
0.34157894736842104
0.29
0.3452631578947368
0.2794736842105263
0.32631578947368417
0.44421052631578944
0.45736842105263154
0.5805263157894738
