pet
0.37875
0.3870833333333333
0.42
0.34125
0.3970833333333333
0.46249999999999997
0.43
0.33125
0.36833333333333335
0.39458333333333334
0.43875
0.435
0.31875000000000003
0.32625
0.48125
0.4025
0.3433333333333333
0.3979166666666667
0.34375
0.29916666666666664
0.4283333333333333
0.52125
0.4779166666666667
0.5633333333333334
0.5583333333333333
0.5291666666666667
0.4716666666666666
0.5058333333333334
0.3520833333333333
0.4575
0.4675
0.42291666666666666
0.5179166666666667
0.5666666666666667
0.46416666666666667
0.42291666666666666
0.3520833333333333
0.42124999999999996
0.4504166666666667
0.41625
0.33666666666666667
0.37916666666666665
0.41500000000000004
0.4741666666666667
0.6208333333333333
0.7141666666666667
0.6779166666666666
0.6145833333333334
0.5841666666666666
0.6075
0.6804166666666666
0.67875
0.6625
0.695
0.61125
0.7379166666666667
0.6858333333333334
0.6154166666666666
0.5966666666666667
0.57625
0.51
0.5520833333333334
0.4916666666666667
0.6520833333333333
0.8570833333333333
0.9295833333333333
0.9095833333333333
0.7825000000000001
0.90125
0.9608333333333333
0.92875
1.0633333333333332
1.0845833333333335
1.1500000000000001
1.14
1.1654166666666665
1.1645833333333333
1.1866666666666668
1.1345833333333333
1.1491666666666667
1.0775
1.02375
1.1720833333333334
1.2554166666666666
1.1879166666666665
1.2795833333333333
1.3025
1.1808333333333334
1.1470833333333335
1.2483333333333333
1.2604166666666667
1.4333333333333333
1.3795833333333334
1.35375
1.5070833333333333
1.4974999999999998
1.47625
1.5983333333333334
1.5783333333333334
1.72375
1.4729166666666667
1.3291666666666666
1.495
1.5687499999999999
1.7516666666666667
1.735
1.5291666666666668
1.70625
1.7725
2.0108333333333333
2.2158333333333333
2.2912500000000002
2.080833333333333
2.0775
1.9683333333333335
1.78875
1.6804166666666667
1.7595833333333333
1.7379166666666668
1.7470833333333333
1.9024999999999999
1.8991666666666667
1.9891666666666667
2.3841666666666668
2.4029166666666666
2.2895833333333333
2.2708333333333335
2.4629166666666666
2.5120833333333334
2.5345833333333334
2.2025
2.2304166666666667
2.205416666666667
2.26625
2.50625
2.3491666666666666
2.4745833333333334
2.505
2.7775
2.73625
2.504166666666667
2.42375
2.5783333333333336
2.6475
2.4929166666666664
2.5475
2.612083333333333
2.5975
2.4620833333333336
2.6095833333333336
3.1454166666666663
2.9825
2.674583333333333
2.38375
2.1679166666666667
2.1020833333333333
2.2312499999999997
2.35
2.4933333333333336
2.4229166666666666
2.5345833333333334
2.2033333333333336
2.0749999999999997
2.1129166666666666
2.2720833333333332
2.361666666666667
2.3854166666666665
2.4595833333333332
2.3679166666666664
2.10125
2.1645833333333333
2.2420833333333334
2.302916666666667
2.27375
2.1458333333333335
2.1591666666666667
2.34875
2.557916666666667
2.6283333333333334
2.4320833333333334
2.3816666666666664
2.4916666666666667
2.392916666666667
2.4616666666666664
2.25
2.2883333333333336
2.120416666666667
2.16125
2.0704166666666666
2.2108333333333334
2.240416666666667
2.188333333333333
1.93625
2.004583333333333
2.07875
2.157083333333333
2.4829166666666667
2.3245833333333334
2.2645833333333334
2.2904166666666668
2.2087499999999998
2.1166666666666667
2.3225000000000002
2.57875
2.2475
2.2516666666666665
2.2983333333333333
2.535833333333333
2.2391666666666667
2.15125
2.0500000000000003
2.245416666666667
2.3024999999999998
2.24125
2.432916666666667
2.2399999999999998
2.2241666666666666
2.1395833333333334
1.9825
1.8891666666666669
1.8345833333333335
1.8220833333333335
1.8150000000000002
2.0345833333333334
2.009583333333333
1.99125
1.72625
1.8483333333333334
1.9504166666666667
1.8125
1.78625
1.765
1.8783333333333332
1.8158333333333332
1.75875
1.6566666666666665
1.5858333333333334
1.5808333333333333
1.4799999999999998
1.5820833333333333
1.505
1.4866666666666666
1.4475
1.63375
1.7416666666666665
1.6812500000000001
1.8150000000000002
1.79125
1.5783333333333334
1.4891666666666667
1.5816666666666668
1.4479166666666667
1.5604166666666668
1.7020833333333334
1.5575
1.4345833333333333
1.2166666666666666
1.2874999999999999
1.17
1.155
1.1941666666666666
1.1891666666666667
1.4433333333333334
1.4708333333333332
1.2670833333333333
1.145
1.3125
1.27375
1.1445833333333333
1.19
1.1491666666666667
1.0225
1.0183333333333333
0.8830434782608695
1.0704347826086957
0.8426086956521739
0.8417391304347825
0.9834782608695652
0.9426086956521739
1.0365217391304349
1.0547826086956522
0.9208695652173913
0.93
0.7539130434782608
0.8460869565217392
0.972608695652174
0.9739130434782608
0.8626086956521739
0.6521739130434783
0.7304347826086957
0.7117391304347827
0.7156521739130435
0.8356521739130435
0.7743478260869565
0.8265217391304348
0.8260869565217391
0.7221739130434782
0.6204347826086957
0.6795652173913043
0.8104347826086957
0.691304347826087
0.6704347826086956
0.8091304347826087
0.782608695652174
0.6226086956521739
0.6230434782608696
0.6095652173913043
0.49826086956521737
0.47652173913043483
0.6226086956521739
0.4673913043478261
0.4708695652173913
0.45
0.44434782608695655
0.4978260869565217
0.41434782608695647
0.4682608695652174
0.68
0.6447826086956522
0.41875
0.43041666666666667
0.5258333333333334
0.4054166666666667
0.5066666666666667
0.4008333333333333
0.305
0.38875
0.34833333333333333
0.2841666666666667
0.48875
0.4604166666666667
0.34958333333333336
0.3283333333333333
0.4608333333333334
0.28250000000000003
0.41333333333333333
0.29291666666666666
0.3933333333333333
0.38875
0.3729166666666666
0.36375
0.42124999999999996
0.53625
0.49
0.35541666666666666
0.39458333333333334
0.4795833333333333
0.52125
0.3675
0.4475
0.3641666666666667
0.435
0.38375000000000004
0.36625
0.3666666666666667
0.4679166666666667
0.5683333333333334
0.3545833333333333
0.26291666666666663
0.38458333333333333
0.2775
0.30833333333333335
0.4583333333333333
0.4691666666666667
0.4708333333333334
