temperature
1.2242307692307692
0.7584615384615385
0.391923076923077
1.0461538461538462
1.7161538461538461
1.2034615384615384
1.0488461538461538
1.5823076923076924
1.3938461538461537
0.9865384615384616
0.49461538461538457
0.19346153846153838
0.8776923076923077
1.2761538461538462
1.2730769230769232
0.7915384615384616
0.3615384615384615
0.6634615384615384
0.8746153846153846
1.2823076923076924
1.6088461538461538
1.238076923076923
1.0907692307692307
0.9742307692307691
0.37961538461538463
0.5507692307692308
0.4392307692307693
0.856153846153846
1.1065384615384615
0.40884615384615386
0.3396153846153846
0.8803846153846154
1.6723076923076925
1.4703846153846152
1.4273076923076924
2.0753846153846154
1.7207692307692308
1.1099999999999999
0.6711538461538462
0.7930769230769231
0.07653846153846153
0.22884615384615392
0.5734615384615385
0.29115384615384615
-0.011538461538461569
-0.2061538461538462
-0.07115384615384618
0.5442307692307693
0.3426923076923077
0.6538461538461539
0.8142307692307693
0.818076923076923
1.3292307692307692
1.583846153846154
1.5126923076923076
1.1465384615384617
1.1276923076923078
1.8669230769230771
1.3073076923076923
1.418076923076923
1.488076923076923
1.445769230769231
1.8084615384615386
2.7396153846153846
2.9826923076923078
3.369230769230769
2.675
2.7207692307692306
3.0999999999999996
2.9653846153846155
3.232307692307692
2.7069230769230765
1.6303846153846153
1.9396153846153845
1.9953846153846155
2.3846153846153846
1.9342307692307692
1.9688461538461537
1.8496153846153844
2.1788461538461537
2.3726923076923074
2.48
2.7311538461538465
2.5715384615384616
2.7199999999999998
2.733846153846154
2.3992307692307695
3.3934615384615388
3.480384615384615
3.7165384615384616
3.751923076923077
2.786153846153846
2.758076923076923
3.311923076923077
3.5403846153846152
3.741153846153846
3.3419230769230768
2.8396153846153847
3.414230769230769
4.631923076923076
4.755769230769231
4.247307692307692
3.666923076923077
4.883846153846154
5.328461538461538
5.278076923076923
5.141538461538461
5.782307692307692
5.138846153846154
5.0734615384615385
5.354230769230769
5.309615384615385
5.27
5.407692307692307
4.805384615384615
5.376153846153846
5.338846153846154
5.259230769230769
5.869615384615385
5.966923076923077
5.4338461538461535
5.636923076923077
6.259615384615385
6.2773076923076925
5.875769230769231
6.980384615384616
7.275
6.493461538461539
6.5880769230769225
6.810769230769231
6.96
6.979230769230769
7.076538461538462
6.875769230769231
7.466538461538462
6.842307692307693
7.4399999999999995
7.422692307692308
7.47
8.154615384615385
8.336538461538462
8.34923076923077
8.702692307692306
9.061538461538461
8.906538461538462
8.86923076923077
8.836538461538462
8.753846153846153
8.74423076923077
8.813461538461539
9.318461538461538
9.906153846153845
9.558076923076923
9.624230769230769
9.941153846153846
10.100000000000001
9.61076923076923
9.679615384615385
9.931923076923077
9.881538461538462
9.94
9.82
9.623846153846154
9.411538461538461
9.984615384615385
10.342692307692309
10.969615384615384
10.77
11.043846153846154
11.333461538461538
10.223846153846154
10.710769230769232
10.883461538461539
10.696153846153846
11.00923076923077
11.596923076923076
11.22269230769231
10.803461538461537
11.346923076923076
11.630384615384616
12.108461538461539
11.757692307692308
11.931923076923077
12.276538461538461
12.323846153846155
12.098076923076924
12.752692307692307
13.171923076923077
12.73653846153846
12.431153846153846
12.566153846153847
13.04653846153846
12.57423076923077
13.212692307692306
12.788846153846153
12.310384615384615
11.84
11.86076923076923
12.215769230769231
13.186153846153845
12.76576923076923
12.381538461538462
12.256538461538462
12.226153846153846
12.781923076923077
13.075769230769229
13.603846153846153
13.273846153846154
13.181153846153846
12.92576923076923
13.262692307692307
12.262692307692307
12.733076923076924
12.674230769230768
12.708846153846155
12.18923076923077
12.481153846153846
12.590384615384616
11.818076923076923
12.245000000000001
12.196153846153846
12.123461538461537
12.713461538461539
12.421923076923077
12.670769230769231
12.685
12.751538461538463
12.016538461538461
12.15846153846154
12.215
12.393846153846154
12.511538461538462
12.608846153846153
12.068846153846154
12.121923076923078
12.13423076923077
11.788076923076924
11.501923076923077
11.247307692307693
12.154230769230768
11.441153846153847
11.039230769230768
11.143846153846154
11.148076923076925
11.136153846153848
11.020384615384614
10.665384615384616
9.823846153846153
10.375
10.681153846153846
10.08423076923077
10.26423076923077
9.625
9.33
9.806923076923077
9.418461538461539
9.192307692307692
9.203461538461537
9.98653846153846
10.155384615384616
9.60153846153846
9.486153846153847
9.673076923076923
9.338076923076922
9.437307692307693
9.332692307692309
8.079615384615384
8.06
8.31
8.201153846153845
8.918461538461539
8.96
9.286923076923078
8.805
8.804615384615385
8.350769230769231
8.286538461538461
8.13076923076923
8.100384615384616
7.599230769230768
8.009615384615385
8.022307692307692
7.265384615384615
7.398846153846154
7.042307692307692
6.633461538461538
6.883076923076923
6.70423076923077
6.259230769230769
5.847307692307693
6.3246153846153845
6.153846153846154
5.031923076923078
5.624230769230769
6.29576923076923
6.426153846153846
6.502307692307692
6.226153846153846
6.281923076923077
5.866538461538462
5.587307692307693
5.745384615384615
5.949999999999999
5.2092307692307696
5.113846153846154
5.214615384615385
5.224615384615385
4.655384615384616
4.289230769230769
4.493846153846154
4.959615384615384
4.744230769230769
4.455384615384616
4.848461538461539
4.1899999999999995
3.6123076923076924
3.191153846153846
2.9765384615384614
3.1107692307692307
2.742692307692308
2.683846153846154
2.773076923076923
2.1653846153846152
1.9065384615384615
2.921923076923077
3.1953846153846155
3.0307692307692307
2.745
3.1003846153846153
2.287692307692308
2.106923076923077
2.026153846153846
1.7142307692307692
1.963846153846154
2.6265384615384613
3.1434615384615388
3.019615384615385
2.7826923076923076
2.543461538461538
1.676923076923077
1.0626923076923076
1.1438461538461537
1.8392307692307692
1.9761538461538461
1.7969230769230768
1.731923076923077
1.9457692307692307
2.2157692307692307
2.3757692307692304
1.9019230769230768
1.4692307692307693
1.6846153846153844
1.4346153846153844
1.27
1.4711538461538463
1.588846153846154
1.9876923076923076
2.3276923076923075
2.193076923076923
1.685
1.3165384615384614
1.5857692307692308
1.0299999999999998
1.1853846153846155
1.1134615384615385
