pet
0.43807692307692303
0.27461538461538465
0.20500000000000002
0.4211538461538461
0.5
0.4676923076923077
0.455
0.46961538461538466
0.44884615384615384
0.4823076923076923
0.46038461538461534
0.375
0.4919230769230769
0.475
0.5088461538461538
0.40923076923076923
0.33884615384615385
0.3915384615384615
0.46115384615384614
0.49
0.5557692307692308
0.4284615384615385
0.44999999999999996
0.455
0.33653846153846156
0.37115384615384617
0.28807692307692306
0.37461538461538463
0.4715384615384615
0.4276923076923077
0.4580769230769231
0.4819230769230769
0.5869230769230769
0.5776923076923077
0.5915384615384615
0.7165384615384615
0.6265384615384615
0.45307692307692304
0.41615384615384615
0.47846153846153844
0.3780769230769231
0.37115384615384617
0.44884615384615384
0.36615384615384616
0.3734615384615385
0.37884615384615383
0.42346153846153844
0.4746153846153846
0.49346153846153845
0.5157692307692308
0.5257692307692308
0.5276923076923077
0.6480769230769231
0.7
0.6253846153846154
0.6203846153846153
0.6534615384615384
0.7392307692307691
0.6703846153846154
0.7003846153846154
0.7861538461538462
0.7484615384615385
0.8480769230769231
1.0203846153846154
1.0911538461538461
1.1726923076923077
1.0057692307692307
0.9657692307692307
1.041153846153846
1.0665384615384617
1.07
1.0023076923076923
0.8611538461538462
0.8492307692307693
0.8919230769230769
0.9257692307692308
0.8434615384615385
0.8361538461538461
0.8196153846153845
0.911923076923077
1.0196153846153846
1.028076923076923
1.0996153846153847
1.044230769230769
1.053076923076923
1.0446153846153847
1.0826923076923078
1.1719230769230768
1.316923076923077
1.3807692307692307
1.3253846153846154
1.146923076923077
1.1384615384615384
1.345
1.3446153846153845
1.4030769230769229
1.366153846153846
1.3599999999999999
1.5253846153846153
1.7165384615384616
1.6449999999999998
1.561923076923077
1.5353846153846153
1.7692307692307692
1.931923076923077
1.8334615384615385
1.8792307692307693
1.9553846153846153
1.8461538461538463
1.9484615384615382
2.0742307692307693
1.9473076923076924
1.981153846153846
2.1192307692307693
2.007307692307692
2.0892307692307694
2.01
2.0153846153846153
2.021153846153846
2.0515384615384615
2.185769230769231
2.2407692307692306
2.315769230769231
2.382307692307692
2.353846153846154
2.536153846153846
2.6334615384615385
2.4650000000000003
2.474615384615385
2.5442307692307695
2.506153846153846
2.608846153846154
2.556923076923077
2.6576923076923076
2.7323076923076925
2.5126923076923076
2.6865384615384613
2.6276923076923078
2.6630769230769227
2.915769230769231
2.8423076923076924
2.7757692307692308
3.1265384615384617
2.9884615384615385
3.0015384615384617
2.901923076923077
2.9092307692307693
2.925
2.915769230769231
3.066153846153846
3.0215384615384617
2.9346153846153844
2.7053846153846157
2.6303846153846155
2.623076923076923
2.69
2.650384615384615
2.6734615384615386
2.7915384615384613
2.6588461538461536
2.712307692307692
2.5757692307692306
2.4965384615384614
2.518076923076923
2.581538461538462
2.6284615384615386
2.6484615384615386
2.694230769230769
2.6965384615384616
2.960384615384615
2.6496153846153847
2.515
2.5730769230769233
2.4707692307692306
2.651923076923077
2.708076923076923
2.598076923076923
2.5519230769230767
2.6234615384615383
2.7515384615384617
2.7607692307692306
2.4823076923076925
2.5565384615384614
2.7584615384615385
2.8015384615384615
2.765
2.9846153846153842
2.9669230769230768
2.7392307692307694
2.7038461538461536
2.6365384615384615
2.710769230769231
2.5696153846153846
2.7249999999999996
2.6542307692307694
2.3446153846153845
2.3476923076923075
2.398846153846154
2.5596153846153844
2.7796153846153846
2.5761538461538462
2.5796153846153844
2.4465384615384616
2.3596153846153847
2.520769230769231
2.686923076923077
2.6526923076923077
2.6453846153846152
2.538846153846154
2.539615384615385
2.495769230769231
2.3584615384615386
2.435
2.3673076923076923
2.2534615384615386
2.194230769230769
2.23
2.2815384615384615
2.151153846153846
2.193076923076923
2.1903846153846156
2.098846153846154
2.2253846153846153
2.1576923076923076
2.1234615384615383
2.1361538461538463
2.1496153846153847
1.948076923076923
2.026923076923077
2.0357692307692306
2.102692307692308
2.142692307692308
2.042307692307692
1.911153846153846
2.000384615384615
1.9769230769230768
1.8934615384615383
1.8465384615384615
1.8907692307692305
2.0342307692307693
1.8280769230769232
1.705769230769231
1.7461538461538462
1.7496153846153848
1.7226923076923077
1.7592307692307694
1.6903846153846156
1.4903846153846154
1.57
1.6223076923076922
1.515769230769231
1.463076923076923
1.4023076923076923
1.353846153846154
1.366923076923077
1.2457692307692307
1.2376923076923076
1.3234615384615382
1.4365384615384615
1.4796153846153846
1.3526923076923079
1.3219230769230768
1.3846153846153846
1.3407692307692307
1.2226923076923077
1.2576923076923079
1.0492307692307692
0.9315384615384615
1.0138461538461538
1.09
1.1215384615384616
1.1865384615384615
1.2426923076923078
1.153076923076923
1.198846153846154
1.2034615384615384
1.1103846153846155
1.055
1.0607692307692307
0.9576923076923077
1.1246153846153848
1.0384615384615385
0.8957692307692308
0.9557692307692308
0.836923076923077
0.8519230769230769
0.8353846153846154
0.7811538461538461
0.755
0.7353846153846154
0.7196153846153847
0.6784615384615384
0.6561538461538461
0.6403846153846153
0.7380769230769231
0.8373076923076923
0.7515384615384615
0.7403846153846154
0.7092307692307693
0.6369230769230769
0.7153846153846154
0.716923076923077
0.8103846153846154
0.6703846153846154
0.6596153846153846
0.7115384615384616
0.7057692307692308
0.5884615384615385
0.495
0.655
0.7138461538461538
0.6003846153846154
0.6746153846153846
0.6196153846153846
0.5623076923076924
0.46923076923076923
0.42807692307692313
0.5030769230769231
0.42500000000000004
0.34115384615384614
0.38269230769230766
0.4042307692307692
0.25884615384615384
0.26576923076923076
0.5234615384615384
0.5657692307692308
0.5315384615384615
0.4788461538461538
0.4919230769230769
0.36346153846153845
0.3765384615384615
0.4034615384615385
0.40076923076923077
0.44307692307692303
0.4757692307692307
0.5446153846153846
0.5434615384615384
0.5053846153846154
0.3992307692307693
0.25923076923076926
0.2326923076923077
0.22807692307692307
0.35076923076923083
0.4634615384615385
0.47115384615384615
0.4403846153846154
0.42
0.4523076923076923
0.48423076923076924
0.39807692307692305
0.37846153846153846
0.39192307692307693
0.29307692307692307
0.37000000000000005
0.3880769230769231
0.3723076923076923
0.4423076923076923
0.49461538461538457
0.5076923076923077
0.428076923076923
0.42807692307692313
0.46153846153846156
0.4211538461538461
0.41192307692307695
0.44884615384615384
