pet
0.40653846153846157
0.43230769230769234
0.3553846153846154
0.5169230769230769
0.6046153846153847
0.37576923076923074
0.4380769230769231
0.5573076923076923
0.5411538461538462
0.5769230769230769
0.4230769230769231
0.3723076923076923
0.39538461538461545
0.48423076923076924
0.46384615384615385
0.3861538461538461
0.3226923076923077
0.37538461538461537
0.39576923076923076
0.4603846153846154
0.5438461538461539
0.5123076923076924
0.5330769230769231
0.5211538461538462
0.4776923076923077
0.4857692307692308
0.445
0.46
0.48384615384615387
0.43961538461538463
0.4826923076923077
0.46576923076923077
0.5103846153846153
0.5923076923076923
0.6015384615384616
0.705
0.6692307692307692
0.6061538461538462
0.5434615384615384
0.5438461538461539
0.4869230769230769
0.5165384615384615
0.46615384615384614
0.40923076923076923
0.37576923076923074
0.4169230769230769
0.4215384615384616
0.5253846153846153
0.4603846153846154
0.5
0.5030769230769231
0.5246153846153846
0.6311538461538462
0.6688461538461539
0.5638461538461539
0.5399999999999999
0.6996153846153846
0.7365384615384615
0.7192307692307692
0.7611538461538461
0.8892307692307693
0.8311538461538461
0.856923076923077
0.9830769230769232
1.0184615384615385
1.02
0.9584615384615384
0.9784615384615385
1.155
1.0226923076923078
1.0342307692307693
1.0338461538461539
0.9780769230769231
0.9684615384615385
1.001923076923077
1.05
1.0646153846153845
0.9611538461538462
1.0007692307692309
0.9965384615384616
1.0342307692307693
1.1907692307692308
1.2342307692307695
1.1761538461538463
1.1711538461538462
1.1788461538461539
1.1411538461538462
1.2349999999999999
1.2969230769230768
1.4215384615384616
1.3396153846153847
1.1723076923076923
1.1023076923076922
1.205769230769231
1.26
1.3576923076923075
1.3823076923076922
1.2684615384615385
1.4026923076923077
1.6276923076923078
1.6865384615384615
1.6492307692307693
1.4938461538461536
1.588846153846154
1.8580769230769232
1.8084615384615383
1.6938461538461538
1.8723076923076922
1.7603846153846152
1.7684615384615383
1.8815384615384616
2.0080769230769233
1.7815384615384615
1.8480769230769232
1.8146153846153845
1.866153846153846
1.8800000000000001
1.8946153846153846
1.9696153846153845
1.9523076923076923
1.8403846153846155
1.99
2.0446153846153847
2.1003846153846153
2.1953846153846155
2.231153846153846
2.3857692307692306
2.261923076923077
2.169230769230769
2.302692307692308
2.3903846153846153
2.3696153846153845
2.3757692307692304
2.381923076923077
2.476153846153846
2.2807692307692307
2.3030769230769232
2.315769230769231
2.5326923076923076
2.671538461538461
2.5673076923076925
2.736923076923077
2.699230769230769
2.8173076923076925
2.5973076923076923
2.683846153846154
2.558846153846154
2.4742307692307692
2.6388461538461536
2.4749999999999996
2.696153846153846
2.5973076923076923
2.4053846153846155
2.39
2.334230769230769
2.483076923076923
2.418076923076923
2.465384615384615
2.4673076923076924
2.42
2.3426923076923076
2.3842307692307694
2.3276923076923075
2.334230769230769
2.332692307692308
2.435
2.651923076923077
2.5523076923076924
2.505
2.553846153846154
2.644615384615385
2.4492307692307693
2.457692307692308
2.4415384615384617
2.519230769230769
2.5807692307692305
2.62
2.550769230769231
2.615769230769231
2.6149999999999998
2.6846153846153844
2.6173076923076923
2.5984615384615384
2.759230769230769
2.897692307692308
2.796923076923077
2.7849999999999997
2.897307692307692
2.897307692307692
2.8488461538461536
2.795
2.833076923076923
2.758846153846154
2.83
2.769615384615385
2.6923076923076925
2.5488461538461538
2.4973076923076922
2.523076923076923
2.728846153846154
2.630769230769231
2.565
2.5696153846153846
2.6065384615384612
2.4630769230769234
2.6996153846153845
2.6561538461538463
2.745
2.661538461538462
2.6884615384615387
2.7903846153846152
2.4276923076923076
2.43
2.588846153846154
2.4430769230769234
2.396153846153846
2.4384615384615382
2.2830769230769232
2.1453846153846152
2.348076923076923
2.215
2.2415384615384615
2.3246153846153845
2.243846153846154
2.2903846153846152
2.352692307692308
2.2992307692307694
2.1634615384615383
2.1380769230769228
2.1784615384615384
2.316153846153846
2.3857692307692306
2.3473076923076923
2.1550000000000002
2.0026923076923078
2.0603846153846153
2.065
1.9365384615384615
1.911923076923077
1.9892307692307691
1.958076923076923
1.853076923076923
1.856923076923077
1.7984615384615383
1.8311538461538461
1.7023076923076923
1.7453846153846155
1.6226923076923077
1.6757692307692307
1.8157692307692308
1.723076923076923
1.736923076923077
1.4796153846153846
1.4884615384615385
1.456923076923077
1.3842307692307694
1.3526923076923079
1.3807692307692307
1.501923076923077
1.4715384615384615
1.3884615384615384
1.3261538461538462
1.3550000000000002
1.4
1.2984615384615383
1.363846153846154
1.2211538461538463
1.1819230769230769
1.189230769230769
1.216923076923077
1.318076923076923
1.248076923076923
1.2261538461538461
1.1453846153846154
1.2153846153846153
1.1526923076923077
1.1084615384615384
1.0653846153846154
1.0507692307692307
1.0023076923076923
1.1276923076923078
1.195
0.9796153846153846
1.0003846153846154
0.9976923076923078
0.8346153846153845
0.8061538461538462
0.7642307692307693
0.7261538461538461
0.745
0.8096153846153846
0.8011538461538461
0.7496153846153847
0.6534615384615385
0.6907692307692308
0.7726923076923077
0.6826923076923077
0.7734615384615384
0.6946153846153845
0.6973076923076923
0.6596153846153846
0.7369230769230769
0.8576923076923078
0.7788461538461539
0.8161538461538461
0.7757692307692307
0.6869230769230769
0.64
0.515
0.5323076923076923
0.7588461538461538
0.6484615384615384
0.66
0.6861538461538461
0.5657692307692308
0.47307692307692306
0.4788461538461538
0.47807692307692307
0.46846153846153843
0.4153846153846154
0.48923076923076925
0.5223076923076924
0.37269230769230766
0.36423076923076925
0.3992307692307693
0.5257692307692308
0.6253846153846154
0.49153846153846154
0.543076923076923
0.44269230769230766
0.38038461538461543
0.34769230769230774
0.33615384615384614
0.4346153846153846
0.47269230769230763
0.5892307692307692
0.5223076923076924
0.48653846153846153
0.3511538461538462
0.3342307692307692
0.35807692307692307
0.29038461538461535
0.295
0.3619230769230769
0.38346153846153846
0.44307692307692303
0.3942307692307692
0.43153846153846154
0.4042307692307692
0.36730769230769234
0.3973076923076923
0.3680769230769231
0.41615384615384615
0.47961538461538467
0.446923076923077
0.4584615384615385
0.4480769230769231
0.5084615384615385
0.4942307692307692
0.5665384615384615
0.5907692307692307
0.6111538461538462
0.43038461538461537
0.3619230769230769
0.4330769230769231
