pet
0.4438095238095238
0.3519047619047619
0.3395238095238095
0.2938095238095238
0.30904761904761907
0.35619047619047617
0.5357142857142857
0.5076190476190476
0.5014285714285714
0.44857142857142857
0.48619047619047623
0.49761904761904757
0.489047619047619
0.4085714285714286
0.5066666666666667
0.47333333333333333
0.34714285714285714
0.48190476190476195
0.6085714285714285
0.5247619047619048
0.3252380952380952
0.4176190476190476
0.40476190476190477
0.37523809523809526
0.4766666666666667
0.5095238095238095
0.5961904761904762
0.621904761904762
0.5319047619047619
0.43000000000000005
0.5952380952380952
0.6833333333333333
0.6728571428571428
0.5604761904761905
0.6876190476190477
0.7023809523809523
0.45285714285714285
0.5299999999999999
0.6290476190476191
0.5628571428571428
0.49666666666666665
0.5704761904761905
0.5595238095238095
0.5257142857142858
0.5714285714285714
0.8304761904761906
0.7228571428571429
0.7938095238095239
0.6314285714285715
0.8042857142857143
0.832857142857143
0.9252380952380952
0.8928571428571429
0.9104761904761905
0.9166666666666666
0.9038095238095238
0.7890476190476191
0.8266666666666667
0.7390476190476191
0.6599999999999999
0.7714285714285714
0.7390476190476191
0.7295238095238096
0.8819047619047619
0.9380952380952381
1.0242857142857145
1.1623809523809523
1.2495238095238095
1.2071428571428573
1.2304761904761905
1.2190476190476192
0.9504761904761905
1.331904761904762
1.52
1.4933333333333334
1.3704761904761906
1.349047619047619
1.3842857142857143
1.1923809523809523
1.3847619047619046
1.1828571428571428
1.3442857142857143
1.4171428571428573
1.4442857142857142
1.4557142857142857
1.4052380952380954
1.5790476190476188
1.659047619047619
1.9014285714285715
1.6433333333333333
1.716818181818182
1.794090909090909
1.8372727272727274
1.6340909090909093
1.87
1.742727272727273
1.5668181818181817
1.583181818181818
1.8095454545454546
1.7677272727272728
1.6859090909090908
1.8436363636363637
2.0354545454545456
2.1418181818181816
2.11
1.9931818181818182
2.075909090909091
2.041818181818182
2.0195454545454545
2.079090909090909
2.364090909090909
2.5072727272727273
2.528636363636364
2.6572727272727272
2.291363636363636
2.0186363636363636
2.1122727272727273
2.143181818181818
1.9827272727272727
2.1754545454545453
2.3186363636363634
2.3504545454545456
2.326363636363636
2.305
2.5045454545454544
2.724090909090909
2.834090909090909
2.7736363636363635
2.8695454545454546
2.9577272727272725
2.69
2.5936363636363637
2.562727272727273
2.3236363636363637
2.553181818181818
2.7140909090909093
2.6522727272727273
2.7668181818181816
2.8718181818181816
2.8754545454545455
2.944090909090909
2.95
3.0004545454545455
3.0181818181818185
3.12
3.055909090909091
3.119545454545454
3.033181818181818
2.9286363636363633
2.9600000000000004
3.064090909090909
3.100454545454545
3.0904545454545453
2.805
2.662272727272727
2.527727272727273
2.5890909090909093
2.7404545454545453
2.748181818181818
2.9209090909090913
2.7472727272727275
2.8354545454545454
2.8145454545454545
2.8804545454545454
2.9618181818181815
2.9813636363636364
3.178181818181818
3.3545454545454545
3.069545454545455
2.9322727272727276
2.8713636363636366
3.022727272727273
2.9181818181818184
3.095
3.1177272727272727
3.1240909090909095
3.191363636363636
3.2545454545454544
2.980454545454545
3.213636363636364
3.1268181818181815
3.2659090909090907
3.265
3.1145454545454543
3.2904545454545455
3.341818181818182
3.214090909090909
3.0595454545454546
3.1113636363636363
3.128181818181818
3.2463636363636366
3.024090909090909
3.077727272727273
2.9990909090909095
3.1536363636363633
3.2218181818181817
3.4909090909090907
3.472727272727273
3.647727272727273
3.695
3.3154545454545454
3.184090909090909
3.2318181818181815
3.4131818181818185
3.455
3.5286363636363633
3.436818181818182
3.2845454545454547
3.222272727272727
3.0963636363636367
2.9472727272727273
3.024090909090909
3.174545454545455
3.0627272727272725
3.1554545454545457
2.9618181818181815
3.0922727272727273
3.186363636363636
2.963636363636364
3.1290909090909094
2.8404545454545453
2.795
3.2150000000000003
2.8181818181818183
2.944545454545455
2.805454545454545
2.7927272727272725
2.555454545454545
2.7813636363636363
2.8295454545454546
2.705909090909091
2.58
2.6904545454545454
2.7754545454545454
2.583636363636364
2.473181818181818
2.663181818181818
2.4677272727272728
2.3863636363636362
2.2981818181818183
2.2286363636363635
2.0568181818181817
1.9963636363636363
2.036818181818182
2.3654545454545453
2.266363636363636
2.3104545454545455
2.429090909090909
2.099090909090909
2.1054545454545455
2.122727272727273
2.141363636363636
2.2586363636363633
2.1863636363636365
1.9668181818181816
1.9995454545454547
1.9527272727272729
1.9286363636363637
1.8672727272727272
1.6231818181818183
1.7340909090909091
1.7800000000000002
1.836818181818182
1.7981818181818183
1.7095454545454545
1.5740909090909092
1.410909090909091
1.4500000000000002
1.4072727272727272
1.5395454545454543
1.5518181818181818
1.4995454545454547
1.5554545454545454
1.5547619047619048
1.477142857142857
1.4314285714285713
1.2514285714285716
1.3733333333333333
1.1280952380952383
1.070952380952381
1.2295238095238095
1.1985714285714286
1.4376190476190476
1.220952380952381
1.2233333333333334
1.1947619047619047
1.0214285714285714
1.0057142857142858
0.96
0.9161904761904761
0.9566666666666667
0.9166666666666666
0.9261904761904761
0.9509523809523809
0.7761904761904762
0.9742857142857143
1.0247619047619048
1.062857142857143
0.9004761904761904
0.9028571428571429
0.9133333333333333
0.8638095238095238
0.96
0.9123809523809524
0.8180952380952381
0.8080952380952381
0.6733333333333333
0.5838095238095238
0.6066666666666667
0.5976190476190476
0.48619047619047623
0.5042857142857142
0.5676190476190476
0.7023809523809523
0.6528571428571429
0.6014285714285714
0.6147619047619047
0.6028571428571429
0.6566666666666666
0.5128571428571428
0.5442857142857143
0.5395238095238095
0.4071428571428572
0.44190476190476186
0.520952380952381
0.44047619047619047
0.33904761904761904
0.410952380952381
0.35904761904761906
0.3757142857142857
0.4628571428571429
0.4028571428571429
0.3761904761904762
0.4238095238095238
0.36619047619047623
0.3904761904761904
0.2604761904761905
0.3066666666666667
0.4642857142857143
0.44333333333333336
0.33809523809523806
0.3085714285714286
0.20285714285714285
0.21476190476190476
0.20238095238095238
0.33904761904761904
0.27714285714285714
0.3119047619047619
0.4519047619047619
0.36428571428571427
0.2980952380952381
0.320952380952381
0.3166666666666667
0.3685714285714286
0.5857142857142857
0.6085714285714285
0.6876190476190476
0.6009523809523809
0.4414285714285714
0.4685714285714286
0.4561904761904762
0.310952380952381
0.47904761904761906
0.5747619047619048
0.5471428571428572
