temperature
3.4646153846153847
3.4426923076923077
3.4061538461538463
4.402692307692307
4.4423076923076925
3.5484615384615386
3.7638461538461536
4.194615384615385
4.172307692307692
3.7199999999999998
3.0515384615384615
2.405769230769231
2.755
3.3888461538461536
3.4953846153846153
2.991923076923077
2.5761538461538462
2.8776923076923073
3.3369230769230773
3.6953846153846155
3.8665384615384615
3.8453846153846154
3.7773076923076925
3.6384615384615384
3.229230769230769
3.1826923076923075
3.119230769230769
3.233846153846154
2.9511538461538462
2.4134615384615383
2.8423076923076924
3.081153846153846
3.5773076923076923
3.728846153846154
3.7565384615384616
4.205
3.9284615384615384
3.7646153846153845
3.417307692307692
2.987692307692307
2.778461538461539
3.005769230769231
2.7857692307692306
2.105384615384615
1.7076923076923076
1.8680769230769232
2.3888461538461536
2.833076923076923
2.476923076923077
2.8015384615384615
2.601923076923077
2.9742307692307692
3.4934615384615384
3.634230769230769
3.2546153846153847
3.022307692307692
3.6453846153846152
3.925
3.9480769230769233
4.0
4.3088461538461535
4.049615384615385
4.1911538461538465
4.779615384615385
4.968076923076923
5.121538461538462
4.705
4.692692307692307
5.434615384615385
5.131153846153846
5.001153846153846
5.026923076923077
4.713076923076923
4.824230769230769
4.651923076923077
4.850769230769231
5.0284615384615385
4.670384615384616
4.87423076923077
4.720384615384615
4.833846153846154
5.44923076923077
5.698076923076924
5.4715384615384615
5.421153846153846
5.4096153846153845
5.196153846153846
5.5576923076923075
5.814615384615385
6.368461538461539
5.670384615384616
5.066923076923077
4.746153846153846
5.107307692307692
5.353461538461539
5.997307692307692
5.996153846153846
5.620384615384615
6.004615384615385
6.568846153846153
6.884615384615385
7.082692307692308
6.556923076923076
6.811923076923078
7.9630769230769225
7.646538461538461
7.276923076923077
7.630769230769231
7.32423076923077
7.367307692307692
7.841153846153846
8.461153846153847
7.735384615384616
7.764230769230769
7.617692307692308
7.758076923076923
8.085
8.142307692307693
8.343461538461538
8.306153846153846
7.5976923076923075
8.189615384615385
8.394615384615385
8.652692307692307
9.060769230769232
9.155384615384616
9.463846153846154
9.112307692307692
9.036923076923078
9.252692307692307
9.535
9.53
9.725769230769231
9.828846153846154
10.244615384615384
9.795769230769231
9.726923076923077
9.984615384615385
10.535384615384617
11.099230769230768
10.877692307692307
11.24423076923077
11.296923076923077
11.69
11.191153846153847
11.359230769230768
11.13423076923077
10.90576923076923
11.241538461538461
11.025384615384617
11.609615384615385
11.88576923076923
11.665384615384616
11.630384615384616
11.589230769230769
12.05
11.710384615384616
11.963461538461539
12.131538461538462
12.18923076923077
12.011923076923077
12.301923076923078
12.212307692307691
12.18
12.36153846153846
12.73576923076923
13.554615384615385
13.222307692307693
13.155384615384616
13.355384615384615
13.719615384615384
13.219615384615386
13.476153846153846
13.287307692307694
13.523846153846154
13.793461538461539
13.897307692307692
13.713461538461539
14.113846153846156
14.208461538461538
14.276538461538461
14.171923076923076
14.17653846153846
14.93153846153846
15.214615384615383
15.018846153846152
15.05923076923077
15.22
15.527692307692309
15.282307692307691
15.078461538461537
15.427307692307693
15.169615384615383
15.498846153846156
15.38576923076923
15.11576923076923
14.808076923076923
14.75923076923077
14.792692307692308
15.44076923076923
15.306153846153846
15.021153846153847
14.93
15.117307692307692
14.888076923076921
15.44846153846154
15.399615384615384
15.940384615384614
15.609230769230768
15.798846153846153
16.20846153846154
14.933076923076923
15.0
15.481538461538461
15.113076923076923
14.936538461538463
15.251923076923077
14.558461538461538
14.315
15.048076923076923
14.690384615384614
14.701153846153847
15.012692307692307
14.688076923076922
14.886923076923077
15.180384615384614
15.049615384615386
14.775769230769232
14.785
14.849999999999998
15.30076923076923
15.542307692307693
15.350769230769231
14.697692307692307
14.217307692307692
14.57423076923077
14.631538461538462
14.400769230769232
14.150384615384613
14.345384615384615
13.951538461538462
13.840384615384616
13.836923076923076
13.620000000000001
13.455
12.950769230769232
13.102692307692308
12.720384615384615
12.982307692307693
13.443846153846154
13.313846153846155
13.208461538461538
12.212692307692306
12.251923076923077
12.283846153846154
12.001923076923077
11.872307692307693
12.134615384615385
12.204230769230769
12.122692307692308
12.15230769230769
11.873076923076923
11.887307692307692
11.785
11.62076923076923
11.746538461538462
11.393076923076924
11.251538461538463
11.146538461538462
11.243461538461538
11.478846153846153
11.203076923076923
11.07846153846154
10.738846153846152
10.836153846153847
10.607307692307693
10.521923076923077
10.317692307692308
10.242307692307692
10.097307692307693
10.47653846153846
10.730384615384615
9.893076923076924
10.009615384615385
9.850000000000001
8.936923076923078
9.200000000000001
8.832692307692309
8.458076923076923
8.57
8.757692307692308
8.716923076923077
8.635384615384616
8.046153846153846
8.20076923076923
8.50423076923077
8.373846153846154
8.599615384615385
8.31076923076923
8.012307692307692
7.879615384615385
8.173846153846155
8.61346153846154
8.326153846153845
8.304615384615385
8.118846153846153
7.373076923076923
7.225384615384614
6.604615384615385
6.937692307692307
7.925000000000001
7.353076923076923
7.092692307692308
7.309230769230769
6.814230769230769
5.8803846153846155
5.774230769230769
5.7807692307692315
5.806153846153847
5.547307692307692
5.9653846153846155
6.059230769230769
4.906153846153846
4.937307692307693
4.834615384615384
5.354615384615385
5.793846153846153
5.573846153846153
5.535769230769231
4.967307692307693
4.462307692307693
4.094230769230769
4.1
4.8465384615384615
4.995384615384615
5.6657692307692304
5.4569230769230765
5.345769230769231
4.750384615384616
4.462692307692308
4.621923076923077
3.678846153846154
3.6665384615384613
4.151153846153846
4.181923076923077
4.593846153846154
4.569615384615385
4.738076923076923
5.0126923076923084
4.792307692307692
4.218461538461539
4.037692307692307
4.524615384615385
4.883076923076922
4.321153846153846
4.158461538461538
4.297692307692308
4.421923076923077
4.558076923076923
4.555384615384615
4.305000000000001
4.471923076923077
3.647307692307692
3.3419230769230768
3.5046153846153847
