pet
0.49192307692307696
0.495
0.42192307692307696
0.6346153846153846
0.6738461538461539
0.44423076923076926
0.5242307692307693
0.6465384615384615
0.61
0.6169230769230769
0.47423076923076923
0.38346153846153846
0.4180769230769231
0.5296153846153846
0.4942307692307692
0.4465384615384615
0.39192307692307693
0.4511538461538462
0.4773076923076923
0.5565384615384615
0.6180769230769231
0.5784615384615385
0.5996153846153847
0.5869230769230769
0.5273076923076923
0.5446153846153846
0.4888461538461539
0.5142307692307693
0.5096153846153846
0.4730769230769231
0.5623076923076923
0.5634615384615385
0.6530769230769231
0.6799999999999999
0.716923076923077
0.7949999999999999
0.753076923076923
0.7023076923076924
0.6503846153846153
0.6203846153846153
0.5411538461538462
0.6284615384615384
0.5380769230769231
0.4465384615384615
0.4646153846153846
0.4761538461538462
0.5011538461538462
0.5976923076923076
0.5353846153846153
0.566923076923077
0.5707692307692308
0.6046153846153847
0.7419230769230769
0.7576923076923077
0.6880769230769231
0.6938461538461538
0.8326923076923076
0.8315384615384616
0.7884615384615384
0.8323076923076923
0.9203846153846154
0.8476923076923076
0.9015384615384616
1.044230769230769
1.1103846153846155
1.0434615384615384
1.0461538461538462
1.073076923076923
1.1784615384615384
1.0976923076923077
1.113076923076923
1.1211538461538462
1.001923076923077
1.0084615384615385
1.0146153846153845
1.0896153846153847
1.09
0.9976923076923078
1.0096153846153846
1.0207692307692307
1.0923076923076924
1.1973076923076922
1.2573076923076922
1.2373076923076924
1.2426923076923078
1.1907692307692308
1.103846153846154
1.2515384615384615
1.2815384615384615
1.4903846153846154
1.3723076923076922
1.1334615384615385
1.115
1.241153846153846
1.2980769230769231
1.4088461538461539
1.4169230769230767
1.3096153846153844
1.4738461538461538
1.656923076923077
1.6665384615384615
1.706923076923077
1.5907692307692307
1.6307692307692307
1.863846153846154
1.853076923076923
1.7453846153846155
1.9361538461538463
1.82
1.8634615384615385
1.9307692307692308
2.0803846153846157
1.9276923076923076
1.9376923076923078
1.883076923076923
1.9861538461538462
1.9361538461538461
1.96
2.0876923076923077
1.9903846153846154
1.9430769230769231
2.187692307692308
2.1503846153846156
2.2484615384615383
2.2976923076923077
2.3426923076923076
2.4315384615384614
2.318846153846154
2.1546153846153846
2.2873076923076923
2.461153846153846
2.585384615384615
2.5442307692307695
2.5046153846153847
2.546923076923077
2.421153846153846
2.503846153846154
2.4680769230769233
2.7323076923076925
2.8007692307692307
2.7296153846153848
2.8303846153846157
2.8380769230769234
2.9707692307692306
2.6923076923076925
2.8065384615384614
2.675
2.5234615384615386
2.686153846153846
2.6003846153846153
2.772692307692308
2.5957692307692306
2.4734615384615384
2.4657692307692307
2.291153846153846
2.4699999999999998
2.3415384615384616
2.350769230769231
2.3892307692307693
2.4030769230769233
2.270769230769231
2.3069230769230766
2.2411538461538463
2.210384615384615
2.191538461538461
2.3857692307692306
2.5034615384615386
2.475769230769231
2.4046153846153846
2.4523076923076923
2.6092307692307695
2.3696153846153845
2.4092307692307693
2.3688461538461536
2.391923076923077
2.433846153846154
2.511153846153846
2.4303846153846154
2.558076923076923
2.581538461538462
2.571153846153846
2.4492307692307693
2.5015384615384617
2.6403846153846158
2.7800000000000002
2.7119230769230764
2.6457692307692304
2.7853846153846153
2.751923076923077
2.7507692307692304
2.7311538461538465
2.6896153846153847
2.6350000000000002
2.6773076923076924
2.5657692307692304
2.474615384615385
2.3426923076923076
2.3765384615384617
2.393846153846154
2.5907692307692307
2.542692307692308
2.435
2.408846153846154
2.4892307692307694
2.3492307692307692
2.5592307692307696
2.4680769230769233
2.5757692307692306
2.483076923076923
2.5384615384615383
2.5946153846153845
2.250384615384615
2.3646153846153846
2.4742307692307692
2.371153846153846
2.256923076923077
2.3153846153846156
2.1307692307692307
1.9549999999999998
2.2026923076923075
2.0726923076923076
2.150384615384615
2.2157692307692307
2.1342307692307694
2.125384615384615
2.186153846153846
2.1584615384615384
1.99
2.0492307692307694
2.139615384615385
2.290769230769231
2.301153846153846
2.357307692307692
2.0723076923076924
1.9492307692307693
2.088076923076923
1.9792307692307693
1.9046153846153848
1.8934615384615385
1.9307692307692308
1.898846153846154
1.7938461538461539
1.8526923076923079
1.7488461538461537
1.8788461538461538
1.6776923076923076
1.7488461538461537
1.6211538461538462
1.7361538461538462
1.856153846153846
1.7542307692307693
1.7607692307692309
1.4603846153846154
1.4865384615384616
1.455769230769231
1.3934615384615385
1.3592307692307695
1.415769230769231
1.4942307692307693
1.5423076923076924
1.3603846153846153
1.383076923076923
1.3392307692307692
1.4073076923076924
1.3284615384615384
1.4365384615384615
1.2542307692307693
1.2215384615384617
1.2192307692307691
1.3457692307692308
1.4107692307692308
1.333076923076923
1.3403846153846155
1.2265384615384616
1.3676923076923078
1.2765384615384614
1.2757692307692308
1.1507692307692308
1.1515384615384616
1.1538461538461537
1.2996153846153846
1.2438461538461536
1.061923076923077
1.1546153846153846
1.1473076923076921
0.981923076923077
1.0015384615384615
0.8973076923076923
0.8784615384615384
0.8776923076923077
0.9453846153846153
0.8776923076923077
0.8526923076923077
0.7773076923076924
0.768076923076923
0.8803846153846154
0.7907692307692307
0.9246153846153846
0.7615384615384616
0.8457692307692308
0.7738461538461539
0.893846153846154
1.0096153846153846
0.8680769230769231
0.9176923076923077
0.8707692307692307
0.7980769230769231
0.7384615384615384
0.5957692307692308
0.6873076923076924
0.8988461538461539
0.7615384615384616
0.7976923076923076
0.7723076923076924
0.6426923076923077
0.5557692307692308
0.5734615384615385
0.566923076923077
0.541923076923077
0.5069230769230769
0.6115384615384616
0.6230769230769231
0.43076923076923074
0.4357692307692308
0.48384615384615387
0.6415384615384615
0.7034615384615385
0.6042307692307692
0.6273076923076922
0.5326923076923077
0.46692307692307694
0.42730769230769233
0.4242307692307692
0.5684615384615385
0.5573076923076923
0.6723076923076923
0.5826923076923077
0.5415384615384615
0.4073076923076923
0.38923076923076927
0.4273076923076923
0.33115384615384613
0.3734615384615385
0.4507692307692307
0.46499999999999997
0.5761538461538461
0.5057692307692307
0.5242307692307693
0.5065384615384615
0.49615384615384617
0.4715384615384615
0.47692307692307695
0.49653846153846154
0.5865384615384616
0.5119230769230769
0.5192307692307693
0.5169230769230769
0.5942307692307692
0.5965384615384616
0.6680769230769231
0.6623076923076923
0.6823076923076923
0.5030769230769231
0.45153846153846156
0.5253846153846153
