temperature
4.137307692307692
3.9234615384615386
3.9046153846153846
4.798461538461539
4.812307692307693
3.981923076923077
4.290384615384616
4.716923076923077
4.551923076923076
4.101923076923077
3.276153846153846
2.7084615384615387
3.2238461538461536
3.8265384615384614
3.8923076923076922
3.5146153846153845
3.0634615384615387
3.420769230769231
3.883846153846154
4.279615384615385
4.397692307692308
4.315769230769231
4.252307692307692
4.173846153846154
3.667307692307692
3.6603846153846153
3.463846153846154
3.662692307692308
3.3407692307692307
2.9253846153846155
3.414230769230769
3.68
4.186923076923077
4.280384615384616
4.3926923076923075
4.648461538461539
4.4180769230769235
4.17
3.916153846153846
3.501153846153846
3.168461538461538
3.5296153846153846
3.206153846153846
2.498076923076923
2.3880769230769228
2.480769230769231
2.9296153846153845
3.3165384615384617
2.9565384615384613
3.2207692307692306
3.003846153846154
3.543846153846154
4.0965384615384615
4.139230769230769
3.8134615384615382
3.8346153846153848
4.296538461538462
4.431923076923077
4.429615384615385
4.4192307692307695
4.5649999999999995
4.29576923076923
4.486538461538462
5.148846153846154
5.483846153846153
5.264230769230769
5.2299999999999995
5.243076923076923
5.731923076923077
5.536153846153846
5.5515384615384615
5.548846153846155
5.082692307692308
5.202692307692308
4.9496153846153845
5.058076923076923
5.399230769230769
4.991153846153846
5.045
5.072307692307692
5.241538461538462
5.703461538461538
5.897307692307693
5.939615384615385
5.915
5.524615384615384
5.20423076923077
5.871538461538462
5.946153846153846
6.608076923076923
6.075769230769231
5.132307692307692
4.94923076923077
5.38
5.655384615384615
6.1523076923076925
6.1292307692307695
5.653846153846154
6.233846153846154
6.687692307692307
6.906153846153846
7.0600000000000005
6.71076923076923
6.833461538461539
7.643461538461538
7.58
7.183076923076923
7.74
7.31923076923077
7.526923076923077
7.818461538461539
8.28423076923077
7.816538461538462
7.7373076923076916
7.554230769230769
7.893076923076923
7.732307692307692
7.961538461538462
8.395384615384616
8.201923076923077
7.6753846153846155
8.211923076923076
8.174615384615384
8.526153846153846
8.701923076923077
8.903076923076922
9.214615384615385
8.94076923076923
8.451153846153845
8.89423076923077
9.356923076923078
9.76
9.749615384615385
9.693846153846154
9.901153846153846
9.62653846153846
9.805384615384614
9.82
10.541923076923077
10.809615384615386
10.745384615384616
11.031153846153845
11.142692307692307
11.50423076923077
10.834999999999999
11.24423076923077
10.971923076923076
10.632692307692308
11.14576923076923
10.910384615384617
11.459615384615384
11.633846153846154
11.629615384615384
11.674615384615386
11.238461538461538
11.848846153846154
11.553846153846154
11.680769230769231
11.889999999999999
11.98
11.691923076923077
11.907307692307693
11.731153846153846
11.633461538461539
11.663846153846153
12.371153846153845
12.821538461538463
12.797307692307694
12.719999999999999
12.897692307692308
13.389999999999999
12.77076923076923
12.960384615384616
12.836538461538462
12.977692307692308
13.208846153846155
13.508846153846154
13.321153846153846
13.782307692307691
13.87576923076923
13.862307692307693
13.63576923076923
13.814615384615385
14.239615384615385
14.707307692307692
14.625
14.42923076923077
14.87576923076923
14.948846153846155
15.00923076923077
14.971538461538461
14.99
14.834615384615384
15.01346153846154
14.76346153846154
14.542692307692308
14.198076923076922
14.382692307692308
14.465769230769231
15.040384615384616
14.996538461538462
14.675
14.576923076923077
14.850000000000001
14.53076923076923
15.145
14.930384615384614
15.238076923076923
15.034615384615384
15.245000000000001
15.471923076923076
14.460769230769232
14.717692307692309
15.071923076923078
14.86153846153846
14.575384615384618
14.73076923076923
14.205769230769231
13.764999999999999
14.541538461538462
14.10153846153846
14.43153846153846
14.64576923076923
14.317692307692308
14.41576923076923
14.598076923076924
14.545384615384616
13.97
14.248846153846156
14.540000000000001
15.004615384615384
15.087692307692306
15.225384615384616
14.327692307692306
13.988461538461538
14.327692307692306
14.10153846153846
13.854615384615384
13.701153846153847
13.952307692307691
13.824615384615385
13.541538461538462
13.696153846153846
13.293846153846154
13.506923076923076
12.910769230769231
13.181923076923077
12.675
12.986153846153845
13.43423076923077
13.090384615384616
13.133461538461537
12.153846153846153
12.238461538461538
12.111153846153845
11.918461538461539
11.768076923076922
11.850769230769231
12.157307692307693
12.226153846153846
11.80153846153846
11.850000000000001
11.733846153846153
11.702692307692306
11.596153846153847
11.947692307692307
11.393846153846154
11.200769230769232
11.088076923076924
11.428461538461537
11.65846153846154
11.38423076923077
11.429230769230768
10.983846153846153
11.258461538461537
10.918846153846154
10.839615384615383
10.55153846153846
10.625
10.524615384615384
10.973076923076924
10.835769230769232
9.997692307692308
10.266923076923076
10.173076923076923
9.384615384615385
9.596538461538461
9.229615384615384
8.943846153846154
8.912692307692307
9.253461538461538
9.069615384615386
8.833076923076923
8.406923076923077
8.426538461538462
8.847692307692308
8.679615384615385
9.090384615384615
8.472307692307693
8.516153846153845
8.210769230769232
8.59076923076923
9.040384615384616
8.46653846153846
8.42423076923077
8.297692307692309
7.879230769230769
7.606153846153846
7.0065384615384625
7.480769230769231
8.333846153846155
7.66423076923077
7.509230769230769
7.531923076923078
7.1619230769230775
6.359230769230769
6.201153846153847
6.086538461538462
6.059230769230769
5.865384615384615
6.378846153846154
6.453076923076923
5.331538461538462
5.360769230769231
5.226153846153846
5.819999999999999
6.2226923076923075
5.981923076923077
5.754615384615385
5.202307692307692
4.84
4.563461538461539
4.6850000000000005
5.246538461538462
5.2907692307692304
5.872307692307692
5.657692307692307
5.621153846153846
5.026923076923077
4.759230769230769
4.848461538461539
3.94
4.029615384615385
4.521153846153846
4.502307692307692
5.047692307692308
4.843461538461539
5.076923076923077
5.265000000000001
5.131153846153846
4.419230769230769
4.591538461538462
4.9338461538461535
5.196153846153846
4.611923076923078
4.359230769230769
4.633846153846154
4.800769230769231
4.915384615384616
4.868461538461538
4.538846153846154
4.716923076923077
4.042692307692308
3.9353846153846153
4.094230769230769
