pet
0.43346153846153845
0.2557692307692308
0.1903846153846154
0.3480769230769231
0.435
0.40192307692307694
0.39115384615384613
0.36153846153846153
0.3380769230769231
0.3807692307692308
0.4646153846153846
0.3896153846153846
0.47538461538461535
0.4465384615384615
0.5284615384615384
0.38884615384615384
0.2846153846153846
0.38038461538461543
0.43423076923076925
0.47538461538461535
0.46961538461538466
0.3796153846153846
0.38653846153846155
0.39269230769230773
0.2523076923076923
0.36576923076923074
0.2469230769230769
0.35615384615384615
0.48000000000000004
0.40846153846153843
0.43
0.46192307692307694
0.5353846153846153
0.5319230769230769
0.5257692307692308
0.7196153846153847
0.6288461538461539
0.39
0.3330769230769231
0.4253846153846154
0.31807692307692303
0.305
0.4003846153846154
0.321923076923077
0.3288461538461539
0.36692307692307696
0.40192307692307694
0.4815384615384615
0.4330769230769231
0.4788461538461538
0.46115384615384614
0.5357692307692308
0.658076923076923
0.6499999999999999
0.5638461538461539
0.53
0.5334615384615384
0.7134615384615385
0.5957692307692308
0.6988461538461539
0.7642307692307693
0.7065384615384616
0.8280769230769232
0.9884615384615384
1.0657692307692308
1.1346153846153846
0.8926923076923077
0.9792307692307692
1.0607692307692307
1.003076923076923
1.04
0.9061538461538461
0.84
0.7769230769230769
0.8907692307692308
0.9592307692307691
0.7684615384615385
0.7692307692307693
0.738076923076923
0.8373076923076923
0.9184615384615384
0.931923076923077
0.9526923076923077
0.9769230769230769
0.9615384615384616
0.9492307692307692
0.9257692307692308
1.1053846153846154
1.2476923076923077
1.301153846153846
1.3311538461538461
1.0511538461538463
1.0207692307692307
1.215
1.231923076923077
1.2676923076923077
1.1538461538461537
1.2415384615384615
1.3680769230769232
1.6819230769230769
1.5488461538461538
1.393846153846154
1.4115384615384616
1.665
1.790769230769231
1.7403846153846154
1.7857692307692308
1.7984615384615383
1.6111538461538462
1.7365384615384616
1.7776923076923077
1.6284615384615384
1.7203846153846156
1.8476923076923077
1.7669230769230768
1.8942307692307692
1.8776923076923078
1.8876923076923076
1.915
1.978076923076923
2.0496153846153846
1.9815384615384617
2.0515384615384615
2.145769230769231
2.0015384615384617
2.145
2.2757692307692308
2.115
2.126923076923077
2.1550000000000002
2.1184615384615384
2.2703846153846152
2.266923076923077
2.338076923076923
2.3234615384615385
2.066153846153846
2.3868
2.3496
2.3156
2.5792
2.5704000000000002
2.4324
2.7048
2.7039999999999997
2.8272000000000004
2.738
2.6836
2.6439999999999997
2.5596
2.6719999999999997
2.7495999999999996
2.62
2.4428
2.362
2.324
2.3964000000000003
2.494
2.4696
2.5904000000000003
2.4372
2.3636
2.3744
2.3256
2.3468
2.4415999999999998
2.4148
2.5352
2.4944
2.5364
2.7248
2.4268
2.2884
2.3291999999999997
2.3464
2.3888
2.5504
2.4344
2.4236
2.4716
2.5128
2.4236
2.29
2.3184
2.4924
2.636
2.5384
2.7064
2.7104000000000004
2.4896000000000003
2.4648
2.4808
2.6208
2.4448
2.4912
2.4612
2.3636
2.1096
2.3428
2.3516
2.7336
2.4632
2.3996
2.2684
2.3012
2.3796
2.5328
2.5356
2.5844
2.5604
2.4648000000000003
2.374
2.262
2.2812
2.3376
2.0496
2.1316
2.1992000000000003
2.1628
2.0084
2.0540000000000003
2.068
1.9404
2.0876
2.0816
2.0107999999999997
2.1284
2.1075999999999997
1.7996
1.9928
1.95
1.9936
2.0764
1.9096000000000002
1.764
1.9312
1.9272
1.74
1.8532
1.7564
1.9547999999999999
1.6924000000000001
1.6612
1.6232
1.6244
1.5596
1.6847999999999999
1.6016
1.3403999999999998
1.3144
1.4831999999999999
1.4108
1.2932
1.298
1.2456
1.2292
1.1423999999999999
1.1908
1.1592
1.4063999999999999
1.4072
1.2068
1.252
1.284
1.25
1.1828
1.208
0.95
0.8867999999999999
0.9604
0.9475999999999999
1.0796
1.1640000000000001
1.1344
1.0472
1.1228
1.0692
0.9792000000000001
0.976
0.9112
0.89
0.9984000000000001
0.9087999999999999
0.7323999999999999
0.82
0.742
0.752
0.8724
0.7484000000000001
0.706
0.6416
0.6688
0.6536
0.616
0.5856
0.5744
0.6996000000000001
0.7592
0.7668
0.7352
0.6356
0.71
0.6384000000000001
0.6728000000000001
0.5024000000000001
0.5248
0.5932
0.6972
0.5367999999999999
0.4824
0.6012
0.6596
0.5396
0.6344
0.5416000000000001
0.4664
0.39039999999999997
0.4048
0.4156
0.4496
0.39640000000000003
0.36119999999999997
0.38079999999999997
0.24559999999999998
0.222
0.5648000000000001
0.5632
0.488
0.3772
0.3492
0.2828
0.33240000000000003
0.3736
0.3188
0.4032
0.4164
0.5364
0.5416
0.4168
0.3636
0.22240000000000001
0.21919999999999998
0.234
0.3264
0.4536
0.436
0.36519999999999997
0.3564
0.38880000000000003
0.36719999999999997
0.2956
0.2416
0.2728
0.2488
0.322
0.3668
0.3544
0.3688
0.39480000000000004
0.44079999999999997
0.3984
0.3996
0.42519999999999997
0.39880000000000004
0.4328
0.46
