temperature
1.3503846153846153
0.625
0.18961538461538463
0.806923076923077
1.3523076923076922
0.9930769230769231
0.6988461538461538
0.871923076923077
0.555
0.6161538461538463
0.8153846153846155
0.35461538461538455
1.3315384615384613
1.4988461538461537
1.5146153846153845
0.7561538461538462
0.385
0.7503846153846154
1.111153846153846
1.383076923076923
1.5296153846153844
1.1465384615384615
1.0115384615384615
0.6884615384615386
-0.20692307692307688
0.39230769230769236
0.005000000000000013
0.7957692307692308
1.0892307692307692
0.4315384615384615
0.47538461538461535
1.0150000000000001
1.610769230769231
1.3742307692307691
1.2257692307692307
2.138076923076923
1.591923076923077
0.6203846153846153
0.34730769230769226
0.6426923076923077
0.18999999999999997
0.14038461538461533
0.5423076923076923
0.09192307692307697
-0.2969230769230769
0.0034615384615384734
0.15499999999999997
0.87
0.6126923076923076
0.8596153846153847
0.9926923076923078
1.4315384615384614
1.8092307692307692
1.7761538461538462
1.580769230769231
1.2142307692307692
1.1253846153846154
2.041923076923077
1.5969230769230767
1.7503846153846152
2.0073076923076925
1.8776923076923078
2.486923076923077
3.0684615384615386
3.4211538461538464
3.675
2.8515384615384614
3.1619230769230766
3.401923076923077
3.0911538461538464
3.2211538461538463
2.683846153846154
2.1153846153846154
2.1465384615384617
2.5411538461538465
2.7626923076923076
1.9846153846153844
2.1326923076923077
1.8384615384615384
2.2411538461538463
2.643076923076923
2.5757692307692306
2.9257692307692307
3.0203846153846152
2.9088461538461536
2.778461538461538
2.6542307692307694
3.3303846153846157
3.9365384615384613
4.100769230769231
4.059230769230769
3.0673076923076925
2.98
3.7357692307692307
3.7023076923076923
3.909615384615385
3.4661538461538464
3.5596153846153844
3.959230769230769
5.04
4.618846153846154
4.265384615384615
4.11
5.178076923076923
5.6557692307692315
5.4934615384615375
5.526923076923077
5.651153846153846
5.046538461538462
5.5369230769230775
5.629615384615385
5.128846153846154
5.365769230769231
5.771538461538461
5.498461538461539
5.970384615384615
5.952692307692308
5.891538461538461
6.157307692307692
6.348076923076923
6.089230769230769
5.906923076923077
6.189230769230769
6.450384615384616
6.123846153846154
6.526538461538461
6.937692307692307
6.596153846153846
6.648076923076923
6.787307692307692
6.757692307692308
7.158846153846154
7.102692307692308
7.3234615384615385
7.3792307692307695
6.8538461538461535
7.7112
7.619199999999999
7.6484000000000005
8.443999999999999
8.492
8.2228
8.9516
9.0192
9.3508
9.146799999999999
9.0968
9.121599999999999
8.8512
9.2432
9.3604
9.8704
9.6412
9.646
9.634
9.8004
10.129199999999999
10.1396
10.604000000000001
10.286
10.0852
10.2012
10.124
10.1464
10.581199999999999
10.67
11.0232
11.017999999999999
11.1832
11.7368
11.0252
10.748399999999998
10.9072
11.038
11.2044
11.670399999999999
11.434800000000001
11.392000000000001
11.5712
11.853599999999998
11.75
11.4472
11.5176
12.1228
12.529200000000001
12.3424
12.8428
12.861200000000002
12.4056
12.4352
12.4952
12.880799999999999
12.46
12.6796
12.6608
12.4756
11.8584
12.523599999999998
12.543199999999999
13.4836
12.918
12.728399999999999
12.4288
12.5084
12.7728
13.2744
13.35
13.568399999999999
13.51
13.337200000000001
13.0768
12.744000000000002
12.9144
13.0948
12.3836
12.593599999999999
12.762
12.694
12.351600000000001
12.4168
12.556
12.216800000000001
12.633199999999999
12.672
12.508
12.846400000000001
12.771600000000001
11.8324
12.388800000000002
12.264800000000001
12.429200000000002
12.5844
12.145999999999999
11.6128
12.2
12.1984
11.6948
11.9976
11.593599999999999
12.2924
11.4692
11.3076
11.275599999999999
11.181199999999999
10.8904
11.105599999999999
10.908399999999999
10.008
9.9628
10.486400000000001
10.131599999999999
9.7688
9.613999999999999
9.49
9.5396
9.2016
9.2716
9.2384
10.0288
9.8692
9.432
9.5512
9.430399999999999
9.1372
9.118400000000001
9.1824
8.322000000000001
8.0612
8.0532
7.784800000000001
8.6012
8.8444
8.788400000000001
8.3936
8.500399999999999
8.233600000000001
8.008
7.9484
7.8768
7.6304
7.9616
7.6752
6.75
6.9676
6.6108
6.691599999999999
7.0527999999999995
6.602799999999999
6.1304
5.9075999999999995
6.1256
5.9956000000000005
5.518
5.577999999999999
5.7424
6.1415999999999995
6.4088
6.203200000000001
6.067200000000001
5.728400000000001
5.6716
5.3424000000000005
5.3420000000000005
4.6488
4.7536000000000005
5.0796
5.2116
4.6024
4.2508
4.5764
4.8148
4.3831999999999995
4.5527999999999995
4.1812000000000005
3.7144
3.2368
3.0203999999999995
3.2739999999999996
3.4372000000000003
2.8427999999999995
2.8051999999999997
2.9139999999999997
2.0584000000000002
1.8972
3.0956
3.1956
2.8592
2.3764
2.2956
1.6196000000000002
1.8732
1.8072
1.4487999999999999
1.9112
2.3936
3.1431999999999998
3.0704000000000002
2.5452
2.5264
1.286
0.7748
1.03
1.472
1.9212
1.6476000000000002
1.5619999999999998
1.5632
1.7464
1.9032
1.4316
0.9960000000000001
1.2608
1.18
1.1516
1.3767999999999998
1.3852000000000002
1.5608000000000002
1.7172
1.6292000000000002
1.1972
0.8264
1.0864000000000003
0.8108000000000001
1.3656
1.2575999999999998
