pet
0.42
0.21384615384615385
0.15576923076923077
0.3626923076923077
0.43
0.46038461538461534
0.4238461538461538
0.3992307692307693
0.3765384615384615
0.385
0.41115384615384615
0.3203846153846154
0.43153846153846154
0.4046153846153846
0.44423076923076926
0.35307692307692307
0.28807692307692306
0.33653846153846156
0.4061538461538462
0.43884615384615383
0.4642307692307692
0.35884615384615387
0.3630769230769231
0.38961538461538464
0.2676923076923077
0.3246153846153846
0.22115384615384615
0.3088461538461538
0.4211538461538461
0.3669230769230769
0.40692307692307694
0.43153846153846154
0.5226923076923077
0.49923076923076926
0.5226923076923077
0.6696153846153846
0.546923076923077
0.3861538461538462
0.30423076923076925
0.3692307692307692
0.27384615384615385
0.2803846153846154
0.3692307692307692
0.2773076923076923
0.3107692307692308
0.3230769230769231
0.35038461538461535
0.4034615384615385
0.4
0.41923076923076924
0.4238461538461538
0.4269230769230769
0.5661538461538462
0.6315384615384616
0.546923076923077
0.5103846153846153
0.546923076923077
0.628076923076923
0.5273076923076924
0.5834615384615385
0.6642307692307692
0.6192307692307693
0.7046153846153846
0.8834615384615384
0.9569230769230769
1.0315384615384615
0.8184615384615385
0.8384615384615385
0.8965384615384616
0.8953846153846154
0.9126923076923077
0.783076923076923
0.6734615384615386
0.6553846153846153
0.7219230769230769
0.7565384615384616
0.643076923076923
0.6238461538461538
0.6465384615384615
0.7134615384615385
0.8246153846153846
0.8184615384615385
0.8896153846153846
0.8288461538461539
0.8596153846153847
0.8499999999999999
0.8711538461538461
0.9750000000000001
1.1457692307692307
1.1707692307692308
1.0996153846153847
0.9123076923076923
0.9211538461538461
1.1184615384615384
1.0707692307692307
1.1565384615384615
1.0853846153846154
1.1676923076923076
1.3015384615384618
1.5084615384615385
1.4196153846153847
1.2811538461538463
1.2807692307692307
1.541153846153846
1.6946153846153846
1.5942307692307693
1.679230769230769
1.705769230769231
1.5380769230769231
1.6376923076923076
1.7665384615384616
1.616153846153846
1.6596153846153845
1.8438461538461537
1.71
1.834230769230769
1.761923076923077
1.7688461538461537
1.7761538461538462
1.8111538461538463
1.8680769230769232
1.948846153846154
2.0476923076923077
2.0707692307692307
2.065769230769231
2.264615384615385
2.314230769230769
2.098076923076923
2.129230769230769
2.202692307692308
2.166153846153846
2.272307692307692
2.228076923076923
2.3607692307692307
2.3892307692307693
2.0926923076923076
2.381153846153846
2.34
2.336923076923077
2.5773076923076923
2.558846153846154
2.4096153846153845
2.789615384615385
2.6796153846153845
2.7403846153846154
2.6573076923076924
2.6573076923076924
2.641923076923077
2.543461538461538
2.6980769230769233
2.7384615384615385
2.5999999999999996
2.418846153846154
2.333846153846154
2.316153846153846
2.352692307692308
2.400384615384615
2.3803846153846155
2.498076923076923
2.370769230769231
2.3953846153846152
2.2803846153846155
2.235
2.225
2.276153846153846
2.3465384615384615
2.43
2.4080769230769232
2.441538461538461
2.714230769230769
2.3123076923076926
2.1784615384615384
2.2642307692307693
2.198076923076923
2.289615384615385
2.4323076923076923
2.2857692307692306
2.2534615384615386
2.3553846153846156
2.506153846153846
2.4196153846153843
2.2115384615384617
2.2476923076923074
2.4796153846153848
2.5403846153846152
2.4930769230769227
2.7165384615384616
2.718461538461539
2.420769230769231
2.3826923076923077
2.3853846153846154
2.458076923076923
2.276153846153846
2.4315384615384614
2.335384615384615
2.085384615384615
2.014615384615385
2.110384615384615
2.3103846153846153
2.5349999999999997
2.291923076923077
2.2849999999999997
2.1815384615384614
2.141923076923077
2.250384615384615
2.3923076923076922
2.401923076923077
2.4061538461538463
2.3103846153846153
2.2934615384615387
2.235
2.0934615384615385
2.1596153846153845
2.117692307692308
1.9353846153846155
1.9534615384615384
2.0053846153846155
2.018846153846154
1.8800000000000001
1.9403846153846152
1.9184615384615387
1.8242307692307693
1.9515384615384617
1.918076923076923
1.896923076923077
1.911923076923077
1.9530769230769232
1.7273076923076922
1.838846153846154
1.8065384615384614
1.919230769230769
1.9692307692307693
1.7838461538461539
1.7161538461538461
1.8742307692307691
1.8507692307692307
1.731923076923077
1.7053846153846155
1.7365384615384616
1.8542307692307693
1.5961538461538463
1.5326923076923078
1.526923076923077
1.5373076923076923
1.501923076923077
1.5719230769230768
1.501923076923077
1.2965384615384616
1.3746153846153848
1.4492307692307693
1.3396153846153847
1.2126923076923077
1.2261538461538461
1.1592307692307693
1.1711538461538462
1.0673076923076923
1.071923076923077
1.121923076923077
1.290769230769231
1.3184615384615386
1.1734615384615386
1.1865384615384615
1.2442307692307693
1.2184615384615385
1.0961538461538463
1.1253846153846152
0.871923076923077
0.7807692307692308
0.8961538461538462
0.9476923076923077
1.0107692307692309
1.0823076923076924
1.158076923076923
1.0726923076923076
1.108076923076923
1.0392307692307692
0.9692307692307692
0.9634615384615385
0.9188461538461539
0.83
0.9857692307692307
0.8965384615384615
0.7826923076923078
0.8676923076923077
0.7430769230769231
0.7592307692307693
0.791923076923077
0.7107692307692308
0.7111538461538462
0.6730769230769231
0.6392307692307693
0.5696153846153846
0.5769230769230769
0.5888461538461539
0.6611538461538462
0.7380769230769231
0.6584615384615385
0.6492307692307692
0.6546153846153846
0.5819230769230769
0.7123076923076923
0.6673076923076924
0.7323076923076923
0.605
0.5961538461538461
0.6253846153846153
0.6569230769230769
0.5457692307692308
0.49538461538461537
0.6230769230769231
0.67
0.5573076923076923
0.635
0.5573076923076923
0.5142307692307693
0.42076923076923084
0.4326923076923077
0.4788461538461538
0.4184615384615385
0.3526923076923077
0.36538461538461536
0.3596153846153846
0.24461538461538462
0.22923076923076924
0.5607692307692308
0.5357692307692308
0.5026923076923077
0.4584615384615385
0.48000000000000004
0.38769230769230767
0.36230769230769233
0.4030769230769231
0.38038461538461543
0.4184615384615385
0.45461538461538464
0.5576923076923077
0.5769230769230769
0.5288461538461539
0.4042307692307692
0.2557692307692308
0.2476923076923077
0.2557692307692308
0.3926923076923077
0.4826923076923077
0.48923076923076925
0.44269230769230766
0.4092307692307692
0.4707692307692308
0.46192307692307694
0.36423076923076925
0.33153846153846156
0.37846153846153846
0.2823076923076923
0.34884615384615386
0.3688461538461538
0.37576923076923074
0.43615384615384617
0.48730769230769233
0.5361538461538461
0.41115384615384615
0.415
0.42230769230769233
0.3903846153846154
0.4061538461538462
0.46115384615384614
