temperature
5.9412
5.2748
5.0808
4.636
4.8136
4.702
5.44
5.388400000000001
4.8748000000000005
5.199199999999999
5.4048
5.710800000000001
5.5308
5.2356
5.3792
4.8016
4.4496
4.8048
4.8512
4.1272
3.9703999999999997
4.3839999999999995
4.1808
4.0972
4.6819999999999995
4.622
4.9816
5.234400000000001
5.0283999999999995
4.3472
4.7896
4.9272
4.8868
4.835999999999999
5.6948
5.6276
4.6495999999999995
4.6424
4.5448
4.3312
4.1768
4.7896
5.0748
4.3008
5.0927999999999995
5.7388
5.3212
5.7379999999999995
5.395600000000001
5.8332
5.8288
6.450399999999999
5.96
6.0664
5.6776
5.6036
5.6596
5.3816
5.02
4.9912
5.3027999999999995
5.303999999999999
4.8356
5.216799999999999
5.898
6.4028
6.959199999999999
7.3004
7.4096
7.0012
7.09
6.260800000000001
7.554399999999999
8.1528
7.8628
7.3892
6.9736
7.0152
6.855600000000001
7.452000000000001
7.0855999999999995
7.4396
7.5716
7.466
7.6264
7.6832
8.3972
8.6116
8.870800000000001
8.485199999999999
8.3984
8.7468
8.7236
8.2676
8.6012
8.294
7.6724
7.9912
8.8612
8.426
8.2216
8.461599999999999
8.582
8.8504
9.0716
8.8604
9.2652
9.0008
9.2796
9.8416
10.9044
11.068
11.034
11.298399999999999
10.474
9.930399999999999
9.927999999999999
10.1188
9.7772
10.256400000000001
10.4724
10.369200000000001
10.5688
10.5676
11.0188
11.748400000000002
12.1624
12.089230769230769
12.317307692307692
12.82423076923077
12.38846153846154
11.823076923076922
12.028461538461539
11.576538461538462
12.170384615384616
12.624615384615385
12.533076923076923
12.591153846153846
12.70923076923077
12.867692307692307
12.967692307692309
12.961923076923076
13.231538461538461
13.334615384615384
13.836153846153847
13.834999999999999
13.78346153846154
13.455384615384615
13.68
13.893846153846154
13.790384615384616
15.000384615384615
15.043461538461539
14.530384615384616
14.26076923076923
14.116923076923078
14.159615384615384
14.018461538461539
14.443846153846154
15.09769230769231
14.784230769230769
14.917307692307693
14.71269230769231
15.14576923076923
15.446153846153846
15.293846153846154
15.886153846153844
16.22769230769231
16.076153846153847
15.955384615384615
15.798461538461538
15.579615384615384
15.359615384615385
16.039615384615384
16.034615384615385
16.238076923076925
16.658076923076923
16.38153846153846
16.296153846153846
16.610384615384614
16.465
16.802307692307693
16.608076923076922
16.341153846153848
16.402692307692305
16.913846153846155
16.917307692307695
16.66923076923077
16.963076923076922
17.07
16.846153846153847
16.712692307692308
16.605
16.70653846153846
17.10653846153846
17.254615384615384
17.62576923076923
17.67076923076923
18.095
18.504615384615384
17.531923076923075
17.440384615384616
17.307692307692307
17.973846153846154
17.990000000000002
18.33346153846154
17.966538461538462
17.867307692307694
17.826153846153847
17.596923076923076
17.259999999999998
17.43307692307692
17.88923076923077
17.53
17.76076923076923
17.604230769230767
17.716538461538462
17.941153846153846
17.64115384615385
18.23730769230769
17.661923076923078
17.63
18.26923076923077
17.58153846153846
17.833846153846153
17.534615384615385
17.037692307692307
16.765384615384615
17.244615384615386
17.281923076923075
16.90730769230769
16.74269230769231
16.933846153846154
17.265384615384615
16.844615384615384
16.384615384615383
17.368076923076924
16.557307692307692
15.975384615384616
15.896153846153847
15.868846153846155
15.55423076923077
15.481923076923078
15.143846153846154
16.111538461538462
15.912692307692309
16.095769230769232
16.197692307692307
15.870000000000001
15.333846153846155
15.745384615384616
15.269615384615385
16.022692307692306
15.688076923076922
14.893846153846154
14.798846153846153
14.423461538461538
14.602307692307694
14.403846153846153
13.946153846153846
14.473846153846154
14.399230769230769
14.676923076923078
14.253076923076922
13.973076923076924
13.877692307692307
13.678461538461537
13.501153846153844
13.531538461538462
13.661538461538461
13.629615384615384
13.62423076923077
14.075384615384614
13.521600000000001
12.8384
12.5572
11.9528
12.536800000000001
12.032
11.9056
12.3988
12.468
12.9408
11.730799999999999
11.748800000000001
11.7544
11.1652
11.1648
11.5296
10.6448
10.9076
10.654000000000002
10.64
10.8648
10.597999999999999
10.9044
10.8204
10.9968
10.714400000000001
10.5692
10.2332
10.0968
10.2376
10.3276
9.489600000000001
9.2612
8.8148
8.3288
8.5404
8.6116
8.424399999999999
8.2712
8.1364
8.662
8.8428
8.1632
8.2164
7.6015999999999995
7.9528
7.4888
7.476
7.4108
6.9048
6.6344
6.725600000000001
6.7144
6.1108
6.7904
6.5472
6.784
6.6184
6.7463999999999995
6.175599999999999
5.8668000000000005
5.6979999999999995
5.3515999999999995
5.3432
5.323199999999999
5.7528
6.219600000000001
5.8112
5.666399999999999
5.2924
5.374
4.942
5.5812
5.1956
5.590800000000001
5.402
4.8812
4.7748
4.680400000000001
4.19
4.6936
5.7143999999999995
6.0448
6.9628
6.8852
5.7428
5.5676
5.029599999999999
4.3004
5.0772
5.659199999999999
5.4368
