pet
0.4795652173913043
0.44565217391304346
0.32304347826086954
0.3826086956521739
0.4643478260869565
0.3795652173913044
0.348695652173913
0.3973913043478261
0.46478260869565213
0.45826086956521733
0.39999999999999997
0.3621739130434783
0.44782608695652176
0.48130434782608694
0.508695652173913
0.411304347826087
0.3308695652173913
0.3626086956521739
0.42434782608695654
0.45
0.5221739130434783
0.3882608695652174
0.4056521739130435
0.3634782608695652
0.2791304347826087
0.3573913043478261
0.3160869565217391
0.4947826086956521
0.5295652173913044
0.4969565217391304
0.5669565217391304
0.5369565217391304
0.5482608695652174
0.6843478260869565
0.7217391304347827
0.7930434782608695
0.6765217391304348
0.4747826086956522
0.4943478260869565
0.4847826086956522
0.391304347826087
0.5204347826086957
0.49739130434782614
0.42173913043478256
0.4795652173913044
0.4434782608695652
0.45869565217391306
0.5617391304347826
0.5695652173913043
0.5330434782608695
0.4804347826086957
0.4673913043478261
0.6556521739130435
0.697391304347826
0.5691304347826087
0.6326086956521739
0.6313043478260869
0.7421739130434782
0.7008695652173913
0.722608695652174
0.6891304347826087
0.6621739130434783
0.748695652173913
0.9195652173913043
0.9691304347826086
1.0608695652173914
0.9421739130434783
1.008695652173913
1.0934782608695652
1.057391304347826
1.1178260869565217
1.0743478260869566
1.0047826086956522
0.9226086956521738
0.9491304347826086
0.9947826086956522
0.8830434782608695
0.8573913043478261
0.8821739130434783
0.9356521739130435
0.9978260869565218
0.99
1.093913043478261
1.0352173913043479
1.1304347826086956
1.0399999999999998
1.0860869565217393
1.24
1.397391304347826
1.4660869565217391
1.4665217391304346
1.1730434782608696
1.1121739130434782
1.343913043478261
1.3178260869565217
1.4421739130434783
1.5656521739130433
1.4404347826086958
1.4243478260869564
1.5326086956521738
1.5117391304347827
1.4791304347826089
1.3834782608695653
1.5960869565217393
1.606521739130435
1.6443478260869566
1.6021739130434782
1.7726086956521738
1.6369565217391304
1.7834782608695654
1.8091304347826087
1.8460869565217393
1.962608695652174
1.9726086956521738
1.911304347826087
2.030869565217391
2.145217391304348
2.1582608695652175
2.1743478260869566
2.063913043478261
2.143478260869565
2.2490909090909095
2.3163636363636364
2.329090909090909
2.0359090909090907
2.3536363636363635
2.3372727272727274
2.1545454545454543
2.2045454545454546
2.398181818181818
2.5113636363636362
2.7572727272727273
2.6863636363636365
2.6977272727272728
2.6663636363636365
2.64
2.578181818181818
2.4177272727272725
2.663181818181818
3.030909090909091
2.64
2.6281818181818184
2.881818181818182
2.8709090909090906
2.755909090909091
2.557272727272727
2.7068181818181816
2.6077272727272724
2.7254545454545456
2.899090909090909
2.955454545454545
2.7104545454545454
2.5272727272727273
2.5818181818181816
2.4568181818181816
2.5836363636363635
2.4622727272727274
2.3804545454545454
2.4104545454545456
2.5900000000000003
2.5172727272727276
2.338636363636364
2.287272727272727
2.309090909090909
2.269090909090909
2.355909090909091
2.5218181818181815
2.5431818181818184
2.567272727272727
2.6931818181818183
2.6295454545454544
2.4022727272727273
2.272727272727273
2.1999999999999997
2.3813636363636363
2.4177272727272725
2.487727272727273
2.454090909090909
2.455909090909091
2.5213636363636365
2.4827272727272724
2.1713636363636364
2.182727272727273
2.4077272727272727
2.4954545454545456
2.4827272727272724
2.687272727272727
2.6763636363636363
2.513181818181818
2.460909090909091
2.6122727272727273
2.6468181818181815
2.4963636363636366
2.502272727272727
2.514090909090909
2.188181818181818
2.2190909090909092
2.109090909090909
2.275909090909091
2.562272727272727
2.411818181818182
2.3486363636363636
2.434090909090909
2.4604545454545454
2.445
2.4886363636363638
2.5681818181818183
2.499090909090909
2.43
2.2972727272727274
2.435
2.3145454545454545
2.256818181818182
2.4881818181818183
2.190909090909091
2.226818181818182
2.3022727272727272
2.3486363636363636
2.057272727272727
2.221363636363636
1.991818181818182
2.153181818181818
2.1577272727272727
2.0154545454545456
1.9622727272727274
2.002727272727273
1.9945454545454546
1.799090909090909
1.914090909090909
2.0436363636363635
2.1395454545454546
2.020909090909091
1.913181818181818
1.869090909090909
1.7340909090909091
1.7950000000000002
1.666818181818182
1.6354545454545453
1.6272727272727272
1.9131818181818183
1.74
1.6763636363636365
1.6990909090909092
1.747272727272727
1.9122727272727273
1.8340909090909092
1.7627272727272727
1.5754545454545452
1.4318181818181819
1.5340909090909092
1.4522727272727272
1.5086363636363636
1.4881818181818183
1.2904545454545455
1.2704545454545455
1.1754545454545455
1.165
1.2722727272727272
1.3372727272727274
1.4377272727272727
1.3363636363636362
1.395909090909091
1.4277272727272727
1.2668181818181818
1.2331818181818182
1.3627272727272728
0.9977272727272727
0.920909090909091
1.0668181818181817
1.0795454545454546
1.2677272727272728
1.204090909090909
1.2495454545454545
1.1077272727272727
1.086818181818182
1.1463636363636363
1.12
1.0504545454545455
1.0159090909090909
0.9581818181818182
1.1872727272727273
1.1177272727272727
0.8945454545454545
0.9354545454545454
0.9213636363636364
1.096818181818182
0.9227272727272727
0.8227272727272728
0.8745454545454545
0.755
0.7081818181818181
0.71
0.6531818181818182
0.715
0.7100000000000001
0.7895454545454546
0.7204545454545455
0.7304545454545455
0.6777272727272727
0.6845454545454546
0.6504545454545455
0.6354545454545455
0.759090909090909
0.644090909090909
0.6772727272727272
0.6827272727272727
0.6909090909090909
0.604090909090909
0.54
0.6345454545454546
0.6986363636363637
0.5554545454545455
0.6386363636363637
0.5822727272727273
0.5831818181818181
0.48454545454545456
0.40545454545454546
0.48227272727272724
0.5281818181818182
0.46727272727272723
0.5750000000000001
0.46090909090909093
0.26045454545454544
0.31772727272727275
0.5290909090909092
0.5372727272727272
0.5313636363636364
0.48000000000000004
0.5168181818181818
0.38272727272727275
0.4040909090909091
0.4081818181818182
0.45772727272727276
0.5590909090909091
0.5039130434782608
0.6465217391304348
0.5021739130434782
0.3660869565217391
0.27217391304347827
0.23217391304347826
0.30913043478260865
0.3665217391304348
0.42260869565217396
0.5121739130434783
0.5
0.4126086956521739
0.3791304347826087
0.3926086956521739
0.3930434782608696
0.42695652173913046
0.3408695652173913
0.32217391304347825
0.2539130434782609
0.32
0.3308695652173913
0.35000000000000003
0.4826086956521739
0.5647826086956522
0.43478260869565216
0.4208695652173913
0.39217391304347826
0.45739130434782604
0.5217391304347826
0.46565217391304353
0.43999999999999995
