pet
0.4572
0.4144
0.3776
0.36920000000000003
0.41119999999999995
0.4372
0.5508
0.4456
0.43560000000000004
0.5024000000000001
0.5588000000000001
0.508
0.46880000000000005
0.43799999999999994
0.546
0.4764
0.3956
0.5068
0.5824
0.45640000000000003
0.33520000000000005
0.4164
0.4204
0.4708
0.5188
0.504
0.5704
0.6304
0.5412
0.528
0.65
0.6607999999999999
0.6536
0.6028
0.7136
0.6792
0.49119999999999997
0.5952000000000001
0.6448
0.5132
0.5048
0.6364
0.6544
0.5304
0.643076923076923
0.7915384615384616
0.7042307692307693
0.7703846153846154
0.6950000000000001
0.8103846153846154
0.875
0.9188461538461539
0.8792307692307693
0.8861538461538461
0.7757692307692309
0.8576923076923078
0.7673076923076922
0.7584615384615384
0.735
0.7476923076923078
0.7942307692307692
0.6976923076923077
0.6473076923076923
0.7353846153846154
0.9396153846153846
1.065
1.095
1.2396153846153846
1.195
1.1726923076923077
1.066923076923077
1.0465384615384616
1.31
1.4384615384615385
1.3615384615384616
1.393846153846154
1.2203846153846154
1.2284615384615385
1.213076923076923
1.271923076923077
1.2434615384615384
1.3284615384615384
1.3746153846153848
1.4242307692307692
1.4507692307692308
1.386153846153846
1.551153846153846
1.580769230769231
1.6853846153846155
1.713846153846154
1.6638461538461538
1.6788461538461539
1.7330769230769232
1.6515384615384614
1.7569230769230768
1.7007692307692308
1.4423076923076923
1.6996153846153845
1.7757692307692308
1.655
1.688076923076923
1.6530769230769229
1.8361538461538462
1.9353846153846155
1.8834615384615385
1.8442307692307691
1.9219230769230768
1.8284615384615384
1.8092307692307692
2.045769230769231
2.2976923076923077
2.3607692307692307
2.3438461538461537
2.4496153846153845
2.223076923076923
2.066538461538461
2.1296153846153847
2.063076923076923
1.9961538461538462
2.1599999999999997
2.305
2.3553846153846156
2.431153846153846
2.4046153846153846
2.485
2.4257692307692307
2.7223076923076923
2.6580769230769232
2.6907692307692312
2.8007692307692307
2.5553846153846154
2.545769230769231
2.5330769230769232
2.44
2.775384615384615
2.69
2.6334615384615385
2.6599999999999997
2.7819230769230767
2.721538461538462
2.744230769230769
2.709230769230769
2.754230769230769
2.705
2.8376923076923077
2.831538461538462
2.9134615384615383
2.8303846153846157
2.8276923076923075
2.873076923076923
3.0046153846153847
3.132307692307692
2.9161538461538465
2.6965384615384616
2.551153846153846
2.602692307692308
2.5334615384615384
2.5969230769230767
2.6407692307692305
2.787692307692308
2.715384615384615
2.6723076923076925
2.5896153846153847
2.6884615384615387
2.686923076923077
2.7249999999999996
2.981923076923077
2.9423076923076925
2.9699999999999998
2.8499999999999996
2.742692307692308
2.708076923076923
2.7219230769230767
2.8596153846153842
2.7930769230769235
2.840384615384615
3.028461538461538
2.7800000000000002
2.8157692307692304
2.930769230769231
2.836153846153846
2.9673076923076924
2.960384615384615
2.9453846153846155
2.891153846153846
3.018076923076923
2.918461538461538
2.912692307692308
2.9630769230769234
2.9884615384615385
2.9765384615384614
2.855384615384615
2.828076923076923
2.6738461538461538
2.8469230769230767
2.915769230769231
3.0246153846153847
3.0115384615384615
3.2388461538461537
3.232307692307692
2.906538461538461
2.7553846153846155
2.923076923076923
3.0311538461538463
2.8861538461538463
3.1046153846153848
2.913846153846154
2.8653846153846154
2.829230769230769
2.754230769230769
2.662692307692308
2.6923076923076925
2.8365384615384617
2.791153846153846
2.805769230769231
2.6696153846153843
2.6723076923076925
2.7503846153846156
2.6496153846153847
2.7757692307692308
2.7126923076923077
2.5250000000000004
2.7607692307692306
2.6184615384615384
2.623076923076923
2.551153846153846
2.3623076923076924
2.3876923076923076
2.378846153846154
2.3423076923076924
2.358076923076923
2.3073076923076923
2.3073076923076923
2.436923076923077
2.2819230769230767
2.0723076923076924
2.2296153846153848
2.0196153846153844
1.9915384615384615
1.9092307692307693
1.8488461538461538
1.8661538461538463
1.7953846153846154
1.8361538461538462
2.150384615384615
1.958846153846154
2.103076923076923
2.0726923076923076
1.985769230769231
1.901923076923077
1.9442307692307692
1.8588461538461538
2.011923076923077
1.9007692307692308
1.7607692307692309
1.6638461538461538
1.5976923076923077
1.6523076923076923
1.5103846153846154
1.5011538461538463
1.5680769230769231
1.5988461538461538
1.551153846153846
1.576153846153846
1.5
1.463846153846154
1.3703846153846155
1.3988461538461539
1.3619230769230768
1.4007692307692308
1.4807692307692308
1.4373076923076922
1.521923076923077
1.3552000000000002
1.2736
1.1676
1.15
1.2224
1.0688
1.1144
1.2884
1.1640000000000001
1.276
1.0768
1.0936
1.0944
0.9912000000000001
0.9531999999999999
1.018
0.8556
0.9107999999999999
0.8696
0.8271999999999999
0.9228000000000001
0.8151999999999999
0.9208
0.9564
0.9148000000000001
0.8792
0.9508
0.8856
0.84
0.9624000000000001
0.8371999999999999
0.7716
0.7252
0.618
0.612
0.6684
0.5943999999999999
0.5379999999999999
0.5844
0.5968
0.6536
0.618
0.5980000000000001
0.57
0.5676
0.6768000000000001
0.504
0.5551999999999999
0.5372
0.4708
0.4208
0.4336
0.35
0.36719999999999997
0.40759999999999996
0.3856
0.4968
0.49520000000000003
0.496
0.45439999999999997
0.46880000000000005
0.39120000000000005
0.40240000000000004
0.3176
0.34800000000000003
0.506
0.5436
0.44439999999999996
0.45
0.3772
0.3868
0.344
0.44799999999999995
0.3696
0.41600000000000004
0.3924
0.3872
0.32799999999999996
0.32880000000000004
0.3044
0.386
0.5376
0.57
0.6459999999999999
0.5760000000000001
0.4664
0.45039999999999997
0.4204
0.32439999999999997
0.4988
0.5624
0.5768
