temperature
3.5886956521739135
3.33
2.907391304347826
3.2408695652173916
3.717391304347826
3.1556521739130434
2.9495652173913043
3.3304347826086955
3.188695652173913
2.7447826086956524
2.511304347826087
2.476086956521739
3.4482608695652175
3.531739130434783
3.4669565217391303
3.3443478260869566
3.24695652173913
3.362608695652174
3.1508695652173913
3.5839130434782613
3.933478260869565
3.253478260869565
3.2021739130434783
2.9126086956521737
2.13
2.097826086956522
2.496086956521739
3.362173913043478
3.466521739130435
3.4773913043478264
3.428260869565217
3.743478260869565
3.7317391304347827
4.130869565217392
4.3960869565217395
4.872173913043478
3.9852173913043476
3.0591304347826087
3.1130434782608694
3.068695652173913
2.83
3.1995652173913043
3.4721739130434783
3.1626086956521737
3.050869565217391
2.5369565217391306
2.554782608695652
3.3360869565217395
3.420434782608696
3.426086956521739
3.244782608695652
3.154782608695652
3.9882608695652175
4.045217391304348
3.8013043478260866
3.8104347826086955
3.8369565217391304
4.481739130434782
4.0826086956521745
4.102608695652174
4.081304347826087
3.9034782608695653
4.2556521739130435
4.875217391304347
5.583043478260869
5.714347826086957
5.253913043478261
5.487391304347827
5.638260869565218
5.64
6.122173913043478
5.916086956521739
5.300869565217392
5.060434782608696
5.040869565217391
5.005217391304348
4.610869565217391
4.830869565217391
4.653478260869565
4.845652173913043
4.8734782608695655
5.0630434782608695
5.399565217391304
5.565652173913043
5.623043478260869
5.415652173913044
5.413043478260869
5.972608695652174
6.389565217391305
6.663913043478261
6.331304347826087
5.332608695652174
4.904782608695652
5.894782608695652
6.089130434782609
6.413478260869565
6.544782608695653
6.315217391304348
6.4534782608695656
6.75695652173913
6.461304347826087
6.341739130434783
5.821304347826087
6.789565217391305
6.78
6.943043478260869
7.142272727272727
7.431818181818182
7.070909090909091
7.278636363636363
7.866363636363636
7.495909090909091
7.993636363636364
8.123181818181818
7.975909090909091
8.292272727272728
8.553636363636365
8.990909090909092
8.902272727272727
8.80909090909091
8.688181818181818
8.961363636363636
9.107727272727272
9.017727272727273
8.242727272727272
9.145454545454545
9.185454545454546
8.690454545454545
9.042272727272728
9.478181818181817
9.749545454545455
10.187272727272727
10.328181818181818
10.358636363636363
10.638636363636364
10.166818181818183
10.289090909090909
9.831363636363635
10.461818181818181
11.379090909090909
10.659545454545453
10.478181818181818
11.503636363636364
11.166363636363636
10.967272727272727
10.899545454545454
11.370000000000001
11.348636363636363
11.445
12.319090909090908
12.225909090909092
12.149090909090908
11.94590909090909
12.159545454545453
12.083636363636366
12.177272727272726
11.98
11.787272727272727
12.07818181818182
12.475
12.402727272727274
11.82818181818182
11.919545454545455
12.36909090909091
12.042272727272728
12.389090909090909
12.586363636363636
13.087272727272728
12.843181818181819
13.610454545454546
13.404545454545454
12.637727272727274
12.468181818181819
12.264090909090909
12.947272727272725
13.2
13.325454545454546
13.430454545454547
13.582727272727272
13.621818181818183
13.569090909090908
12.754545454545456
12.917272727272728
13.583636363636366
13.870454545454544
14.04681818181818
14.701818181818181
14.515454545454544
14.27818181818182
14.340000000000002
14.245
14.813181818181818
14.286818181818182
14.367727272727272
14.284545454545453
13.56590909090909
13.748181818181818
13.592272727272727
14.252272727272727
15.093181818181819
14.642272727272728
14.59772727272727
15.035909090909092
14.975
15.150454545454545
15.18909090909091
15.272272727272728
15.245454545454544
14.933181818181817
14.597272727272726
14.904545454545454
14.63
14.781818181818181
15.05909090909091
14.714545454545457
14.436818181818182
14.540454545454544
14.836363636363636
14.447727272727274
14.608181818181817
14.023636363636363
14.44681818181818
14.701818181818181
14.257272727272728
14.32
14.302727272727275
14.092272727272727
13.766818181818183
14.006363636363636
14.499545454545455
14.757727272727273
14.440454545454545
13.949545454545454
13.55909090909091
13.393181818181818
13.545454545454545
13.280454545454546
13.090909090909092
13.235454545454546
14.037727272727272
13.44090909090909
13.460454545454546
13.390454545454544
13.281818181818181
13.577272727272726
13.505
13.217272727272727
12.44681818181818
12.243636363636364
12.533636363636363
12.405000000000001
12.378636363636362
12.37090909090909
11.532272727272728
11.495
11.14090909090909
11.088181818181818
11.614090909090908
11.686818181818182
11.977727272727272
11.624090909090908
11.803636363636365
11.970454545454546
11.390454545454546
11.46
11.632727272727273
10.573181818181817
10.17590909090909
10.72090909090909
10.550454545454546
10.985454545454546
10.981818181818182
11.130454545454546
10.381363636363638
10.515454545454546
10.269090909090908
10.22
9.867272727272727
10.13
9.801363636363636
10.295
10.251363636363637
9.335
9.165
9.245454545454546
9.274090909090908
9.0
8.772727272727273
8.59590909090909
8.149545454545454
8.467727272727272
8.085454545454546
7.713636363636363
7.774090909090909
7.9768181818181825
8.180454545454545
8.102727272727272
7.993636363636364
7.94
7.6872727272727275
7.3113636363636365
7.515
7.7763636363636355
7.347272727272727
7.314782608695652
7.380000000000001
7.262608695652173
6.854347826086957
6.6234782608695655
7.187826086956521
7.266521739130434
6.658695652173913
6.875217391304347
6.753043478260869
6.583043478260869
5.963478260869565
5.617391304347826
5.88304347826087
6.078260869565218
5.391739130434783
5.73391304347826
5.568695652173914
4.634782608695652
4.4882608695652175
5.255217391304348
5.260434782608695
5.237391304347827
5.09304347826087
5.051304347826087
4.024347826086957
4.498260869565217
4.278695652173913
4.418260869565217
4.814347826086957
4.959565217391304
5.751739130434783
5.008260869565217
4.2926086956521745
4.299130434782609
3.5252173913043476
3.350869565217391
3.5991304347826087
3.9752173913043483
4.392608695652174
4.508695652173913
4.214347826086956
3.677826086956522
3.927391304347826
4.280869565217391
4.379565217391304
3.822173913043478
3.5152173913043483
2.968695652173913
2.705217391304348
3.0904347826086958
3.3313043478260873
4.121739130434783
4.506086956521739
3.605652173913043
3.0995652173913046
2.5052173913043476
2.8817391304347826
3.068695652173913
3.6260869565217395
3.643043478260869
