pet
0.5415384615384615
0.43961538461538463
0.43038461538461537
0.39807692307692305
0.38384615384615384
0.3988461538461538
0.5553846153846154
0.5296153846153846
0.49653846153846154
0.44153846153846155
0.5307692307692308
0.5373076923076924
0.5130769230769231
0.4373076923076923
0.5073076923076922
0.4403846153846154
0.39
0.5173076923076922
0.6292307692307693
0.5180769230769231
0.3053846153846154
0.43423076923076925
0.46153846153846156
0.4215384615384616
0.475
0.4857692307692308
0.5503846153846154
0.6188461538461538
0.5765384615384616
0.4765384615384616
0.6265384615384615
0.6696153846153846
0.6569230769230768
0.621923076923077
0.7642307692307693
0.8169230769230769
0.6334615384615384
0.5903846153846154
0.6365384615384616
0.6419230769230769
0.5811538461538461
0.7142307692307692
0.6438461538461537
0.541923076923077
0.6142307692307692
0.8169230769230769
0.7126923076923077
0.7838461538461539
0.6973076923076923
0.8392307692307692
0.91
0.9780769230769231
0.913076923076923
0.9326923076923077
0.9134615384615384
0.8819230769230769
0.8384615384615385
0.8373076923076923
0.8080769230769231
0.8061538461538462
0.8934615384615385
0.8323076923076923
0.7492307692307693
0.875
0.963076923076923
1.1476923076923078
1.2026923076923077
1.2753846153846153
1.2423076923076921
1.2338461538461538
1.2857692307692308
1.0515384615384615
1.4034615384615385
1.5107692307692309
1.5226923076923076
1.4219230769230768
1.3584615384615384
1.2703846153846154
1.2073076923076924
1.2742307692307693
1.1996153846153845
1.3415384615384616
1.3615384615384616
1.445
1.3900000000000001
1.445769230769231
1.583846153846154
1.6930769230769231
1.8665384615384615
1.7634615384615384
1.7115384615384615
1.8738461538461537
1.8361538461538462
1.7665384615384616
1.8846153846153846
1.7119230769230769
1.573846153846154
1.6357692307692309
1.8250000000000002
1.7723076923076921
1.6419230769230768
1.7453846153846155
1.896153846153846
1.978846153846154
1.935
1.853076923076923
1.9492307692307693
1.9200000000000002
1.9353846153846155
2.022307692307692
2.323846153846154
2.491153846153846
2.4565384615384613
2.621923076923077
2.379230769230769
2.0930769230769233
2.213461538461538
2.2807692307692307
2.0773076923076923
2.2284615384615383
2.4099999999999997
2.4523076923076923
2.4688461538461537
2.3430769230769233
2.523076923076923
2.678076923076923
2.8073076923076923
2.8499999999999996
3.052692307692308
3.0103846153846154
2.823846153846154
2.645769230769231
2.709230769230769
2.501923076923077
2.6384615384615384
2.9346153846153844
2.8396153846153847
2.855384615384615
2.962307692307692
2.9676923076923076
2.8734615384615383
2.886923076923077
2.9692307692307693
2.977692307692308
3.0430769230769235
3.088461538461538
3.065
2.963461538461538
2.9238461538461538
2.946923076923077
2.8892307692307693
3.101923076923077
3.0403846153846152
2.786538461538462
2.709230769230769
2.6653846153846152
2.7015384615384614
2.713846153846154
2.7169230769230768
2.9657692307692307
2.7946153846153843
2.8576923076923078
2.8307692307692305
2.9569230769230765
2.9815384615384612
2.998076923076923
3.1511538461538464
3.2869230769230766
3.1815384615384614
3.0930769230769233
3.0969230769230767
3.0292307692307694
2.9092307692307693
3.1184615384615384
3.136923076923077
3.0138461538461536
3.1169230769230767
3.1934615384615386
3.028461538461538
3.1588461538461536
3.0384615384615383
3.2046153846153844
3.2811538461538463
3.105
3.3773076923076926
3.4376923076923074
3.256923076923077
3.132307692307692
3.2673076923076922
3.2292307692307696
3.337307692307692
3.1526923076923077
3.1138461538461537
3.096538461538462
3.1865384615384613
3.2869230769230766
3.4915384615384615
3.4323076923076923
3.621923076923077
3.7249999999999996
3.4857692307692307
3.2626923076923076
3.233076923076923
3.518076923076923
3.5776923076923075
3.5415384615384613
3.464230769230769
3.373076923076923
3.3573076923076925
3.3053846153846154
3.171923076923077
3.1826923076923075
3.3226923076923076
3.189230769230769
3.1926923076923077
3.088846153846154
3.180769230769231
3.4084615384615384
3.2053846153846157
3.3934615384615388
3.085769230769231
3.069230769230769
3.3903846153846158
2.9784615384615383
3.156538461538461
3.022307692307692
2.882307692307692
2.7234615384615384
2.9373076923076926
2.933846153846154
2.8396153846153847
2.7515384615384617
2.8019230769230767
2.825
2.6953846153846155
2.5280769230769233
2.824230769230769
2.5657692307692304
2.4107692307692306
2.381153846153846
2.367692307692308
2.148846153846154
2.1361538461538463
2.183076923076923
2.465384615384615
2.3661538461538463
2.4076923076923076
2.476923076923077
2.2934615384615387
2.2253846153846153
2.2703846153846152
2.191538461538461
2.38
2.375
2.082692307692308
2.023846153846154
1.926923076923077
1.9507692307692308
1.936923076923077
1.6842307692307692
1.9534615384615384
1.9219230769230768
1.948076923076923
1.8469230769230771
1.8053846153846154
1.7657692307692305
1.6196153846153847
1.6176923076923078
1.566153846153846
1.673846153846154
1.7026923076923075
1.6373076923076924
1.7146153846153847
1.6465384615384617
1.4834615384615384
1.4188461538461539
1.3234615384615382
1.3703846153846155
1.1484615384615384
1.141923076923077
1.2999999999999998
1.375
1.4242307692307692
1.188076923076923
1.1684615384615384
1.2484615384615385
1.1153846153846154
1.0903846153846155
1.0846153846153845
0.9053846153846153
1.0165384615384616
1.018076923076923
1.0084615384615385
1.113846153846154
0.9534615384615385
1.093846153846154
1.1265384615384615
1.1496153846153847
0.958076923076923
1.0061538461538462
1.0326923076923078
0.9492307692307692
0.9784615384615385
0.9061538461538461
0.8411538461538461
0.8434615384615385
0.7573076923076923
0.6719230769230768
0.6765384615384615
0.661923076923077
0.6138461538461538
0.63
0.6011538461538461
0.6653846153846155
0.6365384615384616
0.5838461538461538
0.5696153846153846
0.5430769230769231
0.6334615384615384
0.53
0.5015384615384615
0.5257692307692308
0.4123076923076923
0.3973076923076923
0.47307692307692306
0.4196153846153846
0.3596153846153846
0.4269230769230769
0.41000000000000003
0.4623076923076923
0.4973076923076923
0.5173076923076922
0.45884615384615385
0.46576923076923077
0.4123076923076923
0.4623076923076923
0.30730769230769234
0.31576923076923075
0.48730769230769233
0.5284615384615384
0.38384615384615384
0.4465384615384615
0.335
0.36846153846153845
0.37
0.4257692307692308
0.35346153846153844
0.37576923076923074
0.4380769230769231
0.38576923076923075
0.3246153846153846
0.36961538461538457
0.37153846153846154
0.4196153846153846
0.5538461538461539
0.6130769230769231
0.7111538461538461
0.6807692307692308
0.4876923076923077
0.4826923076923077
0.4119230769230769
0.2726923076923077
0.4257692307692308
0.5961538461538461
0.5288461538461539
