temperature
5.236153846153846
4.6426923076923075
4.597307692307693
4.422692307692308
4.405
4.321538461538461
5.0442307692307695
4.827692307692308
4.4884615384615385
4.669615384615384
5.054230769230769
5.385
5.073846153846153
4.723076923076923
4.736923076923077
4.337307692307692
4.199230769230769
4.5746153846153845
4.796153846153846
4.017307692307693
3.4615384615384617
4.265
4.0503846153846155
3.9415384615384617
4.318846153846154
4.468461538461539
4.7457692307692305
4.83
4.7153846153846155
4.052692307692308
4.516538461538461
4.6826923076923075
4.637692307692308
4.763846153846154
5.4788461538461535
5.623846153846154
4.797307692307692
4.353461538461539
4.416538461538462
4.473076923076923
4.112692307692308
4.7773076923076925
4.734230769230769
4.385384615384615
4.842692307692308
5.668846153846153
5.147307692307692
5.508076923076923
5.143461538461538
5.648076923076923
5.905384615384615
6.308461538461538
5.915384615384616
6.004615384615385
5.846153846153846
5.685384615384615
5.578461538461538
5.386153846153846
5.071153846153846
5.06076923076923
5.3476923076923075
5.157692307692307
4.933076923076923
5.5807692307692305
5.753461538461538
6.488846153846154
6.825769230769231
7.171923076923077
7.012307692307692
6.819999999999999
7.147692307692308
6.291538461538462
7.630769230769231
8.004615384615384
8.068846153846154
7.483461538461539
7.117307692307692
6.929615384615384
6.719615384615385
7.011538461538462
6.736923076923077
7.158461538461538
7.255384615384615
7.561538461538462
7.300000000000001
7.532692307692307
7.985769230769231
8.401923076923076
8.967692307692307
8.611153846153847
8.336923076923076
8.86923076923077
8.727307692307692
8.51576923076923
8.883846153846154
8.192692307692308
7.69923076923077
7.871538461538462
8.658846153846154
8.463846153846154
7.9423076923076925
8.295384615384616
8.69923076923077
8.99
8.803461538461537
8.625
9.043461538461539
8.973461538461539
9.069230769230769
9.300384615384615
10.365
10.931153846153846
10.84153846153846
11.430384615384614
10.666923076923077
9.716923076923077
10.153461538461539
10.40846153846154
9.74423076923077
10.28076923076923
10.690384615384614
10.659230769230769
10.728846153846153
10.475000000000001
11.043076923076923
11.44576923076923
11.95923076923077
12.21923076923077
12.841153846153846
12.724230769230768
12.211538461538462
11.751923076923077
11.960384615384616
11.491923076923078
11.860000000000001
12.74576923076923
12.580384615384617
12.752307692307692
13.101923076923075
13.146538461538462
12.948076923076922
13.01576923076923
13.323846153846155
13.400384615384617
13.655
13.850769230769231
13.73653846153846
13.478076923076923
13.366538461538461
13.67153846153846
13.47269230769231
14.88923076923077
14.966923076923077
14.276153846153846
14.043846153846154
14.001153846153848
14.201923076923077
14.303461538461537
14.400384615384617
15.177307692307693
14.724615384615387
14.885384615384615
14.958461538461538
15.313846153846155
15.478461538461538
15.55
16.079615384615384
16.486538461538462
16.191538461538464
15.997692307692308
16.045384615384616
15.835384615384616
15.566538461538462
16.27576923076923
16.375
16.066153846153846
16.338846153846156
16.631923076923076
16.22
16.627307692307692
16.240384615384617
16.771538461538462
17.05
16.55807692307692
17.375384615384615
17.572307692307692
17.090384615384615
16.776153846153846
17.193846153846152
17.137307692307694
17.44076923076923
16.974615384615387
16.878461538461536
16.882692307692306
17.178461538461537
17.50923076923077
18.108461538461537
17.99423076923077
18.581923076923076
18.90153846153846
18.279999999999998
17.682692307692307
17.678461538461537
18.523846153846154
18.726153846153846
18.646153846153847
18.497692307692308
18.276923076923076
18.29
18.183846153846154
17.86653846153846
17.898846153846154
18.409230769230767
18.146153846153847
18.179615384615385
17.903846153846153
18.192692307692308
18.901923076923076
18.346153846153847
18.908076923076923
18.055
18.063846153846153
19.053461538461537
17.88769230769231
18.451538461538462
18.11076923076923
17.746538461538464
17.263076923076923
17.947692307692307
17.962307692307693
17.675384615384615
17.43730769230769
17.62576923076923
17.73384615384615
17.37923076923077
16.858076923076922
17.752692307692307
16.964615384615385
16.539615384615384
16.51423076923077
16.511923076923075
15.78730769230769
15.771923076923077
15.735000000000001
16.586923076923078
16.295
16.396153846153847
16.692692307692308
16.06230769230769
15.817307692307692
15.98423076923077
15.734615384615385
16.313846153846153
16.345
15.355384615384615
15.232307692307693
14.900769230769232
15.014999999999999
14.920769230769231
14.207692307692307
15.091153846153846
14.955384615384617
15.053461538461537
14.725769230769231
14.603076923076923
14.373846153846156
13.872307692307693
13.913461538461538
13.713076923076924
14.040384615384616
14.061153846153847
13.938076923076922
14.272692307692306
13.738076923076923
12.876538461538463
12.785384615384617
12.227307692307694
12.693846153846154
11.924230769230771
11.93
12.508076923076922
12.707692307692307
12.774999999999999
11.984230769230768
11.889999999999999
12.087692307692306
11.521153846153847
11.465
11.572692307692307
10.686538461538463
10.972307692307691
10.883461538461539
10.767692307692307
11.228846153846153
10.698076923076922
11.192307692307692
11.158076923076923
11.211538461538462
10.696153846153846
10.50076923076923
10.390769230769232
10.06846153846154
10.163461538461538
10.114230769230769
9.666153846153845
9.688461538461539
9.228461538461538
8.647307692307693
8.705
8.642692307692307
8.496153846153847
8.344615384615384
8.028846153846153
8.437692307692307
8.416153846153845
8.039615384615384
7.9338461538461535
7.52576923076923
7.791538461538462
7.338461538461539
7.1557692307692315
7.150384615384615
6.420384615384616
6.216923076923076
6.422307692307693
6.360769230769231
5.861923076923077
6.2373076923076916
6.227307692307692
6.479615384615385
6.450769230769231
6.423076923076923
6.141538461538461
5.938846153846153
5.7057692307692305
5.567692307692307
5.1996153846153845
5.107307692307692
5.761153846153846
5.725769230769231
5.276538461538461
5.483076923076923
5.048846153846155
5.204615384615384
4.929230769230769
5.176153846153846
4.905
5.014230769230769
5.338461538461539
4.801923076923076
4.383076923076923
4.302307692307692
4.243076923076924
4.430769230769231
5.245384615384615
5.513461538461538
6.451153846153845
6.516153846153846
5.1996153846153845
5.211538461538462
4.610384615384616
3.848076923076923
4.293846153846154
5.216153846153846
4.842307692307693
