pet
0.405
0.42
0.35038461538461535
0.5303846153846155
0.6061538461538462
0.37846153846153846
0.4480769230769231
0.5484615384615384
0.5307692307692308
0.5588461538461539
0.44384615384615383
0.37461538461538463
0.41115384615384615
0.49461538461538457
0.46192307692307694
0.39538461538461533
0.35
0.3988461538461539
0.42038461538461536
0.47000000000000003
0.5557692307692308
0.4938461538461538
0.5026923076923077
0.536923076923077
0.47692307692307695
0.4834615384615385
0.43153846153846154
0.46846153846153843
0.49346153846153845
0.44999999999999996
0.4938461538461538
0.4703846153846154
0.5523076923076923
0.615
0.6073076923076923
0.7342307692307692
0.6900000000000001
0.6157692307692308
0.5492307692307692
0.565
0.46076923076923076
0.49961538461538463
0.46
0.39384615384615385
0.3903846153846154
0.43038461538461537
0.42192307692307696
0.5138461538461538
0.4715384615384615
0.4815384615384615
0.4938461538461538
0.5192307692307693
0.6476923076923077
0.6688461538461539
0.5834615384615385
0.5696153846153846
0.6888461538461539
0.7153846153846154
0.6799999999999999
0.7403846153846154
0.8534615384615385
0.7823076923076923
0.845
0.9911538461538462
1.028076923076923
0.9896153846153847
0.9553846153846154
0.9957692307692307
1.1092307692307692
1.0284615384615383
1.0265384615384616
1.0103846153846154
0.9103846153846155
0.9192307692307692
0.9569230769230769
1.0061538461538462
1.0084615384615385
0.9226923076923076
0.9453846153846153
0.931923076923077
1.0126923076923076
1.133846153846154
1.1311538461538462
1.0965384615384617
1.096923076923077
1.0957692307692308
1.0726923076923076
1.1961538461538461
1.2684615384615383
1.3634615384615385
1.304230769230769
1.0757692307692308
1.0892307692307692
1.1842307692307692
1.2230769230769232
1.3034615384615384
1.3188461538461538
1.1938461538461538
1.3753846153846152
1.5884615384615384
1.6715384615384616
1.6173076923076921
1.4692307692307693
1.573846153846154
1.8003846153846155
1.7873076923076923
1.6907692307692308
1.881153846153846
1.7257692307692307
1.7634615384615384
1.8907692307692305
1.9657692307692307
1.7950000000000002
1.8573076923076923
1.8423076923076922
1.8765384615384615
1.8653846153846154
1.8884615384615384
1.9934615384615384
1.933846153846154
1.8573076923076923
1.9984615384615385
2.062692307692308
2.1623076923076923
2.23
2.286538461538462
2.4526923076923075
2.2800000000000002
2.125
2.3173076923076925
2.4026923076923077
2.425
2.4238461538461538
2.439230769230769
2.4892307692307694
2.283846153846154
2.422307692307692
2.3642307692307694
2.598076923076923
2.7357692307692307
2.6096153846153842
2.775384615384615
2.7434615384615384
2.9026923076923077
2.678846153846154
2.7553846153846155
2.5973076923076923
2.522307692307692
2.715384615384615
2.560769230769231
2.757307692307692
2.6634615384615383
2.4461538461538463
2.463461538461538
2.355
2.498846153846154
2.415769230769231
2.4061538461538463
2.4842307692307695
2.448076923076923
2.3615384615384616
2.3873076923076924
2.3046153846153845
2.293076923076923
2.275
2.4323076923076923
2.5930769230769233
2.4888461538461537
2.480769230769231
2.5334615384615384
2.583076923076923
2.4057692307692307
2.4061538461538463
2.4246153846153846
2.4384615384615382
2.483076923076923
2.5476923076923077
2.480384615384615
2.572307692307692
2.563846153846154
2.6265384615384617
2.5146153846153845
2.578461538461539
2.691923076923077
2.8173076923076925
2.7015384615384614
2.696153846153846
2.8746153846153844
2.7788461538461537
2.7757692307692308
2.7603846153846154
2.7361538461538464
2.6946153846153846
2.737692307692307
2.6834615384615383
2.6226923076923074
2.444230769230769
2.3669230769230767
2.414230769230769
2.6496153846153847
2.5938461538461537
2.498076923076923
2.472692307692308
2.5265384615384616
2.4153846153846152
2.6569230769230767
2.6076923076923078
2.6196153846153845
2.5961538461538463
2.634230769230769
2.6915384615384617
2.3423076923076924
2.392692307692308
2.5534615384615384
2.438076923076923
2.3776923076923078
2.360384615384615
2.2846153846153845
2.0576923076923075
2.2830769230769232
2.1315384615384616
2.2376923076923076
2.3207692307692307
2.2192307692307693
2.275
2.326923076923077
2.2596153846153846
2.0946153846153845
2.131153846153846
2.180769230769231
2.328076923076923
2.4084615384615384
2.3661538461538463
2.1453846153846152
2.066923076923077
2.08
2.0403846153846152
1.8657692307692306
1.8892307692307695
2.022307692307692
1.9673076923076922
1.8211538461538461
1.875
1.7707692307692307
1.8123076923076922
1.698846153846154
1.716923076923077
1.6080769230769232
1.6211538461538462
1.8034615384615384
1.695769230769231
1.6992307692307693
1.463076923076923
1.4223076923076925
1.3984615384615384
1.3599999999999999
1.3084615384615386
1.3157692307692308
1.5184615384615383
1.4357692307692307
1.3073076923076923
1.323846153846154
1.3219230769230768
1.3676923076923078
1.2534615384615384
1.3565384615384617
1.1719230769230768
1.1488461538461539
1.1473076923076921
1.2203846153846154
1.313076923076923
1.228846153846154
1.2061538461538461
1.1457692307692307
1.2323076923076923
1.1811538461538462
1.0834615384615385
1.066153846153846
1.081923076923077
1.0115384615384615
1.183076923076923
1.1611538461538462
0.9107692307692308
0.9884615384615384
0.9934615384615384
0.8388461538461538
0.8119230769230769
0.7646153846153846
0.7303846153846153
0.73
0.818076923076923
0.8073076923076924
0.7134615384615385
0.6623076923076923
0.6984615384615385
0.7865384615384615
0.7046153846153846
0.8042307692307692
0.6926923076923076
0.6900000000000001
0.6846153846153846
0.7461538461538461
0.9007692307692309
0.7707692307692308
0.795
0.7946153846153846
0.7269230769230769
0.675
0.5307692307692308
0.5638461538461539
0.8
0.6523076923076924
0.6742307692307693
0.7088461538461538
0.566923076923077
0.48615384615384616
0.49807692307692303
0.49076923076923074
0.4834615384615385
0.4246153846153847
0.4957692307692308
0.5319230769230769
0.3853846153846154
0.3807692307692308
0.43769230769230766
0.5969230769230769
0.6411538461538462
0.5303846153846153
0.5734615384615385
0.4453846153846154
0.4
0.3934615384615385
0.36961538461538457
0.45153846153846156
0.5123076923076924
0.6319230769230769
0.5430769230769231
0.5296153846153847
0.36692307692307696
0.33653846153846156
0.3223076923076923
0.30653846153846154
0.32769230769230767
0.39576923076923076
0.40384615384615385
0.47115384615384615
0.43461538461538457
0.4507692307692308
0.41807692307692307
0.3723076923076923
0.41923076923076924
0.39961538461538465
0.42230769230769233
0.4942307692307692
0.4538461538461539
0.4369230769230769
0.46076923076923076
0.5461538461538461
0.5273076923076923
0.591923076923077
0.6034615384615385
0.6292307692307693
0.46499999999999997
0.38846153846153847
0.44153846153846155
