temperature
5.514615384615384
5.100384615384616
4.903076923076923
4.690384615384615
4.869230769230769
4.847307692307693
5.2057692307692305
4.985384615384616
4.860769230769231
5.39
5.737692307692308
6.101153846153846
5.617692307692308
5.6196153846153845
5.916538461538462
5.564230769230769
5.267307692307692
5.565384615384615
5.4496153846153845
4.671153846153846
4.715
4.730384615384615
4.655
4.694615384615385
4.935769230769231
4.825769230769231
5.203846153846154
5.26
5.217692307692308
4.7773076923076925
5.092692307692308
5.006923076923077
5.049230769230769
5.111923076923077
5.847307692307693
5.732692307692308
5.214230769230769
5.103461538461539
4.808076923076923
4.57923076923077
4.707692307692308
5.311538461538461
5.598076923076923
4.999230769230769
5.512307692307692
5.924999999999999
5.633076923076923
6.037692307692307
5.711153846153847
6.1996153846153845
6.286538461538461
6.497692307692308
6.2530769230769225
6.042692307692308
5.82423076923077
5.882692307692308
5.617692307692308
5.369230769230769
5.055384615384615
5.141923076923077
5.4253846153846155
5.229615384615385
5.081153846153847
5.2457692307692305
5.971923076923077
6.622692307692308
7.208461538461539
7.267307692307692
7.242692307692308
6.97423076923077
6.796538461538462
6.477307692307692
7.476538461538461
8.018461538461539
7.571923076923077
7.469615384615385
6.711538461538462
6.99
7.053846153846154
7.457307692307692
7.387692307692307
7.513076923076923
7.443846153846153
7.848076923076923
7.831538461538462
7.957307692307692
8.321923076923078
8.096538461538461
8.338461538461539
8.331923076923077
8.327307692307691
8.447692307692309
8.319230769230769
8.306153846153846
8.503846153846153
8.303461538461537
7.657692307692307
8.201923076923077
8.639999999999999
8.243846153846153
8.226153846153846
8.643846153846154
8.738076923076923
8.779230769230768
8.804615384615385
8.848076923076924
9.162307692307692
8.807692307692308
8.92576923076923
9.76423076923077
10.658076923076923
10.514615384615384
10.751923076923077
10.951153846153847
10.335384615384616
9.686538461538461
9.850000000000001
9.929615384615385
9.38923076923077
9.836538461538462
10.17653846153846
10.419230769230769
10.725769230769231
10.539230769230768
10.836538461538462
10.848846153846154
11.64846153846154
11.733846153846153
11.828846153846154
12.294615384615385
11.941538461538462
11.670384615384616
11.483846153846153
11.464615384615383
12.153846153846153
11.937692307692307
11.946538461538463
11.907307692307691
12.164230769230768
12.247307692307693
12.562307692307693
12.518076923076924
12.670769230769231
12.785384615384617
12.994615384615384
13.248846153846156
13.05923076923077
13.131538461538462
13.43
13.68
13.558461538461538
15.018076923076922
14.266923076923076
14.230384615384615
13.747692307692308
13.946153846153846
13.811153846153845
13.590384615384616
13.955384615384615
14.596153846153847
14.536923076923076
14.409615384615384
14.151153846153846
14.588846153846154
14.59423076923077
14.593461538461538
15.289230769230768
15.521538461538462
15.50423076923077
15.313076923076922
15.055384615384614
14.955
14.916153846153845
15.223846153846154
15.298461538461538
15.766153846153847
15.782692307692306
15.647307692307692
15.865384615384615
16.00730769230769
16.021923076923077
16.048846153846153
15.89576923076923
16.142692307692307
15.73653846153846
15.876153846153844
16.239615384615384
16.340769230769233
16.50423076923077
16.90076923076923
16.498846153846156
16.416153846153847
16.371153846153845
16.088076923076922
16.653846153846153
16.742307692307694
17.038846153846155
17.19076923076923
17.585
17.765
17.048461538461538
16.911153846153844
16.80576923076923
17.137307692307694
17.105
17.718846153846155
17.348076923076924
17.021153846153847
17.01576923076923
16.831153846153846
16.64730769230769
16.791923076923077
17.13923076923077
17.22423076923077
17.304615384615385
16.932692307692307
17.013076923076923
17.01269230769231
16.910384615384615
17.377307692307692
16.980384615384615
17.176153846153845
17.329615384615384
17.056153846153844
17.428846153846152
16.852307692307694
16.66730769230769
16.466538461538462
16.474615384615383
16.361923076923077
16.384999999999998
16.44846153846154
16.661153846153844
16.82
16.591153846153848
16.029999999999998
16.67153846153846
16.181923076923077
15.824615384615385
15.588461538461539
15.473076923076924
15.518076923076924
15.163846153846153
15.175384615384615
15.849615384615383
15.83769230769231
15.890384615384615
15.948846153846155
15.733846153846153
15.42576923076923
15.53076923076923
15.271538461538462
15.732692307692307
15.285384615384617
14.866153846153846
14.547692307692309
14.26923076923077
14.571923076923078
14.106538461538461
14.06576923076923
14.25076923076923
14.50076923076923
14.458076923076923
14.396153846153847
14.284615384615384
13.909230769230769
13.507692307692308
13.50423076923077
13.616538461538461
13.603076923076923
13.486923076923075
13.93153846153846
14.200769230769229
13.166538461538462
12.753461538461538
12.608076923076924
12.04653846153846
12.551923076923078
11.961153846153847
12.017307692307693
12.749615384615385
12.414230769230768
12.659615384615384
11.87923076923077
11.794230769230769
11.811538461538463
11.372307692307693
11.739615384615385
11.312692307692307
10.73653846153846
10.944230769230769
10.717307692307692
10.81
10.913076923076924
10.605384615384615
10.998076923076923
10.874615384615385
11.160384615384617
10.985384615384616
10.548461538461538
10.597307692307691
10.338846153846154
10.519615384615385
10.326923076923077
9.722307692307693
9.403461538461539
9.257307692307693
9.060384615384615
9.211153846153847
8.840769230769231
8.777692307692307
8.718461538461538
8.76576923076923
9.153846153846153
8.818461538461538
8.343461538461538
8.045384615384616
7.851538461538461
8.288461538461538
7.872307692307692
8.182307692307692
7.757692307692308
7.475384615384616
7.308076923076923
7.0273076923076925
6.7069230769230765
6.5842307692307696
7.033076923076924
6.832692307692308
6.851538461538461
6.761153846153846
6.7299999999999995
6.657692307692307
6.277692307692307
5.808076923076923
5.755384615384615
5.6899999999999995
5.734615384615385
6.203461538461538
6.5042307692307695
6.051923076923076
5.936153846153847
6.095
6.04
5.701538461538462
6.135769230769231
5.8538461538461535
5.970769230769231
5.819999999999999
5.586538461538462
5.363076923076923
5.398846153846154
4.902692307692307
5.296538461538462
6.066923076923077
6.361153846153846
6.991153846153846
6.501923076923077
5.727692307692307
5.722307692307693
5.173076923076923
4.615384615384615
5.626538461538461
5.846923076923077
5.5746153846153845
