temperature
2.976153846153846
2.8703846153846153
2.695
2.4061538461538463
2.733461538461538
2.838461538461538
2.8607692307692307
2.3553846153846156
2.6980769230769233
3.556923076923077
3.518076923076923
3.5184615384615388
3.121923076923077
2.839230769230769
3.291923076923077
2.6046153846153848
2.5734615384615385
2.8473076923076923
2.6546153846153846
2.1580769230769232
2.6346153846153846
2.931923076923077
3.028461538461539
3.401153846153846
3.5288461538461537
3.536538461538462
3.2584615384615385
3.1696153846153843
2.3184615384615386
2.505
3.0373076923076923
3.159615384615385
3.0399999999999996
3.3184615384615386
3.2223076923076923
2.861923076923077
2.822307692307692
2.691923076923077
3.016923076923077
2.638076923076923
2.338846153846154
2.9123076923076923
3.388076923076923
3.3369230769230764
3.7746153846153847
4.2457692307692305
3.7838461538461536
3.879230769230769
3.6253846153846156
4.196538461538461
4.106923076923077
4.211923076923077
3.8653846153846154
4.181923076923077
3.594615384615385
4.264230769230769
3.6457692307692304
3.527307692307692
3.061153846153846
2.7373076923076924
3.068076923076923
3.0626923076923074
3.0257692307692308
2.86
3.9553846153846157
4.570769230769231
4.792692307692308
4.853846153846154
4.7057692307692305
4.652692307692307
4.476538461538461
5.123076923076923
5.633076923076923
5.609615384615385
5.58576923076923
5.644230769230769
5.32423076923077
5.487692307692308
5.413461538461538
5.583076923076923
5.595384615384615
5.2288461538461535
5.865
6.09
5.856153846153846
6.228461538461539
5.94423076923077
6.166538461538462
5.94923076923077
6.325769230769231
5.4592307692307696
5.973461538461539
6.0307692307692315
6.125
6.718076923076923
6.280384615384615
5.668461538461538
6.619230769230769
6.724615384615385
6.414615384615384
6.07923076923077
5.9023076923076925
6.073076923076924
6.574999999999999
6.643461538461539
6.5442307692307695
6.41423076923077
6.305000000000001
7.12
7.6826923076923075
8.206538461538461
8.360000000000001
8.49846153846154
8.254615384615384
7.753076923076923
7.2638461538461545
7.288076923076924
7.393076923076923
7.583846153846154
7.314615384615385
7.806538461538461
8.053461538461537
8.193846153846154
8.841923076923077
8.305
8.31423076923077
8.885384615384615
8.709615384615384
9.017307692307693
9.302692307692308
8.838461538461539
8.641538461538461
8.937307692307693
9.243076923076924
10.12076923076923
9.694615384615386
10.09
9.93423076923077
10.56076923076923
10.169230769230769
10.445
10.101923076923075
10.376153846153844
10.422692307692309
11.07346153846154
11.02076923076923
10.595769230769232
10.84153846153846
11.054615384615385
10.672692307692309
11.419230769230769
12.295769230769231
11.982692307692307
11.512307692307692
11.050384615384615
11.143846153846154
11.437692307692307
11.758461538461539
12.02730769230769
12.007307692307693
12.336538461538462
11.44923076923077
11.422307692307694
11.636923076923077
11.451538461538462
12.296153846153846
12.87576923076923
13.098461538461539
13.154230769230768
12.600769230769231
13.210769230769232
12.69846153846154
12.982692307692307
13.443461538461538
12.964230769230769
12.883076923076922
12.978846153846153
13.08
13.382692307692308
13.241153846153846
13.258846153846154
13.72653846153846
13.761538461538462
13.903846153846153
13.988846153846152
13.933076923076923
13.75423076923077
13.688846153846153
13.99423076923077
14.231153846153846
14.121923076923078
14.026538461538461
13.48423076923077
13.801153846153845
13.875
14.430384615384614
14.743076923076924
14.696153846153846
14.916923076923077
14.900769230769232
14.406923076923077
14.336923076923076
14.80153846153846
15.003846153846155
14.669615384615385
14.566538461538462
14.68576923076923
14.790000000000001
14.623076923076923
14.373461538461537
14.124615384615385
14.622307692307693
14.922307692307694
14.7
15.058076923076923
14.74653846153846
14.773846153846154
14.749615384615385
14.064615384615385
14.559615384615386
14.407692307692308
14.437692307692307
13.98576923076923
14.334615384615384
14.821923076923078
14.331538461538461
14.037692307692309
14.097307692307691
14.538076923076924
13.961538461538462
14.13846153846154
13.946538461538463
13.850769230769231
13.534615384615384
13.80923076923077
13.668846153846154
13.70346153846154
12.799230769230768
13.263846153846155
13.437692307692307
12.776538461538461
13.034615384615384
13.107692307692307
13.143076923076922
13.725384615384616
13.085769230769232
13.435
13.72
13.172692307692309
12.885
13.194615384615386
12.552307692307693
12.944615384615386
13.025769230769232
12.335384615384616
12.236923076923079
11.832692307692307
11.695
11.458076923076923
11.183461538461538
11.441538461538462
11.52730769230769
12.083846153846155
11.976923076923075
11.607307692307693
11.09153846153846
11.117307692307692
11.271153846153847
11.076538461538462
10.775384615384617
11.475769230769231
10.973846153846154
11.043846153846154
10.233461538461539
10.031923076923077
9.829615384615384
9.39076923076923
9.57423076923077
9.436538461538461
10.003846153846155
9.865
9.68923076923077
9.261923076923077
9.063846153846153
9.24076923076923
9.294615384615385
9.225
8.67423076923077
8.551153846153847
8.261538461538462
8.289615384615384
7.927692307692308
8.028076923076922
8.419230769230769
8.018461538461539
7.973461538461539
8.039615384615384
8.086153846153847
8.090769230769231
8.1
7.443846153846153
6.978076923076923
7.583846153846154
7.908461538461538
7.358076923076923
7.0588461538461535
7.003461538461538
6.58576923076923
6.433461538461539
6.358076923076923
6.353461538461539
5.751153846153846
5.746153846153846
6.023461538461539
6.024615384615384
5.864230769230769
5.646923076923077
6.236153846153846
6.653076923076923
5.719615384615385
5.520384615384615
5.107692307692308
4.9350000000000005
4.67076923076923
4.1984615384615385
3.770769230769231
4.50076923076923
4.493846153846154
4.180769230769231
4.823076923076924
4.697307692307692
4.163461538461538
4.013461538461538
3.7353846153846155
3.536923076923077
3.756153846153846
3.0250000000000004
3.191923076923077
3.7342307692307695
3.486923076923077
3.438076923076923
3.6350000000000002
4.070769230769231
3.873846153846154
3.1723076923076925
3.276923076923077
3.3684615384615384
3.5707692307692307
3.536538461538462
3.225769230769231
2.69
2.6653846153846152
2.76
2.493846153846154
2.9099999999999997
3.3907692307692305
4.104615384615385
3.5207692307692304
2.706153846153846
2.6834615384615383
2.2546153846153847
1.8203846153846153
2.6938461538461542
3.236923076923077
3.230384615384615
