pet
0.42500000000000004
0.2692307692307692
0.2023076923076923
0.38769230769230767
0.5073076923076922
0.4553846153846154
0.47692307692307695
0.4776923076923077
0.45423076923076927
0.4938461538461538
0.49346153846153845
0.4076923076923077
0.48307692307692307
0.5057692307692307
0.5292307692307692
0.4115384615384615
0.32076923076923075
0.38653846153846155
0.4392307692307692
0.5173076923076922
0.578076923076923
0.48230769230769227
0.4653846153846154
0.4492307692307692
0.33192307692307693
0.4003846153846154
0.32230769230769235
0.41115384615384615
0.5161538461538462
0.45307692307692304
0.4673076923076923
0.4776923076923077
0.6203846153846153
0.5873076923076923
0.5788461538461539
0.7403846153846154
0.6746153846153846
0.4884615384615385
0.42230769230769233
0.48923076923076925
0.3823076923076923
0.3496153846153846
0.40269230769230774
0.3565384615384615
0.3823076923076923
0.3719230769230769
0.38346153846153846
0.455
0.45461538461538464
0.5165384615384615
0.5253846153846153
0.5396153846153846
0.6296153846153847
0.7026923076923077
0.6165384615384616
0.595
0.625
0.7342307692307692
0.6611538461538462
0.7330769230769231
0.7888461538461538
0.7492307692307693
0.8669230769230769
1.0396153846153846
1.1315384615384616
1.2092307692307693
0.9723076923076923
0.9730769230769231
1.0865384615384615
1.0626923076923076
1.1184615384615384
1.0134615384615384
0.8442307692307692
0.8426923076923077
0.9061538461538461
1.01
0.8392307692307692
0.8523076923076923
0.8115384615384615
0.9457692307692308
1.0084615384615385
0.9961538461538461
1.0696153846153846
1.0303846153846155
1.0134615384615384
1.0638461538461539
1.003076923076923
1.1565384615384615
1.2488461538461537
1.363846153846154
1.3353846153846154
1.1203846153846153
1.0888461538461538
1.2076923076923076
1.291923076923077
1.32
1.1776923076923078
1.176923076923077
1.396923076923077
1.6719230769230768
1.6892307692307693
1.488076923076923
1.486923076923077
1.6942307692307692
1.8184615384615386
1.7461538461538462
1.7842307692307693
1.9276923076923076
1.7411538461538463
1.8165384615384617
1.8846153846153846
1.8353846153846154
1.8526923076923079
1.9234615384615383
1.7488461538461537
1.8657692307692306
1.8134615384615385
1.8288461538461538
1.9142307692307694
1.9561538461538461
1.996923076923077
1.998076923076923
2.145
2.25
2.0096153846153846
2.275
2.451923076923077
2.213076923076923
2.223846153846154
2.301923076923077
2.255
2.288846153846154
2.2849999999999997
2.351923076923077
2.3830769230769233
2.1569230769230767
2.391923076923077
2.4084615384615384
2.352307692307692
2.5773076923076923
2.5203846153846152
2.4915384615384615
2.6803846153846154
2.6484615384615386
2.7026923076923075
2.631153846153846
2.6438461538461535
2.653461538461538
2.582692307692308
2.707692307692308
2.8257692307692306
2.7373076923076924
2.527307692307692
2.4434615384615386
2.4484615384615385
2.5403846153846152
2.44
2.4734615384615384
2.553076923076923
2.4053846153846155
2.4523076923076923
2.356923076923077
2.2253846153846153
2.2626923076923076
2.3776923076923078
2.39
2.4984615384615383
2.4873076923076924
2.5653846153846156
2.713846153846154
2.3584615384615386
2.3057692307692306
2.4050000000000002
2.326923076923077
2.414230769230769
2.626923076923077
2.4826923076923078
2.3815384615384616
2.522692307692308
2.5757692307692306
2.6111538461538464
2.4426923076923077
2.483846153846154
2.6588461538461536
2.6599999999999997
2.568076923076923
2.840384615384615
2.8442307692307693
2.6030769230769235
2.4934615384615384
2.575
2.6584615384615384
2.4823076923076925
2.6903846153846156
2.6030769230769235
2.3219230769230768
2.1273076923076926
2.2830769230769232
2.3365384615384617
2.636153846153846
2.4257692307692307
2.438076923076923
2.305769230769231
2.251153846153846
2.473076923076923
2.5492307692307694
2.6073076923076925
2.5546153846153845
2.5007692307692304
2.475769230769231
2.5576923076923075
2.216153846153846
2.3584615384615386
2.397692307692308
2.283846153846154
2.172307692307692
2.2626923076923076
2.275
2.0349999999999997
2.131923076923077
2.128846153846154
2.126923076923077
2.195
2.208076923076923
2.1826923076923075
2.1580769230769232
2.2453846153846153
2.003846153846154
2.072307692307692
2.001153846153846
2.1226923076923074
2.1607692307692306
2.1296153846153847
1.975
2.0384615384615383
2.0353846153846153
1.9484615384615382
1.8973076923076921
1.8246153846153845
2.0111538461538463
1.786923076923077
1.6496153846153847
1.7073076923076924
1.7346153846153847
1.6907692307692308
1.708076923076923
1.6373076923076924
1.386923076923077
1.5096153846153846
1.6488461538461539
1.478846153846154
1.4665384615384616
1.4388461538461537
1.3361538461538462
1.4
1.2811538461538463
1.2684615384615383
1.2761538461538462
1.4988461538461537
1.544230769230769
1.333076923076923
1.3157692307692308
1.3792307692307693
1.3900000000000001
1.3046153846153847
1.3369230769230769
0.9934615384615384
0.9653846153846154
1.0746153846153847
1.083846153846154
1.215
1.2969230769230768
1.371923076923077
1.216923076923077
1.2553846153846153
1.1511538461538462
1.1023076923076922
1.088846153846154
1.0107692307692309
0.9246153846153846
1.0230769230769232
1.031153846153846
0.8880769230769231
0.9423076923076923
0.8830769230769231
0.8534615384615385
0.8553846153846153
0.8234615384615385
0.786923076923077
0.7038461538461539
0.6903846153846154
0.6511538461538462
0.5657692307692307
0.591923076923077
0.7276923076923077
0.8015384615384615
0.7492307692307693
0.7353846153846154
0.7330769230769231
0.6569230769230769
0.7361538461538462
0.7426923076923077
0.8469230769230769
0.6499999999999999
0.6546153846153846
0.6726923076923076
0.7419230769230769
0.5873076923076923
0.5123076923076924
0.5888461538461539
0.6934615384615385
0.6026923076923076
0.675
0.6607692307692308
0.5457692307692308
0.43346153846153845
0.4357692307692308
0.49153846153846154
0.42076923076923073
0.3523076923076923
0.40538461538461534
0.41730769230769227
0.2665384615384615
0.22730769230769232
0.5326923076923077
0.595
0.5384615384615384
0.4834615384615385
0.5465384615384615
0.4003846153846154
0.3776923076923077
0.38884615384615384
0.39807692307692305
0.4146153846153846
0.4938461538461538
0.5634615384615385
0.541923076923077
0.49769230769230766
0.4288461538461539
0.2776923076923077
0.255
0.29
0.3584615384615385
0.4496153846153846
0.46153846153846156
0.4073076923076923
0.4003846153846154
0.4565384615384615
0.4580769230769231
0.3569230769230769
0.3484615384615385
0.3626923076923077
0.2996153846153846
0.41384615384615386
0.3880769230769231
0.37999999999999995
0.4288461538461539
0.5111538461538462
0.5007692307692307
0.47423076923076923
0.4538461538461539
0.49961538461538463
0.4315384615384615
0.4165384615384615
0.4326923076923077
