temperature
2.1653846153846152
1.4365384615384615
0.9853846153846154
1.8115384615384615
2.4976923076923074
2.146923076923077
2.045
2.434230769230769
2.0342307692307693
1.8046153846153847
1.5203846153846154
1.139230769230769
1.961153846153846
2.289615384615385
2.143076923076923
1.6273076923076923
1.1876923076923076
1.4565384615384613
1.706923076923077
2.2096153846153848
2.526923076923077
2.2373076923076924
1.951153846153846
1.8273076923076923
1.0934615384615385
1.4073076923076921
1.2523076923076923
1.6473076923076921
1.8707692307692307
1.2238461538461538
1.2534615384615384
1.813076923076923
2.6907692307692304
2.456923076923077
2.3261538461538462
2.960769230769231
2.6592307692307693
1.8934615384615383
1.5526923076923076
1.610769230769231
1.110769230769231
0.9684615384615385
1.2969230769230768
1.0965384615384617
0.7084615384615384
0.5892307692307692
0.661923076923077
1.4253846153846155
1.4196153846153845
1.673846153846154
1.8180769230769231
1.8915384615384616
2.3515384615384614
2.624615384615385
2.4284615384615384
2.131153846153846
2.184230769230769
2.8261538461538462
2.39
2.5688461538461533
2.7496153846153844
2.563846153846154
3.1965384615384616
3.8649999999999998
4.263846153846154
4.474615384615385
3.673076923076923
3.63
3.981923076923077
3.94
4.12423076923077
3.666923076923077
2.774230769230769
2.961153846153846
3.120769230769231
3.4296153846153845
2.8265384615384614
2.941923076923077
2.7173076923076924
3.2084615384615387
3.376153846153846
3.4284615384615384
3.8369230769230773
3.7403846153846154
3.647307692307692
3.6319230769230773
3.3773076923076926
4.059230769230769
4.492692307692308
4.830384615384616
4.587307692307692
3.8188461538461533
3.6453846153846152
4.155384615384615
4.427692307692308
4.562692307692307
4.109615384615385
3.9265384615384615
4.648076923076923
5.553846153846154
5.643846153846154
5.123076923076923
4.849615384615385
5.828076923076923
6.243076923076923
6.033846153846154
6.118846153846154
6.595
6.04
6.298461538461538
6.488846153846154
6.275769230769232
6.281923076923077
6.473076923076923
5.934230769230769
6.449999999999999
6.266153846153846
6.242692307692308
6.778846153846154
6.9057692307692315
6.5746153846153845
6.671923076923077
7.082692307692308
7.374230769230769
6.847307692307693
7.58576923076923
8.098461538461539
7.486538461538462
7.489230769230769
7.767307692307692
7.703846153846154
7.791538461538462
7.815769230769231
7.978076923076923
8.171153846153846
7.702307692307692
8.316538461538462
8.379615384615384
8.318846153846154
9.041153846153845
8.971538461538461
8.954615384615384
9.530384615384616
9.494615384615384
9.679230769230768
9.525
9.636153846153846
9.793846153846154
9.605384615384615
9.986153846153845
10.299230769230768
10.865384615384615
10.456153846153846
10.405384615384616
10.566153846153847
10.824615384615385
10.563076923076922
10.73076923076923
11.045
10.764615384615384
10.928461538461537
10.762307692307692
10.36423076923077
10.491153846153846
10.939615384615385
11.176153846153845
11.545
11.606923076923076
11.876153846153844
12.303846153846154
11.437307692307693
11.379615384615384
11.678461538461537
11.52730769230769
11.886923076923077
12.516538461538461
12.179230769230768
11.893076923076924
12.410769230769231
12.641538461538461
12.853461538461538
12.409615384615384
12.524230769230769
13.112692307692308
13.188461538461537
13.056538461538462
13.839615384615383
13.848846153846154
13.30423076923077
13.11576923076923
13.383461538461539
13.667692307692308
13.196923076923078
13.855
13.675
12.942692307692308
12.423461538461538
12.938461538461537
13.132692307692308
13.959999999999999
13.487692307692308
13.502692307692307
13.073846153846155
13.02076923076923
13.663461538461538
13.971923076923076
14.212692307692306
14.108461538461539
13.973076923076924
13.960384615384616
14.231923076923076
13.219615384615384
13.634615384615385
13.826538461538462
13.584999999999999
13.218846153846155
13.54653846153846
13.618076923076924
12.943846153846154
13.191153846153847
13.264615384615384
13.279615384615385
13.515384615384615
13.585384615384616
13.53346153846154
13.490384615384615
13.742307692307692
13.051153846153845
13.24423076923077
13.047307692307694
13.418076923076923
13.517307692307693
13.453846153846154
12.870384615384616
13.102307692307694
13.149230769230769
12.886538461538462
12.67576923076923
12.378846153846155
12.995384615384616
12.327307692307691
11.89423076923077
12.076923076923077
12.039230769230768
11.885384615384615
11.751538461538463
11.64846153846154
10.775769230769232
11.21653846153846
11.601923076923075
10.99423076923077
11.006923076923076
10.69076923076923
10.503461538461538
10.700769230769232
10.291153846153845
10.193461538461538
10.248076923076923
10.955384615384615
10.98653846153846
10.456923076923077
10.406538461538462
10.549230769230768
10.302692307692308
10.303076923076922
10.286923076923076
9.086538461538462
8.955
9.113461538461538
9.036923076923078
9.780384615384616
10.112307692307693
10.22653846153846
9.636153846153846
9.653461538461539
9.160384615384615
9.130384615384616
8.989230769230769
8.874615384615385
8.437692307692307
8.786923076923078
8.85
8.01423076923077
8.110000000000001
7.678846153846154
7.487307692307693
7.568846153846153
7.5903846153846155
7.196538461538462
6.78923076923077
7.0515384615384615
6.761923076923077
6.205
6.479230769230769
6.910769230769231
7.212692307692308
7.136153846153846
6.979230769230769
6.813461538461539
6.4338461538461535
6.441538461538461
6.418846153846153
6.80076923076923
5.933076923076923
5.9338461538461535
6.037692307692307
5.9957692307692305
5.386153846153846
5.08
5.246153846153846
5.693076923076924
5.462307692307693
5.338846153846154
5.433076923076923
4.8769230769230765
4.186923076923077
3.936923076923077
4.000384615384616
3.9396153846153847
3.3684615384615384
3.384230769230769
3.625
2.899230769230769
2.5507692307692307
3.615769230769231
3.9953846153846153
3.8096153846153844
3.6330769230769233
3.8680769230769227
2.9403846153846156
2.9853846153846155
2.704230769230769
2.5207692307692304
2.787692307692308
3.4407692307692312
3.927692307692308
3.823846153846154
3.7253846153846153
3.519615384615385
2.5646153846153847
1.8742307692307694
2.061923076923077
2.573846153846154
2.75
2.588461538461538
2.674615384615384
2.8903846153846158
3.1092307692307695
3.251153846153846
2.5919230769230768
2.257307692307692
2.5715384615384616
2.2150000000000003
2.250769230769231
2.3546153846153848
2.316923076923077
2.8134615384615387
3.0949999999999998
2.8515384615384614
2.48
1.9500000000000002
2.268076923076923
1.8407692307692307
1.997307692307692
1.9353846153846155
