pet
0.32961538461538464
0.2980769230769231
0.245
0.3446153846153846
0.4646153846153846
0.3873076923076923
0.4357692307692308
0.44307692307692303
0.45576923076923076
0.5157692307692308
0.44730769230769235
0.3973076923076923
0.4284615384615385
0.43038461538461537
0.45153846153846156
0.35038461538461535
0.3088461538461538
0.33999999999999997
0.3596153846153846
0.43346153846153845
0.5296153846153846
0.4061538461538462
0.40923076923076923
0.3869230769230769
0.3173076923076923
0.3465384615384615
0.2938461538461538
0.3523076923076923
0.4642307692307692
0.3976923076923077
0.42076923076923073
0.38923076923076927
0.505
0.5507692307692308
0.5165384615384615
0.6592307692307693
0.6065384615384615
0.47692307692307695
0.4103846153846154
0.4411538461538462
0.36423076923076925
0.35807692307692307
0.34846153846153843
0.3053846153846154
0.34884615384615386
0.3157692307692308
0.3438461538461538
0.4030769230769231
0.3896153846153846
0.42076923076923073
0.44153846153846155
0.4603846153846154
0.5546153846153846
0.6146153846153847
0.5553846153846155
0.5023076923076923
0.5053846153846154
0.636923076923077
0.583076923076923
0.658076923076923
0.7176923076923077
0.6961538461538462
0.7773076923076924
0.9246153846153846
0.9553846153846154
1.0403846153846155
0.8788461538461539
0.893076923076923
0.9988461538461538
0.9361538461538461
0.9369230769230769
0.9138461538461539
0.7734615384615384
0.7492307692307693
0.84
0.9353846153846154
0.8234615384615385
0.8265384615384614
0.7703846153846154
0.825
0.9165384615384616
0.9338461538461539
0.9400000000000001
0.9453846153846153
0.931923076923077
0.9692307692307692
0.9573076923076923
1.0780769230769232
1.176923076923077
1.2396153846153846
1.2738461538461539
1.025
0.9603846153846154
1.0484615384615383
1.1365384615384615
1.2103846153846154
1.0657692307692308
1.005
1.221923076923077
1.525
1.5823076923076924
1.4784615384615383
1.3376923076923077
1.563076923076923
1.636153846153846
1.6199999999999999
1.5815384615384613
1.7715384615384617
1.6273076923076923
1.606923076923077
1.6934615384615386
1.7546153846153845
1.7119230769230769
1.7111538461538462
1.6073076923076923
1.6984615384615382
1.685
1.6700000000000002
1.731153846153846
1.7765384615384614
1.8096153846153844
1.8434615384615385
2.04
2.129230769230769
1.9076923076923078
2.1884615384615382
2.2638461538461536
2.1188461538461536
2.111923076923077
2.166153846153846
2.166153846153846
2.2419230769230767
2.143076923076923
2.1357692307692306
2.2357692307692307
2.1119230769230772
2.3165384615384617
2.208076923076923
2.296923076923077
2.4903846153846154
2.44
2.4976923076923074
2.4780769230769226
2.581153846153846
2.593461538461539
2.5957692307692306
2.4215384615384616
2.4065384615384615
2.509230769230769
2.485
2.6557692307692307
2.6553846153846155
2.439230769230769
2.326923076923077
2.335
2.456153846153846
2.3196153846153846
2.2665384615384614
2.351153846153846
2.2596153846153846
2.2746153846153847
2.2384615384615385
2.2015384615384614
2.1723076923076925
2.1896153846153847
2.2765384615384616
2.4646153846153847
2.3876923076923076
2.460384615384615
2.5
2.2623076923076924
2.2115384615384617
2.2765384615384616
2.226153846153846
2.3
2.3992307692307695
2.398076923076923
2.3076923076923075
2.396923076923077
2.4153846153846157
2.583076923076923
2.480769230769231
2.5615384615384613
2.628846153846154
2.6115384615384616
2.5907692307692307
2.7476923076923074
2.7673076923076922
2.6276923076923073
2.5115384615384615
2.5846153846153848
2.741153846153846
2.590384615384615
2.7069230769230765
2.6276923076923073
2.508076923076923
2.341153846153846
2.245769230769231
2.348076923076923
2.6092307692307695
2.4296153846153845
2.3584615384615386
2.3638461538461537
2.291153846153846
2.4749999999999996
2.524230769230769
2.6134615384615385
2.560769230769231
2.5415384615384613
2.4823076923076925
2.5176923076923075
2.194230769230769
2.355384615384615
2.420769230769231
2.337307692307692
2.1550000000000002
2.2673076923076922
2.193846153846154
1.9853846153846153
2.1188461538461536
2.0165384615384614
2.0103846153846154
2.1803846153846154
2.1284615384615386
2.1726923076923077
2.2253846153846153
2.191923076923077
1.9873076923076924
2.0434615384615387
2.06
2.083076923076923
2.163846153846154
2.1607692307692306
1.9961538461538462
1.9249999999999998
1.9415384615384617
1.8103846153846155
1.7726923076923076
1.743846153846154
1.9442307692307692
1.8015384615384613
1.6784615384615384
1.6961538461538461
1.73
1.7153846153846155
1.6484615384615384
1.601153846153846
1.406923076923077
1.4803846153846154
1.5992307692307692
1.4773076923076924
1.543076923076923
1.4323076923076923
1.2834615384615384
1.305
1.2646153846153847
1.2423076923076921
1.19
1.4492307692307693
1.4761538461538461
1.2634615384615384
1.2803846153846155
1.3361538461538462
1.2992307692307692
1.2642307692307695
1.2880769230769231
0.9626923076923077
0.9161538461538462
1.0361538461538462
1.0742307692307693
1.2076923076923076
1.185
1.275
1.1203846153846153
1.2107692307692308
1.0973076923076923
1.0565384615384614
0.9746153846153847
0.9846153846153847
0.9115384615384615
0.9953846153846153
1.0096153846153846
0.8457692307692308
0.9815384615384615
0.8961538461538462
0.8465384615384616
0.7553846153846154
0.7265384615384616
0.6407692307692308
0.6465384615384615
0.6799999999999999
0.675
0.5515384615384615
0.5630769230769231
0.6857692307692307
0.768076923076923
0.7480769230769231
0.6892307692307693
0.6196153846153846
0.625
0.63
0.6173076923076923
0.7523076923076923
0.6661538461538462
0.6242307692307693
0.6988461538461539
0.6892307692307693
0.5803846153846154
0.49038461538461536
0.5023076923076923
0.6646153846153846
0.5838461538461538
0.5634615384615385
0.6530769230769231
0.5026923076923077
0.40576923076923077
0.4242307692307692
0.4461538461538461
0.3792307692307692
0.3303846153846154
0.3538461538461538
0.4123076923076923
0.2853846153846154
0.23769230769230767
0.41192307692307695
0.5380769230769231
0.5357692307692308
0.4511538461538462
0.5342307692307693
0.42038461538461536
0.35923076923076924
0.3888461538461539
0.35730769230769227
0.36615384615384616
0.4453846153846154
0.5
0.4757692307692307
0.43115384615384617
0.37307692307692303
0.2496153846153846
0.215
0.27384615384615385
0.3334615384615385
0.4215384615384616
0.3942307692307692
0.37461538461538463
0.37961538461538463
0.39
0.40384615384615385
0.32346153846153847
0.3423076923076923
0.3465384615384615
0.3038461538461539
0.4030769230769231
0.3738461538461539
0.3496153846153846
0.36730769230769234
0.4476923076923077
0.46
0.44076923076923075
0.46846153846153843
0.5223076923076924
0.4369230769230769
0.34615384615384615
0.37307692307692303
