pet
0.42
0.4730769230769231
0.3796153846153846
0.5
0.6473076923076923
0.41461538461538466
0.47230769230769226
0.5838461538461538
0.6011538461538461
0.6507692307692307
0.4730769230769231
0.4376923076923077
0.47384615384615386
0.5673076923076923
0.5538461538461539
0.48653846153846153
0.365
0.42923076923076925
0.4461538461538461
0.5057692307692307
0.6303846153846154
0.5976923076923076
0.6196153846153846
0.5803846153846154
0.5511538461538461
0.52
0.5211538461538462
0.5111538461538462
0.5576923076923077
0.5119230769230769
0.5530769230769231
0.5076923076923077
0.5596153846153846
0.6446153846153846
0.6473076923076924
0.7903846153846155
0.78
0.6849999999999999
0.6134615384615385
0.6538461538461539
0.5769230769230769
0.5834615384615385
0.546923076923077
0.4734615384615385
0.4284615384615385
0.47269230769230774
0.48846153846153845
0.6130769230769231
0.558076923076923
0.575
0.5792307692307692
0.6576923076923078
0.7307692307692307
0.7726923076923077
0.625
0.6257692307692307
0.7692307692307693
0.8338461538461538
0.8469230769230769
0.8465384615384615
1.0096153846153846
0.943076923076923
0.9615384615384616
1.0846153846153845
1.1192307692307693
1.1511538461538462
1.1334615384615385
1.0692307692307692
1.291923076923077
1.1423076923076922
1.1688461538461539
1.1896153846153845
1.1238461538461537
1.1203846153846153
1.1742307692307692
1.2323076923076923
1.3142307692307693
1.1546153846153846
1.1942307692307692
1.1923076923076923
1.2053846153846153
1.4226923076923077
1.4234615384615383
1.3726923076923077
1.3403846153846155
1.3646153846153846
1.338846153846154
1.4176923076923076
1.423846153846154
1.6357692307692309
1.635
1.4230769230769231
1.3096153846153848
1.4
1.503076923076923
1.6015384615384616
1.585
1.441153846153846
1.6192307692307693
1.886153846153846
1.9465384615384616
1.9284615384615384
1.7346153846153847
1.8565384615384615
2.1157692307692306
2.1003846153846153
1.9103846153846153
2.1573076923076924
2.0484615384615386
1.996923076923077
2.2065384615384613
2.356923076923077
2.0323076923076924
2.083846153846154
2.088076923076923
2.1084615384615386
2.0992307692307692
2.146153846153846
2.2265384615384614
2.2984615384615386
2.1746153846153846
2.3438461538461537
2.338076923076923
2.4446153846153846
2.5442307692307695
2.585384615384615
2.7930769230769235
2.7057692307692305
2.596538461538462
2.733461538461538
2.7780769230769233
2.7492307692307696
2.766538461538462
2.7388461538461537
2.8923076923076922
2.707307692307692
2.601923076923077
2.6346153846153846
2.894615384615385
3.0623076923076926
2.8938461538461535
3.1253846153846156
3.026153846153846
3.1873076923076926
3.007307692307692
3.0484615384615386
2.8665384615384615
2.8703846153846153
2.9946153846153845
2.793461538461538
3.06
2.9749999999999996
2.7546153846153847
2.7265384615384614
2.6500000000000004
2.891923076923077
2.7953846153846156
2.915769230769231
2.9123076923076923
2.813076923076923
2.7676923076923075
2.7584615384615385
2.647692307692308
2.7873076923076923
2.706538461538462
2.784615384615385
3.0584615384615383
2.8776923076923073
2.9023076923076925
2.9384615384615387
3.0176923076923075
2.802692307692308
2.8350000000000004
2.7707692307692304
2.9265384615384615
3.0007692307692304
3.061923076923077
2.946153846153846
2.963461538461538
2.9630769230769234
3.13
3.081153846153846
3.026923076923077
3.128846153846154
3.355769230769231
3.2365384615384616
3.2346153846153842
3.376923076923077
3.3461538461538463
3.2646153846153845
3.2180769230769233
3.2757692307692308
3.1569230769230767
3.313846153846154
3.272692307692308
3.1846153846153844
2.9953846153846153
2.953461538461539
3.0100000000000002
3.2857692307692306
3.126153846153846
3.082307692307692
3.1149999999999998
3.0323076923076924
2.9192307692307695
3.2192307692307693
3.1815384615384614
3.226153846153846
3.2249999999999996
3.2161538461538464
3.3915384615384614
2.9923076923076923
2.9153846153846152
3.0688461538461533
2.946923076923077
2.8400000000000003
2.88
2.7365384615384616
2.651923076923077
2.8023076923076924
2.7326923076923078
2.7523076923076926
2.7849999999999997
2.7234615384615384
2.7646153846153845
2.8484615384615384
2.8134615384615387
2.636153846153846
2.573846153846154
2.6265384615384613
2.7523076923076926
2.815
2.7634615384615384
2.5296153846153846
2.354230769230769
2.438076923076923
2.4107692307692306
2.3365384615384617
2.264615384615385
2.367692307692308
2.391923076923077
2.24
2.2176923076923076
2.2203846153846154
2.2303846153846156
2.0676923076923077
2.161538461538462
2.0165384615384614
1.9692307692307693
2.1684615384615387
2.0796153846153844
2.1196153846153845
1.8665384615384615
1.865769230769231
1.8096153846153844
1.718076923076923
1.6538461538461537
1.6688461538461539
1.8346153846153848
1.7242307692307692
1.6896153846153845
1.5726923076923076
1.6511538461538462
1.6419230769230768
1.5496153846153846
1.6446153846153846
1.5003846153846152
1.426153846153846
1.441923076923077
1.3711538461538462
1.526923076923077
1.4473076923076924
1.4615384615384615
1.4176923076923076
1.4146153846153846
1.3734615384615385
1.3242307692307693
1.2734615384615384
1.3076923076923077
1.15
1.3219230769230768
1.4376923076923078
1.1742307692307692
1.2
1.1892307692307693
0.9530769230769232
0.9357692307692308
0.9030769230769231
0.8307692307692308
0.8957692307692308
0.9719230769230769
0.9723076923076923
0.8726923076923078
0.7719230769230769
0.801923076923077
0.9238461538461539
0.9161538461538462
0.9392307692307693
0.8734615384615385
0.803076923076923
0.7861538461538462
0.8184615384615385
0.9815384615384615
0.9242307692307693
0.9365384615384615
0.8942307692307693
0.791923076923077
0.7619230769230769
0.6107692307692307
0.6003846153846154
0.8080769230769231
0.755
0.7357692307692307
0.7819230769230769
0.6569230769230768
0.5403846153846155
0.5334615384615384
0.5365384615384616
0.5280769230769231
0.44461538461538463
0.5003846153846154
0.5892307692307692
0.4215384615384616
0.4019230769230769
0.46153846153846156
0.5826923076923077
0.7176923076923077
0.5430769230769231
0.6080769230769231
0.4834615384615385
0.4338461538461538
0.3915384615384615
0.3565384615384615
0.4765384615384616
0.5369230769230768
0.6603846153846155
0.6080769230769231
0.5703846153846154
0.43961538461538463
0.41346153846153844
0.4015384615384615
0.3515384615384616
0.31384615384615383
0.40499999999999997
0.43538461538461537
0.475
0.428076923076923
0.47576923076923083
0.4803846153846154
0.4315384615384615
0.46653846153846157
0.4196153846153846
0.48115384615384615
0.5411538461538462
0.5046153846153846
0.5126923076923077
0.5034615384615384
0.5592307692307693
0.5292307692307692
0.5926923076923077
0.6284615384615384
0.698076923076923
0.5080769230769231
0.4003846153846154
0.4592307692307692
