pet
0.42500000000000004
0.43769230769230766
0.34769230769230763
0.5453846153846154
0.6523076923076924
0.3934615384615385
0.4973076923076923
0.5811538461538461
0.55
0.6192307692307693
0.49923076923076926
0.42461538461538456
0.47538461538461535
0.5353846153846153
0.5088461538461538
0.41807692307692307
0.38038461538461543
0.4238461538461538
0.4461538461538461
0.5065384615384615
0.6180769230769231
0.5019230769230769
0.5430769230769231
0.5619230769230769
0.4653846153846154
0.49615384615384617
0.4453846153846154
0.5261538461538462
0.5646153846153846
0.49615384615384617
0.5219230769230769
0.5007692307692307
0.6053846153846154
0.6607692307692308
0.6469230769230769
0.7888461538461539
0.7373076923076922
0.6538461538461539
0.5776923076923077
0.5938461538461538
0.4688461538461538
0.49076923076923074
0.446923076923077
0.38576923076923075
0.4123076923076923
0.4411538461538462
0.43230769230769234
0.5296153846153846
0.49615384615384617
0.4784615384615385
0.5338461538461539
0.5373076923076923
0.6926923076923077
0.7126923076923077
0.6334615384615384
0.6138461538461539
0.6976923076923077
0.7657692307692308
0.6992307692307692
0.7926923076923077
0.8919230769230769
0.8461538461538461
0.9284615384615384
1.1226923076923077
1.115
1.0626923076923078
1.0611538461538461
1.0592307692307692
1.1896153846153845
1.0773076923076923
1.13
1.0680769230769231
0.8823076923076923
0.9307692307692308
0.9876923076923076
1.085
1.0607692307692307
0.9569230769230769
0.9861538461538462
0.9450000000000001
1.0673076923076923
1.2192307692307691
1.113076923076923
1.1442307692307692
1.1323076923076925
1.1099999999999999
1.0626923076923076
1.2323076923076923
1.2846153846153845
1.4246153846153846
1.4115384615384616
1.1107692307692307
1.161923076923077
1.2342307692307695
1.241923076923077
1.3426923076923076
1.3396153846153847
1.2342307692307695
1.43
1.6803846153846154
1.7607692307692309
1.661153846153846
1.5192307692307692
1.6465384615384617
1.8438461538461537
1.876923076923077
1.7534615384615386
1.959230769230769
1.8111538461538463
1.816153846153846
1.958076923076923
2.0280769230769233
1.8265384615384617
1.8853846153846152
1.8815384615384616
1.899230769230769
1.8796153846153845
1.9346153846153844
2.003846153846154
1.9915384615384615
1.9007692307692308
2.0757692307692306
2.082692307692308
2.1580769230769232
2.188846153846154
2.309230769230769
2.4842307692307695
2.301153846153846
2.106923076923077
2.313076923076923
2.3496153846153844
2.4834615384615386
2.4619230769230773
2.4942307692307697
2.4476923076923076
2.288846153846154
2.5280769230769233
2.4084615384615384
2.6619230769230766
2.7503846153846156
2.6065384615384612
2.7830769230769232
2.790769230769231
2.912692307692308
2.771153846153846
2.7834615384615384
2.636923076923077
2.576923076923077
2.7676923076923075
2.6603846153846153
2.8380769230769234
2.712307692307692
2.468461538461539
2.539615384615385
2.416923076923077
2.5615384615384613
2.4661538461538464
2.4657692307692307
2.5280769230769233
2.5353846153846153
2.412692307692308
2.408846153846154
2.3607692307692307
2.2976923076923077
2.2876923076923075
2.460384615384615
2.588461538461538
2.494230769230769
2.5411538461538465
2.5911538461538464
2.5484615384615386
2.471538461538462
2.4534615384615384
2.4430769230769234
2.468461538461539
2.564230769230769
2.588076923076923
2.5053846153846155
2.688076923076923
2.6630769230769227
2.6926923076923077
2.5453846153846156
2.678846153846154
2.8134615384615382
2.931923076923077
2.790769230769231
2.7973076923076925
2.953076923076923
2.810769230769231
2.8007692307692307
2.8561538461538465
2.8473076923076923
2.7976923076923077
2.8765384615384617
2.759230769230769
2.6561538461538463
2.4503846153846154
2.414230769230769
2.3873076923076924
2.7265384615384614
2.6361538461538463
2.5542307692307693
2.460769230769231
2.5546153846153845
2.5023076923076926
2.7053846153846157
2.6580769230769232
2.619230769230769
2.6823076923076923
2.6711538461538464
2.71
2.3546153846153848
2.456153846153846
2.5919230769230768
2.496153846153846
2.332692307692308
2.3807692307692307
2.348846153846154
1.9988461538461537
2.2846153846153845
2.1384615384615384
2.2438461538461536
2.3638461538461537
2.246923076923077
2.2857692307692306
2.329230769230769
2.286538461538462
2.0734615384615385
2.126153846153846
2.2296153846153848
2.3876923076923076
2.419230769230769
2.3446153846153845
2.14
2.0288461538461537
2.108076923076923
2.041153846153846
1.8973076923076921
1.8953846153846154
2.0984615384615384
1.9761538461538461
1.8488461538461538
1.9284615384615384
1.801923076923077
1.9311538461538462
1.7723076923076921
1.8523076923076922
1.6623076923076923
1.6515384615384614
1.9176923076923076
1.7938461538461539
1.7969230769230768
1.5153846153846153
1.488076923076923
1.4688461538461537
1.4276923076923076
1.3473076923076923
1.3526923076923079
1.6888461538461537
1.5161538461538462
1.3773076923076923
1.4076923076923078
1.423846153846154
1.4284615384615384
1.341923076923077
1.4826923076923075
1.1757692307692307
1.215
1.2061538461538461
1.2761538461538462
1.411923076923077
1.3073076923076923
1.3219230769230768
1.2746153846153847
1.2811538461538463
1.281923076923077
1.1238461538461537
1.1192307692307693
1.183846153846154
1.0784615384615384
1.2411538461538463
1.2242307692307692
0.9442307692307692
1.0480769230769231
1.0380769230769231
0.8853846153846153
0.8865384615384616
0.7973076923076923
0.746923076923077
0.7807692307692308
0.8511538461538461
0.8584615384615385
0.6988461538461539
0.676923076923077
0.7457692307692307
0.836923076923077
0.8138461538461539
0.8576923076923078
0.7269230769230769
0.7280769230769231
0.7288461538461538
0.8034615384615384
0.9980769230769231
0.8203846153846155
0.8288461538461539
0.8853846153846153
0.8026923076923077
0.7180769230769232
0.5842307692307692
0.6238461538461538
0.8692307692307693
0.7207692307692307
0.7438461538461538
0.7926923076923077
0.6034615384615385
0.5565384615384615
0.551923076923077
0.5592307692307692
0.5176923076923077
0.43423076923076925
0.48000000000000004
0.5638461538461539
0.3976923076923077
0.3807692307692308
0.48192307692307695
0.6892307692307693
0.7092307692307693
0.5915384615384615
0.6384615384615385
0.4819230769230769
0.43153846153846154
0.4803846153846154
0.40499999999999997
0.47115384615384615
0.556923076923077
0.7038461538461539
0.6153846153846154
0.5461538461538461
0.3903846153846154
0.37423076923076926
0.31461538461538463
0.3353846153846154
0.3553846153846154
0.4465384615384615
0.4411538461538462
0.4957692307692308
0.48423076923076924
0.4919230769230769
0.49230769230769234
0.39576923076923076
0.4592307692307692
0.42346153846153844
0.4565384615384615
0.5388461538461539
0.48423076923076924
0.46076923076923076
0.47269230769230763
0.583076923076923
0.5353846153846153
0.5769230769230769
0.605
0.6692307692307692
0.5211538461538462
0.43
0.4553846153846154
