pet
0.709
0.6225
0.533
0.6765000000000001
0.792
0.6075
0.52
0.5925
0.6625
0.7055
0.5705
0.5189999999999999
0.6719999999999999
0.642
0.6075
0.599
0.45999999999999996
0.552
0.5700000000000001
0.64
0.7155
0.6705
0.6765
0.5940000000000001
0.624
0.5650000000000001
0.6679999999999999
0.7415
0.6585
0.5555
0.7165
0.6765000000000001
0.7150000000000001
0.794
0.9039999999999999
0.9505000000000001
0.8285
0.7695000000000001
0.7025
0.656
0.7365
0.8699999999999999
0.7125
0.5860000000000001
0.6020000000000001
0.619
0.596
0.7685000000000001
0.7805000000000001
0.8195
0.771
0.692
0.796
0.8515
0.7925
0.7745
0.8414999999999999
0.8710000000000001
0.853
0.8709999999999999
0.8815
0.922
0.9279999999999999
1.0995
1.315
1.2790000000000001
1.1155
1.0445
1.3345
1.1795
1.2625
1.2525
1.3365
1.3599999999999999
1.448
1.4635
1.383
1.1415
1.2275
1.369
1.4665
1.6030000000000002
1.4209999999999998
1.386
1.3039999999999998
1.329
1.492
1.5345
1.6440000000000001
1.735
1.6920000000000002
1.6105
1.5175
1.537
1.5485
1.6940000000000002
1.7920000000000003
1.732
1.9385
1.9455000000000002
1.7850000000000001
1.7870000000000001
1.6344999999999998
1.7242857142857144
1.8466666666666667
1.8004761904761906
1.7585714285714285
1.8099999999999998
1.941904761904762
1.9676190476190476
2.336666666666667
2.5104761904761905
2.34
2.333809523809524
2.376666666666667
2.502857142857143
2.5714285714285716
2.532380952380952
2.5404761904761903
2.614761904761905
2.639047619047619
2.857142857142857
2.8023809523809526
2.684285714285714
2.664285714285714
2.736666666666667
2.769047619047619
2.9361904761904762
2.836666666666667
3.0799999999999996
3.046190476190476
2.969047619047619
2.9847619047619047
2.9619047619047616
3.234761904761905
3.3009523809523804
3.0090476190476187
2.788095238095238
3.0238095238095237
3.058095238095238
3.045714285714286
3.045714285714286
3.2285714285714286
3.235238095238095
3.2676190476190476
3.2042857142857146
2.947142857142857
2.8357142857142854
3.099047619047619
3.068095238095238
3.1795238095238094
3.0428571428571427
2.769047619047619
2.4904761904761905
2.5642857142857145
2.73
2.73
2.618095238095238
2.7685714285714287
2.7933333333333334
2.598095238095238
2.4966666666666666
2.446190476190476
2.7680952380952384
2.803809523809524
2.998095238095238
3.041904761904762
2.921904761904762
2.8600000000000003
3.0652380952380955
3.130952380952381
2.972857142857143
2.770952380952381
2.7504761904761903
2.894285714285714
2.948571428571429
3.1752380952380954
2.9642857142857144
3.0485714285714285
3.033809523809524
3.0576190476190472
2.972857142857143
2.895714285714286
3.0104761904761905
3.279047619047619
3.1704761904761902
3.1485714285714286
3.194761904761905
3.3295000000000003
3.107
3.2424999999999997
3.215
3.1919999999999997
3.2935000000000003
3.0789999999999997
3.0025
2.9625
2.883
3.0255
3.2560000000000002
3.2275
3.1734999999999998
3.213
3.2649999999999997
3.2255000000000003
3.2455
3.1130000000000004
3.1915
3.2729999999999997
3.31
3.255
3.2255000000000003
3.2825
3.2604999999999995
3.0245
2.98
2.8865
2.918
2.835
3.2035000000000005
3.1985
3.0555
2.9225000000000003
2.854
2.7809999999999997
2.9305
2.8365
2.8145
2.7755
2.9379999999999997
3.0545
3.0705
3.0025
2.757
2.5895
2.649
2.8329999999999997
2.589
2.267
2.3475
2.3435
2.46
2.4125
2.5164999999999997
2.4245
2.362
2.1955
2.1635
2.166
2.2485
2.354
2.2305
2.2634999999999996
2.4055
2.013
1.8455
1.8475000000000001
1.887
1.8765
2.1435
2.25
2.0175
1.8905
1.8835000000000002
1.9440000000000002
1.9969999999999999
1.9100000000000001
1.8054999999999999
1.9149999999999998
1.8605
1.9440000000000002
1.8824999999999998
1.8785
1.7745000000000002
1.707
1.741
1.7440000000000002
1.5215
1.4485
1.3135
1.525
1.573
1.6670000000000003
1.458
1.7274999999999998
1.6664999999999999
1.5475
1.5425
1.387
1.2685
1.335
1.4129999999999998
1.299
1.16
1.2834999999999999
1.2625
1.2710000000000001
1.457
1.2115
1.2875
1.1735
1.2494999999999998
1.223
1.1219999999999999
1.0625
1.066
0.9515
0.9295
0.8710000000000001
1.0215
1.224
1.135
1.1375
1.0494999999999999
1.0175
0.925
0.6955
0.612
0.6875
0.671
0.7205
0.746
0.611
0.493
0.487
0.508
0.696
0.8095000000000001
0.8145
0.662
0.6545
0.6825
0.748
0.938
0.8460000000000001
0.8574999999999999
0.8115
0.6900000000000001
0.6155
0.5785
0.664
0.6765
0.533
0.5765
0.599
0.6815
0.5225000000000001
0.5215
0.571
0.659
0.685
0.601
0.6775
0.6935
0.726
0.7070000000000001
0.6795
0.7885
0.6224999999999999
0.6515
0.6345
0.629
0.5980000000000001
0.602
0.5894999999999999
