temperature
3.439230769230769
3.6592307692307693
3.313846153846154
3.3926923076923075
4.196153846153846
3.661923076923077
3.578076923076923
4.218846153846154
4.496153846153846
4.289615384615384
3.5303846153846155
3.1842307692307696
3.433846153846154
3.899230769230769
4.132307692307692
3.7161538461538464
2.6915384615384617
3.147692307692308
3.171923076923077
3.5507692307692307
4.449230769230769
4.116538461538462
4.20423076923077
3.7600000000000002
3.628846153846154
3.2034615384615384
3.2492307692307696
3.476923076923077
3.632307692307692
2.9669230769230768
3.446153846153846
3.313846153846154
3.42
3.846538461538462
3.8903846153846158
4.637692307692308
4.814615384615385
4.109230769230769
3.605384615384615
3.3742307692307696
3.132307692307692
3.3726923076923074
3.083076923076923
2.6096153846153842
2.351153846153846
2.552692307692308
2.5926923076923076
3.2646153846153845
3.2157692307692307
2.711153846153846
3.0596153846153844
3.413846153846154
3.548076923076923
4.139615384615385
4.128846153846154
3.724615384615385
3.828076923076923
4.398461538461539
4.337692307692308
4.640769230769231
5.003846153846154
4.610769230769231
4.429230769230769
5.18923076923077
5.389615384615384
5.782692307692307
5.953461538461538
5.562307692307693
6.327692307692308
5.976923076923077
6.005769230769231
5.562692307692307
5.506153846153846
5.482307692307692
5.698076923076924
6.110384615384616
6.551153846153846
5.700769230769231
5.995384615384615
6.121153846153846
5.847307692307693
6.679230769230769
6.746923076923077
6.6461538461538465
6.5273076923076925
6.106153846153846
5.898461538461539
6.135
6.389615384615384
7.5903846153846155
7.371923076923077
6.768846153846154
6.141923076923077
5.631538461538461
6.478076923076923
6.981538461538462
6.8961538461538465
6.170384615384616
6.858846153846153
7.787692307692307
7.704615384615384
7.66423076923077
7.309230769230769
7.371153846153846
8.113076923076923
8.388076923076923
7.7215384615384615
7.913076923076924
8.621923076923077
8.132692307692308
8.835
9.407307692307693
8.564615384615385
8.248076923076923
8.284615384615385
8.395
8.121538461538462
8.722307692307693
8.86076923076923
9.418846153846154
8.871153846153847
9.352692307692307
9.247307692307693
9.123846153846154
9.671923076923077
10.051153846153845
10.516538461538461
10.567307692307692
10.52346153846154
10.42153846153846
10.105
10.789615384615384
10.65576923076923
10.81076923076923
11.427692307692308
11.26076923076923
10.743076923076924
11.015384615384615
11.462692307692306
12.193076923076923
11.492692307692307
11.909999999999998
12.058846153846153
12.355
12.046153846153846
12.428846153846154
11.893076923076922
11.697307692307692
12.452692307692306
12.298846153846153
12.941153846153847
13.29076923076923
13.121153846153845
12.919615384615383
13.11423076923077
13.371153846153845
13.464615384615383
13.74423076923077
13.625384615384615
13.45346153846154
13.338846153846154
13.549615384615386
13.493461538461538
13.981153846153846
13.641538461538461
13.483461538461539
14.090769230769231
13.680384615384614
14.317692307692308
14.484615384615385
14.365
14.36153846153846
14.171923076923077
14.217307692307692
14.481538461538461
15.050384615384615
15.306923076923077
15.220769230769232
15.195
14.998076923076923
15.517307692307693
15.686153846153847
15.556923076923077
15.387692307692307
16.289615384615384
16.361538461538462
16.57
16.45230769230769
17.10884615384615
16.237692307692306
16.626153846153844
16.822307692307692
16.271923076923077
16.88769230769231
17.22346153846154
16.617307692307694
16.11923076923077
16.25576923076923
16.146153846153847
16.78230769230769
16.693461538461538
16.590769230769233
16.466538461538462
16.61423076923077
16.29346153846154
16.612692307692306
16.78846153846154
17.426923076923075
17.38346153846154
17.821538461538463
17.990000000000002
17.486153846153847
16.71846153846154
17.159230769230767
17.442692307692308
17.050384615384615
16.75307692307692
16.923076923076923
16.715769230769233
17.008846153846154
17.035
16.669615384615387
16.781153846153845
16.817692307692308
17.095
17.801153846153845
17.679615384615385
16.908461538461538
16.50730769230769
16.809615384615384
17.141153846153845
17.194615384615386
17.183846153846154
16.177307692307693
15.725384615384616
15.656538461538462
15.959615384615384
15.563461538461537
15.276923076923076
15.825384615384614
15.97653846153846
15.400769230769232
15.351923076923075
15.31
15.366923076923076
15.03
15.08423076923077
14.69846153846154
14.248846153846156
15.016538461538461
15.091923076923077
15.19923076923077
14.550384615384615
14.241538461538461
14.018461538461539
13.519615384615385
13.525384615384613
13.532307692307691
14.164230769230768
13.892692307692307
13.900769230769232
13.255384615384616
13.795384615384616
13.701538461538462
13.276153846153846
13.666538461538462
12.823461538461537
12.834999999999999
12.990384615384615
12.710769230769232
12.972307692307691
13.264615384615384
12.763076923076925
12.411153846153846
12.356923076923076
12.132307692307693
12.07346153846154
12.10576923076923
12.068846153846154
11.272692307692306
11.943076923076923
12.030384615384616
11.746923076923078
11.428846153846154
11.634615384615385
10.741538461538461
10.167307692307693
10.271923076923077
9.714230769230769
10.09423076923077
10.207692307692307
10.11423076923077
9.283076923076923
9.10576923076923
9.402692307692307
9.711538461538462
10.001153846153844
9.712307692307693
9.484615384615385
9.396923076923077
8.966153846153846
8.698076923076924
9.281153846153845
9.186923076923078
8.818076923076923
8.866538461538461
8.14423076923077
7.91
7.465
7.261538461538462
8.350769230769231
8.070384615384615
7.759615384615385
8.171153846153846
7.383076923076923
6.609615384615385
6.343076923076923
6.103076923076923
6.284230769230769
5.985769230769231
6.2288461538461535
6.511153846153846
5.6692307692307695
5.016923076923077
5.398846153846154
5.751538461538461
6.0284615384615385
5.833076923076923
6.106153846153846
5.332692307692308
4.946153846153846
4.190769230769231
4.071923076923077
4.797692307692308
5.208461538461539
5.899230769230769
5.717307692307693
5.822307692307692
5.2565384615384625
4.513076923076923
4.737307692307692
4.456538461538462
3.9834615384615386
4.091538461538462
3.993076923076923
4.360384615384616
4.443846153846153
4.41423076923077
4.863076923076923
4.580384615384616
4.6365384615384615
4.5273076923076925
4.819230769230769
4.940769230769231
5.165
4.637307692307692
4.584615384615384
4.553076923076923
4.346923076923077
4.823076923076924
4.665384615384616
4.690384615384615
4.17076923076923
3.3092307692307696
3.348076923076923
