temperature
3.5595999999999997
3.7768
3.7883999999999998
4.5236
5.2
3.8531999999999997
3.8968000000000003
3.9951999999999996
4.1236
4.1232
3.48
2.8884
3.2068
3.9936000000000003
4.078
3.6932
3.0372000000000003
3.2624
3.6588
4.0872
4.3292
4.1604
4.1848
4.182799999999999
3.9956
3.4215999999999998
3.4736000000000002
3.748
3.986
3.55
3.7876
3.8784000000000005
3.9716000000000005
4.2076
4.2376
4.9496
5.0436000000000005
4.2208
3.802
3.9928
3.6248
3.5888
3.466
2.6784
2.3179999999999996
2.5060000000000002
3.0584000000000002
3.6475999999999997
3.3704
3.4024
3.3204
3.9956
4.4924
4.4872000000000005
3.9436
3.9188
4.342
4.864
5.0576
4.9668
5.5536
5.207999999999999
5.450399999999999
6.039199999999999
6.2292
6.3
5.96
5.624
6.7312
6.1508
6.272
6.2396
5.910399999999999
5.8276
5.736000000000001
5.999199999999999
6.308400000000001
5.6108
5.54
5.6732000000000005
6.0212
6.6704
6.5056
6.7076
6.3672
6.234
6.202000000000001
6.656000000000001
6.5048
7.4288
7.3912
6.5736
6.0116
6.3351999999999995
6.7948
7.1704
6.822
6.436800000000001
7.3816
8.0948
8.1264
8.1524
7.432799999999999
8.1512
8.955599999999999
9.14
8.0788
8.6936
8.4748
8.166
9.3488
9.513200000000001
8.595600000000001
8.8932
9.006
9.120800000000001
9.1884
9.4664
9.4492
10.0664
9.3288
9.6492
9.746
9.8916
9.896799999999999
10.0896
10.7876
10.572000000000001
10.1012
10.596400000000001
10.7848
10.9572
11.104000000000001
11.1532
11.9284
11.3736
11.1908
11.1544
11.9508
12.3472
11.683600000000002
12.224400000000001
12.162
12.587200000000001
12.437999999999999
12.8752
12.288800000000002
12.35
12.6424
12.351600000000001
13.3148
13.45
13.177999999999999
13.248
13.106
14.0676
13.682
14.1108
14.225999999999999
13.9388
14.0492
13.904000000000002
13.656400000000001
13.9868
13.818399999999999
14.064
15.051200000000001
14.616800000000001
14.762
14.915999999999999
15.1496
14.4296
14.6416
14.348400000000002
14.7028
15.224400000000001
15.3892
15.308
15.5756
15.5944
15.974
15.5032
15.354000000000001
15.9772
16.642
16.6008
16.726399999999998
17.1096
16.962
16.838
16.7624
16.932000000000002
16.9256
17.308
17.1088
16.811600000000002
16.4604
16.127200000000002
16.360799999999998
17.1932
16.712
16.6404
16.95
16.743199999999998
16.2548
17.211199999999998
17.1996
17.4224
17.5896
17.6764
18.0644
16.8984
16.6532
17.08153846153846
16.83
16.482307692307693
16.705
16.359615384615385
16.354615384615386
16.540769230769232
16.350384615384616
16.79769230769231
16.862692307692306
16.695384615384615
16.644615384615385
17.095384615384617
17.13346153846154
16.674615384615386
16.342692307692307
16.48576923076923
17.04346153846154
17.174615384615386
16.99269230769231
16.178461538461537
15.54076923076923
15.775384615384613
15.702692307692306
15.570384615384615
15.243846153846153
15.527692307692307
15.753076923076922
15.31423076923077
15.2204
15.2084
14.963199999999999
14.363199999999999
14.7784
14.328399999999998
14.0568
14.7588
14.3244
14.5424
13.7568
13.710799999999999
13.6164
13.4424
12.936399999999999
13.016399999999999
13.595999999999998
13.4048
13.182
12.8016
13.070799999999998
12.863199999999999
12.7124
12.891200000000001
12.6004
12.255999999999998
12.2524
12.0032
12.568800000000001
12.202
12.0572
11.88
11.640799999999999
11.726399999999998
11.2508
11.489600000000001
11.6576
10.961199999999998
11.7044
11.789200000000001
10.6148
10.716
10.921600000000002
10.0328
10.1728
9.9336
9.3272
9.0996
9.525599999999999
9.924
9.514800000000001
8.8748
8.9228
9.4872
9.538
9.7932
9.4664
8.77
8.624400000000001
8.5692
8.9404
8.8216
8.8288
8.5232
8.2224
7.9108
7.3384
7.5552
8.436
8.0252
7.855600000000001
7.854
7.343999999999999
6.553999999999999
6.333200000000001
6.1616
6.204400000000001
5.6979999999999995
5.8384
6.393199999999999
5.587999999999999
5.0176
5.3064
5.833200000000001
6.1412
5.897200000000001
5.856
5.0148
4.676
4.202
4.2452
4.9136
5.3812
6.3628
6.0988
5.9344
4.9668
4.6232
4.6452
4.1816
3.6784
4.0216
4.0687999999999995
4.4112
4.44
4.6164
5.1292
5.0396
4.4596
4.1676
4.7876
4.7748
4.6044
4.1424
4.5156
4.766
4.654
4.7576
4.6328000000000005
5.218
4.2616
3.6944
3.8796
