temperature
2.8084615384615383
2.6515384615384616
2.723846153846154
2.601923076923077
2.5369230769230766
2.8188461538461542
2.5076923076923077
2.1942307692307694
2.795
3.3419230769230768
3.6446153846153844
3.5207692307692304
3.133076923076923
3.401923076923077
3.3426923076923076
2.3715384615384614
2.581538461538462
2.785769230769231
2.1015384615384614
2.4296153846153845
3.227307692307692
3.3826923076923077
3.2780769230769233
3.571153846153846
3.378846153846154
3.2523076923076926
3.0046153846153847
3.1296153846153847
2.6223076923076927
2.549615384615385
2.543461538461538
2.464230769230769
2.865769230769231
3.1630769230769236
2.738076923076923
2.7526923076923078
2.311923076923077
2.4226923076923077
2.3449999999999998
2.2003846153846154
2.153076923076923
2.573846153846154
2.9596153846153848
3.170384615384615
3.961153846153846
4.00076923076923
3.8
3.795769230769231
3.0538461538461537
3.618846153846154
3.522692307692308
3.3288461538461536
3.332307692307692
3.140384615384615
2.770769230769231
3.3165384615384617
3.0923076923076924
2.8969230769230765
2.0784615384615384
2.426153846153846
2.4030769230769233
2.5311538461538463
2.453076923076923
2.7026923076923075
3.7365384615384616
3.9196153846153843
4.010384615384615
3.71
3.895769230769231
4.140384615384615
4.036538461538462
4.52
4.8234615384615385
4.733846153846153
4.928076923076923
4.866153846153846
4.674230769230769
5.048461538461538
4.693461538461539
4.9326923076923075
4.749615384615384
4.805769230769231
5.151153846153846
5.420000000000001
5.204999999999999
5.400384615384615
5.188076923076922
5.115384615384615
5.042307692307692
5.158846153846154
5.034230769230769
5.483846153846154
5.043846153846153
4.838846153846154
5.301923076923076
5.722307692307693
5.394615384615384
5.4411538461538465
5.621153846153846
5.900384615384615
5.388076923076923
5.451923076923077
5.723461538461539
5.7784615384615385
6.482692307692308
6.321923076923077
6.002307692307692
6.369615384615385
6.603461538461539
7.275
8.092692307692307
8.308076923076923
7.9265384615384615
7.716538461538462
6.946153846153846
6.648846153846154
6.764230769230769
6.901923076923078
6.96
7.211153846153847
7.424615384615384
7.569999999999999
7.408076923076923
8.034615384615385
7.680000000000001
7.71076923076923
8.061153846153847
8.628076923076923
8.856923076923078
8.44923076923077
8.179230769230768
8.762307692307692
9.053076923076922
9.04
9.238846153846154
8.728461538461538
9.163461538461538
9.106153846153846
9.467307692307692
9.20923076923077
8.715384615384615
8.580769230769231
8.957307692307692
9.302692307692308
9.297692307692309
9.459615384615384
9.912307692307694
10.225769230769231
10.204615384615384
10.536538461538461
11.708076923076923
11.641153846153847
11.328846153846154
10.411923076923076
10.60423076923077
10.558846153846153
10.68923076923077
11.389615384615384
11.485384615384616
11.585769230769232
11.488076923076923
10.437692307692307
10.181153846153846
10.061538461538463
10.753076923076922
11.046153846153846
11.063846153846155
10.996153846153845
10.924615384615386
10.923076923076923
11.068846153846154
11.104615384615386
11.662307692307694
11.48
11.578076923076923
11.779615384615385
12.279230769230768
12.665000000000001
12.74076923076923
12.481538461538461
12.385
12.529615384615385
12.482692307692307
12.80923076923077
12.778846153846153
12.591923076923077
11.918461538461539
12.24
12.01346153846154
12.782307692307691
12.688846153846155
12.54076923076923
11.927692307692308
12.24576923076923
12.10923076923077
12.677692307692308
13.213076923076924
13.118461538461538
13.296923076923076
13.462692307692306
13.315
12.94076923076923
13.911923076923076
14.043076923076923
13.426923076923076
13.44846153846154
13.673846153846153
13.587307692307691
13.034230769230769
13.031538461538462
12.792307692307693
13.031538461538462
13.723846153846154
13.755384615384616
13.803461538461537
13.335384615384616
13.447307692307692
13.52346153846154
13.146923076923077
12.937692307692307
12.888846153846155
12.899230769230769
12.635769230769231
13.244615384615384
13.10423076923077
13.283846153846154
12.451538461538462
12.866923076923078
12.88076923076923
12.654230769230768
12.785384615384617
12.606923076923076
12.674230769230768
12.483076923076924
12.435384615384615
12.043076923076923
12.106153846153846
12.246538461538462
11.883461538461539
11.817692307692308
11.65230769230769
11.34423076923077
11.74423076923077
11.884615384615385
12.552692307692308
12.265769230769232
12.576538461538462
12.228461538461538
11.678461538461537
11.653846153846153
12.125
11.720384615384615
12.15230769230769
11.72653846153846
11.447692307692307
11.128076923076922
10.531538461538462
10.579615384615384
10.561923076923078
10.27730769230769
10.792307692307693
10.61576923076923
11.469999999999999
11.508846153846154
10.578846153846154
10.28
10.773846153846154
10.221538461538461
10.169615384615385
10.34
10.427307692307693
10.063076923076922
9.869615384615384
9.292
9.1888
8.692
8.572799999999999
8.8976
8.9428
9.0656
9.316799999999999
8.802
8.551153846153847
8.128076923076922
8.53346153846154
8.886923076923077
8.720769230769232
8.24423076923077
7.746538461538462
7.488076923076923
7.617692307692308
7.131153846153846
7.07423076923077
7.5807692307692305
7.495
7.688461538461539
7.423076923076923
7.123461538461539
7.03923076923077
7.288846153846153
7.011538461538462
6.643461538461538
7.411153846153846
7.294615384615384
6.473846153846154
6.671153846153846
6.1826923076923075
5.685384615384615
5.768076923076923
6.2930769230769235
5.575384615384616
5.231153846153846
5.2907692307692304
5.488076923076923
5.540384615384616
5.273461538461539
4.937307692307693
6.158846153846154
6.115769230769231
5.196923076923077
4.821538461538461
4.673461538461539
4.586538461538462
4.418846153846154
3.648846153846154
3.5430769230769235
4.406538461538461
4.136923076923077
4.039615384615384
4.521153846153846
3.8892307692307693
3.478846153846154
3.2515384615384613
3.6484615384615386
3.326923076923077
3.790769230769231
3.097692307692308
3.3234615384615385
3.386153846153846
3.2523076923076926
3.8896153846153845
4.435384615384615
4.854230769230769
4.217692307692308
3.7750000000000004
3.4923076923076923
3.399230769230769
3.7199999999999998
3.2576923076923077
3.3957692307692304
2.9857692307692307
3.2384615384615385
2.781538461538461
3.1215384615384614
2.960384615384615
3.17
3.6992307692307693
2.8565384615384612
2.205769230769231
2.483846153846154
2.1384615384615384
1.8457692307692308
2.499615384615385
2.8307692307692305
3.036153846153846
