pet
0.37692307692307697
0.40076923076923077
0.4046153846153846
0.37
0.40807692307692306
0.49230769230769234
0.5269230769230769
0.3880769230769231
0.3688461538461538
0.5215384615384615
0.5234615384615384
0.4919230769230769
0.455
0.43653846153846154
0.5492307692307692
0.4326923076923077
0.36576923076923074
0.45461538461538464
0.35884615384615387
0.3253846153846153
0.41807692307692307
0.4969230769230769
0.48730769230769233
0.5265384615384616
0.5046153846153847
0.6011538461538461
0.5384615384615384
0.5373076923076924
0.3723076923076923
0.4419230769230769
0.5707692307692308
0.5496153846153846
0.5673076923076923
0.5646153846153846
0.543076923076923
0.45153846153846156
0.41384615384615386
0.45769230769230773
0.5811538461538461
0.4553846153846154
0.4230769230769231
0.4803846153846154
0.5776923076923077
0.5380769230769231
0.6757692307692308
0.7742307692307692
0.6853846153846154
0.6103846153846153
0.5988461538461538
0.7884615384615384
0.7146153846153847
0.7823076923076923
0.7557692307692307
0.7773076923076924
0.6111538461538462
0.783076923076923
0.6499999999999999
0.6649999999999999
0.6196153846153846
0.6169230769230769
0.6538461538461539
0.6349999999999999
0.6223076923076923
0.6523076923076924
0.8561538461538463
0.9730769230769231
1.0303846153846155
1.0176923076923077
0.9857692307692307
0.9880769230769231
0.9723076923076923
1.183846153846154
1.2915384615384615
1.301153846153846
1.2780769230769233
1.3407692307692307
1.189230769230769
1.2838461538461539
1.2453846153846155
1.3076923076923077
1.2407692307692306
1.1819230769230769
1.3465384615384615
1.385
1.368846153846154
1.4996153846153848
1.4196153846153847
1.5296153846153848
1.4473076923076922
1.5857692307692306
1.3734615384615385
1.5092307692307694
1.5096153846153846
1.5726923076923076
1.7373076923076924
1.606923076923077
1.4184615384615387
1.6673076923076924
1.713076923076923
1.6307692307692307
1.4838461538461538
1.5011538461538463
1.6861538461538463
1.7273076923076922
1.7550000000000001
1.6403846153846153
1.613846153846154
1.6023076923076924
1.8215384615384616
1.9757692307692307
2.229230769230769
2.235
2.2146153846153847
2.187692307692308
1.9926923076923078
1.7834615384615384
1.8542307692307693
1.9219230769230768
1.9392307692307693
1.8488461538461538
2.058846153846154
2.2646153846153845
2.276153846153846
2.568076923076923
2.38
2.3273076923076923
2.448076923076923
2.3857692307692306
2.4673076923076924
2.505769230769231
2.4203846153846156
2.345769230769231
2.3419230769230768
2.437307692307692
2.7188461538461537
2.5984615384615384
2.7265384615384614
2.539615384615385
2.8126923076923074
2.7192307692307693
2.693076923076923
2.6138461538461537
2.6388461538461536
2.619230769230769
2.7523076923076926
2.7546153846153847
2.602307692307692
2.6123076923076924
2.715384615384615
2.6469230769230765
2.9084615384615384
2.861923076923077
2.6946153846153846
2.503846153846154
2.2884615384615383
2.3334615384615387
2.4096153846153845
2.4796153846153848
2.4784615384615383
2.518076923076923
2.6165384615384615
2.2526923076923078
2.2096153846153848
2.2146153846153847
2.21
2.4023076923076925
2.5565384615384614
2.656538461538461
2.5519230769230767
2.336923076923077
2.548076923076923
2.3596153846153847
2.4934615384615384
2.5715384615384616
2.316153846153846
2.4057692307692307
2.476153846153846
2.4073076923076924
2.458846153846154
2.4446153846153846
2.323076923076923
2.5373076923076923
2.5334615384615384
2.5353846153846153
2.503076923076923
2.458076923076923
2.4511538461538462
2.4680769230769233
2.501923076923077
2.6350000000000002
2.507307692307692
2.452692307692308
2.295
2.376923076923077
2.395769230769231
2.501923076923077
2.579230769230769
2.5561538461538467
2.666923076923077
2.6046153846153848
2.475769230769231
2.4284615384615384
2.598076923076923
2.5476923076923077
2.4665384615384616
2.4423076923076925
2.479230769230769
2.4319230769230766
2.348076923076923
2.3015384615384615
2.2342307692307695
2.3757692307692304
2.436923076923077
2.310769230769231
2.3553846153846156
2.2696153846153844
2.2934615384615387
2.2384615384615385
2.0896153846153847
2.291153846153846
2.207692307692308
2.226153846153846
2.022692307692308
2.1334615384615385
2.316153846153846
2.2265384615384614
2.0153846153846153
2.0553846153846154
2.1126923076923076
1.8734615384615385
1.9530769230769232
1.9776923076923079
1.9103846153846153
1.8346153846153848
1.8988461538461539
1.833076923076923
1.8623076923076924
1.6253846153846152
1.781923076923077
1.7330769230769232
1.5846153846153848
1.639230769230769
1.7146153846153847
1.661923076923077
1.8846153846153846
1.7411538461538463
1.8634615384615385
1.938076923076923
1.7207692307692308
1.6946153846153846
1.7607692307692309
1.5150000000000001
1.6507692307692308
1.7538461538461538
1.551923076923077
1.5
1.286923076923077
1.298846153846154
1.231923076923077
1.2084615384615385
1.2753846153846153
1.283076923076923
1.4584615384615385
1.4853846153846153
1.3257692307692308
1.156923076923077
1.26
1.2526923076923078
1.2542307692307693
1.1092307692307692
1.316153846153846
1.2096153846153845
1.3053846153846154
1.133076923076923
1.1315384615384614
1.0488461538461538
0.9788461538461538
1.0253846153846153
0.9888461538461539
1.1861538461538461
1.1123076923076924
1.0892307692307692
1.0007692307692309
0.9038461538461539
0.9561538461538461
1.0253846153846153
1.0038461538461538
0.8373076923076923
0.8407692307692307
0.8119230769230769
0.818076923076923
0.8303846153846154
0.7892307692307692
0.9288461538461538
0.7703846153846154
0.8542307692307692
0.8996153846153846
0.8423076923076924
0.895
0.9761538461538461
0.7584615384615384
0.7411538461538462
0.8453846153846154
0.8607692307692307
0.6869230769230769
0.6084615384615385
0.6246153846153846
0.591923076923077
0.54
0.5696153846153846
0.5865384615384616
0.5053846153846154
0.4634615384615385
0.5319230769230769
0.5230769230769231
0.4719230769230769
0.44269230769230766
0.5573076923076923
0.713076923076923
0.5276923076923077
0.5203846153846154
0.49807692307692303
0.44999999999999996
0.4084615384615385
0.4157692307692308
0.22192307692307695
0.3973076923076923
0.37538461538461537
0.31230769230769234
0.4626923076923077
0.44730769230769235
0.37576923076923074
0.38
0.43230769230769234
0.3334615384615385
0.40692307692307694
0.2403846153846154
0.35423076923076924
0.4480769230769231
0.44346153846153846
0.4015384615384615
0.4107692307692308
0.5161538461538462
0.49961538461538463
0.29423076923076924
0.3346153846153846
0.38846153846153847
0.3934615384615385
0.4088461538461538
0.4423076923076923
0.3942307692307692
0.3603846153846154
0.3807692307692308
0.3465384615384615
0.4326923076923077
0.4646153846153846
0.62
0.4715384615384615
0.32384615384615384
0.33115384615384613
0.31769230769230766
0.31346153846153846
0.4480769230769231
0.4730769230769231
0.5484615384615384
