temperature
5.997826086956521
5.239130434782608
5.116521739130435
4.834782608695653
4.966086956521739
4.906086956521739
5.721739130434782
5.497391304347826
5.158695652173913
5.446086956521739
5.777826086956522
5.836521739130435
5.446086956521739
5.203913043478261
5.143478260869565
4.8591304347826085
4.561739130434782
4.808695652173912
5.167826086956522
4.414782608695653
4.1460869565217395
4.879130434782609
4.503478260869565
4.188695652173913
4.657826086956521
5.093478260869565
5.35304347826087
5.540869565217391
5.363913043478261
4.664782608695653
5.09304347826087
5.583043478260869
5.485217391304348
5.369999999999999
6.030434782608695
6.057391304347826
5.127826086956522
5.003043478260869
5.0578260869565215
4.863043478260869
4.46
4.9995652173913046
5.001739130434783
4.678695652173913
5.121739130434783
5.934347826086957
5.45695652173913
5.740869565217391
5.364782608695652
5.738260869565217
5.959565217391304
6.549130434782609
6.3621739130434785
6.314782608695652
6.159130434782608
5.821739130434783
5.7791304347826085
5.572173913043478
5.302173913043478
5.064782608695652
5.424782608695652
5.397391304347826
5.305652173913043
6.024347826086957
6.18304347826087
6.735652173913044
7.489130434782608
7.979565217391304
7.786521739130435
7.345217391304348
7.311739130434782
6.555652173913043
7.973478260869564
8.264347826086958
8.36086956521739
7.440434782608696
7.341304347826087
7.305217391304348
6.939565217391304
7.639130434782608
7.1573913043478266
7.406086956521739
7.751739130434783
7.73304347826087
7.651304347826087
7.655652173913044
8.075217391304347
8.421739130434782
9.31304347826087
8.721739130434782
8.481666666666667
9.045416666666666
9.163333333333332
8.765416666666667
9.071666666666667
8.670833333333333
8.201666666666666
8.318333333333333
9.0375
8.755
8.691666666666666
9.024166666666668
9.140833333333333
9.535416666666666
9.639583333333333
9.315
9.557083333333333
9.440833333333334
9.5375
9.973333333333334
10.89
11.21125
11.223333333333334
11.679166666666667
11.159583333333332
10.132916666666667
10.459583333333333
10.795416666666666
10.322916666666666
10.795416666666666
11.208333333333334
11.053333333333335
11.1925
10.927083333333334
11.537916666666668
12.247916666666667
12.579583333333332
12.712083333333332
13.294166666666667
13.16375
12.863750000000001
12.261666666666668
12.257916666666667
12.009166666666667
12.323749999999999
13.143333333333333
12.921666666666667
13.17125
13.532083333333333
13.71375
13.90375
13.829583333333332
14.059583333333334
14.244166666666667
14.447916666666666
14.630833333333333
14.559166666666668
14.21625
14.088333333333333
14.362916666666665
14.256666666666666
15.3125
15.529583333333333
14.872916666666667
14.72875
14.420416666666666
14.44
14.711666666666666
15.065833333333332
15.793750000000001
15.23375
15.62375
15.657499999999999
15.92375
16.399166666666666
16.340833333333332
17.0125
17.28375
16.892916666666668
16.809166666666666
16.60125
16.466666666666665
16.243750000000002
16.88625
16.96291666666667
16.868750000000002
17.13375
17.45958333333333
17.064583333333335
17.467916666666667
17.25875
17.787916666666668
18.106666666666666
17.527916666666666
18.22791666666667
18.28291666666667
17.885416666666668
17.647916666666667
17.75916666666667
17.768333333333334
18.135833333333334
17.655833333333334
17.59541666666667
17.59208333333333
17.960416666666667
18.159166666666668
18.919166666666666
18.838333333333335
19.339166666666667
19.745833333333334
18.90375
18.52208333333333
18.313333333333333
19.10125
19.512083333333333
19.47875
19.180833333333332
19.085416666666667
18.998749999999998
18.845833333333335
18.550416666666667
18.69625
19.26
18.852083333333333
18.959166666666665
18.545416666666664
18.707916666666666
19.229583333333334
18.79
18.975
18.38375
18.200833333333332
19.134583333333335
18.3675
18.872083333333332
18.674166666666668
18.355
17.652916666666666
18.328333333333333
18.487083333333334
18.18916666666667
17.85375
18.10125
18.358333333333334
17.932083333333335
17.486666666666668
18.298750000000002
17.774583333333332
17.39375
17.157500000000002
17.2
16.543333333333333
16.27125
16.3025
16.946250000000003
16.923333333333336
17.157083333333333
17.49416666666667
16.59375
16.453333333333333
16.639583333333334
16.522916666666667
17.075833333333332
17.1725
16.344166666666666
16.070833333333333
15.628333333333332
15.809583333333334
15.628333333333332
14.880833333333333
15.46625
15.460416666666667
15.688749999999999
15.32875
15.254583333333334
15.028333333333334
14.356666666666667
14.396666666666667
14.123750000000001
14.573749999999999
14.667916666666665
14.46125
14.793333333333335
14.289565217391305
13.790869565217392
13.632608695652175
12.951739130434783
13.447826086956523
12.730869565217391
12.673913043478262
13.119130434782608
13.21391304347826
13.528260869565216
12.697826086956523
12.740434782608697
12.756521739130434
12.284782608695652
11.991304347826087
12.276521739130436
11.509130434782607
11.768695652173914
11.41
11.406956521739131
11.75695652173913
11.275217391304347
11.901304347826088
12.026521739130436
12.1
11.526521739130436
11.317391304347826
11.221304347826088
11.10695652173913
11.269130434782609
11.072608695652173
10.507826086956522
10.287826086956523
9.796521739130435
9.076521739130435
9.11
9.028260869565218
8.866521739130436
8.68695652173913
8.536521739130436
9.246956521739131
9.43391304347826
8.958695652173914
8.906521739130435
8.413478260869566
8.391304347826088
8.065652173913042
7.880434782608695
7.855652173913044
7.2708695652173905
7.084782608695652
7.310434782608695
7.607391304347826
6.804347826086956
7.076956521739131
7.03608695652174
6.939130434782609
6.960869565217391
7.06391304347826
6.67608695652174
6.5660869565217395
6.488695652173914
6.212608695652174
5.863478260869565
5.83
6.516521739130434
6.458260869565217
5.942608695652174
5.7873913043478264
5.2073913043478255
5.353478260869565
5.149130434782609
5.614347826086957
5.193043478260869
5.305217391304348
5.715217391304347
5.138260869565218
4.80304347826087
4.532173913043478
4.5578260869565215
4.93
5.976086956521739
6.294347826086957
7.134782608695652
7.0260869565217385
5.536521739130435
5.638260869565218
5.116086956521739
4.440869565217391
5.0117391304347825
5.506521739130435
5.404347826086957
