temperature
3.4553846153846157
3.435769230769231
3.255769230769231
3.573846153846154
4.301923076923076
3.6507692307692308
3.602692307692308
4.15423076923077
4.540384615384616
4.353461538461539
3.3276923076923075
2.960769230769231
3.168461538461538
3.8319230769230765
3.920384615384615
3.508846153846154
2.582692307692308
3.0153846153846158
3.211153846153846
3.5788461538461536
4.447307692307692
4.1911538461538465
4.288076923076923
3.846538461538462
3.671923076923077
3.2607692307692306
3.314230769230769
3.438076923076923
3.458076923076923
2.741923076923077
3.2638461538461536
3.1907692307692304
3.3826923076923077
3.8611538461538464
3.8234615384615385
4.592307692307693
4.6534615384615385
4.014615384615384
3.5984615384615384
3.1273076923076926
3.008846153846154
3.2465384615384614
2.943076923076923
2.329230769230769
2.0676923076923077
2.2034615384615384
2.496923076923077
3.076923076923077
3.0134615384615384
2.677692307692308
2.9334615384615383
3.3115384615384613
3.588461538461538
4.155
3.9057692307692307
3.6434615384615388
3.624615384615385
4.333461538461538
4.469615384615384
4.743461538461538
5.163846153846153
4.631538461538462
4.475384615384615
5.246153846153846
5.507692307692308
5.698076923076924
5.827307692307692
5.53423076923077
6.3342307692307696
5.9484615384615385
5.95423076923077
5.570769230769231
5.562307692307693
5.4788461538461535
5.765000000000001
6.108076923076923
6.632307692307692
5.774615384615384
5.92
6.078461538461538
5.890769230769231
6.698846153846153
6.842307692307693
6.499615384615385
6.393076923076923
5.900384615384615
6.0273076923076925
6.195769230769231
6.34
7.538461538461538
7.298076923076923
6.7519230769230765
6.157307692307692
5.7057692307692305
6.505
6.907307692307692
6.990384615384615
6.2288461538461535
6.82923076923077
7.822307692307692
7.641923076923077
7.8161538461538465
7.380384615384615
7.581538461538462
8.266153846153845
8.487692307692308
7.823076923076924
7.841153846153846
8.623076923076923
8.15846153846154
8.825384615384616
9.668076923076923
8.483076923076924
8.322307692307692
8.43
8.429615384615385
8.315
8.76923076923077
8.842692307692307
9.455384615384615
8.908846153846154
9.369615384615384
9.112692307692308
9.132692307692308
9.634615384615385
9.925
10.495000000000001
10.382692307692308
10.370000000000001
10.468461538461538
10.217692307692309
10.741153846153846
10.565
10.75423076923077
11.324615384615385
11.168846153846154
10.656153846153845
10.943076923076923
11.301538461538463
12.014615384615384
11.434615384615386
12.026538461538461
12.038076923076924
12.371538461538462
12.011153846153848
12.396153846153847
11.880384615384616
11.645384615384614
12.39423076923077
12.197692307692307
12.821153846153846
13.323846153846155
13.067692307692308
12.826923076923077
13.014999999999999
13.357307692307693
13.363461538461538
13.601923076923075
13.708846153846155
13.390384615384615
13.311538461538463
13.449615384615385
13.303076923076922
13.82346153846154
13.616538461538463
13.491538461538461
14.373846153846152
13.748076923076923
14.28
14.496923076923078
14.502692307692307
14.346538461538461
14.085769230769232
14.149999999999999
14.54423076923077
14.966923076923077
15.303846153846154
15.158846153846154
15.159615384615384
15.121923076923078
15.588461538461539
15.743461538461538
15.505384615384616
15.496923076923078
16.456153846153846
16.313076923076924
16.532692307692308
16.62423076923077
17.138076923076923
16.395
16.458846153846153
16.802692307692308
16.42153846153846
16.93307692307692
17.107307692307693
16.616153846153846
16.140384615384615
16.087692307692308
16.10076923076923
16.871153846153845
16.701153846153847
16.549230769230768
16.564615384615387
16.507692307692306
16.302692307692308
16.760384615384616
16.977307692307694
17.209615384615383
17.293076923076924
17.657692307692308
17.986923076923077
17.313076923076924
16.644615384615385
17.050384615384615
17.18769230769231
16.781153846153845
16.530384615384616
16.625384615384615
16.46076923076923
16.713846153846156
16.695
16.398076923076925
16.573846153846155
16.453846153846154
16.75807692307692
17.383846153846154
17.282692307692308
16.627307692307692
16.213076923076922
16.378846153846155
17.0
16.888076923076923
16.97153846153846
15.914615384615384
15.413461538461538
15.428076923076922
15.799615384615386
15.479615384615386
15.046923076923077
15.557692307692308
15.673076923076923
15.214230769230769
14.970769230769232
15.100769230769231
15.008461538461539
14.729615384615386
14.912692307692309
14.553076923076922
14.065
14.855384615384615
14.900769230769232
14.938846153846153
14.13076923076923
13.953076923076923
13.787692307692309
13.165384615384616
13.220384615384615
13.316153846153847
13.778076923076924
13.572692307692307
13.616153846153848
12.985384615384616
13.37076923076923
13.444230769230769
13.008846153846154
13.441153846153846
12.669615384615385
12.532307692307691
12.735384615384616
12.424615384615386
12.660769230769231
12.983846153846153
12.481538461538461
12.093076923076923
12.116923076923078
11.877692307692307
11.87846153846154
11.65846153846154
11.679615384615385
11.020384615384614
11.766538461538461
12.007307692307693
11.569230769230769
11.290000000000001
11.46653846153846
10.489615384615385
9.948076923076922
10.021923076923077
9.456923076923077
9.896538461538462
10.033076923076923
9.938846153846155
9.243846153846153
8.98076923076923
9.2
9.456538461538461
9.663846153846153
9.622692307692308
9.321153846153846
9.11576923076923
8.739230769230769
8.617307692307692
9.102692307692308
8.98576923076923
8.786538461538461
8.778846153846153
8.140384615384615
7.8161538461538465
7.201923076923077
7.076538461538462
8.153846153846153
8.007692307692308
7.5903846153846155
8.07
7.211538461538462
6.553076923076923
6.285384615384616
6.019230769230769
6.216538461538462
5.889230769230769
6.111923076923077
6.319999999999999
5.570384615384616
5.092692307692308
5.291923076923077
5.657692307692307
6.0138461538461545
5.795000000000001
5.924615384615384
5.130384615384615
4.693461538461539
4.1534615384615385
3.9273076923076924
4.741923076923078
5.151538461538461
5.807307692307693
5.673461538461538
5.688076923076924
5.268461538461538
4.557307692307692
4.696538461538461
4.240769230769231
3.8561538461538465
4.04
3.9038461538461537
4.268461538461539
4.359615384615385
4.3234615384615385
4.812692307692307
4.640769230769231
4.649230769230769
4.5442307692307695
4.8076923076923075
4.990769230769231
5.060769230769231
4.479230769230769
4.396538461538461
4.4496153846153845
4.432307692307692
4.808076923076923
4.624615384615384
4.656538461538461
4.0407692307692304
3.2249999999999996
3.253076923076923
