temperature
2.141363636363636
1.9177272727272727
2.4918181818181817
2.022727272727273
1.9854545454545454
2.1986363636363637
1.8554545454545455
1.7409090909090912
2.1572727272727272
2.5890909090909093
2.8786363636363634
2.641363636363636
1.9645454545454546
2.473181818181818
2.5045454545454544
1.7422727272727272
1.731818181818182
1.9104545454545454
1.3499999999999999
1.6122727272727273
2.2018181818181817
2.5845454545454545
2.700909090909091
3.252272727272727
3.145
2.7268181818181816
2.2554545454545454
2.4149999999999996
1.622272727272727
1.5381818181818183
1.531818181818182
1.4445454545454546
2.055
2.2586363636363633
1.9200000000000002
1.7877272727272726
1.5731818181818182
1.6977272727272728
1.5327272727272727
1.231818181818182
1.1218181818181818
1.5786363636363634
1.9522727272727274
2.314090909090909
2.9454545454545453
3.3677272727272727
3.621818181818182
3.147272727272727
2.3636363636363638
2.972727272727273
3.0645454545454545
2.873181818181818
2.643181818181818
2.440454545454546
2.1522727272727273
2.7899999999999996
2.473181818181818
2.3831818181818183
2.0777272727272726
1.9386363636363635
1.7068181818181818
2.098181818181818
2.005
2.7677272727272726
3.387272727272727
3.671818181818182
3.605
3.2418181818181817
3.2504545454545455
3.3863636363636362
3.272272727272727
3.848181818181818
4.11090909090909
4.121818181818182
4.068636363636364
4.175454545454546
4.368636363636363
4.568636363636364
4.09
4.425454545454546
4.348181818181818
4.292272727272728
4.710454545454545
4.963636363636364
4.917727272727273
5.043181818181818
4.961363636363637
4.3109090909090915
4.307727272727273
4.302727272727273
4.551818181818182
5.223181818181818
5.2713636363636365
4.741818181818181
5.2263636363636365
5.3522727272727275
4.971818181818182
5.140454545454546
5.6440909090909095
5.96409090909091
5.579999999999999
5.266363636363637
5.970909090909092
6.017727272727272
6.702272727272727
6.448636363636364
5.734782608695652
6.217391304347826
6.4943478260869565
7.232608695652174
7.869565217391305
8.005217391304347
7.539130434782609
7.3478260869565215
6.854347826086957
6.318260869565217
6.23695652173913
6.3252173913043475
6.486521739130435
6.4799999999999995
6.51
6.829565217391304
6.90304347826087
7.78695652173913
7.776521739130436
7.555217391304348
7.794347826086957
8.419130434782609
8.541304347826086
8.418260869565218
7.615652173913043
8.011304347826087
8.01608695652174
8.32
8.68391304347826
8.15391304347826
8.557391304347826
8.70695652173913
9.302608695652173
9.259130434782609
8.860869565217392
8.622608695652174
9.046521739130435
9.307391304347826
9.29304347826087
9.242173913043478
9.666086956521738
9.778695652173912
9.858260869565218
10.20608695652174
11.483478260869566
11.886086956521739
11.239565217391304
10.654347826086957
10.239565217391304
10.031304347826087
10.538260869565217
11.247391304347826
11.494347826086956
11.468695652173915
11.709999999999999
10.592173913043478
10.335652173913044
10.17695652173913
10.80913043478261
11.124782608695652
11.391739130434782
11.13695652173913
11.065652173913042
10.871304347826086
10.915217391304349
11.254347826086958
11.851739130434783
11.661304347826086
11.221739130434784
11.319130434782608
12.153478260869564
12.738260869565218
13.131304347826086
12.507826086956522
12.742173913043478
13.11608695652174
12.591739130434783
12.890434782608697
12.832173913043478
12.67782608695652
12.229565217391302
12.182173913043478
11.781739130434783
12.448260869565217
12.572608695652175
12.391304347826088
11.714782608695652
12.354347826086956
12.501304347826085
12.768260869565218
13.60304347826087
13.22086956521739
13.394782608695651
13.19217391304348
12.97391304347826
12.99608695652174
13.72304347826087
14.268260869565218
13.729130434782608
13.851304347826087
14.10478260869565
13.966956521739132
13.200434782608696
13.095652173913043
12.868695652173914
13.038695652173912
13.447391304347827
13.402608695652173
13.822608695652175
13.264347826086956
13.39782608695652
13.451739130434783
12.919130434782607
12.894347826086957
12.68913043478261
12.601304347826087
12.545217391304348
13.027826086956521
12.959565217391305
13.17478260869565
12.418260869565218
12.664347826086958
12.906521739130437
12.414782608695653
12.41
12.525217391304347
12.891739130434782
12.53217391304348
12.404347826086957
12.086521739130434
11.960869565217392
11.981739130434782
11.722173913043479
11.581739130434782
11.429565217391303
11.208695652173914
11.086521739130434
11.523043478260869
12.02913043478261
11.90608695652174
12.208260869565219
11.861304347826087
11.48
11.240434782608695
11.816956521739131
11.40304347826087
11.88304347826087
12.152608695652173
11.578695652173913
11.31086956521739
10.534782608695652
10.279565217391305
10.512608695652174
10.211304347826088
10.381739130434783
10.231739130434784
10.975652173913044
10.950869565217392
9.983478260869566
9.98304347826087
10.242173913043478
10.06304347826087
9.734347826086957
9.94608695652174
10.045217391304348
9.44304347826087
9.369565217391305
8.86
8.939545454545454
8.488636363636363
8.31090909090909
8.67909090909091
8.730909090909092
9.086363636363636
8.986363636363636
8.229090909090909
8.33
7.901363636363637
7.982727272727273
8.563181818181818
8.36
7.676818181818181
7.080454545454546
7.1827272727272735
7.048636363636363
6.871818181818182
7.049545454545455
7.061818181818182
6.97
7.364090909090908
6.705454545454546
6.564545454545454
6.695454545454546
7.002727272727273
6.618636363636363
6.079999999999999
6.759090909090909
6.578636363636363
6.022272727272727
6.206818181818182
5.643636363636364
5.409090909090909
5.317727272727273
5.883636363636364
4.992727272727273
4.646818181818182
4.8140909090909085
4.931818181818182
5.016363636363637
4.642272727272727
4.653636363636363
5.824090909090909
5.62
4.675
4.418181818181818
4.333636363636364
4.209545454545455
3.799090909090909
2.910909090909091
2.9704545454545452
3.887272727272727
3.5749999999999997
3.235454545454545
4.077727272727272
3.3854545454545457
3.002727272727273
2.533181818181818
2.6636363636363636
2.454090909090909
3.35
2.903636363636364
3.0527272727272727
2.695
2.402727272727273
2.701363636363636
3.1963636363636367
3.840909090909091
3.5345454545454547
2.882727272727273
2.838181818181818
3.0645454545454545
3.2063636363636365
2.563181818181818
2.2972727272727274
2.0186363636363636
2.763181818181818
2.1245454545454545
2.639090909090909
2.015909090909091
2.662272727272727
3.3859090909090908
2.034090909090909
1.6627272727272726
1.8768181818181817
1.4813636363636362
1.039090909090909
1.7177272727272728
2.1672727272727275
2.3245454545454547
