pet
0.5076923076923077
0.4511538461538462
0.41807692307692307
0.39961538461538465
0.4688461538461539
0.5076923076923078
0.5623076923076924
0.4834615384615385
0.48538461538461536
0.5042307692307693
0.6096153846153846
0.6169230769230769
0.5288461538461539
0.5334615384615384
0.6415384615384615
0.5615384615384615
0.48923076923076925
0.5915384615384616
0.6353846153846153
0.4957692307692308
0.5138461538461538
0.47692307692307695
0.48307692307692307
0.5457692307692308
0.5561538461538462
0.525
0.5703846153846154
0.6203846153846153
0.5984615384615385
0.5907692307692307
0.6153846153846154
0.6261538461538462
0.6265384615384615
0.5700000000000001
0.6519230769230769
0.6296153846153847
0.5850000000000001
0.5980769230769231
0.5807692307692307
0.5523076923076923
0.5923076923076923
0.6807692307692308
0.6569230769230768
0.5642307692307692
0.7146153846153845
0.8007692307692308
0.7373076923076923
0.7684615384615385
0.7476923076923078
0.838076923076923
0.8519230769230769
0.89
0.8919230769230768
0.8353846153846154
0.7896153846153846
0.7884615384615384
0.7496153846153846
0.7776923076923077
0.7342307692307692
0.7673076923076922
0.8292307692307693
0.7092307692307693
0.6223076923076923
0.7311538461538463
0.9450000000000001
1.0407692307692307
1.166923076923077
1.2265384615384616
1.1992307692307693
1.21
1.0126923076923078
1.0234615384615384
1.2603846153846154
1.3857692307692309
1.271923076923077
1.316923076923077
1.1538461538461537
1.2653846153846153
1.2623076923076924
1.3134615384615385
1.3415384615384616
1.376923076923077
1.3884615384615384
1.5176923076923077
1.5307692307692307
1.5342307692307693
1.5584615384615386
1.5234615384615384
1.616923076923077
1.6984615384615387
1.72
1.7242307692307692
1.6449999999999998
1.6065384615384617
1.794230769230769
1.7669230769230768
1.5134615384615384
1.709230769230769
1.823076923076923
1.7323076923076923
1.7865384615384616
1.8673076923076921
1.876923076923077
1.9734615384615386
1.9280769230769232
1.9526923076923075
2.0046153846153847
1.8699999999999999
1.8976923076923078
2.1934615384615386
2.528461538461538
2.418076923076923
2.487692307692308
2.5261538461538464
2.291923076923077
2.0846153846153848
2.1953846153846155
2.1503846153846156
1.9723076923076923
2.0773076923076923
2.2219230769230767
2.4457692307692307
2.4842307692307695
2.3642307692307694
2.4692307692307693
2.4753846153846153
2.7053846153846157
2.7342307692307695
2.724615384615385
2.879230769230769
2.667692307692308
2.615769230769231
2.5034615384615386
2.531538461538462
2.761923076923077
2.6996153846153845
2.6253846153846156
2.5446153846153843
2.5957692307692306
2.5676923076923077
2.77
2.713461538461538
2.6823076923076923
2.6884615384615382
2.801153846153846
2.850769230769231
2.8603846153846155
2.8419230769230768
2.9326923076923075
3.063076923076923
2.9588461538461535
3.102307692307692
2.8303846153846157
2.781538461538461
2.5992307692307692
2.621153846153846
2.637307692307692
2.5415384615384613
2.5573076923076923
2.69
2.766153846153846
2.5957692307692306
2.5615384615384613
2.56
2.6315384615384616
2.560769230769231
2.868846153846154
2.9292307692307693
2.94
2.840384615384615
2.71
2.6538461538461537
2.6915384615384617
2.6726923076923077
2.7180769230769233
2.9057692307692307
2.9476923076923076
2.884230769230769
2.801153846153846
2.8046153846153845
2.8419230769230768
2.7849999999999997
2.7803846153846155
2.826923076923077
2.69
2.6599999999999997
2.6696153846153843
2.7415384615384615
2.8042307692307693
2.911153846153846
2.8957692307692304
2.7757692307692308
2.789230769230769
2.6196153846153845
2.8469230769230767
2.765
2.7842307692307693
2.865769230769231
3.036538461538462
3.058076923076923
2.784615384615385
2.6530769230769233
2.744230769230769
2.792692307692308
2.7930769230769235
2.9546153846153844
2.7800000000000002
2.5953846153846154
2.620769230769231
2.5430769230769235
2.401923076923077
2.426923076923077
2.6046153846153848
2.6169230769230767
2.605769230769231
2.4646153846153847
2.5373076923076923
2.453076923076923
2.3076923076923075
2.5676923076923077
2.4080769230769232
2.436923076923077
2.509230769230769
2.4038461538461537
2.5507692307692307
2.385
2.2615384615384615
2.2453846153846153
2.2296153846153848
2.1384615384615384
2.2015384615384614
2.1696153846153843
2.215
2.273076923076923
2.213846153846154
2.0534615384615384
2.191923076923077
2.041923076923077
1.919230769230769
1.893076923076923
1.8007692307692307
1.8942307692307692
1.7342307692307695
1.811923076923077
2.066538461538461
1.9765384615384616
2.038846153846154
2.0300000000000002
1.96
1.9257692307692307
1.923846153846154
1.9176923076923076
2.0300000000000002
1.91
1.8023076923076924
1.6423076923076925
1.5819230769230768
1.6534615384615385
1.5592307692307692
1.5492307692307692
1.5176923076923077
1.6696153846153847
1.6423076923076925
1.6165384615384615
1.583846153846154
1.4765384615384616
1.331923076923077
1.3423076923076922
1.3576923076923075
1.3534615384615383
1.3919230769230768
1.4903846153846154
1.573846153846154
1.3573076923076923
1.2742307692307693
1.231153846153846
1.1673076923076924
1.2496153846153848
1.1003846153846153
1.1142307692307691
1.2903846153846152
1.1611538461538462
1.256153846153846
1.0123076923076924
1.0523076923076924
1.156923076923077
0.985
1.081923076923077
0.981923076923077
0.9030769230769231
0.9826923076923078
0.8176923076923076
0.8857692307692309
0.9184615384615384
0.8526923076923076
1.013076923076923
1.0353846153846153
1.0169230769230768
1.013076923076923
0.9773076923076923
1.0384615384615385
0.996923076923077
1.0161538461538462
0.9750000000000001
0.8623076923076923
0.8142307692307693
0.7003846153846154
0.7526923076923077
0.768076923076923
0.7015384615384614
0.62
0.6799999999999999
0.6784615384615384
0.7361538461538462
0.6942307692307692
0.6069230769230769
0.5938461538461539
0.621923076923077
0.6823076923076924
0.5615384615384615
0.6526923076923077
0.5773076923076923
0.5553846153846154
0.5403846153846155
0.5023076923076923
0.45961538461538465
0.4761538461538461
0.4803846153846154
0.5219230769230769
0.5246153846153846
0.5457692307692308
0.541923076923077
0.5407692307692308
0.5080769230769231
0.4238461538461538
0.4407692307692308
0.3807692307692308
0.40923076923076923
0.5003846153846154
0.5534615384615384
0.47576923076923083
0.4584615384615385
0.46115384615384614
0.47384615384615386
0.43192307692307697
0.49653846153846154
0.4346153846153846
0.4407692307692308
0.4238461538461538
0.42500000000000004
0.39576923076923076
0.45615384615384613
0.3780769230769231
0.49653846153846154
0.6234615384615385
0.6015384615384616
0.7103846153846154
0.5973076923076923
0.48576923076923073
0.535
0.47384615384615386
0.385
0.6084615384615385
0.5857692307692308
0.5557692307692308
