temperature
2.495263157894737
2.4963157894736843
2.418421052631579
2.1721052631578948
2.2989473684210524
2.694736842105263
2.613157894736842
1.763157894736842
2.2142105263157896
3.312105263157895
3.1173684210526313
2.857894736842105
2.3126315789473684
2.6589473684210523
3.3236842105263156
2.2742105263157897
2.1857894736842107
2.5357894736842104
2.174736842105263
1.571578947368421
1.9589473684210525
2.0126315789473685
2.194736842105263
2.9873684210526315
2.924736842105263
2.9415789473684213
2.4857894736842105
2.2189473684210523
1.6042105263157895
1.773157894736842
2.2863157894736843
2.212105263157895
2.236842105263158
2.4942105263157894
2.650526315789474
2.0968421052631583
1.8663157894736842
1.666842105263158
1.7926315789473686
1.4605263157894737
1.0394736842105263
1.7157894736842105
2.6494736842105264
2.6094736842105264
3.110526315789474
3.5973684210526313
3.5294736842105263
2.926842105263158
2.65
3.4231578947368426
3.142105263157895
3.350526315789474
3.2678947368421056
3.0057894736842106
2.7042105263157894
3.148421052631579
2.5442105263157893
2.6326315789473687
2.1526315789473682
1.9431578947368422
2.0626315789473684
1.7421052631578948
2.1089473684210525
2.3257894736842104
2.8531578947368423
3.028421052631579
3.304736842105263
3.396315789473684
3.438421052631579
3.3278947368421052
3.2726315789473683
3.655263157894737
4.42421052631579
4.713684210526316
4.200526315789474
4.204210526315789
4.031052631578947
4.267894736842106
3.6994736842105267
4.437894736842105
4.371052631578947
3.904736842105263
4.43
5.08578947368421
5.30157894736842
5.504736842105263
4.747368421052632
5.058947368421053
4.621052631578947
4.792631578947368
4.4045000000000005
5.199
5.2325
4.989
5.4545
5.404
4.326
5.337999999999999
5.542
5.6015
5.7035
5.807
6.113
6.5025
6.535500000000001
6.229
6.0945
6.2490000000000006
6.87
7.327
7.561
8.041
7.987
7.766500000000001
7.0745000000000005
6.3875
6.602500000000001
6.658499999999999
6.9455
6.952
6.959999999999999
7.178
7.1450000000000005
8.006499999999999
7.5725
7.5665
8.2595
8.1605
8.244499999999999
8.8395
8.159
8.523
8.138
7.922
8.8125
8.313500000000001
9.131
8.4575
9.401
8.9645
9.2055
8.966
9.183
9.6935
10.059000000000001
10.27
9.953
10.318000000000001
10.4515
10.798
11.592
12.2035
11.961
11.5715
10.858
10.725999999999999
11.2875
12.1095
11.811
11.9885
12.0595
11.4075
11.4465
10.723
11.297
11.7285
12.254999999999999
12.2805
11.725
11.229000000000001
11.748000000000001
11.433
11.8865
12.138
11.8565
12.054
12.858
12.6975
12.7985
12.7345
12.849
12.868500000000001
12.503499999999999
12.9305
12.819999999999999
12.426
12.557
12.61
12.6505
12.9465
13.399000000000001
13.39
12.634
12.2975
13.175999999999998
13.556000000000001
13.8285
14.073500000000001
14.375
14.197999999999999
13.6
13.203
14.1865
13.98
13.872
14.14
13.684000000000001
13.206999999999999
12.78
12.7815
12.8375
12.605
13.056000000000001
13.355
13.581
13.253499999999999
13.4185
12.8225
12.562000000000001
13.1125
13.363499999999998
13.062000000000001
12.8
13.1065
13.5305
13.288999999999998
12.903
12.959999999999999
12.899000000000001
12.619499999999999
12.608
12.9475
12.705
12.9235
12.6765
11.898
12.5915
11.763
12.051
11.7395
11.2355
11.397
11.575
11.5235
12.161
12.121
12.120999999999999
12.337
11.3735
11.6325
12.204
11.7445
11.9675
11.731
11.166
11.374500000000001
10.4875
10.593
10.3545
9.9625
10.675
10.754000000000001
10.6295
10.934999999999999
10.547
9.8305
9.894
9.9815
9.7405
9.405
10.397
9.925
9.6995
8.99421052631579
8.93421052631579
8.683684210526316
8.142105263157895
8.728947368421052
8.570526315789474
9.089473684210526
9.427368421052632
8.63578947368421
8.666842105263157
8.530526315789473
8.722105263157895
8.342631578947367
8.171052631578947
7.64421052631579
7.830526315789474
7.6089473684210525
7.730526315789473
7.605263157894737
7.3373684210526315
7.882105263157894
7.628947368421052
7.437368421052632
7.351052631578947
7.2436842105263155
7.361052631578946
7.690526315789474
6.929473684210526
6.313684210526316
7.289999999999999
7.112631578947368
6.5131578947368425
6.258421052631578
5.852631578947369
5.99
5.787894736842105
6.186842105263158
5.664736842105263
5.511052631578948
5.442105263157895
5.978947368421053
5.669473684210526
5.402631578947369
5.51
5.938421052631579
6.117894736842105
5.314736842105264
5.276315789473684
5.061578947368421
4.6421052631578945
4.053684210526316
3.4931578947368425
3.1721052631578943
3.84421052631579
3.8973684210526316
3.395263157894737
3.9105263157894736
3.464210526315789
3.079473684210526
2.590526315789474
2.5031578947368422
2.9573684210526316
3.075789473684211
2.6010526315789475
3.248421052631579
3.099473684210526
2.998421052631579
2.834736842105263
3.044736842105263
3.8289473684210527
3.689473684210526
2.8531578947368423
2.8289473684210527
3.0073684210526315
3.166842105263158
3.3905263157894736
3.244736842105263
2.88
2.674736842105263
2.8563157894736846
2.84
2.8142105263157893
3.568421052631579
3.939473684210526
2.7789473684210524
2.567894736842105
2.6184210526315788
2.4294736842105267
2.4694736842105263
3.1521052631578947
3.6189473684210527
3.668421052631579
