temperature
2.3465384615384615
2.166923076923077
2.164615384615385
3.188076923076923
3.2976923076923077
2.4492307692307693
2.6592307692307693
3.0076923076923077
2.975769230769231
2.397307692307692
1.7465384615384614
1.2284615384615383
1.6965384615384616
2.457307692307692
2.272307692307692
1.8465384615384615
1.5946153846153845
1.8392307692307692
2.336923076923077
2.63
2.7280769230769235
2.5261538461538464
2.328076923076923
2.6350000000000002
2.159615384615385
2.007307692307692
1.7834615384615384
2.0615384615384618
1.7999999999999998
1.21
1.685
1.8469230769230771
2.5688461538461533
2.647307692307692
2.5973076923076923
2.9284615384615384
2.5561538461538458
2.4223076923076925
2.016923076923077
1.8192307692307692
1.231153846153846
1.5607692307692307
1.4484615384615387
0.666923076923077
0.566923076923077
0.6857692307692307
0.9726923076923076
1.4626923076923077
1.0484615384615383
1.251923076923077
1.0507692307692307
1.6684615384615387
2.1546153846153846
2.106153846153846
1.8434615384615385
1.7315384615384615
2.166153846153846
2.302692307692308
2.3026923076923076
2.588461538461538
2.757307692307692
2.5292307692307694
2.7199999999999998
3.460384615384615
3.883846153846154
3.5796153846153844
3.2869230769230766
3.4915384615384615
3.883846153846154
3.8230769230769233
3.878846153846154
3.6003846153846153
3.055769230769231
3.1723076923076925
3.1134615384615385
3.2269230769230766
3.3907692307692305
2.983846153846154
3.083076923076923
3.016153846153846
3.211153846153846
3.777307692307692
3.8015384615384615
3.8246153846153845
3.781538461538461
3.548076923076923
3.518076923076923
4.153076923076923
4.364230769230769
4.634615384615385
4.311923076923077
3.2780769230769233
3.450384615384615
3.8561538461538465
3.9846153846153842
4.395384615384615
4.3561538461538465
3.776153846153846
4.472307692307693
5.131153846153846
5.551153846153847
5.448076923076924
4.851153846153846
5.5307692307692315
6.251153846153846
6.1534615384615385
5.892307692307692
6.350769230769231
5.661153846153846
5.893846153846154
6.438076923076922
6.57423076923077
6.064230769230769
6.215
6.108846153846154
6.337307692307693
6.2457692307692305
6.464230769230769
6.846153846153846
6.673076923076923
6.0746153846153845
6.411153846153846
6.774230769230769
6.970769230769231
7.3380769230769225
7.771538461538461
8.098076923076924
7.519230769230769
7.0284615384615385
7.6596153846153845
8.049615384615384
8.131923076923076
8.22423076923077
8.37346153846154
8.42423076923077
7.783461538461538
8.415
8.301153846153847
9.013461538461538
9.377307692307692
9.166153846153845
9.53076923076923
9.539615384615384
10.142307692307693
9.595384615384615
9.904615384615385
9.493846153846153
9.295384615384616
9.883076923076922
9.388076923076923
9.969615384615384
10.406538461538462
10.103461538461538
10.322307692307692
10.038461538461538
10.366538461538461
10.194230769230769
10.293846153846154
10.570769230769232
10.620384615384616
10.403076923076924
10.638076923076925
10.378846153846155
10.144615384615385
10.195
11.096923076923076
11.536538461538461
11.282307692307691
11.52
11.516153846153847
11.661538461538461
11.319230769230769
11.503076923076922
11.59153846153846
11.547692307692309
11.80923076923077
11.993076923076924
11.778076923076924
12.23576923076923
12.326538461538462
12.539615384615384
12.302307692307693
12.652692307692309
13.042307692307693
13.405384615384616
13.211538461538462
13.019615384615385
13.751538461538463
13.530384615384616
13.68423076923077
13.593076923076923
13.673076923076923
13.51923076923077
13.863461538461538
13.541538461538462
13.538076923076924
13.038461538461538
12.731538461538461
12.978461538461538
13.639615384615384
13.653076923076924
13.333076923076923
13.166538461538462
13.454230769230769
13.302692307692308
13.963461538461539
13.974615384615383
13.834999999999999
13.913076923076924
14.031923076923077
14.33
12.971923076923076
13.158846153846154
13.623846153846156
13.450769230769229
13.241923076923078
13.135384615384615
12.97
12.330769230769231
13.099230769230768
12.631923076923076
13.106538461538461
13.38923076923077
12.967692307692309
13.231153846153846
13.438461538461537
13.216153846153846
12.665
12.891153846153847
13.130384615384616
13.551923076923078
13.91576923076923
13.719999999999999
13.008461538461537
12.934615384615386
12.882307692307693
12.821153846153846
12.303076923076922
12.294230769230769
12.793461538461539
12.541923076923078
12.133076923076922
12.356538461538461
11.806153846153846
11.917307692307693
11.497307692307693
11.529230769230768
11.202307692307691
11.211923076923076
12.023846153846154
11.547307692307694
11.486153846153845
10.492307692307692
10.429615384615385
10.386538461538462
10.327307692307691
10.12423076923077
10.068076923076923
11.020384615384614
10.59423076923077
10.174615384615386
10.491153846153846
10.284230769230769
10.197692307692307
10.041923076923077
10.390769230769232
9.651153846153846
9.538846153846153
9.328846153846154
9.779615384615385
10.06
9.765
9.663076923076924
9.426538461538462
9.622307692307693
9.287307692307692
8.848461538461539
8.935384615384615
9.033076923076923
8.752692307692307
9.318461538461538
9.176923076923076
8.043076923076923
8.315384615384614
8.258076923076924
7.563461538461539
7.635
7.302692307692308
7.202692307692307
6.960384615384616
7.541538461538461
7.2942307692307695
6.826538461538462
6.650384615384615
6.809615384615385
7.221923076923077
7.026923076923077
7.352692307692308
6.899230769230769
6.565769230769231
6.431153846153847
6.784230769230769
7.446923076923077
6.671923076923077
6.646923076923077
6.71
6.251923076923077
5.998076923076923
5.302692307692308
5.607692307692308
6.606923076923077
6.037307692307692
5.80576923076923
5.942692307692307
5.385384615384615
4.675
4.5576923076923075
4.481538461538461
4.596153846153846
4.221923076923077
4.4484615384615385
4.58
3.7284615384615383
3.7284615384615383
3.6765384615384615
4.322692307692308
4.601923076923077
4.4180769230769235
4.353846153846154
3.6873076923076926
3.3969230769230765
3.081153846153846
3.007307692307692
3.4269230769230767
3.9061538461538463
4.440769230769231
4.130769230769231
4.277692307692307
3.536153846153846
3.1142307692307694
2.8411538461538464
2.583076923076923
2.824230769230769
3.0107692307692306
2.786153846153846
3.3846153846153846
3.445
3.5546153846153845
3.7296153846153848
3.3615384615384616
2.7834615384615384
3.12
3.2976923076923077
3.3415384615384616
2.8834615384615385
2.637307692307692
3.0234615384615386
3.2223076923076923
3.2988461538461538
3.180769230769231
3.161153846153846
3.302692307692308
2.3873076923076924
2.203076923076923
2.445
