temperature
3.525384615384615
3.25
2.95
3.023846153846154
3.3649999999999998
3.274230769230769
3.7992307692307694
3.4765384615384614
3.3073076923076923
3.871153846153846
4.155
4.383846153846154
3.9092307692307693
3.5353846153846153
3.808846153846154
3.454615384615385
3.3734615384615383
3.6938461538461542
3.816923076923077
3.277307692307692
2.8411538461538464
2.959230769230769
3.0246153846153847
3.3065384615384614
3.8126923076923074
3.706153846153846
3.7396153846153846
3.917692307692308
3.4507692307692306
3.056923076923077
3.4196153846153843
3.671923076923077
3.4884615384615385
3.7096153846153848
4.481538461538461
4.186153846153847
3.403461538461538
3.342307692307692
3.4057692307692307
3.147307692307692
3.1257692307692304
3.81
4.056153846153847
3.491153846153846
4.037692307692308
4.717307692307693
4.201923076923077
4.55076923076923
4.116538461538462
4.348461538461539
4.636923076923077
4.913461538461538
4.5588461538461535
4.903846153846154
4.287692307692308
4.778846153846154
4.344615384615384
3.973076923076923
3.7265384615384614
3.769230769230769
3.8773076923076926
3.6246153846153844
3.4738461538461536
3.7534615384615386
4.373461538461539
5.189615384615385
5.3088461538461535
6.009615384615385
5.741153846153846
5.635769230769231
5.1984615384615385
5.16
6.253076923076923
6.577692307692308
6.375769230769231
6.299230769230769
5.658076923076924
5.878846153846154
5.578461538461538
5.924230769230769
5.917307692307692
6.208846153846154
6.369615384615385
6.695384615384615
6.66423076923077
6.464230769230769
6.9265384615384615
7.081538461538462
7.264230769230769
7.3442307692307685
7.010384615384615
6.956153846153847
7.193076923076924
6.843846153846154
7.234615384615385
7.174615384615384
6.210384615384616
7.1838461538461535
7.368846153846154
6.8623076923076916
6.947692307692308
6.891923076923077
7.290384615384616
7.720384615384615
7.733461538461539
7.765769230769231
7.803076923076923
7.623461538461539
7.599615384615385
8.48076923076923
9.225
9.687307692307693
9.627307692307692
9.741923076923076
9.02576923076923
8.453461538461537
8.831153846153846
8.506923076923076
8.326538461538462
8.933076923076923
9.334615384615384
9.336153846153847
9.593846153846155
9.512307692307692
9.739230769230769
9.60423076923077
10.538461538461538
10.416153846153845
10.807692307692308
11.116153846153846
10.406923076923077
10.209615384615384
10.399999999999999
10.204615384615384
11.127692307692307
10.876538461538463
10.922692307692309
11.158846153846154
11.631923076923076
11.460769230769232
11.538846153846153
11.47923076923077
11.778461538461539
11.580769230769231
11.883076923076922
11.837307692307691
12.102692307692308
11.998461538461537
12.14576923076923
12.251153846153844
12.938846153846155
13.856923076923076
13.55
12.938461538461537
12.308076923076923
12.645384615384614
12.630384615384616
12.97923076923077
13.128076923076922
13.60923076923077
13.435384615384615
13.203076923076924
13.081153846153846
13.43923076923077
13.370384615384616
13.56576923076923
14.537307692307694
14.53346153846154
14.608461538461539
14.205769230769231
13.908846153846154
13.766538461538461
14.128076923076922
14.535769230769231
14.370384615384616
14.375
14.920384615384616
14.31
14.40846153846154
14.81076923076923
14.628846153846155
15.110384615384616
15.303846153846154
15.00923076923077
15.18923076923077
15.415000000000001
15.267692307692307
15.294230769230769
15.306153846153846
15.302692307692308
15.475000000000001
15.105
15.105384615384615
14.771538461538462
15.128076923076922
15.54076923076923
16.04423076923077
16.10153846153846
16.75076923076923
16.759615384615383
15.853076923076923
15.234615384615385
15.978846153846153
16.333076923076923
15.966923076923077
16.644615384615385
16.278846153846153
16.08346153846154
15.927307692307693
15.85730769230769
15.588846153846154
15.689615384615385
16.070384615384615
16.148076923076925
16.261153846153846
15.877692307692307
15.817692307692308
16.202692307692306
15.87653846153846
16.118846153846157
16.146538461538462
15.585384615384616
16.313076923076924
15.766153846153847
15.923076923076923
15.977692307692308
15.446538461538463
15.359230769230768
15.411153846153846
15.373461538461537
15.408076923076923
15.239615384615385
15.22923076923077
15.668461538461539
15.506538461538462
14.649230769230769
14.947692307692307
14.380384615384616
14.473076923076924
14.136923076923077
13.741538461538461
13.941153846153846
13.708461538461538
13.851923076923075
14.910769230769231
14.17653846153846
14.596923076923076
14.649999999999999
14.098846153846154
14.008461538461537
14.084615384615384
13.979615384615386
14.18923076923077
13.983461538461539
13.423461538461538
13.098076923076924
13.149230769230769
13.141538461538461
12.568461538461538
12.37923076923077
12.734230769230768
12.973846153846154
12.94846153846154
12.822692307692307
12.613461538461538
12.343846153846155
11.979615384615386
12.211538461538462
11.903076923076924
12.14423076923077
12.492692307692307
12.285769230769231
12.272307692307692
11.49576923076923
10.753846153846155
10.775769230769232
10.43576923076923
10.875384615384615
10.274999999999999
10.475769230769231
11.07846153846154
10.593076923076923
10.881923076923076
10.23076923076923
10.354615384615386
10.403846153846153
10.011923076923077
9.886538461538462
9.785
9.168846153846154
9.351923076923077
9.114230769230769
8.853846153846153
9.351153846153846
9.01423076923077
9.048076923076923
9.285384615384615
9.170769230769231
8.705384615384615
8.988461538461538
8.650769230769232
8.265384615384615
8.595
8.487692307692308
8.457307692307692
8.168076923076923
7.671538461538462
7.331538461538462
7.417692307692308
7.094615384615385
7.045
6.643461538461538
6.554615384615384
7.179615384615385
6.991923076923077
6.889615384615384
6.475
6.466923076923076
7.21
6.38
6.242692307692308
5.816538461538461
5.4253846153846155
5.096923076923077
4.833076923076923
4.655
4.650384615384615
5.036153846153846
4.8003846153846155
5.366923076923077
5.093846153846154
4.837307692307692
4.701153846153846
4.656153846153846
4.213076923076923
4.342307692307692
4.098076923076923
4.170384615384615
4.648461538461539
4.598076923076923
4.3173076923076925
4.242307692307692
4.235
4.1753846153846155
3.9092307692307693
4.2942307692307695
3.8934615384615388
3.8892307692307693
4.107692307692307
3.875
3.2984615384615386
3.2234615384615384
3.39
3.1365384615384615
3.7576923076923077
4.368076923076923
4.91
4.639230769230769
3.891923076923077
3.691923076923077
3.315
3.0100000000000002
3.54
3.9196153846153843
3.8126923076923074
