temperature
4.502307692307692
4.022692307692308
3.647692307692308
3.5961538461538463
3.898076923076923
3.850769230769231
4.436153846153847
4.2773076923076925
4.064230769230769
4.396923076923077
4.719230769230769
4.987692307692308
4.598461538461539
4.102307692307692
4.331153846153846
3.926153846153846
3.8015384615384615
4.311538461538461
4.353076923076923
3.683076923076923
3.151923076923077
3.6265384615384617
3.71
3.698846153846154
4.245
4.1292307692307695
4.275
4.495384615384615
4.188461538461538
3.664615384615385
4.073076923076924
4.436538461538461
4.21
4.263076923076923
5.17076923076923
4.908461538461538
4.155769230769231
4.056153846153847
4.156153846153846
3.928076923076923
3.821153846153846
4.443461538461539
4.607692307692307
4.013076923076923
4.4946153846153845
5.419615384615384
4.873461538461539
5.217307692307693
4.701923076923077
5.136923076923077
5.635384615384615
5.740384615384615
5.4653846153846155
5.7288461538461535
5.2542307692307695
5.453846153846154
5.160384615384615
5.014615384615384
4.506153846153846
4.577692307692308
4.7688461538461535
4.58
4.559230769230769
4.828846153846154
5.363076923076923
6.122692307692308
6.2215384615384615
6.9715384615384615
6.679230769230769
6.6280769230769225
6.478461538461539
5.896538461538461
7.131923076923077
7.770384615384615
7.326538461538462
7.068846153846153
6.639615384615384
6.6196153846153845
6.467307692307693
6.783846153846154
6.585
6.9411538461538465
7.049230769230769
7.228076923076923
7.179230769230769
7.003076923076923
7.711538461538462
7.944615384615385
8.471153846153847
8.272692307692308
7.979230769230769
8.188846153846153
8.260769230769231
7.886153846153846
8.324615384615385
7.946923076923077
7.021538461538461
7.791923076923077
8.316153846153846
7.936538461538461
7.499230769230769
7.835
8.177692307692308
8.657692307692308
8.531153846153845
8.216153846153846
8.736538461538462
8.562692307692307
8.457307692307692
9.068846153846154
9.93576923076923
10.553846153846154
10.536538461538461
10.818846153846154
10.033846153846154
9.357307692307693
9.860000000000001
9.470769230769232
8.97423076923077
9.743846153846153
10.060384615384615
10.167307692307693
10.318846153846154
10.156923076923077
10.698461538461537
10.786538461538461
11.551923076923078
11.691923076923077
11.819230769230769
12.043076923076923
11.378846153846155
11.105
11.227692307692308
10.799615384615386
11.888076923076921
11.973846153846154
11.827307692307691
12.074615384615385
12.660384615384617
12.48653846153846
12.290000000000001
12.486153846153845
12.850384615384616
12.634615384615385
12.952692307692306
12.926923076923078
13.153076923076924
12.876153846153848
12.936538461538463
13.09769230769231
13.549615384615386
14.611153846153845
14.524999999999999
13.772307692307692
13.245384615384616
13.474230769230768
13.410384615384617
13.838076923076924
14.021153846153847
14.626153846153844
14.173461538461538
14.284999999999998
14.263076923076925
14.842692307692309
14.623846153846152
14.899230769230769
15.56
15.84423076923077
15.561153846153847
15.41
15.181153846153846
15.212307692307691
15.162307692307694
15.688846153846155
15.543846153846154
15.46923076923077
15.870000000000001
15.65230769230769
15.593461538461538
16.068846153846156
15.757307692307693
16.318846153846156
16.40346153846154
16.15576923076923
16.372692307692308
16.76076923076923
16.581923076923076
16.392692307692307
16.553846153846152
16.600384615384616
16.68153846153846
16.208076923076923
16.205000000000002
16.122692307692308
16.433846153846154
16.73423076923077
17.35076923076923
17.36346153846154
17.93846153846154
18.21923076923077
17.20423076923077
16.628461538461536
17.194615384615386
17.644615384615385
17.53576923076923
17.840769230769233
17.635384615384616
17.46076923076923
17.404615384615383
17.11076923076923
16.916153846153847
17.090769230769233
17.556153846153844
17.462307692307693
17.506923076923076
17.181538461538462
17.493076923076924
17.916923076923077
17.52346153846154
17.818846153846156
17.388846153846153
17.060384615384613
18.106153846153845
17.182307692307692
17.423461538461538
17.176153846153845
16.990384615384617
16.621538461538464
16.977307692307694
17.011923076923075
16.761153846153846
16.607692307692307
16.698846153846155
17.059615384615384
16.758846153846154
16.109615384615385
16.509615384615383
15.848076923076924
15.587692307692306
15.569230769230769
15.463461538461539
14.966153846153846
14.978461538461538
14.989615384615385
16.07730769230769
15.464615384615383
15.794615384615383
15.800384615384615
15.515769230769232
15.02346153846154
15.246153846153845
15.163461538461538
15.52076923076923
15.455384615384615
14.619615384615384
14.470384615384615
14.368076923076924
14.260384615384615
13.946153846153846
13.636153846153848
14.153461538461539
14.131923076923076
14.068461538461538
13.892307692307693
13.930384615384614
13.673076923076923
13.168846153846154
13.255384615384616
13.121538461538462
13.426923076923078
13.42
13.411538461538461
13.617307692307692
12.768461538461539
12.02730769230769
11.991923076923078
11.540000000000001
12.078846153846154
11.225769230769231
11.48923076923077
12.133461538461539
11.770384615384614
12.205384615384617
11.36076923076923
11.434615384615386
11.344615384615384
10.949615384615385
10.861923076923079
10.863846153846152
10.173076923076923
10.301923076923078
10.226153846153846
10.047692307692309
10.468461538461538
9.99923076923077
10.39423076923077
10.352692307692308
10.413461538461538
9.948846153846155
9.879999999999999
9.713461538461539
9.276153846153846
9.563461538461539
9.543461538461539
9.169230769230769
8.99076923076923
8.60576923076923
8.129999999999999
8.190384615384616
8.076153846153847
7.981538461538462
7.547692307692308
7.441923076923077
8.08576923076923
7.856538461538462
7.6173076923076914
7.36
7.092692307692308
7.699999999999999
6.92
6.9023076923076925
6.470769230769231
5.956538461538462
5.630384615384615
5.619615384615385
5.6450000000000005
5.256538461538461
5.761923076923077
5.652692307692307
6.057307692307693
5.970769230769231
5.5965384615384615
5.448076923076924
5.335
4.948846153846154
5.158846153846154
4.885
4.828461538461538
5.318461538461539
5.256923076923077
4.852692307692307
4.941923076923077
4.737307692307692
4.72
4.401538461538461
4.86
4.608076923076923
4.580384615384616
4.912692307692308
4.57923076923077
4.068076923076923
3.8415384615384616
3.789230769230769
3.8084615384615383
4.598076923076923
5.0346153846153845
5.731153846153846
5.583461538461538
4.648461538461539
4.584615384615384
4.203461538461538
3.530384615384615
4.07423076923077
4.734615384615385
4.426153846153846
