pet
0.5011538461538462
0.4703846153846154
0.39230769230769236
0.3915384615384615
0.4603846153846154
0.5165384615384615
0.591923076923077
0.4715384615384615
0.4673076923076923
0.575
0.6403846153846153
0.6019230769230769
0.5242307692307692
0.5130769230769231
0.578076923076923
0.5188461538461538
0.4746153846153846
0.5692307692307692
0.5988461538461538
0.46499999999999997
0.36615384615384616
0.46269230769230774
0.4803846153846154
0.5634615384615385
0.5623076923076923
0.6011538461538461
0.6530769230769231
0.6592307692307693
0.5676923076923077
0.5646153846153846
0.6726923076923078
0.6973076923076923
0.7046153846153846
0.663076923076923
0.7384615384615384
0.7192307692307692
0.5588461538461538
0.6519230769230769
0.6673076923076924
0.5846153846153845
0.54
0.7030769230769232
0.7365384615384616
0.5576923076923077
0.7307692307692307
0.8326923076923076
0.7446153846153846
0.8057692307692308
0.7569230769230769
0.8280769230769232
0.9173076923076924
0.948076923076923
0.9311538461538462
0.8903846153846153
0.7961538461538461
0.8876923076923078
0.7896153846153846
0.7265384615384616
0.7323076923076923
0.7673076923076922
0.7957692307692308
0.7030769230769232
0.6311538461538462
0.7530769230769232
0.9619230769230769
1.07
1.123076923076923
1.2223076923076923
1.1976923076923076
1.1592307692307693
1.0796153846153846
1.0942307692307691
1.3599999999999999
1.4519230769230769
1.4092307692307693
1.4057692307692307
1.1996153846153847
1.2423076923076921
1.2511538461538463
1.2965384615384616
1.268076923076923
1.3292307692307692
1.3803846153846153
1.4696153846153845
1.4484615384615382
1.3753846153846152
1.544230769230769
1.5746153846153845
1.668076923076923
1.7042307692307692
1.615
1.6449999999999998
1.7049999999999998
1.618846153846154
1.7246153846153847
1.665769230769231
1.4249999999999998
1.6946153846153846
1.7607692307692309
1.6415384615384616
1.7000000000000002
1.6315384615384616
1.8326923076923076
1.9246153846153846
1.863846153846154
1.8326923076923076
1.923846153846154
1.801153846153846
1.751923076923077
2.0323076923076924
2.271923076923077
2.3246153846153845
2.3392307692307694
2.4296153846153845
2.1926923076923077
2.026153846153846
2.0542307692307693
1.98
1.9930769230769232
2.1126923076923076
2.286923076923077
2.3288461538461536
2.4511538461538462
2.4323076923076923
2.4384615384615382
2.3565384615384617
2.660769230769231
2.5907692307692307
2.6515384615384616
2.7792307692307694
2.485
2.522692307692308
2.5353846153846153
2.4238461538461538
2.806923076923077
2.6926923076923077
2.649230769230769
2.6146153846153846
2.714230769230769
2.6726923076923077
2.7676923076923075
2.6538461538461537
2.688846153846154
2.620769230769231
2.7873076923076923
2.813076923076923
2.8484615384615384
2.805769230769231
2.799615384615384
2.918461538461538
3.0326923076923076
3.1580769230769232
2.8576923076923078
2.6550000000000002
2.5353846153846153
2.5219230769230765
2.4984615384615383
2.546923076923077
2.6223076923076927
2.713461538461538
2.691923076923077
2.589230769230769
2.54
2.599615384615385
2.646153846153846
2.6769230769230767
2.9665384615384616
2.8615384615384616
2.943076923076923
2.811923076923077
2.6792307692307693
2.605769230769231
2.6853846153846153
2.8303846153846157
2.7453846153846153
2.8007692307692307
3.0453846153846156
2.7126923076923077
2.7600000000000002
2.8611538461538464
2.753076923076923
2.8861538461538463
2.933076923076923
2.9057692307692307
2.838846153846154
2.973076923076923
2.855
2.8392307692307694
2.9038461538461537
2.9438461538461533
2.9296153846153845
2.8115384615384613
2.7453846153846153
2.5900000000000003
2.8003846153846155
2.8984615384615386
2.9326923076923075
2.923076923076923
3.273076923076923
3.1953846153846155
2.8457692307692306
2.678076923076923
2.8953846153846152
3.015
2.8338461538461535
3.038846153846154
2.8146153846153847
2.808076923076923
2.731923076923077
2.6542307692307694
2.5684615384615386
2.587307692307692
2.7780769230769233
2.7600000000000002
2.768076923076923
2.593461538461538
2.6107692307692307
2.662692307692308
2.574230769230769
2.694230769230769
2.631153846153846
2.4503846153846154
2.656538461538461
2.5715384615384616
2.5565384615384614
2.5280769230769233
2.2603846153846154
2.3257692307692306
2.2684615384615383
2.223076923076923
2.288846153846154
2.2546153846153847
2.2423076923076923
2.3623076923076924
2.208846153846154
1.9615384615384615
2.1365384615384615
1.9523076923076923
1.9453846153846153
1.8299999999999998
1.7592307692307694
1.816153846153846
1.7323076923076923
1.8192307692307692
2.1257692307692304
1.9246153846153846
2.104230769230769
2.060769230769231
1.9757692307692307
1.9138461538461538
1.9719230769230767
1.8523076923076922
2.0153846153846153
1.8888461538461538
1.77
1.6165384615384615
1.5684615384615386
1.6365384615384615
1.4823076923076923
1.488076923076923
1.5192307692307692
1.5846153846153848
1.5280769230769229
1.5896153846153847
1.4823076923076923
1.4473076923076924
1.3392307692307692
1.416923076923077
1.3534615384615383
1.3915384615384616
1.5307692307692307
1.4846153846153847
1.5623076923076922
1.3392307692307692
1.251923076923077
1.1896153846153845
1.153076923076923
1.1861538461538461
1.033076923076923
1.1592307692307693
1.2950000000000002
1.141923076923077
1.246923076923077
1.0711538461538461
1.1007692307692307
1.1523076923076923
1.0384615384615385
0.9976923076923078
0.9880769230769231
0.8188461538461538
0.9192307692307692
0.9011538461538462
0.8823076923076923
0.9592307692307691
0.8719230769230768
0.9607692307692308
1.041153846153846
0.9811538461538463
0.9680769230769232
1.0346153846153845
0.9680769230769231
0.8703846153846153
0.9988461538461538
0.9242307692307693
0.8653846153846154
0.8334615384615384
0.7380769230769231
0.7057692307692308
0.7661538461538462
0.6711538461538461
0.6269230769230769
0.6373076923076924
0.6461538461538462
0.7188461538461539
0.6519230769230769
0.6607692307692308
0.6092307692307692
0.6403846153846153
0.7692307692307693
0.6019230769230769
0.6403846153846153
0.5850000000000001
0.5211538461538462
0.49153846153846154
0.4730769230769231
0.38461538461538464
0.44307692307692303
0.4630769230769231
0.45038461538461544
0.5773076923076923
0.5296153846153846
0.5453846153846154
0.541923076923077
0.5265384615384615
0.4465384615384615
0.4803846153846154
0.4115384615384615
0.44269230769230766
0.58
0.5726923076923077
0.4880769230769231
0.4857692307692308
0.4561538461538462
0.45153846153846156
0.3961538461538462
0.4930769230769231
0.40807692307692306
0.43653846153846154
0.44
0.485
0.40115384615384614
0.4019230769230769
0.4119230769230769
0.445
0.6015384615384616
0.6142307692307692
0.705
0.6173076923076923
0.5111538461538461
0.4826923076923077
0.45038461538461544
0.39499999999999996
0.5373076923076924
0.615
0.6465384615384616
