temperature
3.661923076923077
3.449230769230769
3.1034615384615383
3.166153846153846
3.5288461538461537
3.4584615384615387
3.9857692307692307
3.698846153846154
3.5257692307692308
4.1
4.356538461538461
4.561923076923077
4.1061538461538465
3.79
4.104230769230769
3.7173076923076924
3.571153846153846
3.880769230769231
3.996153846153846
3.4099999999999997
3.0488461538461538
3.159615384615385
3.2146153846153847
3.5276923076923077
4.003461538461538
3.9153846153846152
3.9657692307692307
4.115384615384615
3.6907692307692312
3.293846153846154
3.6665384615384613
3.918461538461538
3.727307692307692
3.9023076923076925
4.664230769230769
4.405384615384616
3.636153846153846
3.555769230769231
3.598076923076923
3.412692307692308
3.3407692307692307
4.039230769230769
4.286538461538462
3.6876923076923074
4.231153846153846
4.9192307692307695
4.4180769230769235
4.733076923076923
4.316923076923077
4.578846153846154
4.8465384615384615
5.178076923076923
4.799230769230769
5.072692307692308
4.511153846153847
5.011923076923077
4.502307692307692
4.2
3.9626923076923077
4.056923076923077
4.150384615384615
3.886923076923077
3.748076923076923
4.032692307692307
4.7846153846153845
5.466153846153846
5.581153846153847
6.216538461538462
6.015
5.899230769230769
5.490769230769231
5.395769230769231
6.5126923076923084
6.871153846153846
6.702692307692308
6.622307692307692
5.977307692307692
6.22423076923077
5.814230769230769
6.22
6.2153846153846155
6.54
6.706538461538462
6.984615384615385
7.004230769230769
6.749615384615385
7.1996153846153845
7.408461538461538
7.5515384615384615
7.6680769230769235
7.388076923076923
7.309615384615385
7.540384615384616
7.148461538461539
7.590769230769231
7.470769230769231
6.516153846153847
7.524230769230769
7.71
7.178461538461538
7.341923076923077
7.239615384615385
7.583076923076923
8.033846153846154
8.027307692307692
8.102692307692307
8.12076923076923
7.930384615384615
7.9350000000000005
8.862692307692308
9.618846153846153
9.985384615384616
9.953076923076923
10.025384615384617
9.356538461538461
8.764615384615384
9.135384615384616
8.853076923076923
8.757692307692308
9.274230769230769
9.706923076923077
9.686923076923076
10.00076923076923
9.931923076923077
10.063846153846153
9.946923076923078
10.865
10.69076923076923
11.072692307692307
11.462692307692306
10.721153846153847
10.627692307692307
10.813076923076922
10.615
11.427692307692308
11.251923076923077
11.278076923076924
11.473076923076924
11.951538461538462
11.728461538461538
11.87576923076923
11.8
12.091153846153846
11.908846153846154
12.254615384615384
12.233846153846153
12.468461538461538
12.358846153846153
12.50076923076923
12.640384615384617
13.333846153846155
14.325769230769229
13.891923076923076
13.291538461538462
12.722307692307691
13.006923076923076
13.035
13.36153846153846
13.478461538461538
13.959615384615384
13.823846153846155
13.541923076923078
13.390384615384615
13.765769230769232
13.706538461538461
13.894615384615385
14.834615384615384
14.828846153846154
14.899999999999999
14.519615384615385
14.221153846153847
14.049615384615386
14.405384615384616
14.821923076923078
14.708461538461538
14.76346153846154
15.333076923076923
14.548846153846153
14.756923076923076
15.16576923076923
15.002692307692307
15.287692307692309
15.481538461538461
15.18423076923077
15.293461538461539
15.569615384615386
15.386923076923077
15.469615384615384
15.501538461538463
15.525384615384617
15.612307692307692
15.314615384615385
15.311923076923078
14.904230769230768
15.31076923076923
15.725769230769231
16.114615384615384
16.191153846153846
17.00076923076923
16.885384615384616
16.056923076923077
15.400384615384613
16.203846153846154
16.533076923076923
16.103846153846153
16.806153846153844
16.37153846153846
16.228076923076923
15.997692307692308
16.002692307692307
15.708846153846155
15.796923076923076
16.303846153846152
16.40653846153846
16.526923076923076
16.160384615384615
16.030384615384616
16.428076923076922
16.12192307692308
16.387307692307694
16.408461538461538
15.869615384615384
16.534230769230767
16.080384615384617
16.16846153846154
16.295384615384616
15.688076923076922
15.686153846153847
15.681923076923077
15.605384615384615
15.651153846153846
15.471153846153847
15.51423076923077
15.937307692307693
15.711923076923076
14.903461538461539
15.223076923076924
14.713076923076924
14.780384615384614
14.392692307692307
14.02076923076923
14.261538461538462
13.976153846153846
14.054615384615385
15.164615384615384
14.333461538461538
14.889615384615384
14.903461538461539
14.30923076923077
14.293846153846154
14.313076923076922
14.18923076923077
14.51346153846154
14.215384615384616
13.643076923076924
13.346923076923076
13.307307692307692
13.395384615384614
12.784230769230769
12.651923076923076
13.006923076923076
13.170769230769231
13.133461538461539
13.086153846153847
12.822692307692307
12.501153846153848
12.223076923076924
12.492307692307692
12.13846153846154
12.297307692307694
12.677692307692308
12.470384615384615
12.60153846153846
11.850000000000001
11.108076923076924
11.108461538461539
10.840000000000002
11.275769230769232
10.678076923076922
10.883846153846154
11.461923076923076
10.991923076923078
11.286923076923076
10.594615384615384
10.762307692307692
10.78076923076923
10.403846153846153
10.237307692307693
10.146153846153847
9.528076923076922
9.769615384615385
9.503846153846153
9.272307692307693
9.756153846153847
9.40076923076923
9.399230769230769
9.617692307692307
9.521153846153847
9.042307692307691
9.358846153846155
8.990384615384615
8.625384615384615
8.99423076923077
8.801153846153847
8.652692307692307
8.439230769230768
7.898461538461538
7.629615384615385
7.750769230769231
7.415
7.3003846153846155
6.874615384615385
6.828076923076923
7.458076923076923
7.253846153846154
7.1850000000000005
6.749230769230769
6.741538461538462
7.446153846153846
6.5942307692307685
6.531153846153846
6.080384615384616
5.672692307692308
5.401153846153846
5.056153846153847
4.855
4.92076923076923
5.321923076923077
5.078076923076923
5.652692307692307
5.354615384615385
5.086538461538462
4.991923076923077
4.999230769230769
4.516153846153847
4.670384615384615
4.381923076923077
4.5115384615384615
5.031538461538461
4.891538461538461
4.698076923076924
4.6607692307692306
4.604615384615385
4.4946153846153845
4.141538461538461
4.562307692307693
4.191923076923077
4.216153846153846
4.435384615384615
4.197307692307692
3.6469230769230765
3.505769230769231
3.6742307692307694
3.5065384615384616
4.136923076923077
4.683461538461538
5.216923076923076
4.952692307692308
4.1899999999999995
3.951923076923077
3.5984615384615384
3.3242307692307693
3.8684615384615384
4.1899999999999995
4.012692307692308
