temperature
3.310714285714286
3.262857142857143
2.815
2.867142857142857
2.982142857142857
3.238571428571429
3.27
3.2521428571428572
3.386428571428571
3.6292857142857144
4.585714285714286
4.8221428571428575
4.622857142857143
4.585714285714286
4.025714285714286
3.065714285714286
3.156428571428571
4.11
3.4314285714285715
3.314285714285714
3.737142857142857
3.41
3.4657142857142853
2.0221428571428572
2.5121428571428575
3.0542857142857147
3.6864285714285714
3.4471428571428575
3.2028571428571424
3.512857142857143
3.5464285714285713
3.3892857142857147
3.6721428571428567
4.011428571428572
3.2764285714285712
2.9235714285714285
2.8835714285714285
2.63
2.5471428571428567
2.6542857142857144
3.8707142857142856
4.417857142857143
4.161428571428571
3.475
3.8085714285714287
4.167142857142857
3.8835714285714285
4.020714285714286
3.1864285714285714
2.8664285714285715
3.3207142857142857
3.7671428571428573
3.6035714285714286
3.4214285714285713
2.8885714285714283
3.3285714285714287
2.9978571428571428
2.915
1.987142857142857
2.07
2.8723076923076927
3.2053846153846157
3.1423076923076922
2.823076923076923
4.577692307692308
4.613846153846154
4.542307692307692
4.644615384615385
4.845384615384615
4.3015384615384615
3.8576923076923078
4.205384615384616
4.823076923076924
5.109999999999999
5.8538461538461535
5.724615384615385
4.342307692307693
4.653076923076923
4.703846153846154
4.852307692307692
4.817692307692307
5.501538461538461
5.410769230769231
5.317692307692307
5.8307692307692305
5.4861538461538455
5.524615384615386
5.713846153846154
6.002307692307692
6.833846153846154
6.726153846153846
6.9023076923076925
5.511538461538461
5.962307692307691
5.809230769230769
5.6207692307692305
5.756153846153846
5.6753846153846155
5.94923076923077
6.599230769230768
5.458461538461538
5.867692307692308
5.796923076923077
6.052307692307692
6.0369230769230775
6.92076923076923
6.03923076923077
5.827692307692308
6.08
7.137692307692307
8.253846153846153
8.167692307692308
8.231538461538461
8.905384615384616
7.676923076923076
7.8015384615384615
7.878461538461538
8.213076923076922
7.829999999999999
8.282307692307693
8.372307692307693
8.350769230769231
8.767692307692307
8.628461538461538
8.404615384615385
8.78923076923077
9.580769230769231
9.593076923076923
10.120000000000001
9.88846153846154
10.303846153846154
10.122307692307693
10.583846153846155
10.24923076923077
10.339230769230769
10.001538461538463
9.8
8.974615384615385
9.317692307692308
8.976153846153846
8.71923076923077
8.933076923076923
9.483076923076924
9.649230769230769
9.395384615384616
9.227692307692308
10.084615384615384
10.338461538461539
9.49076923076923
10.03076923076923
11.717692307692309
11.703076923076924
11.586923076923076
10.666923076923078
11.271538461538462
11.577692307692306
11.88846153846154
12.115384615384615
11.590769230769231
12.209999999999999
12.133076923076922
11.162307692307694
10.807692307692308
9.931538461538462
10.83769230769231
10.84769230769231
11.311538461538463
12.466153846153846
12.150769230769232
11.603846153846153
11.687692307692307
10.722307692307691
11.615384615384615
11.360000000000001
11.220769230769232
11.965384615384616
12.231538461538461
11.57
12.443076923076923
12.517692307692307
11.991538461538461
12.077692307692306
13.075384615384614
13.108461538461539
13.035384615384617
13.166153846153845
12.350769230769231
12.28076923076923
12.373846153846156
13.424615384615386
12.893846153846154
12.553076923076922
11.80153846153846
12.168461538461539
12.495384615384616
12.627692307692307
13.084615384615384
13.177692307692308
13.429230769230768
13.832307692307692
13.600000000000001
13.136923076923077
14.194615384615386
13.899230769230769
13.563076923076922
13.013846153846155
13.687692307692307
14.04076923076923
13.767692307692307
14.23076923076923
14.021538461538462
13.79
14.706428571428571
14.441428571428572
14.537142857142856
14.303571428571429
14.829285714285716
14.444999999999999
13.422142857142857
14.151428571428571
14.317142857142857
14.304285714285713
13.925714285714287
14.135000000000002
13.442857142857141
13.650714285714287
13.155714285714286
13.832142857142857
13.37857142857143
14.085714285714285
13.752142857142857
13.462142857142856
13.03357142857143
12.45
12.467142857142857
12.78
12.665000000000001
12.397142857142857
12.284285714285714
12.365
12.069999999999999
12.627857142857142
12.760714285714286
12.271428571428572
12.402857142857142
12.307857142857143
13.38642857142857
13.151428571428571
12.254285714285714
11.912142857142857
11.677857142857144
11.97
12.342857142857143
12.35142857142857
11.80642857142857
11.145714285714286
10.243571428571428
10.80642857142857
10.936428571428573
10.609285714285715
11.291428571428572
10.786428571428571
11.975714285714286
11.935
11.036428571428571
10.483571428571429
10.915000000000001
10.444999999999999
10.361428571428572
10.062142857142858
9.87142857142857
9.867857142857144
10.66
9.796428571428573
9.580714285714285
8.857142857142858
8.868571428571428
9.071428571428571
8.903571428571428
9.339285714285714
9.650714285714287
9.32642857142857
8.897142857142857
9.006428571428572
8.969285714285714
9.584999999999999
9.75357142857143
9.037857142857144
9.145
7.638571428571429
7.880714285714285
7.083571428571429
6.737142857142857
7.121428571428572
6.9799999999999995
7.882142857142857
7.695
7.589999999999999
7.25
7.578571428571428
7.038571428571429
6.975
7.227857142857142
6.752857142857144
6.268571428571429
6.688571428571429
6.885
6.825714285714286
6.847857142857143
6.819285714285714
7.066428571428572
5.257142857142857
5.715000000000001
5.886428571428572
5.444285714285714
5.192857142857143
4.9471428571428575
6.115
5.700714285714286
4.624285714285714
4.122142857142857
4.437142857142857
4.527857142857143
5.111428571428571
4.446428571428571
3.7950000000000004
5.324285714285715
5.3100000000000005
4.795
5.008571428571429
5.127142857142857
4.531428571428571
5.0321428571428575
4.904285714285714
4.212857142857143
4.423571428571429
3.282142857142857
3.7857142857142856
3.959285714285714
3.891428571428571
4.3428571428571425
4.82
5.757142857142858
4.875714285714286
3.7264285714285714
3.9292857142857143
4.273571428571429
3.870714285714286
3.3578571428571427
3.580714285714286
2.472857142857143
2.3892857142857147
1.6157142857142854
2.3200000000000003
3.0092857142857143
4.01
4.714285714285714
3.1242857142857146
1.4107142857142858
1.7235714285714285
0.9328571428571427
0.32285714285714284
0.677857142857143
1.6071428571428572
2.3335714285714286
