pet
0.4423076923076923
0.44384615384615383
0.3776923076923077
0.33153846153846156
0.3484615384615385
0.3515384615384616
0.64
0.6138461538461538
0.48384615384615387
0.3576923076923077
0.49076923076923074
0.4869230769230769
0.44692307692307687
0.3646153846153846
0.52
0.42
0.24538461538461537
0.31461538461538463
0.29615384615384616
0.20153846153846156
0.25923076923076926
0.38461538461538464
0.39692307692307693
0.44692307692307687
0.5292307692307692
0.5599999999999999
0.5984615384615384
0.7261538461538461
0.59
0.46692307692307694
0.6130769230769231
0.6807692307692308
0.6876923076923076
0.52
0.6499999999999999
0.6507692307692307
0.48307692307692307
0.48000000000000004
0.5492307692307693
0.5284615384615384
0.3776923076923077
0.29923076923076924
0.42
0.39230769230769236
0.6792307692307692
0.9007692307692309
0.86
0.9576923076923076
0.6461538461538462
0.9376923076923076
1.0169230769230768
1.0538461538461539
0.9299999999999999
1.0069230769230768
0.97
0.8392307692307692
0.8061538461538462
0.7592307692307692
0.8453846153846154
0.7769230769230769
0.8269230769230769
0.7853846153846155
0.6730769230769231
0.8423076923076924
0.8515384615384616
0.9184615384615384
1.1484615384615384
1.356153846153846
1.3584615384615384
1.3623076923076924
1.3346153846153848
1.136153846153846
1.4746153846153847
1.6676923076923076
1.2553846153846153
1.1653846153846155
1.4738461538461538
1.4015384615384614
1.2492307692307691
1.4500000000000002
1.216923076923077
1.373076923076923
1.49
1.4776923076923079
1.5576923076923077
1.5538461538461539
1.783076923076923
1.8546153846153846
1.9038461538461537
1.5869230769230769
1.4215384615384616
1.5223076923076921
1.666923076923077
1.6276923076923078
1.7315384615384615
1.963076923076923
1.8823076923076922
1.9676923076923076
2.143076923076923
2.066923076923077
2.040769230769231
1.9684615384615385
2.023846153846154
2.1407692307692305
2.169230769230769
2.080769230769231
2.263076923076923
2.2253846153846153
2.332307692307692
2.436153846153846
2.6638461538461535
2.5961538461538463
2.676153846153846
2.623076923076923
2.2876923076923075
1.9153846153846152
1.9015384615384614
2.07
1.9038461538461537
2.2584615384615385
2.3215384615384616
2.2776923076923077
2.329230769230769
2.256153846153846
2.581538461538462
2.831538461538462
3.123076923076923
2.930769230769231
3.0876923076923077
3.0246153846153847
2.7115384615384617
2.3484615384615384
2.5276923076923077
2.411538461538462
2.56
2.6938461538461542
2.7161538461538464
2.8576923076923078
3.0261538461538464
2.9569230769230765
3.2192307692307693
3.316153846153846
3.1438461538461535
3.105384615384615
3.2161538461538464
3.286153846153846
3.2869230769230766
3.310769230769231
3.17
3.1276923076923073
3.2176923076923076
3.1276923076923073
3.310769230769231
3.076923076923077
2.8446153846153845
2.576923076923077
2.753076923076923
2.8076923076923075
2.7823076923076924
2.82
2.7361538461538464
2.8884615384615384
2.7515384615384617
2.8430769230769233
2.9846153846153842
2.7615384615384615
3.028461538461539
3.2984615384615386
3.1215384615384614
2.94
2.9884615384615385
3.14
2.8430769230769233
3.13
3.147692307692308
3.2830769230769232
3.566153846153846
3.616153846153846
3.2284615384615383
3.2053846153846157
3.146153846153846
3.3400000000000003
2.98
3.088461538461538
3.1146153846153846
3.356923076923077
3.413846153846154
3.2776923076923077
3.358461538461538
3.5546153846153845
3.2584615384615385
3.227692307692308
3.269230769230769
3.123076923076923
3.268461538461538
3.123076923076923
3.3907692307692305
3.646153846153846
3.829230769230769
3.9669230769230768
3.449230769230769
3.376923076923077
3.2607692307692306
3.513076923076923
3.5300000000000002
3.7346153846153842
3.45
3.3307692307692305
2.9053846153846155
2.7653846153846158
2.7392307692307694
2.946153846153846
3.3023076923076924
2.971538461538462
3.0523076923076924
2.7984615384615386
2.6392307692307693
2.753846153846154
2.7584615384615385
3.0246153846153847
2.7930769230769235
2.6715384615384616
2.957692307692308
2.8184615384615386
2.9253846153846155
2.825384615384615
2.6115384615384616
2.416153846153846
2.519230769230769
2.4915384615384615
2.4953846153846153
2.5384615384615383
2.670769230769231
2.833076923076923
2.2961538461538464
2.3076923076923075
2.6253846153846156
2.399230769230769
2.275384615384615
2.2853846153846153
2.1715384615384616
1.8292307692307692
1.6753846153846155
1.8323076923076924
2.1738461538461538
2.2453846153846153
2.2846153846153845
2.1015384615384614
1.8615384615384616
1.853846153846154
2.123076923076923
2.072307692307692
2.306153846153846
1.9576923076923076
1.8815384615384616
1.7846153846153845
1.7823076923076921
1.8761538461538463
2.017692307692308
1.583076923076923
1.6076923076923075
1.679230769230769
1.7576923076923079
1.6046153846153846
1.5723076923076922
1.46
1.456923076923077
1.5438461538461539
1.3753846153846152
1.4230769230769231
1.4646153846153847
1.4030769230769233
1.419230769230769
1.4207692307692308
1.4707692307692308
1.4676923076923076
1.306923076923077
1.326153846153846
1.093076923076923
0.9953846153846153
1.2061538461538461
1.166153846153846
1.3692307692307693
1.0038461538461538
1.013076923076923
0.9907692307692308
0.8015384615384615
0.8092307692307692
0.956923076923077
0.963076923076923
1.1284615384615384
0.9123076923076923
0.9046153846153846
0.9015384615384614
0.8315384615384616
1.0992307692307692
1.0023076923076923
1.0769230769230769
0.97
0.9761538461538461
0.9853846153846154
0.8584615384615385
1.02
1.0646153846153845
0.8130769230769231
0.7253846153846154
0.67
0.6092307692307692
0.5776923076923077
0.5976923076923076
0.3007692307692308
0.44846153846153847
0.6246153846153847
0.7038461538461539
0.7638461538461538
0.7207692307692308
0.7538461538461539
0.6461538461538462
0.7230769230769231
0.566923076923077
0.6315384615384615
0.6346153846153846
0.4730769230769231
0.45307692307692304
0.5438461538461539
0.583076923076923
0.3723076923076923
0.3946153846153846
0.39923076923076917
0.45692307692307693
0.32923076923076927
0.3961538461538462
0.34615384615384615
0.33538461538461534
0.27153846153846156
0.3215384615384615
0.1823076923076923
0.18384615384615385
0.37000000000000005
0.4876923076923077
0.43
0.38
0.2823076923076923
0.29
0.23153846153846155
0.3984615384615384
0.24461538461538462
0.4030769230769231
0.556923076923077
0.49769230769230766
0.4646153846153846
0.4846153846153846
0.41384615384615386
0.5053846153846154
0.76
0.7584615384615384
0.783076923076923
0.4807692307692308
0.46307692307692305
0.5515384615384615
0.47538461538461535
0.3984615384615384
0.6292307692307693
0.6892307692307693
0.5969230769230769
