temperature
5.443076923076924
5.373846153846154
4.676923076923077
4.03
4.3100000000000005
4.158461538461538
5.474615384615385
5.599230769230768
4.875384615384616
4.91
5.336153846153847
5.196153846153846
4.673076923076923
4.234615384615385
4.643076923076923
4.0746153846153845
3.2515384615384617
3.0300000000000002
2.7284615384615383
2.0430769230769235
2.5046153846153847
3.7638461538461536
3.7115384615384617
4.073846153846154
4.743076923076923
4.729230769230769
5.056923076923076
5.372307692307692
4.576923076923077
3.3892307692307693
4.127692307692308
4.85
4.606153846153846
4.1523076923076925
4.950769230769231
4.881538461538462
4.310769230769231
3.8515384615384614
3.9084615384615384
3.845384615384615
2.693076923076923
2.468461538461539
3.616153846153846
3.6576923076923076
5.2361538461538455
5.8961538461538465
5.953846153846154
6.348461538461539
5.025384615384615
6.077692307692308
6.291538461538462
6.576153846153847
5.967692307692308
6.311538461538461
6.199999999999999
5.6692307692307695
5.3476923076923075
4.836153846153847
5.187692307692307
4.943846153846153
5.143076923076923
5.075384615384615
4.549230769230769
5.24
4.973846153846154
5.147692307692308
6.456153846153845
7.300000000000001
7.285384615384615
7.015384615384615
7.177692307692308
6.3076923076923075
7.586923076923076
8.323846153846153
6.832307692307692
6.094615384615385
6.8961538461538465
6.937692307692307
6.519230769230769
7.413076923076924
6.513076923076923
6.908461538461538
7.335384615384616
7.236923076923077
7.478461538461539
7.537692307692309
8.243846153846153
8.65846153846154
8.586923076923076
7.555384615384615
6.835384615384616
7.101538461538461
7.702307692307693
7.588461538461539
7.916923076923077
8.581538461538461
8.382307692307693
8.724615384615385
9.343846153846155
8.966153846153846
8.878461538461538
8.632307692307693
8.754615384615384
9.128461538461538
9.258461538461539
8.947692307692307
9.544615384615385
9.436923076923078
9.850000000000001
10.262307692307692
11.005384615384616
10.805384615384614
11.066153846153847
10.900769230769232
9.756153846153847
8.482307692307693
8.621538461538462
9.05846153846154
8.497692307692308
9.616923076923078
9.786923076923078
9.506923076923076
9.827692307692306
9.59153846153846
10.633846153846154
11.346923076923076
12.208461538461538
11.78076923076923
12.218461538461538
12.173846153846153
11.206923076923077
10.236923076923079
10.896923076923077
10.677692307692308
11.080769230769231
11.432307692307692
11.675384615384615
12.200769230769232
12.75
12.69923076923077
13.458461538461538
13.77
13.367692307692307
13.33
13.652307692307694
13.827692307692306
13.964615384615383
14.082307692307692
13.757692307692308
13.738461538461538
14.073076923076922
14.557692307692308
15.342307692307692
14.756923076923076
14.124615384615385
13.48
14.12923076923077
14.293846153846154
14.32846153846154
14.53076923076923
14.3
14.79076923076923
14.473846153846154
14.789230769230768
15.242307692307692
14.626153846153844
15.459999999999999
16.256153846153843
15.735384615384616
15.22
15.477692307692308
15.824615384615385
15.088461538461539
16.092307692307692
16.17153846153846
16.549230769230768
17.384615384615383
17.55153846153846
16.548461538461538
16.49076923076923
16.338461538461537
16.916923076923077
15.976153846153846
16.285384615384615
16.414615384615384
17.102307692307694
17.29153846153846
16.94923076923077
17.243846153846157
17.821538461538463
17.023076923076925
17.029999999999998
17.206153846153846
16.79923076923077
17.22769230769231
16.903076923076924
17.682307692307692
18.445384615384615
18.987692307692306
19.462307692307693
18.013846153846153
17.88307692307692
17.623076923076923
18.374615384615385
18.463076923076922
19.074615384615385
18.337692307692308
18.035384615384615
16.904615384615383
16.572307692307692
16.490000000000002
17.16846153846154
18.287692307692307
17.446153846153848
17.752307692307692
17.034615384615385
16.58
16.936923076923076
17.00076923076923
17.756923076923076
17.10923076923077
16.79153846153846
17.76923076923077
17.373846153846156
17.70230769230769
17.506153846153843
16.91846153846154
16.30153846153846
16.68846153846154
16.572307692307692
16.63307692307692
16.825384615384614
17.243846153846153
17.783846153846152
16.186923076923076
16.16076923076923
17.111538461538462
16.470000000000002
16.116153846153846
16.23923076923077
15.917692307692308
14.75076923076923
14.227692307692308
14.561538461538463
15.663846153846153
15.94923076923077
16.09846153846154
15.46923076923077
14.74
14.615384615384615
15.516153846153847
15.319230769230769
16.105384615384615
14.968461538461538
14.809230769230767
14.56
14.288461538461538
14.757692307692308
15.081538461538461
13.836923076923076
13.996923076923078
14.228461538461538
14.498461538461537
13.785384615384617
13.772307692307692
13.440769230769233
13.160769230769231
13.645384615384616
13.187692307692307
13.284615384615384
13.322307692307692
13.054615384615385
13.392307692307693
13.040000000000001
13.023846153846154
13.033846153846154
12.435384615384615
12.79076923076923
11.731538461538461
11.377692307692307
12.302307692307693
12.201538461538462
12.746153846153847
11.372307692307693
11.466153846153846
11.279230769230768
10.407692307692308
10.50153846153846
11.174615384615386
10.996923076923078
11.543076923076923
10.672307692307694
10.466923076923077
10.565384615384614
10.641538461538461
11.48
10.863076923076923
11.17
10.866923076923078
10.273846153846154
10.3
9.986153846153845
10.48
11.033076923076923
9.926923076923078
9.283076923076923
8.837692307692308
8.168461538461539
7.689230769230769
8.135384615384615
7.141538461538461
7.253846153846154
8.093846153846155
8.655384615384616
9.114615384615384
8.71
8.984615384615385
8.23076923076923
8.483846153846155
7.875384615384615
8.125384615384617
7.884615384615385
6.81076923076923
6.526923076923077
6.684615384615384
6.896923076923077
6.013076923076923
6.144615384615384
6.04
6.566923076923077
5.369230769230769
5.636153846153846
5.322307692307692
4.623076923076923
4.530769230769231
4.576153846153846
4.940769230769231
4.725384615384615
4.932307692307693
5.6292307692307695
5.762307692307692
5.156153846153846
5.017692307692308
5.282307692307692
4.513076923076923
5.288461538461538
4.353076923076923
5.418461538461538
6.0284615384615385
5.656923076923077
5.4630769230769225
5.24
4.871538461538462
5.673846153846155
6.6461538461538465
6.578461538461538
7.191538461538462
5.913076923076924
5.233076923076923
6.04
5.285384615384616
4.876153846153846
6.020769230769231
6.336923076923076
5.901538461538461
