pet
0.3752
0.34519999999999995
0.33399999999999996
0.29719999999999996
0.3804
0.384
0.47600000000000003
0.3444
0.3396
0.43479999999999996
0.4668
0.4548
0.3848
0.35519999999999996
0.43799999999999994
0.386
0.2868
0.4104
0.4696
0.36560000000000004
0.2692
0.34240000000000004
0.368
0.3996
0.4264
0.44
0.474
0.5032
0.41846153846153844
0.39269230769230773
0.5007692307692307
0.5484615384615384
0.48384615384615387
0.48653846153846153
0.5784615384615385
0.5284615384615384
0.43730769230769234
0.43730769230769234
0.5238461538461539
0.44730769230769235
0.42461538461538456
0.5569230769230769
0.5788461538461539
0.46961538461538466
0.5723076923076923
0.6965384615384616
0.5996153846153847
0.6434615384615385
0.6084615384615385
0.6934615384615385
0.6942307692307692
0.7361538461538462
0.6638461538461538
0.7542307692307693
0.5996153846153847
0.7180769230769232
0.6126923076923076
0.5857692307692308
0.6092307692307692
0.546923076923077
0.63
0.5296153846153846
0.49230769230769234
0.5757692307692308
0.7392307692307691
0.885
0.8815384615384616
1.0092307692307694
0.99
0.9900000000000001
0.87
0.9011538461538462
1.0780769230769232
1.1973076923076922
1.2315384615384615
1.1984615384615385
1.065
1.1238461538461537
1.0346153846153845
1.060769230769231
1.1084615384615384
1.1496153846153847
1.1726923076923077
1.3096153846153844
1.3138461538461537
1.258076923076923
1.3373076923076925
1.3692307692307693
1.4965384615384614
1.4611538461538462
1.3984615384615384
1.3707692307692307
1.478076923076923
1.4423076923076923
1.5450000000000002
1.4542307692307692
1.2153846153846155
1.465
1.5784615384615384
1.4373076923076922
1.3903846153846153
1.3865384615384615
1.5315384615384615
1.6103846153846153
1.636923076923077
1.6946153846153846
1.7003846153846154
1.5853846153846154
1.5742307692307693
1.8096153846153844
2.082692307692308
2.1746153846153846
2.143846153846154
2.1592307692307693
1.9242307692307692
1.813076923076923
1.905
1.8315384615384613
1.7684615384615383
1.8611538461538462
2.0676923076923077
2.1138461538461537
2.2038461538461536
2.1973076923076924
2.220769230769231
2.187307692307692
2.4723076923076923
2.3815384615384616
2.4857692307692307
2.5869230769230773
2.388076923076923
2.301153846153846
2.3184615384615386
2.221923076923077
2.4892307692307694
2.4811538461538465
2.459230769230769
2.4853846153846155
2.5623076923076926
2.518076923076923
2.6076923076923078
2.4796153846153848
2.5688461538461542
2.4892307692307694
2.619230769230769
2.5307692307692307
2.6242307692307696
2.5142307692307693
2.6580769230769232
2.6603846153846153
2.8303846153846157
2.850769230769231
2.575384615384615
2.4511538461538462
2.2115384615384617
2.253076923076923
2.3096153846153844
2.4465384615384616
2.463461538461538
2.518076923076923
2.536923076923077
2.3665384615384615
2.2623076923076924
2.266923076923077
2.272307692307692
2.314230769230769
2.6815384615384614
2.655384615384615
2.667307692307692
2.5461538461538464
2.3623076923076924
2.3273076923076923
2.4534615384615384
2.4915384615384615
2.468461538461538
2.445
2.5576923076923075
2.4669230769230768
2.4284615384615384
2.540769230769231
2.389615384615385
2.5292307692307694
2.6661538461538465
2.4992307692307696
2.5730769230769233
2.6030769230769235
2.563076923076923
2.493076923076923
2.4650000000000003
2.522307692307692
2.546538461538461
2.445
2.3476923076923075
2.2988461538461538
2.312307692307692
2.437307692307692
2.549615384615385
2.5673076923076925
2.755
2.7642307692307693
2.5300000000000002
2.3430769230769233
2.496923076923077
2.576923076923077
2.4315384615384614
2.5869230769230773
2.4565384615384613
2.460769230769231
2.3423076923076924
2.3623076923076924
2.293846153846154
2.306153846153846
2.394230769230769
2.3534615384615383
2.395769230769231
2.296923076923077
2.2523076923076926
2.2996153846153846
2.135
2.2476923076923074
2.2684615384615383
2.1223076923076922
2.2961538461538464
2.1765384615384615
2.2203846153846154
2.191538461538461
1.9992307692307694
2.033846153846154
1.9907692307692306
2.0173076923076922
2.018846153846154
1.9011538461538462
1.9253846153846155
1.9826923076923075
1.9734615384615386
1.7565384615384616
1.7953846153846154
1.6419230769230768
1.6523076923076923
1.6265384615384615
1.4657692307692307
1.5238461538461539
1.5196153846153846
1.5896153846153847
1.8523076923076922
1.6803846153846154
1.8076923076923077
1.8046153846153847
1.666923076923077
1.6876923076923078
1.655
1.588076923076923
1.668076923076923
1.6226923076923077
1.4976923076923077
1.3765384615384615
1.3573076923076923
1.3234615384615382
1.243846153846154
1.2349999999999999
1.271153846153846
1.3103846153846155
1.275
1.3261538461538462
1.3076923076923077
1.166923076923077
1.175
1.1792307692307693
1.1373076923076924
1.1942307692307692
1.3296153846153846
1.189230769230769
1.2742307692307693
1.1908
1.0576
0.9972
0.9356
0.998
0.92
0.976
1.0644
0.9736
1.0332000000000001
0.9107999999999999
0.934
1.0168000000000001
0.8464
0.804
0.8896
0.7556
0.7852
0.7296
0.7016
0.7931999999999999
0.7264
0.7452
0.8092
0.7168000000000001
0.7332
0.8835999999999999
0.7044
0.7116
0.7951999999999999
0.7120000000000001
0.722
0.6048
0.5116
0.5512
0.54
0.4616
0.5012
0.46240000000000003
0.4664
0.5379999999999999
0.5188
0.5196000000000001
0.45439999999999997
0.48120000000000007
0.6115999999999999
0.45879999999999993
0.45880000000000004
0.44079999999999997
0.3972
0.3532
0.3636
0.2836
0.3212
0.3368
0.3196
0.3848
0.41359999999999997
0.426
0.40159999999999996
0.4228
0.3236
0.3368
0.23440000000000003
0.298
0.43439999999999995
0.4224
0.36560000000000004
0.3604
0.3132
0.3764
0.31079999999999997
0.4204
0.3416
0.3164
0.3276
0.2964
0.2804
0.2808
0.3096
0.2992
0.4028
0.486
0.5764
0.5064
0.39880000000000004
0.3588
0.33399999999999996
0.2804
0.39480000000000004
0.4852
0.5104
