pet
0.4046153846153846
0.4523076923076923
0.3619230769230769
0.4419230769230769
0.5723076923076923
0.3976923076923077
0.43153846153846154
0.5107692307692309
0.6057692307692307
0.6019230769230769
0.4403846153846154
0.41615384615384615
0.46115384615384614
0.5192307692307693
0.5146153846153846
0.44692307692307687
0.29615384615384616
0.36153846153846153
0.39538461538461533
0.4519230769230769
0.6
0.5796153846153846
0.5692307692307692
0.5503846153846154
0.5207692307692308
0.4730769230769231
0.4957692307692308
0.49615384615384617
0.5219230769230769
0.46846153846153843
0.5088461538461538
0.4807692307692308
0.4938461538461538
0.5596153846153846
0.5776923076923077
0.7142307692307692
0.7207692307692307
0.6019230769230769
0.5592307692307692
0.5673076923076923
0.5069230769230769
0.5396153846153846
0.4653846153846154
0.4073076923076923
0.38653846153846155
0.4073076923076923
0.4230769230769231
0.533076923076923
0.51
0.51
0.55
0.6142307692307692
0.6657692307692307
0.7607692307692309
0.6353846153846153
0.6442307692307693
0.6961538461538462
0.8123076923076924
0.7988461538461539
0.8969230769230769
1.0
0.9438461538461538
0.8861538461538461
1.0753846153846154
1.1496153846153847
1.1876923076923076
1.1819230769230769
1.1007692307692307
1.3061538461538462
1.2396153846153848
1.2657692307692305
1.213076923076923
1.1515384615384616
1.1365384615384615
1.2415384615384615
1.291153846153846
1.3903846153846153
1.1803846153846154
1.2403846153846154
1.2403846153846154
1.236923076923077
1.481923076923077
1.541153846153846
1.416153846153846
1.3788461538461538
1.3226923076923076
1.3699999999999999
1.3069230769230769
1.3676923076923078
1.6765384615384618
1.6819230769230769
1.4792307692307693
1.308846153846154
1.3026923076923076
1.4719230769230771
1.5492307692307692
1.5865384615384615
1.3269230769230769
1.5457692307692308
1.8519230769230768
1.7803846153846155
1.76
1.665769230769231
1.751923076923077
1.8684615384615384
1.9357692307692307
1.713846153846154
1.8396153846153847
1.933076923076923
1.8646153846153846
1.9792307692307693
2.2007692307692306
1.8211538461538461
1.8599999999999999
1.8876923076923076
1.8484615384615386
1.8107692307692307
1.9153846153846152
1.9361538461538463
2.018846153846154
1.9873076923076924
2.1446153846153844
2.085
2.131153846153846
2.2465384615384614
2.216153846153846
2.443076923076923
2.3257692307692306
2.3688461538461536
2.451923076923077
2.3692307692307693
2.4215384615384616
2.376923076923077
2.4123076923076923
2.5546153846153845
2.478846153846154
2.292307692307692
2.3915384615384614
2.5142307692307693
2.724615384615385
2.5330769230769232
2.7353846153846155
2.662692307692308
2.744230769230769
2.665
2.703461538461539
2.5653846153846156
2.487692307692308
2.605769230769231
2.575
2.7342307692307695
2.7207692307692306
2.5442307692307695
2.455769230769231
2.4650000000000003
2.6211538461538457
2.5492307692307694
2.6284615384615386
2.6592307692307693
2.5111538461538463
2.5046153846153847
2.5007692307692304
2.495769230769231
2.536153846153846
2.4899999999999998
2.4723076923076923
2.766153846153846
2.505
2.5623076923076926
2.5715384615384616
2.7384615384615385
2.524230769230769
2.4473076923076924
2.4688461538461537
2.629230769230769
2.6907692307692304
2.8023076923076924
2.6992307692307693
2.6903846153846156
2.670769230769231
2.790769230769231
2.8153846153846156
2.6826923076923075
2.786153846153846
2.993846153846154
2.9211538461538464
2.9076923076923076
3.026923076923077
3.06
2.935
2.878846153846154
2.9292307692307693
2.7788461538461537
2.9857692307692307
2.9688461538461537
2.833076923076923
2.7392307692307694
2.628846153846154
2.6723076923076925
2.9446153846153846
2.8273076923076923
2.7973076923076925
2.808846153846154
2.6873076923076926
2.648846153846154
2.7942307692307695
2.8449999999999998
2.883846153846154
2.9007692307692308
2.9688461538461537
3.1438461538461535
2.8653846153846154
2.7484615384615383
2.8642307692307694
2.831153846153846
2.6584615384615384
2.7165384615384616
2.6588461538461536
2.582307692307692
2.660769230769231
2.6903846153846156
2.628076923076923
2.6711538461538464
2.571153846153846
2.6823076923076923
2.822307692307692
2.755
2.568076923076923
2.5111538461538463
2.5592307692307696
2.688076923076923
2.668461538461538
2.647307692307692
2.3726923076923074
2.210769230769231
2.206153846153846
2.3096153846153844
2.273846153846154
2.0973076923076923
2.245769230769231
2.301923076923077
2.1726923076923077
2.0680769230769234
2.145769230769231
2.1173076923076923
2.026923076923077
2.0742307692307693
2.0134615384615384
1.8511538461538461
2.0384615384615383
2.0515384615384615
2.063846153846154
1.8111538461538463
1.815
1.7246153846153847
1.6042307692307693
1.5923076923076922
1.6215384615384614
1.725
1.6653846153846152
1.636153846153846
1.5215384615384617
1.5969230769230771
1.6665384615384615
1.5569230769230769
1.6642307692307692
1.4134615384615385
1.4115384615384616
1.455769230769231
1.3692307692307693
1.435
1.4938461538461536
1.3784615384615384
1.2738461538461539
1.3596153846153847
1.334230769230769
1.2657692307692305
1.2246153846153847
1.2703846153846154
1.111923076923077
1.3111538461538461
1.383076923076923
1.1923076923076923
1.133846153846154
1.1376923076923076
0.9465384615384616
0.8796153846153847
0.9711538461538461
0.8076923076923077
0.8669230769230769
0.9338461538461539
0.9565384615384616
0.8657692307692308
0.75
0.8315384615384616
0.9207692307692308
0.9226923076923076
0.8828
0.8792
0.7704
0.7212000000000001
0.7456
0.862
0.8476
0.8452
0.856
0.7392
0.7428
0.6184000000000001
0.5796
0.8432
0.762
0.7108
0.7696
0.5808
0.5248
0.5224
0.5488000000000001
0.5312
0.4576
0.5219999999999999
0.588076923076923
0.40115384615384614
0.3811538461538462
0.4507692307692308
0.5684615384615385
0.6799999999999999
0.5215384615384615
0.5511538461538461
0.4719230769230769
0.41884615384615387
0.3857692307692308
0.34461538461538466
0.47269230769230774
0.5142307692307692
0.6323076923076923
0.59
0.5576923076923077
0.40923076923076923
0.3946153846153846
0.4107692307692308
0.38769230769230767
0.30653846153846154
0.37038461538461537
0.39269230769230773
0.43884615384615383
0.35500000000000004
0.45038461538461544
0.42807692307692313
0.3819230769230769
0.44576923076923075
0.3861538461538462
0.4338461538461538
0.5019230769230769
0.5134615384615384
0.4969230769230769
0.4942307692307692
0.5388461538461539
0.5119230769230769
0.5442307692307693
0.5811538461538461
0.6465384615384615
0.47384615384615386
0.3707692307692308
0.4146153846153846
