temperature
3.6173076923076923
3.5634615384615387
3.444230769230769
4.224615384615385
4.707692307692308
3.9365384615384613
4.09576923076923
4.591538461538462
4.887307692307692
4.551923076923076
3.4076923076923076
2.9438461538461533
3.3046153846153845
3.963076923076923
4.0903846153846155
3.661538461538462
2.7719230769230765
3.174615384615385
3.605
3.995
4.637692307692308
4.5576923076923075
4.492692307692308
4.223076923076923
3.9707692307692306
3.584230769230769
3.5484615384615386
3.8400000000000003
3.7611538461538463
3.028461538461538
3.4223076923076925
3.412692307692308
3.9192307692307695
4.17
4.225769230769231
4.835384615384616
4.816923076923077
4.134615384615385
3.8646153846153846
3.411153846153846
3.17
3.456153846153846
3.0411538461538465
2.4846153846153842
2.32
2.295
2.6423076923076922
3.3442307692307693
3.108076923076923
2.971538461538462
3.0869230769230773
3.5492307692307694
3.996153846153846
4.295
3.793461538461538
3.756153846153846
3.9699999999999998
4.510384615384615
4.609230769230769
4.9630769230769225
5.299230769230769
4.855
4.609230769230769
5.485384615384616
5.681923076923076
5.9180769230769235
5.862692307692308
5.523461538461538
6.243846153846154
6.061153846153847
6.063076923076922
5.836153846153847
5.674230769230769
5.649230769230769
5.798846153846155
5.841538461538462
6.489615384615385
5.758076923076923
5.855769230769231
5.978461538461539
5.898076923076923
6.828076923076923
6.989230769230769
6.585384615384616
6.356538461538462
5.979230769230769
6.232692307692308
6.059230769230769
6.273461538461539
7.456538461538462
7.3234615384615385
6.495384615384615
5.900384615384615
5.811153846153847
6.542692307692308
6.934615384615385
7.035769230769231
6.0138461538461545
6.892692307692308
7.908461538461538
7.796153846153846
7.7373076923076916
7.408461538461538
7.760769230769231
8.294615384615385
8.563846153846153
7.738461538461538
8.08423076923077
8.541923076923077
8.365384615384615
8.848461538461539
9.684615384615386
8.239230769230769
8.23576923076923
8.28923076923077
8.306538461538462
8.138076923076923
8.745000000000001
8.802307692307693
9.235384615384616
8.875
9.288076923076924
9.190384615384614
9.263461538461538
9.865
9.753846153846153
10.544615384615385
10.19
10.203076923076924
10.623846153846152
10.399230769230769
10.634615384615385
10.51346153846154
10.736923076923075
11.283846153846154
11.035384615384617
10.415000000000001
10.786923076923076
11.198846153846155
11.957307692307692
11.446923076923078
12.120384615384616
11.99076923076923
12.276923076923076
12.019615384615385
12.198076923076922
11.785
11.631923076923076
12.145
11.981923076923076
12.711153846153847
13.177692307692308
12.97269230769231
12.612307692307693
12.767692307692307
13.425384615384615
13.239230769230769
13.558461538461538
13.795769230769231
13.319615384615386
13.403461538461539
13.373461538461537
13.483461538461539
13.557692307692308
13.488461538461538
13.564615384615385
14.706923076923077
13.890769230769232
14.14846153846154
14.163076923076924
14.867307692307692
14.161153846153846
13.91576923076923
14.06076923076923
14.710769230769232
15.041923076923078
15.48
15.146538461538462
15.151538461538461
15.139615384615384
15.628846153846155
15.780384615384616
15.308846153846154
15.736923076923079
16.500384615384615
16.316538461538464
16.346923076923076
16.745384615384616
16.943076923076923
16.58153846153846
16.424615384615386
16.708076923076923
16.2
16.943846153846156
16.95307692307692
16.52423076923077
16.219615384615384
15.829615384615384
16.095
17.051923076923078
16.657692307692308
16.598076923076924
16.65269230769231
16.216538461538462
16.166153846153847
16.667307692307695
16.91846153846154
17.05576923076923
17.163076923076922
17.404230769230768
18.029999999999998
17.09
16.62884615384615
17.051923076923078
17.038076923076922
16.466538461538462
16.681538461538462
16.478461538461538
16.286923076923078
16.498076923076923
16.673846153846153
16.469615384615384
16.64115384615385
16.340384615384615
16.75576923076923
17.29269230769231
16.998076923076923
16.418076923076924
16.264615384615386
16.444615384615386
16.95230769230769
16.884615384615383
16.796153846153846
15.89576923076923
15.331538461538461
15.329615384615384
15.76423076923077
15.666153846153845
14.976153846153846
15.522692307692306
15.728846153846153
15.316538461538462
15.026153846153846
15.151153846153846
14.973846153846154
14.627307692307692
14.784230769230769
14.543461538461539
13.956923076923077
14.744615384615384
14.77076923076923
14.821538461538463
13.857307692307693
13.936153846153845
13.636153846153848
13.24423076923077
13.071153846153846
13.107307692307693
13.675384615384615
13.450384615384614
13.397692307692308
13.02076923076923
13.294615384615385
13.423461538461538
13.068846153846154
13.492307692307692
12.541153846153845
12.558846153846154
12.694615384615386
12.366153846153846
12.565
12.80423076923077
12.386923076923077
11.715
12.065
11.898076923076925
11.638076923076921
11.450384615384614
11.783846153846154
11.083846153846155
11.925
12.168846153846154
11.217692307692309
10.891153846153847
11.023076923076925
10.108076923076924
9.793076923076923
10.094999999999999
9.264999999999999
9.455769230769231
9.993846153846153
10.056153846153846
9.435
9.082307692307692
9.378846153846153
9.706538461538461
9.756538461538462
9.6692
9.6488
8.881599999999999
8.5008
8.4104
8.9936
8.9244
8.7552
8.693200000000001
8.046
7.946000000000001
7.142799999999999
7.2224
8.4828
8.120800000000001
7.74
7.9264
7.236000000000001
6.7948
6.369199999999999
6.2860000000000005
6.5132
5.9584
6.0808
6.407307692307692
5.493461538461539
5.2638461538461545
5.346153846153846
5.93076923076923
6.341538461538462
6.033846153846154
6.061923076923078
5.150769230769232
4.77923076923077
4.229615384615385
4.0
4.497307692307692
5.171923076923077
6.07923076923077
5.8719230769230775
5.88
5.166923076923077
4.673846153846154
4.752692307692308
4.176153846153846
3.7703846153846152
4.006538461538462
4.178076923076923
4.371538461538462
4.4326923076923075
4.77923076923077
5.125384615384615
4.835
4.866923076923078
4.541923076923077
4.928076923076923
5.235769230769231
4.983076923076923
4.535384615384616
4.495384615384615
4.794615384615384
4.701153846153846
4.976923076923077
4.7384615384615385
4.896153846153846
4.148461538461539
3.4211538461538464
3.5184615384615388
