pet
0.358
0.3632
0.26039999999999996
0.3284
0.49560000000000004
0.35240000000000005
0.39799999999999996
0.4844
0.5268
0.5644
0.5068
0.536
0.4952
0.508
0.5412
0.4276
0.37479999999999997
0.3768
0.3892
0.43119999999999997
0.5660000000000001
0.43200000000000005
0.3892
0.39120000000000005
0.3556
0.3408
0.35
0.3804
0.4604
0.45
0.4568
0.4232
0.436
0.5316
0.5656
0.6896000000000001
0.7376
0.5632
0.498
0.5912
0.5144
0.5532
0.5379999999999999
0.444
0.4656
0.5128
0.45760000000000006
0.536
0.5012
0.48519999999999996
0.55
0.5539999999999999
0.6844
0.7724
0.6592
0.61
0.6236
0.7836
0.696
0.7552
0.8404
0.7676000000000001
0.8687999999999999
1.07
1.1012
1.14
1.0092
1.0051999999999999
1.1736
1.0924
1.1012
1.1456
1.0344
1.0304
1.0888
1.1804000000000001
1.0450000000000002
0.9387500000000001
0.935
1.0062499999999999
1.1083333333333334
1.0991666666666666
1.0754166666666667
1.2008333333333334
1.17125
1.12875
1.0966666666666667
1.1895833333333334
1.2754166666666666
1.4725000000000001
1.4720833333333332
1.2204166666666667
1.0666666666666667
1.10125
1.2358333333333333
1.32
1.1970833333333333
1.0999999999999999
1.4379166666666665
1.6741666666666666
1.7516666666666667
1.6375
1.4425
1.5479166666666666
1.64
1.7704166666666667
1.59375
1.8045833333333334
1.7854166666666667
1.7275
1.8454166666666667
1.92375
1.8604166666666666
1.8054166666666667
1.7454166666666666
1.8279166666666666
1.8908333333333334
1.85375
1.9220833333333334
2.0812500000000003
1.9979166666666668
2.0433333333333334
2.15625
2.200416666666667
1.9870833333333333
2.162916666666667
2.3249999999999997
2.2120833333333336
2.1216666666666666
2.2491666666666665
2.2075
2.339166666666667
2.325833333333333
2.337083333333333
2.4295833333333334
2.3291666666666666
2.4704166666666665
2.379166666666667
2.54
2.7016666666666667
2.4204166666666667
2.55375
2.50625
2.62375
2.7216666666666662
2.7525
2.44625
2.5679166666666666
2.6945833333333336
2.6345833333333335
2.82625
2.7779166666666666
2.56125
2.5258333333333334
2.482083333333333
2.67625
2.65
2.42625
2.5025
2.4625
2.4899999999999998
2.4625
2.404166666666667
2.515416666666667
2.399583333333333
2.33
2.605
2.505
2.535416666666667
2.6425
2.56875
2.3270833333333334
2.3341666666666665
2.3154166666666667
2.4133333333333336
2.5370833333333334
2.563333333333333
2.45375
2.564583333333333
2.4833333333333334
2.66375
2.5341666666666667
2.5729166666666665
2.57875
2.6441666666666666
2.6475
2.9320833333333334
2.9525
2.825416666666667
2.68875
2.705833333333333
2.828333333333333
2.8691666666666666
2.82875
2.7225
2.782916666666667
2.5454166666666667
2.50375
2.5079166666666666
2.7862500000000003
2.6366666666666667
2.575416666666667
2.5908333333333333
2.612083333333333
2.5104166666666665
2.60125
2.7258333333333336
2.8433333333333333
2.78125
2.7266666666666666
2.7254166666666664
2.447083333333333
2.53375
2.7091666666666665
2.6133333333333333
2.462083333333333
2.4829166666666667
2.51125
2.314583333333333
2.3420833333333335
2.23875
2.3341666666666665
2.482083333333333
2.4033333333333333
2.4412499999999997
2.5308333333333333
2.5154166666666664
2.34125
2.25875
2.38625
2.4725
2.5170833333333333
2.5429166666666667
2.2191666666666667
2.0695833333333336
2.0291666666666663
1.9745833333333334
1.8508333333333333
1.8616666666666666
2.0695833333333336
2.0595833333333333
1.9220833333333334
1.8845833333333335
1.9733333333333334
1.9866666666666666
1.8532
1.8519999999999999
1.7508
1.6707999999999998
1.8719999999999999
1.7752000000000001
1.8832
1.8032
1.6347999999999998
1.5684
1.5128
1.49
1.5136
1.7068
1.7331999999999999
1.5044
1.4435999999999998
1.5284
1.5419999999999998
1.3747999999999998
1.454
1.24
1.212
1.3164000000000002
1.2756
1.3991999999999998
1.3836000000000002
1.4140000000000001
1.2732
1.3344
1.2992
1.2996
1.1668
1.2072
1.0695999999999999
1.206
1.1572
0.862
0.9464
1.0539999999999998
0.8787999999999999
0.858
0.8964
0.7468
0.7368000000000001
0.7776000000000001
0.8656
0.708
0.6559999999999999
0.6892
0.774
0.7812
0.7984
0.7315999999999999
0.6272
0.6648000000000001
0.6128
0.7216
0.636
0.6612
0.736
0.7012
0.604
0.5692
0.4868
0.6603999999999999
0.6136
0.5912000000000001
0.6148
0.5036
0.424
0.42719999999999997
0.4508
0.4432
0.4448
0.4656
0.5087999999999999
0.39039999999999997
0.2692
0.3796
0.5672
0.5524
0.45399999999999996
0.5048
0.4068
0.3296
0.35840000000000005
0.326
0.3664
0.4792
0.534
0.5272
0.4448
0.3668
0.28919999999999996
0.2828
0.3468
0.2832
0.39880000000000004
0.41840000000000005
0.3528
0.29960000000000003
0.31920000000000004
0.3664
0.3132
0.354
0.3368
0.38480000000000003
0.4276
0.43320000000000003
0.41600000000000004
0.48719999999999997
0.486
0.466
0.4916
0.5404
0.5988
0.4732
0.428
0.4
