temperature
2.6496
2.6288
2.18
2.6488
3.5263999999999998
2.7636000000000003
2.7704000000000004
3.5092000000000003
3.5672
3.312
2.9448000000000003
3.0008
2.9148
3.2812
3.216
2.8495999999999997
2.6316
2.6248
2.7336
3.0212
3.634
3.0239999999999996
2.7407999999999997
2.6492
2.2924
2.1592000000000002
2.0572
2.3316
2.95
2.6483999999999996
2.492
2.8144
2.9608
3.3772
3.5864
4.1564
4.2124
3.4139999999999997
3.1124
3.3888
2.8844
3.1552
3.0388
2.5472
2.4236
2.6395999999999997
2.5792
3.0612
2.7176
2.5191999999999997
2.7436000000000003
2.9104
3.5751999999999997
4.0848
3.7684
3.4812
3.5732
4.096
3.6188
3.9148
4.2656
3.99
4.3751999999999995
5.1724
5.4228
5.5036000000000005
4.9132
4.9536
5.573200000000001
5.2328
5.3452
5.3816
4.8552
4.8876
4.8892
5.130800000000001
4.797083333333333
4.489166666666667
4.36
4.629583333333334
4.845833333333333
5.0216666666666665
4.99125
5.47625
5.410416666666666
5.08375
5.022083333333334
5.382916666666667
5.630833333333334
6.357916666666667
6.265416666666667
5.422499999999999
4.765833333333333
4.917083333333333
5.502916666666667
5.7925
5.404166666666666
4.823333333333333
6.055833333333333
6.862916666666667
7.18375
6.834583333333334
6.177083333333333
6.664583333333333
7.067083333333334
7.432916666666667
6.885416666666667
7.548749999999999
7.5249999999999995
7.32
7.737916666666667
7.9816666666666665
7.565416666666667
7.332916666666667
7.114583333333333
7.62
7.810416666666666
7.641249999999999
7.975416666666667
8.530833333333334
7.812083333333334
8.007916666666667
8.31375
8.409583333333332
7.867916666666667
8.460833333333333
9.043750000000001
8.748333333333333
8.4325
8.8725
8.7475
9.191666666666666
9.1575
9.27875
9.589583333333334
9.362083333333333
9.770833333333334
9.55125
10.0825
10.635833333333332
9.84875
10.278333333333334
10.224583333333333
10.571250000000001
10.928333333333333
11.094166666666666
10.311666666666666
10.769166666666665
11.114583333333334
10.909166666666666
11.656666666666666
12.181666666666667
11.848333333333334
11.792083333333332
11.840000000000002
12.53625
12.461666666666666
11.837083333333332
12.183333333333332
12.106666666666667
12.298333333333334
12.2575
12.11125
12.434166666666668
12.127916666666666
12.0475
13.026666666666666
12.802083333333334
12.975833333333334
13.354999999999999
13.187083333333334
12.487916666666665
12.546666666666667
12.585833333333333
12.987499999999999
13.42875
13.52625
13.29625
13.718333333333334
13.4625
14.056666666666667
13.819583333333334
14.024583333333332
14.06875
14.375416666666666
14.44625
15.315
15.443333333333333
15.190833333333332
14.845833333333333
14.8725
15.253333333333332
15.52625
15.436666666666667
15.144166666666665
15.378333333333332
14.652916666666668
14.624583333333334
14.665416666666665
15.483333333333334
15.062083333333334
14.994583333333333
15.105833333333331
15.152500000000002
14.85375
15.240416666666667
15.7525
16.100416666666668
16.00875
15.830833333333333
15.942083333333334
15.043750000000001
15.159583333333332
15.823749999999999
15.689166666666667
15.23625
15.33625
15.4525
14.922083333333333
14.965416666666668
14.573749999999999
15.003333333333332
15.592500000000001
15.36875
15.537916666666666
15.902500000000002
15.813333333333333
15.116666666666667
14.908333333333333
15.410000000000002
15.658333333333333
15.768333333333333
15.892083333333334
14.77375
14.378333333333332
14.242083333333333
14.108333333333334
13.723333333333334
13.729166666666666
14.425416666666665
14.397916666666667
13.889583333333334
13.840833333333334
13.963333333333333
13.89125
13.430399999999999
13.508799999999999
13.0976
12.7492
13.453600000000002
13.1708
13.4856
13.0416
12.595999999999998
12.3764
12.2084
12.1796
12.113199999999999
12.8204
12.9388
12.1608
11.9796
12.2348
12.116800000000001
11.6548
11.941600000000001
11.2272
11.138399999999999
11.3976
11.138399999999999
11.59
11.6928
11.709200000000001
11.0384
11.1752
10.9384
11.0884
10.6052
10.8136
10.1516
10.7448
10.5676
9.270800000000001
9.5032
9.9208
9.1788
9.038400000000001
9.145199999999999
8.458400000000001
8.3348
8.686
8.9436
8.1296
8.1384
8.208400000000001
8.5664
8.506
8.71
8.374
7.6692
7.524
7.2627999999999995
7.8267999999999995
7.496
7.533199999999999
7.728
7.3776
6.9456
6.5988
6.32
7.1112
7.027200000000001
6.707999999999999
6.725599999999999
6.2536000000000005
5.6256
5.382000000000001
5.5072
5.82
5.5212
5.460800000000001
5.731599999999999
4.9884
4.2472
4.6204
5.2592
5.1248000000000005
4.8644
5.2288
4.4392000000000005
4.0451999999999995
3.9619999999999997
3.5091999999999994
3.7224
4.3004
4.7459999999999996
5.0048
4.7764
4.4336
3.7268
3.43
3.4676
3.3176
3.696
3.5804
3.2776
3.4104
3.4468
3.9175999999999997
3.668
3.5328000000000004
3.3216
3.6692
3.7092
3.944
3.6496000000000004
3.998
4.0108
3.7772
3.7516000000000003
3.6471999999999998
3.858
3.0907999999999998
3.1392
2.818
