temperature
2.7356521739130435
2.8352173913043477
2.9617391304347827
3.657826086956522
3.7343478260869567
2.6843478260869564
2.6934782608695653
3.035217391304348
2.9456521739130435
2.4108695652173915
2.1334782608695653
1.6852173913043478
1.9417391304347824
2.574782608695652
2.675217391304348
2.4904347826086957
2.1247826086956523
2.471304347826087
2.650434782608696
2.784782608695652
2.7330434782608695
2.2421739130434784
2.384782608695652
2.82695652173913
2.3921739130434783
1.8565217391304345
2.011304347826087
2.7943478260869563
2.9078260869565216
2.661304347826087
2.9434782608695653
2.5730434782608698
2.8769565217391304
3.6252173913043477
3.7930434782608695
4.161739130434783
3.496521739130435
2.905217391304348
2.4295652173913043
2.123913043478261
1.7030434782608697
2.294782608695652
2.1969565217391307
1.4717391304347827
1.5534782608695654
1.8669565217391304
1.9395652173913043
2.3582608695652176
2.09304347826087
2.012608695652174
1.731304347826087
2.1830434782608696
2.9186956521739127
3.0521739130434784
2.470869565217391
2.7991304347826085
3.387391304347826
3.6608695652173915
3.3691304347826083
3.606521739130435
3.6999999999999997
3.326521739130435
3.5226086956521736
4.43608695652174
4.9421739130434785
4.660869565217391
4.332173913043478
4.614347826086957
5.35695652173913
4.9165217391304346
5.091304347826087
5.3478260869565215
4.904347826086957
4.360869565217391
4.3326086956521745
4.2156521739130435
4.202272727272727
3.5995454545454546
3.9172727272727275
3.7504545454545455
4.202272727272727
4.674090909090909
4.968181818181818
4.618636363636363
4.828181818181818
4.8513636363636365
4.922272727272728
5.069090909090909
5.343636363636364
5.9013636363636355
5.358636363636363
4.633636363636364
4.369090909090909
4.638181818181818
4.886363636363637
5.225909090909091
5.336363636363637
5.217272727272728
5.949090909090909
5.861363636363635
5.8109090909090915
5.424545454545455
5.124545454545455
5.663636363636363
6.423636363636363
6.638636363636365
5.753181818181819
6.430000000000001
6.088636363636363
6.077727272727273
6.795909090909091
7.181818181818182
7.034090909090909
6.935454545454545
6.7695454545454545
7.050454545454546
7.290909090909091
7.917727272727273
8.121363636363636
7.924545454545455
7.325909090909092
7.677272727272728
7.866818181818181
7.911818181818182
7.803181818181818
7.941363636363636
8.324545454545454
7.931363636363637
7.338181818181818
8.266818181818183
8.687272727272727
9.033181818181818
9.542727272727273
9.555454545454545
9.592272727272727
8.814545454545454
9.205454545454545
9.165
9.461818181818181
10.228181818181818
9.609545454545454
9.942727272727273
10.361363636363636
10.268181818181818
9.838636363636365
10.023636363636363
10.120454545454546
9.852272727272727
10.458636363636364
10.588636363636363
11.537272727272727
11.553636363636365
11.090454545454547
11.301363636363636
10.605454545454545
11.373636363636363
10.965909090909092
10.701818181818181
11.040909090909091
11.136818181818182
11.063636363636364
11.253636363636362
11.017727272727273
11.021818181818182
10.950000000000001
11.532727272727273
12.122727272727273
12.126363636363635
12.139545454545454
12.468181818181819
12.773181818181818
11.703636363636365
11.590454545454547
11.626363636363637
11.81409090909091
12.182727272727272
12.614999999999998
12.537727272727272
13.065454545454545
12.736818181818181
12.771363636363638
12.357727272727272
12.380454545454546
12.651818181818184
13.27
13.36909090909091
13.34590909090909
13.857272727272727
14.003636363636362
14.165
14.50590909090909
14.373636363636365
14.225454545454545
13.957272727272727
14.220454545454546
13.589545454545453
13.706363636363637
13.400454545454545
13.760909090909092
14.187727272727273
14.393636363636364
13.725454545454545
13.865909090909092
14.543636363636363
13.898181818181818
14.606818181818182
14.47409090909091
14.789090909090909
14.355454545454545
14.77818181818182
14.746818181818183
13.736818181818181
14.049545454545456
14.505454545454546
14.024545454545455
14.040454545454544
13.921363636363635
13.996363636363638
13.42090909090909
13.771818181818183
13.297272727272729
13.886363636363637
14.280909090909091
13.54
13.42590909090909
13.643636363636364
13.383181818181818
13.3
13.538181818181819
13.55318181818182
14.47090909090909
14.577727272727271
14.418181818181818
13.683181818181817
13.319545454545455
12.839090909090908
13.087727272727273
12.287727272727272
12.536818181818182
13.033181818181818
12.69681818181818
12.741818181818182
12.956818181818182
12.508260869565218
12.54304347826087
12.14913043478261
12.137391304347824
11.860434782608696
12.053043478260872
12.40608695652174
11.912608695652175
11.922608695652174
11.685217391304347
11.374782608695652
10.77608695652174
10.842173913043478
10.465652173913044
10.856521739130434
11.335652173913042
11.70608695652174
11.476521739130433
11.198695652173912
10.978695652173913
10.814347826086957
10.597826086956522
11.171304347826087
10.444347826086956
10.556086956521739
10.391304347826088
10.925217391304347
10.746086956521738
10.583478260869565
10.848260869565218
9.922608695652174
9.700869565217392
9.59695652173913
9.237391304347826
9.59304347826087
9.703043478260868
9.580434782608695
10.254347826086956
10.055652173913044
8.867391304347827
9.05695652173913
9.324347826086957
8.891304347826088
8.92608695652174
8.569565217391304
8.401304347826086
7.64
8.218695652173913
8.354782608695652
7.94695652173913
7.826521739130435
7.542173913043478
7.605652173913044
7.55913043478261
8.071304347826086
7.4534782608695656
7.381304347826087
7.02695652173913
7.5495652173913035
7.743478260869565
7.369130434782609
7.219565217391305
7.191739130434782
6.703913043478261
6.411739130434783
5.896521739130435
6.407826086956521
7.324347826086957
6.688695652173913
6.459565217391304
6.558260869565218
6.294347826086957
5.361739130434782
5.118260869565217
5.143478260869565
5.358695652173913
5.073043478260869
5.549565217391304
5.443478260869566
4.400869565217391
4.03695652173913
4.210869565217391
4.592173913043479
5.037826086956522
4.936521739130435
5.002173913043478
4.283913043478261
3.882608695652174
3.5152173913043474
3.638695652173913
4.3017391304347825
4.163913043478261
4.747826086956522
4.4073913043478266
4.118260869565217
3.4347826086956523
3.2691304347826087
3.4439130434782608
3.2652173913043474
3.518695652173913
3.614347826086956
3.4765217391304346
3.697391304347826
3.5813043478260873
3.744782608695652
3.6156521739130434
3.8443478260869566
3.454782608695652
3.1130434782608694
2.9899999999999998
2.9
3.1186956521739133
3.1321739130434785
3.672173913043478
4.310434782608696
3.7682608695652173
3.712173913043478
3.25304347826087
3.2356521739130435
3.004782608695652
3.2913043478260873
3.196521739130435
