temperature
4.555384615384615
4.029615384615385
4.093076923076923
4.042307692307692
3.9076923076923076
3.6896153846153847
4.701153846153846
4.401538461538461
4.198846153846154
4.452307692307692
4.743846153846154
4.994230769230769
4.608846153846153
4.133846153846154
4.32423076923077
3.772307692307692
3.5334615384615384
4.07923076923077
4.4399999999999995
3.6865384615384613
3.061153846153846
3.6215384615384614
3.7392307692307694
3.666153846153846
4.0880769230769225
4.1899999999999995
4.281153846153846
4.410384615384616
4.554615384615385
3.878846153846154
4.180769230769231
4.3173076923076925
4.271923076923077
4.4423076923076925
5.228076923076923
5.173076923076923
4.512692307692308
4.071538461538461
4.234615384615385
4.167692307692308
3.8426923076923076
4.527692307692307
4.601538461538461
4.288076923076923
4.695
5.501923076923077
4.867692307692308
5.273076923076923
4.8161538461538465
5.374230769230769
5.696923076923077
5.8888461538461545
5.748461538461539
5.890384615384615
5.593076923076922
5.637307692307692
5.361923076923077
5.105384615384616
4.9
4.626538461538462
4.7519230769230765
4.862307692307692
4.655384615384616
5.146923076923077
5.446923076923077
6.2069230769230765
6.243846153846154
7.150384615384615
6.630384615384615
6.8465384615384615
6.986538461538462
6.003461538461538
7.3403846153846155
7.78
7.743846153846154
7.274615384615384
6.913846153846153
6.773076923076923
6.616923076923077
6.818076923076924
6.634230769230769
7.07423076923077
7.066538461538462
7.463461538461539
7.261153846153846
7.380769230769231
7.94923076923077
8.267692307692307
8.913846153846153
8.706153846153846
8.481153846153846
8.782307692307693
8.527692307692307
8.352692307692307
8.777307692307692
8.076538461538462
7.49
7.826538461538462
8.648076923076923
8.370384615384616
7.7907692307692304
8.064615384615385
8.461153846153847
8.773076923076923
8.573076923076924
8.595769230769232
9.053076923076922
8.803076923076922
8.874615384615385
9.220384615384615
10.349230769230768
11.088076923076924
11.186153846153845
11.299615384615386
10.529615384615385
9.676538461538462
10.296923076923077
10.151538461538461
9.55
10.081923076923077
10.423846153846153
10.716153846153846
10.595
10.580384615384615
11.183461538461538
11.3
11.91
12.333076923076923
12.757307692307693
12.772692307692308
11.771538461538462
11.764615384615384
11.88423076923077
11.47923076923077
12.065
12.816153846153847
12.352692307692308
12.616923076923078
13.26346153846154
12.971538461538461
12.843076923076923
12.932307692307692
13.378076923076922
13.08
13.47653846153846
13.581153846153846
13.698076923076922
13.441538461538462
13.266153846153847
13.42
13.525384615384617
14.896923076923077
14.93923076923077
14.168076923076923
13.899999999999999
13.880384615384616
13.864230769230769
14.218461538461538
14.364615384615385
14.964615384615383
14.569230769230769
14.724230769230768
14.803846153846154
15.366538461538461
15.201153846153847
15.48923076923077
16.04269230769231
16.441153846153846
15.920384615384616
16.036538461538463
15.730384615384615
15.606153846153846
15.517307692307693
16.277307692307694
16.192692307692308
15.79653846153846
16.002307692307692
16.29576923076923
15.928076923076922
16.416923076923077
16.091923076923077
16.960384615384616
16.94923076923077
16.513076923076923
17.195384615384615
17.473846153846154
16.904999999999998
16.799615384615386
16.898076923076925
16.863846153846154
17.321538461538463
16.578461538461536
16.346153846153847
16.599615384615383
16.718846153846155
17.031153846153845
17.739615384615384
17.696923076923078
18.161538461538463
18.824615384615385
17.975384615384616
17.438846153846153
17.326538461538462
18.222692307692306
18.503461538461536
18.203076923076924
18.228846153846153
18.16846153846154
17.804615384615385
18.14423076923077
17.47423076923077
17.525
18.101923076923075
18.053076923076922
18.09730769230769
17.61923076923077
18.17576923076923
18.62576923076923
18.095
18.259999999999998
17.60423076923077
17.649615384615384
18.477307692307694
17.696153846153848
18.13576923076923
17.818846153846156
17.671153846153846
17.056153846153844
17.692307692307693
17.718846153846155
17.43653846153846
17.231153846153845
17.386153846153846
17.596153846153847
17.27
16.72653846153846
17.138461538461538
16.35576923076923
16.005
16.34423076923077
16.283076923076923
15.348846153846154
15.541153846153845
15.507307692307693
16.265
16.061153846153847
16.151153846153846
16.51423076923077
15.951538461538462
15.838846153846154
15.57076923076923
15.657692307692308
15.982692307692307
16.00846153846154
14.960769230769232
14.8
14.781923076923077
14.634615384615385
14.469999999999999
13.765769230769232
14.596538461538461
14.680769230769231
14.629615384615384
14.483846153846153
14.470384615384615
13.993846153846155
13.660769230769231
13.741538461538461
13.158846153846154
13.792692307692308
13.805769230769231
13.608076923076924
13.886538461538462
13.303461538461537
12.612692307692308
12.566923076923077
11.904230769230768
12.628846153846155
11.28
11.807692307692308
12.407692307692308
12.13846153846154
12.501923076923077
11.806153846153846
11.635
11.900384615384617
11.52076923076923
11.38923076923077
11.517692307692307
10.464230769230769
10.69846153846154
10.598461538461539
10.532692307692308
11.029615384615385
10.456153846153846
10.861153846153845
10.853461538461538
10.87076923076923
10.451923076923077
10.05
9.88846153846154
9.60576923076923
9.98576923076923
9.763076923076923
9.181538461538462
9.233461538461539
8.802307692307691
8.169615384615385
8.387692307692308
8.122692307692308
8.131538461538462
7.987307692307693
7.666153846153846
8.126923076923077
8.072307692307692
7.735384615384616
7.354615384615385
7.154615384615385
7.518846153846154
6.954615384615384
6.898461538461539
6.524615384615384
6.042692307692308
5.958461538461538
6.081538461538462
6.047307692307692
5.4423076923076925
5.838846153846154
5.80076923076923
5.913461538461538
6.077692307692308
5.977307692307692
5.698076923076924
5.586923076923076
5.2226923076923075
5.149230769230769
4.706538461538462
4.672307692307692
5.476923076923077
5.2153846153846155
4.705384615384616
4.916538461538462
4.529615384615385
4.753846153846154
4.4338461538461535
4.970769230769231
4.614230769230769
4.520384615384615
5.010769230769231
4.434230769230769
3.8715384615384614
3.6865384615384613
4.003846153846154
4.036538461538462
4.719615384615384
4.8707692307692305
5.880384615384615
5.833076923076923
4.717307692307693
4.74
4.268076923076923
3.2800000000000002
3.6896153846153847
4.686153846153847
4.346923076923077
