temperature
4.966923076923076
4.608846153846153
4.174615384615385
4.176923076923076
4.348461538461539
4.386153846153847
4.655769230769231
4.371923076923077
4.383076923076923
4.878846153846154
5.341538461538462
5.601923076923077
5.154615384615385
5.215
5.4350000000000005
5.053846153846154
4.856923076923077
4.991538461538462
4.9788461538461535
4.2384615384615385
4.368461538461538
4.284230769230769
4.288846153846154
4.412307692307692
4.571538461538461
4.366153846153846
4.679230769230769
4.667307692307692
4.588846153846154
4.226538461538461
4.460384615384616
4.561538461538461
4.582692307692308
4.601153846153846
5.2446153846153845
5.1984615384615385
4.643461538461539
4.580384615384616
4.371538461538462
4.160769230769231
4.326923076923077
4.837692307692308
5.096923076923077
4.72076923076923
5.051923076923076
5.545384615384616
5.165384615384616
5.458461538461538
5.253846153846154
5.609999999999999
5.6753846153846155
5.8015384615384615
5.6269230769230765
5.349615384615385
5.110384615384616
5.320769230769231
5.024230769230769
4.7130769230769225
4.4946153846153845
4.5600000000000005
4.838461538461538
4.631923076923077
4.45
4.783076923076923
5.423076923076923
6.020769230769231
6.450769230769231
6.72
6.67
6.4338461538461535
5.908846153846154
5.9592307692307696
6.772307692307693
7.345
6.9057692307692315
6.801153846153847
6.114615384615385
6.556153846153847
6.506153846153846
6.763076923076923
6.828461538461538
6.967307692307693
7.113461538461538
7.4326923076923075
7.354230769230769
7.3476923076923075
7.660769230769231
7.41423076923077
7.626923076923077
7.818076923076924
7.700769230769231
7.666538461538462
7.468076923076923
7.364230769230769
7.764230769230769
7.640769230769231
6.936923076923076
7.562307692307693
7.8307692307692305
7.493846153846154
7.569999999999999
7.832692307692308
7.962692307692308
8.305769230769231
8.159230769230769
8.243076923076924
8.411538461538461
7.988461538461538
8.223076923076924
9.06423076923077
10.01346153846154
9.740769230769232
10.044615384615385
10.24
9.486923076923077
8.886538461538462
9.184615384615386
9.100769230769231
8.537692307692307
9.079230769230769
9.641153846153845
9.951538461538462
10.195769230769232
9.907692307692308
10.17153846153846
10.084999999999999
10.951538461538462
11.07846153846154
11.098076923076924
11.543461538461539
10.981923076923076
10.911153846153846
10.785384615384617
10.806923076923077
11.600000000000001
11.201538461538462
11.203076923076924
11.153461538461539
11.416538461538462
11.47269230769231
11.907692307692308
11.809615384615386
11.819230769230769
11.895384615384614
12.186153846153845
12.461538461538462
12.297307692307694
12.45346153846154
12.724230769230768
13.122692307692308
13.086153846153847
14.093461538461538
13.392307692307693
13.274615384615384
12.74923076923077
12.935384615384615
12.915384615384616
12.826538461538462
13.051153846153845
13.58
13.68423076923077
13.283846153846154
13.111923076923079
13.361923076923079
13.583846153846155
13.500384615384615
14.335769230769232
14.475000000000001
14.512692307692307
14.3
13.956923076923077
13.88923076923077
13.99
14.183076923076923
14.312692307692307
14.80153846153846
14.887307692307692
14.62076923076923
14.76923076923077
14.908846153846154
14.92576923076923
14.766153846153847
14.831923076923077
15.055
14.698846153846155
14.675
14.76923076923077
15.003461538461538
15.268846153846154
15.632307692307693
15.603846153846153
15.266153846153847
15.29076923076923
14.932692307692308
15.517307692307693
15.438076923076922
15.64423076923077
15.868846153846155
16.509615384615383
16.590384615384615
15.798076923076923
15.646923076923077
15.849615384615383
15.971923076923076
15.929615384615385
16.478846153846153
15.992307692307692
15.628461538461538
15.68576923076923
15.587307692307691
15.275384615384613
15.426923076923078
15.961153846153847
15.996923076923078
15.977692307692308
15.538076923076924
15.803076923076922
15.633846153846154
15.44
16.148076923076925
15.788076923076924
15.779230769230768
15.945
15.850384615384616
16.199615384615385
15.708461538461538
15.308461538461538
15.281538461538462
15.303461538461537
14.964230769230769
15.168461538461539
15.254999999999999
15.319615384615386
15.565
15.363076923076923
14.745000000000001
15.281538461538462
14.885
14.539230769230768
14.455769230769231
14.123461538461537
14.25923076923077
14.099230769230768
14.285384615384617
14.99846153846154
14.75576923076923
15.016923076923076
14.938076923076922
14.753846153846155
14.617692307692307
14.555
14.419230769230769
14.973461538461539
14.466923076923077
14.055769230769231
13.641153846153847
13.467692307692309
13.859615384615385
13.271153846153847
13.339615384615383
13.445384615384615
13.777692307692307
13.626538461538463
13.719615384615384
13.52076923076923
13.05153846153846
12.532307692307691
12.68923076923077
12.67923076923077
12.727692307692308
12.735000000000001
13.121153846153845
13.322692307692307
12.216153846153846
11.805
11.612692307692308
11.217692307692307
11.697692307692307
11.125384615384615
11.221923076923076
11.863461538461538
11.470384615384615
11.610000000000001
10.83
11.018846153846154
10.991538461538461
10.505384615384616
10.92923076923077
10.360000000000001
10.068846153846154
10.272307692307692
9.93576923076923
9.832692307692309
10.044615384615385
9.82423076923077
10.064615384615385
10.036923076923076
10.139615384615384
10.055
9.79076923076923
9.743076923076924
9.51576923076923
9.711153846153847
9.59
9.256538461538462
9.023846153846154
8.624615384615385
8.631538461538462
8.779615384615385
8.411923076923078
8.139615384615384
8.166153846153845
8.143461538461539
8.624615384615385
8.234615384615385
7.8549999999999995
7.5211538461538465
7.553076923076923
7.945769230769231
7.388076923076923
7.735384615384616
7.225384615384616
7.019230769230769
6.658846153846154
6.496538461538462
6.126153846153846
6.148076923076923
6.584615384615384
6.366538461538462
6.446538461538461
6.311538461538461
6.201538461538462
6.205
5.893076923076923
5.287692307692307
5.265384615384615
5.33
5.328076923076923
5.785769230769231
5.968076923076923
5.539615384615384
5.464230769230769
5.67576923076923
5.727692307692307
5.366153846153846
5.643076923076923
5.243461538461539
5.334615384615384
5.267307692307692
5.046923076923077
4.883461538461538
4.866923076923078
4.571923076923077
4.87423076923077
5.586538461538462
5.778076923076923
6.248846153846154
5.8015384615384615
5.144615384615384
5.175000000000001
4.668461538461538
4.228461538461539
5.230769230769231
5.2226923076923075
5.06076923076923
