temperature
4.326923076923077
4.041153846153846
3.8438461538461537
3.766923076923077
3.983461538461538
3.9042307692307694
4.632692307692308
4.45
4.226153846153847
4.515384615384615
4.773846153846154
4.966538461538462
4.465769230769231
4.023461538461539
4.330384615384616
3.665
3.6226923076923074
4.16
4.431153846153847
3.664230769230769
3.2173076923076924
3.563846153846154
3.7023076923076923
3.831538461538462
4.472307692307693
4.308076923076923
4.4884615384615385
4.607307692307692
4.265384615384615
3.646153846153846
4.201153846153846
4.565769230769231
4.177307692307692
4.417692307692308
5.126923076923077
4.801923076923076
4.329615384615384
4.173076923076923
4.301153846153846
4.056923076923077
3.7492307692307696
4.414230769230769
4.696538461538461
4.376153846153846
4.689230769230769
5.510769230769231
4.878461538461538
5.21
4.861538461538462
5.170384615384616
5.610384615384616
5.813461538461539
5.5211538461538465
5.905384615384615
5.329615384615384
5.572692307692308
5.328846153846154
4.916923076923077
4.612692307692307
4.456538461538462
4.735
4.572307692307692
4.348076923076923
4.655384615384615
5.149230769230769
6.034230769230769
6.014615384615384
6.893076923076923
6.653076923076923
6.518076923076923
6.318461538461539
6.0746153846153845
7.087307692307693
7.427692307692308
7.448846153846153
7.242692307692308
6.618846153846154
6.643846153846154
6.5673076923076925
6.8015384615384615
6.703461538461538
6.765769230769231
6.883461538461538
7.370384615384615
7.1450000000000005
7.088846153846154
7.486923076923077
8.008846153846154
8.451923076923077
8.335384615384616
7.702692307692308
7.878461538461538
7.9592307692307696
8.040384615384616
8.46576923076923
7.973076923076923
7.171153846153846
7.743076923076923
8.308076923076923
7.903076923076924
7.4592307692307696
7.709615384615384
7.9692307692307685
8.295384615384616
8.236538461538462
8.255384615384616
8.649615384615384
8.35423076923077
7.988846153846154
8.763461538461538
9.679230769230768
10.373076923076923
10.391923076923076
10.530384615384616
9.896538461538462
9.306923076923077
9.840384615384615
9.330769230769231
8.926923076923076
9.493461538461538
9.963846153846154
10.040000000000001
10.136153846153848
10.238846153846152
10.633461538461537
10.571538461538463
10.98
11.311538461538463
11.778076923076924
11.790384615384616
11.096923076923076
10.981538461538461
10.839615384615383
10.73
11.706153846153846
11.979615384615384
11.868846153846153
12.194615384615386
12.603076923076923
12.466923076923077
12.355
12.429615384615385
12.865
12.493461538461538
12.706923076923077
12.865
12.934615384615386
12.599230769230768
12.833461538461538
12.635769230769231
13.121923076923078
14.138846153846155
14.170384615384616
13.469615384615384
12.899999999999999
13.208846153846155
13.103461538461538
13.621538461538462
13.876153846153848
14.431538461538462
13.97653846153846
14.123461538461537
14.045769230769231
14.690384615384614
14.27076923076923
14.593461538461538
15.401153846153846
15.706923076923077
15.44
15.277692307692309
15.02076923076923
15.01423076923077
15.175
15.57
15.460384615384616
14.94846153846154
15.04653846153846
15.533846153846154
15.26346153846154
15.635
15.39423076923077
16.03230769230769
16.18769230769231
15.818846153846154
16.354230769230767
16.608461538461537
16.451153846153847
16.317307692307693
16.298076923076923
16.196923076923078
16.376923076923077
16.111923076923077
15.998846153846156
15.912307692307694
16.27423076923077
16.537692307692307
17.063846153846153
17.355
17.496153846153845
17.982692307692307
17.143076923076922
16.629615384615384
16.98076923076923
17.377307692307692
17.45846153846154
17.34269230769231
17.378461538461536
17.436923076923076
17.209615384615383
17.132692307692306
16.79
17.03230769230769
17.598846153846154
17.579615384615384
17.706923076923076
17.15230769230769
17.53076923076923
17.88423076923077
17.463461538461537
17.54576923076923
17.093076923076925
16.801923076923078
17.65230769230769
16.983076923076922
17.403846153846153
17.288076923076922
17.13
16.585384615384616
16.963846153846156
17.037307692307692
16.856923076923074
16.72692307692308
16.84730769230769
17.058846153846154
16.70730769230769
16.12192307692308
16.36692307692308
15.648076923076925
15.536153846153846
15.719615384615386
15.318846153846154
14.987692307692308
14.871153846153845
15.147692307692306
15.907307692307693
15.70346153846154
15.555
15.719615384615384
15.493846153846153
15.233461538461539
15.147692307692306
15.37076923076923
15.349615384615387
15.367307692307692
14.729615384615386
14.474230769230768
14.442692307692308
13.826153846153847
13.742307692307692
13.473846153846154
13.998076923076923
14.167307692307693
14.008846153846154
13.793076923076923
14.03076923076923
13.623846153846156
13.274230769230769
13.259615384615385
12.90846153846154
13.448076923076922
13.639615384615384
13.117307692307692
13.502307692307692
12.8776
12.333599999999999
12.2444
11.54
12.2324
11.420399999999999
11.4476
12.1236
11.8704
12.1152
11.648800000000001
11.6152
11.575999999999999
10.9992
10.757200000000001
10.9208
10.388800000000002
10.4144
10.13
10.0988
10.5648
10.156799999999999
10.2432
10.2992
10.3972
9.955599999999999
9.8924
9.4948
9.1332
9.652000000000001
9.4944
9.161923076923078
9.022692307692308
8.635384615384616
7.966923076923077
8.083846153846155
7.804615384615385
7.988846153846154
7.529230769230769
7.481538461538462
7.747692307692308
7.683076923076923
7.665
7.187307692307693
7.197692307692307
7.797307692307692
7.113076923076923
7.0819230769230765
6.556153846153847
6.110384615384616
5.860769230769231
5.656923076923077
5.626153846153846
5.216153846153846
5.733076923076923
5.568846153846153
5.837307692307693
5.877692307692308
5.6911538461538465
5.398461538461539
5.253461538461538
4.906538461538462
5.045384615384616
4.593461538461539
4.605
5.193846153846153
5.063846153846153
4.735
4.660769230769231
4.397692307692308
4.7226923076923075
4.34576923076923
4.7480769230769235
4.535769230769231
4.450769230769231
4.785384615384616
4.322307692307692
3.7161538461538464
3.5919230769230768
3.9292307692307693
3.647692307692308
4.098846153846154
4.756923076923076
5.458076923076923
5.466923076923076
4.562307692307693
4.481538461538461
4.083076923076923
3.1584615384615384
3.436923076923077
4.457692307692308
4.233076923076923
