pet
0.2996153846153846
0.3119230769230769
0.2630769230769231
0.2630769230769231
0.3046153846153846
0.39692307692307693
0.4157692307692308
0.28692307692307695
0.28153846153846157
0.3776923076923077
0.40653846153846157
0.385
0.3403846153846154
0.33192307692307693
0.4034615384615385
0.3230769230769231
0.29500000000000004
0.36076923076923073
0.295
0.24730769230769228
0.31461538461538463
0.3707692307692308
0.3469230769230769
0.40923076923076923
0.375
0.4642307692307692
0.3984615384615384
0.41000000000000003
0.26346153846153847
0.3457692307692308
0.475
0.45769230769230773
0.4553846153846154
0.44461538461538463
0.4346153846153846
0.33076923076923076
0.32961538461538464
0.37115384615384617
0.45038461538461544
0.3438461538461538
0.3423076923076923
0.43038461538461537
0.5176923076923077
0.42076923076923073
0.536923076923077
0.6365384615384616
0.5373076923076924
0.4953846153846154
0.4688461538461538
0.6519230769230769
0.5626923076923077
0.6507692307692309
0.6023076923076923
0.6207692307692307
0.49961538461538463
0.64
0.5219230769230769
0.5453846153846154
0.46153846153846156
0.45615384615384613
0.48115384615384615
0.43038461538461537
0.43038461538461537
0.49153846153846154
0.6530769230769231
0.7292307692307692
0.7826923076923078
0.7815384615384615
0.7761538461538462
0.7923076923076924
0.6946153846153845
0.8819230769230769
1.0284615384615385
1.053076923076923
1.025
1.0746153846153845
0.9438461538461538
1.0296153846153846
0.9715384615384615
1.0665384615384617
1.001923076923077
1.0223076923076921
1.0911538461538461
1.1546153846153846
1.1700000000000002
1.2457692307692307
1.1876923076923076
1.2665384615384616
1.2307692307692308
1.3826923076923079
1.1907692307692308
1.3926923076923077
1.308846153846154
1.3276923076923075
1.4499999999999997
1.3299999999999998
1.1719230769230768
1.4273076923076924
1.5234615384615384
1.4153846153846152
1.3426923076923076
1.3446153846153845
1.4619230769230769
1.5707692307692307
1.5742307692307693
1.4926923076923078
1.4826923076923075
1.4723076923076923
1.6746153846153846
1.853076923076923
2.0711538461538463
2.085384615384615
2.0711538461538463
2.0488461538461538
1.8557692307692308
1.5865384615384615
1.658076923076923
1.716923076923077
1.7792307692307692
1.715
1.8515384615384616
2.0546153846153845
2.0723076923076924
2.266153846153846
2.082692307692308
2.141923076923077
2.3611538461538464
2.2396153846153846
2.3430769230769233
2.411538461538462
2.254230769230769
2.2596153846153846
2.2169230769230768
2.308846153846154
2.4915384615384615
2.352692307692308
2.4226923076923077
2.2123076923076925
2.563846153846154
2.351153846153846
2.3407692307692307
2.2796153846153846
2.2846153846153845
2.3553846153846156
2.4853846153846155
2.4923076923076923
2.414615384615385
2.4280769230769232
2.522692307692308
2.4884615384615385
2.791923076923077
2.700384615384615
2.4811538461538465
2.319230769230769
2.1257692307692304
2.1346153846153846
2.265769230769231
2.3684615384615384
2.2842307692307693
2.3023076923076924
2.375384615384615
1.9988461538461537
2.0057692307692307
1.9373076923076922
1.9538461538461538
2.091153846153846
2.2823076923076924
2.393076923076923
2.2988461538461538
2.085384615384615
2.288076923076923
2.0492307692307694
2.148846153846154
2.2434615384615384
2.0534615384615384
2.151923076923077
2.2842307692307693
2.188076923076923
2.245769230769231
2.248846153846154
2.1446153846153844
2.279230769230769
2.2715384615384617
2.3069230769230766
2.227692307692308
2.1784615384615384
2.154230769230769
2.0923076923076924
2.1573076923076924
2.273076923076923
2.2826923076923076
2.1934615384615386
1.9846153846153847
2.0123076923076924
2.077692307692308
2.1365384615384615
2.242692307692308
2.2161538461538464
2.4315384615384614
2.3703846153846153
2.2342307692307695
2.1142307692307694
2.422307692307692
2.3261538461538462
2.2403846153846154
2.269230769230769
2.188846153846154
2.142692307692308
2.0165384615384614
1.9673076923076922
1.9507692307692308
2.0603846153846153
2.123076923076923
2.0892307692307694
2.1134615384615385
2.0046153846153847
2.026153846153846
1.9676923076923076
1.7584615384615385
2.0015384615384617
1.9942307692307693
1.9115384615384616
1.785
1.919230769230769
2.0496153846153846
1.9130769230769231
1.6953846153846153
1.7365384615384616
1.706923076923077
1.5907692307692307
1.6573076923076921
1.6642307692307694
1.5723076923076924
1.6096153846153847
1.6226923076923077
1.5323076923076924
1.6015384615384616
1.3846153846153846
1.4373076923076922
1.3903846153846153
1.2423076923076921
1.3265384615384617
1.442692307692308
1.3992307692307693
1.606923076923077
1.5057692307692307
1.5903846153846155
1.6573076923076921
1.3711538461538462
1.4211538461538462
1.491153846153846
1.2765384615384614
1.4115384615384616
1.429230769230769
1.2215384615384615
1.228076923076923
1.0565384615384614
1.0773076923076923
1.0407692307692307
0.966923076923077
1.096923076923077
1.1111538461538462
1.2215384615384617
1.2707692307692307
1.1407692307692308
0.9450000000000001
1.0465384615384616
1.0157692307692308
1.0157692307692308
0.9349999999999999
1.1407692307692308
1.0269230769230768
1.075
0.9403846153846154
0.865
0.7934615384615384
0.7615384615384616
0.7911538461538462
0.75
0.9076923076923078
0.8765384615384615
0.823076923076923
0.7861538461538462
0.7123076923076923
0.7515384615384615
0.8334615384615384
0.8280769230769232
0.645
0.7142307692307692
0.6753846153846154
0.6373076923076924
0.6515384615384616
0.6196153846153846
0.705
0.5930769230769231
0.6719230769230768
0.7403846153846154
0.5973076923076923
0.6884615384615386
0.8073076923076924
0.6061538461538462
0.5861538461538461
0.6873076923076924
0.6734615384615386
0.5957692307692308
0.52
0.5223076923076924
0.5173076923076922
0.45269230769230767
0.44461538461538463
0.4676923076923077
0.3776923076923077
0.34192307692307694
0.44153846153846155
0.4015384615384615
0.35461538461538467
0.3046153846153846
0.4453846153846154
0.5803846153846154
0.41000000000000003
0.40115384615384614
0.41730769230769227
0.3426923076923077
0.32346153846153847
0.32192307692307687
0.16923076923076924
0.305
0.3019230769230769
0.25576923076923075
0.37423076923076926
0.3392307692307692
0.3069230769230769
0.3284615384615384
0.35038461538461535
0.2811538461538462
0.32076923076923075
0.19423076923076923
0.2765384615384615
0.3553846153846154
0.3692307692307692
0.35730769230769227
0.3396153846153846
0.42
0.40653846153846157
0.24653846153846154
0.2988461538461538
0.2926923076923077
0.29307692307692307
0.305
0.3603846153846154
0.3
0.2857692307692308
0.3161538461538461
0.27615384615384614
0.36961538461538457
0.38346153846153846
0.5069230769230769
0.38346153846153846
0.2915384615384615
0.27576923076923077
0.27
0.24923076923076926
0.3484615384615385
0.40923076923076923
0.45576923076923076
