pet
0.4342307692307692
0.23500000000000001
0.18692307692307694
0.38384615384615384
0.4584615384615385
0.47961538461538467
0.4403846153846154
0.43961538461538463
0.4030769230769231
0.40846153846153843
0.42769230769230765
0.33884615384615385
0.4584615384615385
0.4380769230769231
0.45153846153846156
0.3761538461538461
0.32499999999999996
0.3676923076923077
0.4326923076923077
0.4596153846153846
0.4876923076923077
0.3861538461538461
0.3796153846153846
0.40230769230769237
0.2865384615384615
0.32961538461538464
0.23576923076923076
0.31769230769230766
0.4230769230769231
0.3734615384615385
0.4180769230769231
0.4376923076923077
0.5292307692307692
0.5223076923076924
0.5376923076923077
0.6715384615384615
0.5480769230769231
0.3923076923076923
0.3203846153846154
0.3873076923076923
0.2830769230769231
0.295
0.38769230769230767
0.3007692307692308
0.31769230769230766
0.3346153846153846
0.36230769230769233
0.4076923076923077
0.4180769230769231
0.4380769230769231
0.4369230769230769
0.4369230769230769
0.5692307692307692
0.6296153846153847
0.5561538461538462
0.52
0.5630769230769231
0.6253846153846154
0.5538461538461539
0.5873076923076923
0.6634615384615384
0.6276923076923077
0.7023076923076924
0.8661538461538462
0.9365384615384615
1.008076923076923
0.8123076923076924
0.8223076923076923
0.8757692307692307
0.8969230769230769
0.9215384615384615
0.7853846153846155
0.6753846153846154
0.6615384615384615
0.7292307692307692
0.7426923076923078
0.663076923076923
0.6415384615384615
0.6611538461538462
0.7096153846153845
0.8403846153846154
0.8346153846153845
0.9088461538461539
0.8311538461538461
0.8730769230769231
0.8561538461538463
0.8811538461538462
0.9673076923076922
1.133846153846154
1.1711538461538462
1.0761538461538462
0.9107692307692308
0.9161538461538462
1.1211538461538462
1.0788461538461538
1.1515384615384616
1.1157692307692306
1.1826923076923077
1.3138461538461539
1.4703846153846152
1.3873076923076924
1.2730769230769232
1.265769230769231
1.5065384615384616
1.656923076923077
1.5561538461538462
1.635
1.6642307692307694
1.513076923076923
1.6019230769230768
1.7338461538461538
1.6273076923076923
1.6584615384615384
1.8196153846153846
1.7030769230769232
1.8103846153846155
1.7684615384615383
1.7603846153846154
1.7561538461538464
1.8034615384615384
1.863076923076923
1.966923076923077
2.0415384615384613
2.042692307692308
2.085769230769231
2.271923076923077
2.305769230769231
2.098846153846154
2.15
2.216153846153846
2.1973076923076924
2.3253846153846154
2.2515384615384617
2.398846153846154
2.4215384615384616
2.1396153846153845
2.3826923076923077
2.3400000000000003
2.390769230769231
2.6180769230769227
2.6184615384615384
2.4511538461538462
2.8534615384615383
2.7284615384615383
2.7684615384615388
2.681923076923077
2.6934615384615386
2.670384615384615
2.5988461538461536
2.724615384615385
2.7750000000000004
2.613846153846154
2.4584615384615387
2.4034615384615385
2.358846153846154
2.3784615384615386
2.436923076923077
2.4023076923076925
2.5323076923076924
2.415
2.430769230769231
2.308076923076923
2.2596153846153846
2.2434615384615384
2.301153846153846
2.349615384615385
2.4465384615384616
2.423076923076923
2.4203846153846156
2.726153846153846
2.333076923076923
2.235
2.297307692307692
2.206923076923077
2.3265384615384614
2.4053846153846155
2.29
2.248846153846154
2.348846153846154
2.5015384615384613
2.426923076923077
2.210384615384615
2.228846153846154
2.4915384615384615
2.5576923076923075
2.503076923076923
2.7146153846153847
2.7203846153846154
2.417307692307692
2.414230769230769
2.4034615384615385
2.459230769230769
2.249615384615385
2.414230769230769
2.333076923076923
2.0646153846153847
2.0284615384615385
2.102307692307692
2.323846153846154
2.519615384615385
2.2915384615384613
2.2873076923076923
2.194230769230769
2.1434615384615383
2.231153846153846
2.375384615384615
2.378076923076923
2.3861538461538463
2.2811538461538463
2.2626923076923076
2.2126923076923077
2.1003846153846153
2.151923076923077
2.0915384615384616
1.926153846153846
1.9392307692307693
1.978846153846154
1.9846153846153847
1.8900000000000001
1.915769230769231
1.9034615384615385
1.8223076923076924
1.926923076923077
1.8984615384615384
1.856153846153846
1.8742307692307691
1.9200000000000002
1.7103846153846154
1.7999999999999998
1.79
1.9065384615384615
1.936923076923077
1.7707692307692307
1.6823076923076923
1.8446153846153845
1.8192307692307692
1.7211538461538463
1.6749999999999998
1.7019230769230769
1.8134615384615385
1.5811538461538461
1.5261538461538462
1.518076923076923
1.5415384615384615
1.5284615384615385
1.556923076923077
1.5069230769230768
1.3246153846153845
1.393076923076923
1.4476923076923076
1.335
1.2246153846153847
1.2196153846153845
1.1696153846153847
1.1726923076923077
1.0569230769230769
1.08
1.1226923076923077
1.2753846153846156
1.3026923076923076
1.1757692307692307
1.2046153846153846
1.238846153846154
1.1996153846153847
1.0834615384615385
1.1084615384615384
0.9111538461538462
0.785
0.8907692307692308
0.95
1.0007692307692309
1.0823076923076924
1.155
1.0780769230769232
1.1296153846153847
1.0815384615384616
1.0057692307692307
0.9723076923076923
0.9623076923076923
0.863076923076923
0.9992307692307693
0.9173076923076924
0.8119230769230769
0.8953846153846154
0.791923076923077
0.8153846153846154
0.8046153846153847
0.7426923076923077
0.7323076923076923
0.7196153846153847
0.6849999999999999
0.6042307692307692
0.6026923076923076
0.62
0.6880769230769231
0.7719230769230769
0.6869230769230769
0.6799999999999999
0.6853846153846154
0.6011538461538461
0.73
0.6965384615384616
0.7730769230769231
0.6253846153846154
0.6234615384615385
0.6461538461538462
0.6569230769230768
0.5446153846153846
0.4969230769230769
0.6384615384615385
0.6815384615384615
0.5726923076923077
0.6411538461538462
0.5700000000000001
0.5273076923076924
0.4376923076923077
0.43538461538461537
0.48000000000000004
0.42192307692307696
0.3565384615384615
0.38653846153846155
0.37461538461538463
0.2538461538461539
0.2469230769230769
0.5623076923076923
0.535
0.5073076923076922
0.4603846153846154
0.4834615384615385
0.39192307692307693
0.3780769230769231
0.4153846153846154
0.39499999999999996
0.4342307692307692
0.4880769230769231
0.5642307692307692
0.5815384615384616
0.5492307692307692
0.41730769230769227
0.2753846153846154
0.25461538461538463
0.27499999999999997
0.4042307692307692
0.48307692307692307
0.49653846153846154
0.4565384615384615
0.41807692307692307
0.4846153846153846
0.4888461538461539
0.3984615384615384
0.36538461538461536
0.4030769230769231
0.30423076923076925
0.3596153846153846
0.3734615384615384
0.3934615384615385
0.4465384615384615
0.49230769230769234
0.5423076923076923
0.41307692307692306
0.42653846153846153
0.4276923076923077
0.40192307692307694
0.42076923076923084
0.49038461538461536
