temperature
3.3396153846153847
3.272307692307692
2.563846153846154
2.7873076923076923
3.1376923076923076
3.1653846153846152
3.476923076923077
3.2226923076923075
3.1096153846153842
3.8696153846153845
4.040384615384616
4.156153846153846
3.7496153846153844
3.7023076923076923
3.938076923076923
3.5207692307692304
3.365769230769231
3.6496153846153847
3.496153846153846
2.6738461538461538
2.713461538461538
2.891923076923077
2.8392307692307694
3.0923076923076924
3.549615384615385
3.4680769230769233
3.706538461538462
3.659615384615385
3.0626923076923074
2.7757692307692308
3.411153846153846
3.505
3.4042307692307694
3.546923076923077
4.032307692307692
3.8623076923076924
3.108846153846154
3.313076923076923
3.063846153846154
2.784615384615385
2.849615384615385
3.5323076923076924
3.977307692307692
3.2569230769230773
3.918846153846154
4.379615384615385
3.8853846153846154
4.1207692307692305
3.967307692307692
4.306538461538461
4.490769230769231
4.6596153846153845
4.481923076923077
4.25
3.7930769230769235
4.244230769230769
3.7834615384615384
3.5107692307692306
3.1923076923076925
3.343461538461539
3.4119230769230766
3.3303846153846157
2.962307692307692
3.6423076923076922
4.157307692307692
4.711923076923077
5.196923076923077
5.6984615384615385
5.401538461538461
5.163076923076924
4.7446153846153845
4.816923076923077
5.778076923076923
6.2192307692307685
5.868076923076923
5.913461538461538
5.187307692307693
5.515000000000001
5.341923076923077
5.413846153846153
5.468076923076923
5.847307692307693
5.996153846153846
6.211923076923076
6.158461538461538
5.899615384615384
6.420000000000001
6.316538461538461
6.643076923076923
6.787307692307692
6.55576923076923
6.645384615384615
6.763461538461538
6.422307692307692
6.825384615384616
6.692692307692307
5.852307692307692
6.733846153846154
6.808076923076923
6.480384615384616
6.805000000000001
6.461153846153847
7.083846153846154
7.333076923076923
7.16
7.179230769230769
7.331538461538462
6.982307692307692
7.168461538461538
7.966538461538462
8.90576923076923
9.026153846153846
9.182692307692308
9.370000000000001
8.624615384615385
8.025
8.212307692307693
7.989230769230769
7.805000000000001
8.44076923076923
8.839615384615385
8.911923076923078
9.255384615384616
9.004615384615384
9.203076923076923
8.93
10.207692307692307
9.909999999999998
10.095384615384615
10.492307692307692
9.796538461538463
9.962307692307691
9.976153846153846
9.836538461538462
10.743076923076924
10.432307692307692
10.275384615384617
10.39576923076923
10.592307692307692
10.746153846153845
11.002307692307692
10.629615384615384
10.872307692307693
10.773846153846154
11.39576923076923
11.295384615384616
11.509615384615385
11.42576923076923
11.575
11.836923076923076
12.414615384615384
13.508846153846154
12.963076923076924
12.360000000000001
12.051153846153845
12.10423076923077
12.128846153846155
12.228461538461538
12.464615384615383
12.883846153846154
12.939615384615385
12.42923076923077
12.375384615384615
12.646923076923077
12.85423076923077
12.952692307692306
13.788461538461538
13.506153846153847
13.868846153846153
13.395384615384614
13.080384615384615
13.068076923076923
13.192307692307692
13.705
13.692692307692308
13.885384615384615
14.539615384615386
13.73923076923077
14.047692307692309
14.316538461538462
14.009615384615385
14.366153846153846
14.233076923076924
14.345
14.121538461538462
14.38076923076923
14.087307692307691
14.306538461538462
14.545769230769231
14.896923076923077
14.753461538461538
14.380384615384616
14.332692307692307
13.829615384615384
14.517307692307693
14.668076923076923
14.849615384615383
15.055
15.721153846153847
15.748076923076923
14.784230769230769
14.59769230769231
15.004615384615384
15.486923076923079
14.891923076923076
15.653846153846153
15.135
15.13423076923077
14.99
14.921923076923076
14.565384615384614
14.813461538461537
15.476153846153846
15.339230769230769
15.386153846153848
14.928461538461537
15.004615384615384
15.225769230769231
14.897692307692306
15.387307692307692
15.281923076923077
14.843076923076923
15.452307692307691
15.257692307692308
15.343076923076923
15.084999999999999
14.385384615384615
14.642307692307693
14.721923076923076
14.365
14.526153846153846
14.458461538461538
14.427307692307693
14.862692307692308
14.534230769230769
13.856923076923076
14.415384615384616
13.76076923076923
13.720769230769232
13.393846153846154
13.056923076923077
13.211153846153847
12.914615384615384
12.936153846153847
13.993846153846153
13.367692307692307
13.736923076923079
13.676153846153845
13.421153846153846
13.134615384615385
13.292307692307693
13.163461538461538
13.700384615384614
13.176153846153845
12.900384615384617
12.350384615384616
12.26076923076923
12.613076923076923
11.802307692307693
11.839615384615383
12.197692307692307
12.405
12.188076923076922
12.31423076923077
12.06576923076923
11.726153846153846
11.211153846153847
11.502307692307692
11.274230769230769
11.421923076923077
11.725769230769231
11.756923076923076
12.052307692307693
10.872307692307693
10.211153846153847
10.10576923076923
9.754615384615384
10.32846153846154
9.685
10.05
10.730384615384615
10.02730769230769
10.313846153846155
9.451923076923077
9.84153846153846
9.676923076923076
9.429615384615385
9.601923076923077
9.24423076923077
8.543076923076923
8.834615384615384
8.611923076923077
8.364615384615384
8.68423076923077
8.464615384615385
8.523076923076923
8.680769230769231
8.720769230769232
8.391153846153845
8.582692307692309
8.09153846153846
7.918461538461538
8.383461538461539
8.156153846153845
7.802692307692308
7.794615384615384
7.201153846153845
6.973461538461539
7.193461538461539
6.958461538461539
6.636153846153846
6.429615384615384
6.370769230769231
6.976923076923077
6.614615384615385
6.368076923076923
6.115769230769231
6.212692307692308
6.737692307692308
5.99
6.229615384615385
5.504615384615385
5.306923076923076
5.0503846153846155
4.600769230769231
4.192692307692308
4.38076923076923
4.861153846153846
4.813461538461539
5.121153846153846
4.835384615384616
4.706538461538461
4.534230769230769
4.441923076923077
3.987692307692307
3.8276923076923075
4.138461538461538
4.041923076923077
4.674230769230769
4.694230769230769
4.288076923076924
4.1534615384615385
4.155
4.1438461538461535
3.7930769230769235
4.150384615384615
3.584230769230769
3.743846153846154
4.025769230769231
3.8134615384615387
3.4457692307692307
3.383846153846154
3.174615384615385
3.263076923076923
4.229615384615385
4.510769230769231
5.060384615384615
4.559230769230769
3.8596153846153842
3.822307692307692
3.2850000000000006
2.774230769230769
3.469615384615385
4.008846153846154
3.9123076923076923
