pet
0.42615384615384616
0.3780769230769231
0.365
0.3453846153846154
0.3869230769230769
0.4030769230769231
0.5096153846153846
0.4153846153846154
0.4076923076923077
0.46076923076923076
0.5457692307692308
0.5207692307692308
0.4642307692307692
0.3984615384615384
0.5142307692307693
0.47269230769230774
0.4019230769230769
0.5115384615384616
0.5696153846153846
0.45769230769230773
0.3269230769230769
0.4073076923076923
0.4126923076923077
0.44576923076923075
0.5134615384615384
0.4803846153846154
0.5523076923076923
0.6130769230769231
0.5380769230769231
0.5080769230769231
0.6365384615384616
0.6538461538461539
0.6353846153846153
0.6065384615384615
0.7523076923076922
0.7103846153846154
0.5538461538461539
0.5934615384615385
0.6592307692307693
0.5657692307692308
0.5457692307692308
0.6961538461538462
0.6753846153846154
0.53
0.6538461538461539
0.8173076923076923
0.7261538461538461
0.8065384615384615
0.711923076923077
0.8311538461538461
0.9053846153846153
0.9473076923076923
0.9038461538461539
0.9346153846153846
0.8257692307692307
0.893076923076923
0.8153846153846154
0.818076923076923
0.7738461538461539
0.7892307692307692
0.8426923076923077
0.7338461538461538
0.7188461538461538
0.7611538461538461
0.9742307692307691
1.1007692307692307
1.1284615384615384
1.3061538461538462
1.2438461538461536
1.2342307692307695
1.115
1.0888461538461538
1.363076923076923
1.5
1.3946153846153846
1.4465384615384616
1.2776923076923077
1.256153846153846
1.2476923076923077
1.3411538461538461
1.2792307692307692
1.386153846153846
1.4280769230769232
1.4642307692307692
1.5203846153846154
1.4534615384615384
1.6134615384615385
1.6465384615384617
1.7623076923076924
1.7915384615384615
1.753076923076923
1.7788461538461537
1.8250000000000002
1.751923076923077
1.8357692307692306
1.7999999999999998
1.5323076923076924
1.7753846153846153
1.8599999999999999
1.7392307692307691
1.7534615384615386
1.7453846153846155
1.9230769230769231
2.035
1.9746153846153847
1.9334615384615383
2.003846153846154
1.933846153846154
1.926153846153846
2.143846153846154
2.3846153846153846
2.4511538461538462
2.4334615384615383
2.561923076923077
2.3242307692307693
2.17
2.246153846153846
2.185
2.086153846153846
2.261923076923077
2.4096153846153845
2.4473076923076924
2.5188461538461535
2.487692307692308
2.6076923076923078
2.5634615384615387
2.839230769230769
2.7942307692307695
2.785769230769231
2.894615384615385
2.6784615384615384
2.6357692307692306
2.6265384615384617
2.5100000000000002
2.8938461538461535
2.7750000000000004
2.7296153846153848
2.7830769230769232
2.928846153846154
2.8546153846153848
2.8157692307692304
2.8346153846153848
2.8742307692307696
2.8411538461538464
2.93
2.9303846153846154
3.026153846153846
2.9365384615384613
2.901923076923077
2.9403846153846156
3.0999999999999996
3.2069230769230765
3.016538461538462
2.832692307692308
2.6550000000000002
2.7384615384615385
2.6511538461538464
2.706153846153846
2.755769230769231
2.927692307692308
2.816153846153846
2.823846153846154
2.715384615384615
2.8561538461538465
2.8257692307692306
2.8896153846153845
3.123846153846154
3.116923076923077
3.0776923076923075
3.0146153846153845
2.8969230769230765
2.8853846153846154
2.861923076923077
3.019615384615385
2.9373076923076926
2.981923076923077
3.1296153846153847
2.918461538461538
2.953076923076923
3.0907692307692307
2.9946153846153845
3.1634615384615383
3.1184615384615384
3.1265384615384613
3.082307692307692
3.2007692307692306
3.1076923076923078
3.1084615384615386
3.168846153846154
3.1550000000000002
3.1526923076923077
3.022692307692308
3.034615384615385
2.8746153846153844
3.0323076923076924
3.1042307692307696
3.257307692307692
3.2296153846153848
3.391923076923077
3.396153846153846
3.0892307692307694
2.94
3.099615384615385
3.193076923076923
3.0715384615384616
3.3065384615384614
3.1296153846153847
3.041153846153846
3.056923076923077
2.933076923076923
2.8492307692307692
2.891923076923077
3.020769230769231
2.956538461538462
2.977692307692308
2.8411538461538464
2.852307692307692
2.9384615384615387
2.8530769230769235
2.959230769230769
2.898846153846154
2.686923076923077
2.9303846153846154
2.7734615384615386
2.780384615384615
2.660769230769231
2.5442307692307695
2.539230769230769
2.540769230769231
2.5076923076923077
2.4946153846153845
2.4569230769230765
2.4546153846153844
2.5961538461538463
2.426153846153846
2.229230769230769
2.381153846153846
2.164615384615385
2.147307692307692
2.0373076923076923
1.9896153846153846
1.9838461538461538
1.9296153846153847
1.9657692307692307
2.268846153846154
2.101923076923077
2.2165384615384616
2.190769230769231
2.098076923076923
1.9988461538461537
2.051923076923077
1.9519230769230769
2.106153846153846
2.0
1.863846153846154
1.771153846153846
1.71
1.7523076923076923
1.6134615384615385
1.5969230769230771
1.691153846153846
1.6996153846153845
1.6688461538461539
1.6723076923076923
1.5750000000000002
1.5592307692307692
1.4661538461538461
1.475
1.4576923076923076
1.4830769230769232
1.5373076923076923
1.5
1.5765384615384617
1.4030769230769229
1.330769230769231
1.2646153846153847
1.2126923076923077
1.2957692307692308
1.1484615384615384
1.1884615384615385
1.3576923076923075
1.213076923076923
1.341923076923077
1.1261538461538463
1.1707692307692308
1.1492307692307693
1.0815384615384616
1.0034615384615384
1.066153846153846
0.9015384615384616
0.95
0.9330769230769231
0.9107692307692308
0.9776923076923077
0.885
1.0057692307692307
1.0273076923076923
1.003076923076923
0.9069230769230768
0.9684615384615385
0.9611538461538461
0.8684615384615384
0.9546153846153846
0.8661538461538462
0.8065384615384615
0.7761538461538462
0.7057692307692308
0.6738461538461539
0.7142307692307692
0.6411538461538462
0.575
0.568076923076923
0.5934615384615385
0.6357692307692309
0.6065384615384615
0.5842307692307692
0.5715384615384616
0.5392307692307692
0.6649999999999999
0.5026923076923077
0.5592307692307692
0.5161538461538462
0.44153846153846155
0.3896153846153846
0.40884615384615386
0.3392307692307692
0.32923076923076927
0.3811538461538462
0.3707692307692308
0.4784615384615385
0.47807692307692307
0.46615384615384614
0.42500000000000004
0.4892307692307692
0.4076923076923077
0.43884615384615383
0.33692307692307694
0.35884615384615387
0.47384615384615386
0.5192307692307693
0.42192307692307696
0.4246153846153847
0.3523076923076923
0.3573076923076923
0.31884615384615383
0.435
0.37115384615384617
0.40807692307692306
0.38884615384615384
0.4053846153846154
0.3226923076923077
0.33884615384615385
0.3261538461538462
0.3792307692307692
0.5076923076923077
0.5415384615384615
0.6119230769230769
0.541923076923077
0.4338461538461538
0.4226923076923077
0.4
0.30692307692307697
0.4773076923076923
0.5188461538461538
0.5307692307692308
