temperature
4.596923076923077
4.676923076923076
4.613846153846153
4.229230769230769
4.51
4.729230769230769
4.798076923076923
4.195769230769231
4.5903846153846155
5.348076923076923
5.355769230769231
5.326153846153845
4.875
4.740384615384615
5.166538461538461
4.47076923076923
4.313846153846153
4.673461538461539
4.311923076923077
3.9480769230769233
4.5807692307692305
4.826153846153846
4.883846153846154
5.178846153846154
5.22
5.311153846153847
5.03923076923077
4.952692307692308
4.075384615384615
4.288846153846153
4.8696153846153845
4.846153846153846
4.798461538461538
5.034230769230769
4.863076923076923
4.564230769230769
4.566923076923077
4.471153846153846
4.806538461538461
4.397692307692308
4.081538461538462
4.516923076923077
4.953846153846154
4.96076923076923
5.338461538461539
5.803846153846154
5.468461538461539
5.392307692307692
5.108076923076923
5.704615384615384
5.773846153846154
5.892307692307692
5.585384615384616
5.771538461538461
5.255769230769231
5.835384615384616
5.298076923076923
5.1826923076923075
4.735769230769231
4.541153846153846
4.791923076923077
4.816538461538462
4.805000000000001
4.5746153846153845
5.720384615384615
6.19423076923077
6.343461538461539
6.374230769230769
6.217692307692308
6.101923076923077
6.055000000000001
6.770769230769231
7.131923076923077
7.110384615384616
7.104230769230769
7.193461538461539
6.613461538461538
6.923846153846155
6.802307692307693
7.0503846153846155
7.0880769230769225
6.669615384615384
7.292692307692307
7.446153846153846
7.316923076923077
7.617307692307692
7.276923076923077
7.687307692307693
7.4592307692307696
7.796153846153846
7.015
7.368846153846154
7.227307692307692
7.496538461538462
7.97423076923077
7.648461538461539
7.123846153846154
7.931923076923076
7.8876923076923084
7.742307692307692
7.403846153846154
7.263846153846154
7.56923076923077
7.879615384615385
7.908846153846154
7.802692307692308
7.67576923076923
7.651538461538461
8.295769230769231
8.851923076923077
9.449615384615385
9.596153846153847
9.596538461538461
9.379615384615384
9.035
8.67
8.629615384615384
8.670769230769231
8.846538461538461
8.508076923076924
8.985384615384616
9.171153846153846
9.348076923076924
10.11423076923077
9.606538461538461
9.526923076923076
9.76
9.85153846153846
10.106153846153846
10.223076923076924
10.02346153846154
9.705769230769231
10.05
10.312307692307693
11.128076923076922
10.837692307692306
11.19846153846154
10.948076923076922
11.621923076923078
11.445
11.501538461538463
11.318461538461538
11.49576923076923
11.573846153846155
12.049230769230771
12.077692307692306
11.613076923076923
11.751153846153844
11.921153846153846
11.751923076923077
12.26
13.130384615384616
12.948076923076922
12.458846153846155
12.083076923076923
12.206153846153846
12.418461538461539
12.716923076923077
12.965384615384616
12.935
13.393461538461539
12.723846153846154
12.619615384615384
12.787307692307694
12.649615384615384
13.309615384615386
13.800384615384615
14.146538461538462
14.042692307692308
13.692692307692308
14.246923076923078
13.840000000000002
14.152692307692309
14.444615384615386
13.91576923076923
14.06
14.034615384615384
14.133461538461537
14.297307692307694
14.334615384615384
14.260384615384615
14.820384615384615
14.738461538461538
14.878076923076922
14.923846153846153
14.728846153846153
14.872307692307693
14.903461538461539
14.98576923076923
15.31423076923077
15.126153846153848
15.118461538461538
14.650769230769232
14.917692307692308
15.062307692307693
15.50076923076923
15.876923076923077
15.711923076923076
15.909999999999998
15.661153846153846
15.512307692307692
15.363461538461538
15.72653846153846
15.88846153846154
15.775769230769232
15.553461538461537
15.682692307692308
15.703076923076923
15.67923076923077
15.435
15.38076923076923
15.703076923076923
15.977692307692308
15.848461538461539
16.08230769230769
15.847307692307693
15.863076923076923
15.68923076923077
15.261538461538462
15.591153846153846
15.48576923076923
15.57346153846154
15.066538461538462
15.433076923076923
16.00576923076923
15.636153846153848
15.307692307692308
15.445384615384615
15.766538461538461
15.029230769230768
15.243846153846153
15.267307692307693
15.099615384615383
14.851923076923075
14.998846153846156
14.839615384615383
14.843461538461538
14.11923076923077
14.616153846153846
14.66230769230769
14.201153846153847
14.346153846153847
14.486923076923075
14.552307692307693
15.035384615384617
14.425
14.776538461538461
15.082692307692307
14.640384615384615
14.342692307692307
14.569230769230769
13.919615384615383
14.256538461538462
14.456538461538461
13.832307692307692
13.68423076923077
13.185
13.109615384615385
12.835769230769232
12.685384615384615
12.843076923076923
12.82346153846154
13.527692307692307
13.451923076923077
12.99423076923077
12.562692307692307
12.625
12.71923076923077
12.580384615384615
12.27730769230769
12.899999999999999
12.36576923076923
12.53730769230769
11.731923076923078
11.667307692307693
11.598461538461539
11.128846153846155
11.331923076923077
11.292307692307693
11.657307692307693
11.516153846153847
11.343461538461538
10.942692307692308
10.68
10.881538461538462
10.872692307692308
10.85923076923077
10.271538461538462
10.2
9.841153846153846
9.996153846153845
9.670769230769231
9.748076923076923
10.150384615384617
9.714230769230769
9.710384615384616
9.71653846153846
9.781153846153845
9.803461538461539
9.87076923076923
9.158846153846154
8.726923076923077
9.275769230769232
9.590769230769231
8.95076923076923
8.736538461538462
8.678461538461537
8.307307692307692
8.008846153846154
8.064615384615385
8.086923076923076
7.46076923076923
7.481153846153846
7.751538461538461
7.806153846153847
7.583461538461539
7.369230769230769
7.877692307692308
8.311923076923078
7.360384615384616
7.136153846153846
6.81423076923077
6.773461538461539
6.403846153846154
6.046923076923077
5.5600000000000005
6.295384615384616
6.223076923076923
5.953846153846154
6.563076923076924
6.418846153846153
5.893846153846154
5.606153846153846
5.46076923076923
5.30076923076923
5.598846153846154
4.8573076923076925
5.092307692307693
5.501923076923077
5.231923076923077
5.328846153846154
5.507307692307692
6.006538461538461
5.591538461538462
4.8307692307692305
4.910384615384616
5.09923076923077
5.437307692307693
5.428461538461539
5.115
4.512692307692308
4.425769230769231
4.558076923076923
4.398461538461539
4.671538461538462
5.007692307692308
5.79
5.140769230769231
4.423846153846154
4.418846153846154
4.014230769230769
3.613846153846154
4.4338461538461535
4.903846153846154
5.015769230769231
