pet
0.6224999999999999
0.3458333333333334
0.38833333333333336
0.28583333333333333
0.3983333333333334
0.3925
0.47750000000000004
0.3358333333333334
0.4266666666666667
0.5433333333333333
0.5583333333333333
0.6183333333333334
0.6716666666666667
0.5375
0.6333333333333333
0.6733333333333333
0.5516666666666666
0.68
0.8341666666666666
0.7091666666666666
0.5291666666666667
0.5466666666666666
0.5341666666666667
0.3225
0.49666666666666665
0.3675
0.48750000000000004
0.5633333333333334
0.59
0.5158333333333334
0.6125
0.7025
0.6983333333333334
0.69
0.915
0.9241666666666667
0.66
0.77
0.68
0.5816666666666667
0.7400000000000001
1.0325
0.88
0.535
0.49333333333333335
0.5408333333333334
0.4875
0.5408333333333334
0.6133333333333334
0.535
0.46749999999999997
0.835
0.8241666666666667
0.8574999999999999
0.8291666666666666
0.8858333333333333
0.7875
0.9183333333333333
0.5833333333333334
0.5866666666666667
0.6983333333333334
0.7291666666666666
0.7091666666666666
0.6208333333333333
1.0183333333333333
1.2241666666666666
1.3241666666666667
1.3175000000000001
1.3616666666666666
1.1641666666666666
1.2458333333333333
1.0066666666666666
1.3691666666666666
1.5083333333333335
1.6624999999999999
1.6783333333333335
1.2658333333333334
1.4491666666666667
1.3883333333333334
1.5558333333333334
1.4833333333333334
1.5775
1.7016666666666664
1.6624999999999999
1.6916666666666667
1.5683333333333334
1.7266666666666666
1.6725
1.8525
1.9891666666666667
2.155
2.2391666666666667
2.105
1.7774999999999999
2.046666666666667
1.795
1.4708333333333332
1.5516666666666667
1.8841666666666665
1.9016666666666666
1.6283333333333332
1.9008333333333332
2.055
2.0616666666666665
2.2875
2.1125000000000003
2.2666666666666666
2.0825
2.0783333333333336
2.191666666666667
2.4425000000000003
2.585
2.720833333333333
2.9266666666666663
2.660833333333333
2.6133333333333333
2.6233333333333335
2.589166666666667
2.470833333333333
2.58
2.620833333333333
2.5033333333333334
2.5275
2.674166666666667
2.7750000000000004
2.9783333333333335
3.0766666666666667
2.8433333333333333
2.751666666666667
3.19
3.0124999999999997
3.1616666666666666
2.8725
2.638333333333333
3.0116666666666667
3.1758333333333333
2.903636363636364
2.882727272727273
2.7427272727272727
2.9072727272727272
2.8654545454545457
2.7554545454545454
3.2181818181818183
3.3
3.3645454545454543
3.0727272727272723
2.903636363636364
2.819090909090909
2.89
2.9927272727272727
2.9045454545454543
3.230909090909091
3.0
2.9681818181818183
2.9454545454545453
2.994545454545454
2.6245454545454545
2.673636363636364
3.030909090909091
3.4109090909090907
3.070909090909091
3.1045454545454545
2.829090909090909
3.1281818181818184
3.070909090909091
3.1545454545454548
3.3518181818181816
3.3272727272727276
3.232727272727273
3.1645454545454546
2.929090909090909
2.960909090909091
3.016363636363636
3.1181818181818177
2.9618181818181815
3.117272727272727
3.0454545454545454
2.939090909090909
3.2481818181818185
3.497272727272727
3.26
3.410909090909091
3.4654545454545453
3.117272727272727
3.0545454545454547
2.908181818181818
2.9709090909090907
2.9745454545454546
2.8363636363636364
2.8963636363636365
2.99
2.7963636363636364
2.77
2.955454545454545
3.294545454545455
3.3563636363636364
3.27
2.958181818181818
3.2154545454545453
3.2372727272727273
2.84
3.03
3.040909090909091
2.924545454545455
3.0454545454545454
3.3
3.2409090909090907
3.2418181818181817
3.4181818181818184
3.2072727272727275
3.0463636363636364
3.0736363636363637
2.819090909090909
2.862727272727273
3.25
3.040909090909091
3.3072727272727276
3.1209090909090906
2.92
3.1154545454545457
2.9709090909090907
2.8527272727272726
3.040909090909091
2.7790909090909093
2.8454545454545457
2.7627272727272727
2.791818181818182
2.7554545454545454
2.7263636363636365
2.729090909090909
2.5081818181818183
2.3645454545454543
2.4463636363636363
2.5454545454545454
2.729090909090909
2.4845454545454544
2.751818181818182
2.5436363636363635
2.221818181818182
2.1163636363636367
2.03
2.1845454545454546
2.2572727272727273
2.0636363636363635
2.3736363636363635
2.278181818181818
2.377272727272727
2.638181818181818
2.5145454545454546
2.3154545454545454
2.3018181818181818
2.1045454545454545
2.4154545454545455
2.430909090909091
2.23
2.2354545454545454
1.9736363636363636
1.8490909090909091
1.5563636363636364
1.6318181818181818
1.7618181818181817
1.8072727272727271
1.989090909090909
1.887272727272727
1.86
1.7736363636363637
1.4645454545454546
1.2309090909090907
1.5372727272727273
1.6954545454545453
1.6854545454545453
1.5945454545454545
1.6772727272727272
1.4872727272727273
1.478181818181818
1.309090909090909
1.2654545454545454
1.4618181818181817
1.3572727272727272
1.2445454545454546
1.3627272727272728
1.3354545454545457
1.6081818181818184
1.3127272727272727
1.3236363636363637
1.419090909090909
1.3081818181818183
1.2027272727272729
1.0327272727272727
0.8090909090909091
0.8890909090909092
0.8154545454545455
0.9236363636363637
0.9927272727272727
0.7436363636363637
0.8936363636363637
1.0345454545454544
1.1163636363636362
1.11
1.13
1.231818181818182
1.1345454545454545
1.0618181818181818
0.9418181818181818
0.8827272727272728
0.9863636363636363
0.7563636363636363
0.7899999999999999
0.7909090909090909
0.6681818181818181
0.6709090909090909
0.6363636363636364
0.5445454545454546
0.66
0.7554545454545455
0.68
0.6154545454545455
0.49636363636363634
0.5872727272727273
0.5290909090909092
0.6054545454545455
0.6381818181818182
0.6536363636363637
0.6090909090909091
0.6072727272727273
0.49000000000000005
0.4309090909090909
0.56
0.46727272727272723
0.44636363636363635
0.5563636363636364
0.5763636363636363
0.6254545454545455
0.5863636363636364
0.58
0.5827272727272728
0.4354545454545455
0.6318181818181818
0.7527272727272727
0.6436363636363637
0.4027272727272727
0.41181818181818186
0.35000000000000003
0.26
0.32636363636363636
0.5772727272727273
0.4890909090909091
0.4018181818181818
0.2972727272727273
0.20454545454545456
0.15818181818181817
0.15
0.19272727272727275
0.30363636363636365
0.4354545454545455
0.39272727272727276
0.5509090909090909
0.72
0.49636363636363634
0.4163636363636364
0.48000000000000004
0.3718181818181818
0.4690909090909091
0.47363636363636363
0.48636363636363633
