pet
0.3665384615384616
0.40846153846153843
0.29346153846153844
0.36153846153846153
0.5646153846153846
0.3646153846153846
0.41615384615384615
0.5265384615384615
0.5638461538461539
0.6065384615384615
0.47923076923076924
0.4776923076923077
0.44846153846153847
0.5273076923076923
0.5553846153846154
0.48423076923076924
0.31346153846153846
0.38
0.39499999999999996
0.41500000000000004
0.6330769230769231
0.5573076923076923
0.551923076923077
0.5192307692307693
0.4869230769230769
0.3930769230769231
0.4238461538461538
0.4673076923076923
0.5407692307692308
0.5303846153846155
0.5284615384615384
0.49
0.4773076923076923
0.5773076923076923
0.5792307692307692
0.7180769230769231
0.8011538461538462
0.6926923076923077
0.5603846153846154
0.5784615384615385
0.5119230769230769
0.5284615384615384
0.45307692307692304
0.39115384615384613
0.3869230769230769
0.4296153846153846
0.4369230769230769
0.5438461538461539
0.5215384615384615
0.5057692307692307
0.5473076923076923
0.5996153846153847
0.6507692307692307
0.7192307692307692
0.6565384615384615
0.6038461538461538
0.6569230769230769
0.7961538461538461
0.7469230769230768
0.7865384615384615
0.9057692307692308
0.9015384615384616
0.9115384615384615
1.0446153846153847
1.0576923076923077
1.1538461538461537
1.1473076923076921
1.0353846153846153
1.253076923076923
1.1457692307692307
1.1153846153846154
1.116923076923077
1.045
0.9984615384615385
1.1076923076923078
1.2084615384615385
1.2200000000000002
1.0692307692307692
1.1653846153846155
1.1526923076923077
1.166153846153846
1.3296153846153846
1.298846153846154
1.283076923076923
1.2307692307692308
1.2449999999999999
1.1515384615384616
1.2542307692307693
1.3519230769230768
1.6161538461538463
1.6057692307692308
1.3915384615384616
1.2365384615384616
1.2192307692307691
1.396153846153846
1.4334615384615386
1.3642307692307691
1.2523076923076923
1.5230769230769232
1.7411538461538463
1.863076923076923
1.7780769230769229
1.5765384615384617
1.6996153846153845
1.8842307692307694
1.9576923076923076
1.768846153846154
1.9611538461538462
2.1242307692307696
1.941153846153846
2.0896153846153847
2.2388461538461537
1.911153846153846
1.845
1.8976923076923076
1.8723076923076922
1.8753846153846152
1.9153846153846155
2.0138461538461536
2.102692307692308
2.078076923076923
2.211153846153846
2.288076923076923
2.3376923076923077
2.3234615384615385
2.505769230769231
2.6773076923076924
2.6569230769230767
2.523076923076923
2.5876923076923077
2.476153846153846
2.7015384615384614
2.5503846153846155
2.52
2.579230769230769
2.5665384615384617
2.579615384615385
2.536538461538462
2.7326923076923078
3.025384615384615
2.723076923076923
2.977307692307692
2.8446153846153845
2.957307692307692
2.866153846153846
2.9426923076923077
2.6438461538461535
2.753846153846154
2.8819230769230773
2.784615384615385
2.962307692307692
2.9326923076923075
2.686923076923077
2.62
2.588461538461538
2.8673076923076923
2.823846153846154
2.6811538461538467
2.823846153846154
2.6588461538461536
2.6276923076923073
2.651923076923077
2.6046153846153848
2.7011538461538462
2.5653846153846156
2.536538461538462
2.786538461538462
2.7007692307692306
2.7326923076923078
2.831538461538462
2.731923076923077
2.5623076923076926
2.5746153846153845
2.5919230769230768
2.712307692307692
2.9203846153846156
2.9023076923076925
2.8023076923076924
2.759230769230769
2.6815384615384614
2.9453846153846155
2.946923076923077
2.8876923076923076
2.8503846153846153
3.103846153846154
2.9507692307692306
3.0430769230769235
3.1711538461538464
3.1276923076923073
3.008076923076923
2.959230769230769
3.1392307692307693
2.9130769230769227
3.1876923076923074
3.162692307692308
3.066153846153846
2.8
2.808846153846154
2.7688461538461535
3.086153846153846
2.9123076923076923
2.8319230769230765
2.925
2.870769230769231
2.743076923076923
2.913846153846154
2.990769230769231
3.1580769230769232
3.1042307692307696
3.181923076923077
3.298076923076923
2.9650000000000003
2.914230769230769
3.048076923076923
2.902307692307692
2.901153846153846
2.8396153846153847
2.818076923076923
2.5761538461538462
2.6696153846153843
2.6107692307692307
2.6511538461538464
2.7807692307692307
2.727692307692308
2.791923076923077
2.969615384615385
2.9434615384615386
2.644230769230769
2.492692307692308
2.6557692307692307
2.7642307692307693
2.7523076923076926
2.789230769230769
2.3907692307692305
2.3249999999999997
2.385
2.3703846153846153
2.135
2.2003846153846154
2.3430769230769233
2.416153846153846
2.2134615384615386
2.142692307692308
2.2123076923076925
2.2623076923076924
2.1515384615384616
2.1365384615384615
1.965
1.9007692307692308
2.104230769230769
2.064230769230769
2.193076923076923
2.0184615384615383
1.8026923076923076
1.8046153846153847
1.7465384615384614
1.7046153846153846
1.6707692307692308
1.9103846153846153
1.8115384615384615
1.7396153846153848
1.6323076923076922
1.6796153846153847
1.7788461538461537
1.6076923076923075
1.7476923076923077
1.4553846153846153
1.448076923076923
1.4915384615384615
1.4361538461538463
1.4961538461538462
1.555
1.5423076923076924
1.4
1.4465384615384616
1.4038461538461537
1.2950000000000002
1.2730769230769232
1.3423076923076922
1.2107692307692308
1.3915384615384616
1.3819230769230768
1.1303846153846153
1.153076923076923
1.225
0.9711538461538461
0.9261538461538462
1.025
0.8326923076923076
0.8438461538461539
0.911923076923077
0.9953846153846153
0.8215384615384616
0.7696153846153847
0.8373076923076923
0.9619230769230769
0.9600000000000001
0.8926923076923077
0.8619230769230769
0.8350000000000001
0.8188461538461538
0.745
0.8919230769230769
0.8526923076923076
0.8108
0.8420000000000001
0.7876000000000001
0.7404000000000001
0.5972
0.5244000000000001
0.8123999999999999
0.7020000000000001
0.6832
0.7584000000000001
0.5379999999999999
0.48120000000000007
0.4836
0.5256000000000001
0.4832
0.38160000000000005
0.4264
0.5711999999999999
0.4192
0.3104
0.4324
0.59
0.63
0.4796
0.58
0.4608
0.37439999999999996
0.3356
0.3048
0.428
0.5023076923076922
0.5980769230769231
0.5888461538461539
0.5526923076923077
0.4034615384615385
0.3026923076923077
0.3192307692307692
0.3765384615384615
0.28692307692307695
0.37576923076923074
0.39807692307692305
0.40576923076923077
0.36230769230769233
0.38769230769230767
0.4146153846153846
0.3346153846153846
0.41769230769230775
0.34884615384615386
0.4373076923076923
0.4969230769230769
0.5323076923076923
0.46692307692307694
0.4765384615384616
0.5084615384615385
0.475
0.5076923076923078
0.5673076923076923
0.6534615384615384
0.505
0.3638461538461538
0.4096153846153846
