pet
0.4338461538461538
0.4884615384615385
0.43192307692307697
0.5776923076923077
0.6473076923076923
0.44269230769230766
0.49807692307692303
0.5961538461538461
0.6088461538461538
0.6326923076923077
0.47269230769230774
0.4392307692307692
0.46192307692307694
0.5453846153846154
0.48730769230769233
0.4665384615384615
0.34500000000000003
0.40076923076923077
0.4673076923076923
0.5284615384615384
0.6342307692307692
0.5892307692307692
0.6219230769230768
0.5646153846153846
0.5334615384615385
0.581923076923077
0.546923076923077
0.5584615384615385
0.5288461538461539
0.47230769230769226
0.5696153846153846
0.5700000000000001
0.5876923076923076
0.6561538461538461
0.7215384615384616
0.8088461538461539
0.786923076923077
0.7111538461538461
0.6488461538461539
0.5961538461538461
0.5742307692307692
0.5965384615384616
0.5526923076923077
0.4634615384615385
0.4392307692307692
0.4876923076923077
0.4938461538461538
0.6103846153846154
0.5303846153846153
0.6007692307692307
0.6111538461538462
0.5634615384615385
0.681923076923077
0.7776923076923077
0.6319230769230769
0.6073076923076923
0.7992307692307693
0.8515384615384616
0.8757692307692307
0.8811538461538462
1.0084615384615385
0.9092307692307693
0.9257692307692308
1.0357692307692308
1.080769230769231
1.1107692307692307
1.0626923076923076
1.0573076923076923
1.1992307692307693
1.136923076923077
1.1073076923076923
1.1023076923076922
1.0915384615384616
1.1042307692307693
1.083846153846154
1.2165384615384616
1.2257692307692307
1.1534615384615383
1.1688461538461539
1.1738461538461538
1.2011538461538462
1.4415384615384614
1.4565384615384613
1.3865384615384615
1.3742307692307691
1.3711538461538462
1.333076923076923
1.335
1.4353846153846155
1.6288461538461538
1.573846153846154
1.426923076923077
1.2842307692307693
1.395
1.4365384615384615
1.5773076923076923
1.6803846153846154
1.5484615384615383
1.68
1.9246153846153846
1.91
1.965
1.8311538461538461
1.8857692307692309
2.1403846153846153
2.1538461538461537
1.948846153846154
2.146153846153846
2.059230769230769
2.0142307692307693
2.275
2.4465384615384616
2.188076923076923
2.1923076923076925
2.1573076923076924
2.126923076923077
2.278076923076923
2.2249999999999996
2.3038461538461537
2.335
2.232307692307692
2.5384615384615383
2.5603846153846153
2.539230769230769
2.6723076923076925
2.621923076923077
2.778461538461538
2.696923076923077
2.6742307692307694
2.7826923076923076
2.821923076923077
2.7165384615384616
2.708076923076923
2.789615384615385
2.9569230769230765
2.846538461538462
2.6599999999999997
2.8146153846153843
3.0353846153846153
3.118846153846154
3.012307692307692
3.261923076923077
3.1784615384615384
3.269230769230769
3.188076923076923
3.186153846153846
3.003076923076923
2.9153846153846152
3.1034615384615383
2.9292307692307693
3.1388461538461536
2.973076923076923
2.7638461538461536
2.7576923076923077
2.695
2.9226923076923077
2.8319230769230765
2.88
2.918461538461538
2.875
2.7353846153846155
2.7684615384615388
2.712307692307692
2.7492307692307696
2.778461538461538
2.850769230769231
3.1703846153846156
2.8776923076923073
2.8884615384615384
2.9646153846153847
3.0653846153846156
2.9042307692307694
2.887307692307692
2.8857692307692306
2.9596153846153848
3.0603846153846153
3.152307692307692
2.9899999999999998
3.046923076923077
3.112692307692308
3.1619230769230766
3.0788461538461536
2.959230769230769
3.189230769230769
3.473076923076923
3.303076923076923
3.210384615384615
3.281538461538461
3.4426923076923077
3.242692307692308
3.1773076923076924
3.223846153846154
3.21
3.276923076923077
3.2173076923076924
3.085769230769231
2.993846153846154
2.961153846153846
3.013076923076923
3.166153846153846
3.14
2.9723076923076923
3.081538461538462
3.0384615384615383
2.89
3.1257692307692304
3.118846153846154
3.2126923076923077
3.0665384615384617
3.2176923076923076
3.3234615384615385
2.9000000000000004
2.9311538461538467
3.1226923076923074
2.931923076923077
2.8488461538461536
2.8915384615384614
2.7565384615384616
2.599615384615385
2.8307692307692305
2.8065384615384614
2.667307692307692
2.821923076923077
2.710384615384615
2.7434615384615384
2.814230769230769
2.8265384615384614
2.7146153846153847
2.6465384615384617
2.6796153846153845
2.81
2.8415384615384616
2.7961538461538464
2.549615384615384
2.355769230769231
2.480769230769231
2.5007692307692304
2.3965384615384617
2.290769230769231
2.411538461538462
2.3784615384615386
2.2384615384615385
2.2203846153846154
2.187307692307692
2.161923076923077
2.064230769230769
2.1307692307692307
1.9303846153846154
2.018846153846154
2.185769230769231
2.2023076923076923
2.0865384615384617
1.845
1.8488461538461538
1.7934615384615387
1.6507692307692308
1.7107692307692306
1.7211538461538463
1.8096153846153844
1.7707692307692307
1.8076923076923077
1.6196153846153847
1.6507692307692308
1.6088461538461538
1.5892307692307692
1.5803846153846153
1.493846153846154
1.521923076923077
1.533076923076923
1.4415384615384617
1.5096153846153846
1.4615384615384615
1.4619230769230769
1.3523076923076922
1.3988461538461539
1.408076923076923
1.3726923076923077
1.2792307692307692
1.2238461538461538
1.198076923076923
1.2838461538461539
1.4042307692307692
1.2603846153846154
1.2546153846153845
1.2465384615384614
1.0015384615384615
1.0292307692307692
0.981923076923077
0.8565384615384615
0.9592307692307693
1.013076923076923
0.9838461538461538
0.9257692307692308
0.8034615384615384
0.855
0.9565384615384616
0.9238461538461539
1.008846153846154
0.9246153846153846
0.9084615384615385
0.8111538461538461
0.9238461538461539
1.0307692307692309
0.9634615384615385
0.9865384615384615
0.9457692307692308
0.8103846153846154
0.7515384615384615
0.6623076923076923
0.6946153846153845
0.8880769230769231
0.8530769230769231
0.7896153846153846
0.801923076923077
0.6907692307692308
0.5761538461538461
0.566923076923077
0.5438461538461539
0.5723076923076923
0.5188461538461538
0.6046153846153847
0.6523076923076924
0.43538461538461537
0.46807692307692306
0.48923076923076925
0.5896153846153847
0.6961538461538462
0.5930769230769231
0.5884615384615385
0.5707692307692308
0.48000000000000004
0.40153846153846157
0.40807692307692306
0.5638461538461539
0.5826923076923077
0.6623076923076923
0.6073076923076923
0.5615384615384615
0.41923076923076924
0.4326923076923077
0.5073076923076922
0.34884615384615386
0.31846153846153846
0.42461538461538456
0.43846153846153846
0.5192307692307693
0.4815384615384615
0.51
0.5038461538461538
0.5096153846153846
0.5373076923076924
0.4511538461538462
0.4969230769230769
0.5861538461538461
0.5603846153846154
0.5742307692307692
0.5861538461538461
0.5615384615384615
0.52
0.6303846153846154
0.6392307692307693
0.6953846153846153
0.5076923076923078
0.4
0.46846153846153843
