pet
0.40692307692307694
0.42807692307692313
0.3688461538461538
0.3334615384615385
0.43192307692307697
0.4757692307692307
0.5130769230769231
0.37538461538461537
0.375
0.5092307692307693
0.5230769230769231
0.535
0.4569230769230769
0.46384615384615385
0.4969230769230769
0.4084615384615385
0.3830769230769231
0.45692307692307693
0.4580769230769231
0.32076923076923075
0.3646153846153846
0.41807692307692307
0.4303846153846154
0.5403846153846155
0.5115384615384616
0.5607692307692308
0.525
0.543076923076923
0.39692307692307693
0.4584615384615385
0.5607692307692308
0.5630769230769231
0.533076923076923
0.5246153846153846
0.5369230769230768
0.5065384615384615
0.44307692307692303
0.48384615384615387
0.5476923076923077
0.4496153846153846
0.44730769230769235
0.546923076923077
0.6253846153846153
0.5084615384615385
0.6226923076923078
0.7357692307692307
0.6607692307692308
0.6223076923076923
0.6073076923076923
0.7576923076923077
0.6757692307692308
0.7607692307692309
0.7219230769230769
0.6953846153846155
0.6596153846153846
0.7815384615384615
0.6607692307692308
0.6276923076923077
0.6015384615384616
0.5353846153846153
0.6065384615384615
0.5357692307692308
0.5
0.6123076923076923
0.7915384615384616
0.8319230769230769
0.8846153846153846
0.933076923076923
0.946923076923077
0.9523076923076924
0.8173076923076923
0.8692307692307693
1.106923076923077
1.2084615384615385
1.1792307692307693
1.091923076923077
1.0538461538461539
1.1434615384615385
1.0592307692307692
1.133076923076923
1.1823076923076923
1.1946153846153846
1.2430769230769232
1.3107692307692307
1.3073076923076923
1.386923076923077
1.3503846153846153
1.3800000000000001
1.433846153846154
1.4996153846153848
1.3242307692307693
1.503076923076923
1.5123076923076924
1.44
1.501923076923077
1.4696153846153845
1.2607692307692309
1.4992307692307691
1.561923076923077
1.53
1.4830769230769232
1.4834615384615384
1.5734615384615382
1.7023076923076923
1.7165384615384613
1.6700000000000002
1.6992307692307693
1.6676923076923076
1.75
1.9561538461538461
2.125769230769231
2.235384615384615
2.1823076923076923
2.125384615384615
1.9661538461538461
1.7988461538461538
1.7888461538461538
1.8084615384615386
1.8946153846153846
1.8753846153846152
2.0303846153846155
2.1407692307692305
2.1915384615384617
2.202692307692308
2.113076923076923
2.140769230769231
2.509230769230769
2.389615384615385
2.4396153846153847
2.537692307692308
2.3757692307692304
2.4242307692307694
2.4099999999999997
2.3461538461538463
2.526923076923077
2.460769230769231
2.4976923076923074
2.2830769230769232
2.54
2.3503846153846153
2.400384615384615
2.3684615384615384
2.3392307692307694
2.335
2.5369230769230766
2.549615384615385
2.506153846153846
2.4861538461538464
2.6315384615384616
2.5796153846153844
2.814230769230769
2.7603846153846154
2.443846153846154
2.3669230769230767
2.1696153846153847
2.1665384615384613
2.271923076923077
2.3796153846153847
2.264615384615385
2.3673076923076923
2.3807692307692307
2.0834615384615387
2.0907692307692307
1.9803846153846154
2.1007692307692305
2.1815384615384614
2.3965384615384617
2.4326923076923075
2.401153846153846
2.2257692307692305
2.2726923076923073
2.138076923076923
2.18
2.258846153846154
2.198076923076923
2.2553846153846155
2.3857692307692306
2.2473076923076922
2.288846153846154
2.338461538461538
2.248846153846154
2.3392307692307694
2.398846153846154
2.33
2.3653846153846154
2.3146153846153847
2.295769230769231
2.198846153846154
2.209230769230769
2.314230769230769
2.329230769230769
2.286153846153846
2.069230769230769
2.0153846153846153
2.045769230769231
2.1423076923076922
2.2184615384615385
2.289615384615385
2.471538461538462
2.419230769230769
2.2026923076923075
2.108846153846154
2.3126923076923074
2.289230769230769
2.168076923076923
2.2296153846153848
2.1361538461538463
2.107307692307692
2.0276923076923077
2.011923076923077
1.9996153846153848
2.08
2.1226923076923074
2.099615384615385
2.06
2.1184615384615384
2.0115384615384615
1.9584615384615385
1.831923076923077
1.96
2.0303846153846155
1.8934615384615383
1.96
2.0319230769230767
2.0542307692307693
1.9146153846153846
1.7538461538461538
1.7757692307692308
1.7300000000000002
1.7273076923076924
1.816153846153846
1.6823076923076923
1.6034615384615383
1.6300000000000001
1.6730769230769231
1.5634615384615385
1.6411538461538462
1.4180769230769232
1.526923076923077
1.4723076923076923
1.3123076923076922
1.3496153846153847
1.4323076923076923
1.4496153846153845
1.6296153846153845
1.5057692307692307
1.6234615384615385
1.6326923076923079
1.438076923076923
1.4984615384615385
1.5
1.3688461538461536
1.4769230769230768
1.4707692307692308
1.326153846153846
1.2415384615384615
1.1392307692307693
1.2142307692307692
1.1134615384615385
1.106153846153846
1.1557692307692309
1.231923076923077
1.241153846153846
1.2757692307692308
1.2234615384615384
1.0276923076923077
1.0911538461538461
1.0992307692307692
1.0807692307692307
1.06
1.2349999999999999
1.1180769230769232
1.163846153846154
1.0515384615384615
0.9776923076923076
0.9111538461538462
0.8742307692307693
0.8680769230769231
0.8280769230769232
0.9711538461538461
1.0015384615384615
0.8980769230769231
0.9373076923076924
0.8311538461538461
0.8769230769230769
0.9507692307692307
0.8761538461538462
0.7823076923076923
0.8769230769230769
0.7946153846153846
0.765
0.7796153846153846
0.7315384615384615
0.8026923076923077
0.7384615384615384
0.7896153846153846
0.8873076923076924
0.7596153846153846
0.7765384615384616
0.9153846153846155
0.7088461538461538
0.7023076923076922
0.7873076923076923
0.7765384615384616
0.7396153846153847
0.6657692307692307
0.61
0.6096153846153846
0.5726923076923077
0.5711538461538461
0.5615384615384615
0.49153846153846154
0.5080769230769231
0.5711538461538461
0.5661538461538462
0.5096153846153846
0.47384615384615386
0.5384615384615384
0.6907692307692308
0.5507692307692308
0.556923076923077
0.5184615384615385
0.44269230769230766
0.38769230769230767
0.39269230769230773
0.29923076923076924
0.3630769230769231
0.40192307692307694
0.35461538461538467
0.44576923076923075
0.4326923076923077
0.4411538461538462
0.4565384615384615
0.41307692307692306
0.36615384615384616
0.3761538461538461
0.23576923076923076
0.3426923076923077
0.4246153846153847
0.43346153846153845
0.46615384615384614
0.43538461538461537
0.4603846153846154
0.5
0.3819230769230769
0.4369230769230769
0.3703846153846154
0.3346153846153846
0.38923076923076927
0.4226923076923077
0.3334615384615385
0.3646153846153846
0.3861538461538461
0.3823076923076923
0.4626923076923077
0.5338461538461539
0.6603846153846155
0.5184615384615385
0.3976923076923077
0.4046153846153846
0.37153846153846154
0.3269230769230769
0.46961538461538466
0.5638461538461539
0.5726923076923077
