pet
0.4480769230769231
0.40884615384615386
0.3288461538461539
0.3392307692307692
0.40846153846153843
0.43192307692307697
0.541923076923077
0.40384615384615385
0.38769230769230767
0.5130769230769231
0.5700000000000001
0.566923076923077
0.4757692307692307
0.4834615384615385
0.5484615384615384
0.475
0.4330769230769231
0.51
0.535
0.38846153846153847
0.34423076923076923
0.39576923076923076
0.41500000000000004
0.5161538461538462
0.5434615384615384
0.5334615384615384
0.5373076923076924
0.5557692307692308
0.4880769230769231
0.5307692307692308
0.6207692307692307
0.6026923076923076
0.6184615384615384
0.5549999999999999
0.6411538461538462
0.5988461538461538
0.48115384615384615
0.565
0.5765384615384616
0.5019230769230769
0.5057692307692307
0.643076923076923
0.6738461538461539
0.49115384615384616
0.6415384615384615
0.7642307692307693
0.6499999999999999
0.6703846153846154
0.6565384615384615
0.7819230769230769
0.7796153846153846
0.8323076923076923
0.8507692307692308
0.755
0.6538461538461539
0.7561538461538462
0.6838461538461539
0.6519230769230769
0.6453846153846154
0.6292307692307693
0.6849999999999999
0.6226923076923078
0.5303846153846155
0.6838461538461539
0.9023076923076924
0.9726923076923076
1.0542307692307693
1.1157692307692306
1.0765384615384614
1.085
0.9003846153846153
0.9311538461538462
1.1157692307692308
1.2915384615384615
1.1930769230769231
1.2084615384615385
1.0357692307692308
1.1807692307692308
1.1034615384615383
1.1511538461538462
1.1746153846153846
1.3584615384615384
1.3438461538461537
1.3826923076923079
1.4619230769230769
1.365
1.4746153846153847
1.4046153846153848
1.4988461538461537
1.5719230769230768
1.5942307692307693
1.5942307692307693
1.5365384615384616
1.3907692307692305
1.6165384615384615
1.5153846153846153
1.2965384615384616
1.56
1.6126923076923076
1.5338461538461539
1.698846153846154
1.5215384615384617
1.7826923076923078
1.855
1.816923076923077
1.8180769230769231
1.85
1.698846153846154
1.7342307692307695
2.006153846153846
2.458846153846154
2.3553846153846156
2.3596153846153847
2.4107692307692306
2.147692307692308
1.9696153846153845
1.9996153846153848
1.878076923076923
1.9388461538461537
2.0046153846153847
2.178076923076923
2.2253846153846153
2.334230769230769
2.311923076923077
2.286923076923077
2.2373076923076924
2.674615384615384
2.5788461538461536
2.6003846153846153
2.6353846153846154
2.4184615384615387
2.509230769230769
2.4584615384615387
2.414230769230769
2.6146153846153846
2.4865384615384616
2.4484615384615385
2.4107692307692306
2.4065384615384615
2.4092307692307693
2.4915384615384615
2.4203846153846156
2.426923076923077
2.3696153846153845
2.6350000000000002
2.5984615384615384
2.668846153846154
2.6726923076923077
2.7776923076923077
2.8307692307692305
2.9507692307692306
2.947307692307692
2.68
2.4565384615384613
2.305
2.323846153846154
2.292692307692308
2.3611538461538464
2.335384615384615
2.4265384615384615
2.5280769230769233
2.343846153846154
2.234230769230769
2.1276923076923078
2.2884615384615383
2.195
2.5153846153846158
2.4334615384615383
2.5634615384615387
2.4284615384615384
2.2665384615384614
2.229230769230769
2.230769230769231
2.355
2.338846153846154
2.561153846153846
2.755
2.4246153846153846
2.501923076923077
2.5203846153846152
2.483076923076923
2.5415384615384613
2.5307692307692307
2.4780769230769235
2.413076923076923
2.413076923076923
2.29
2.309615384615385
2.3669230769230767
2.4853846153846155
2.5265384615384616
2.4084615384615384
2.268076923076923
2.142692307692308
2.3626923076923076
2.331923076923077
2.314230769230769
2.415
2.738076923076923
2.696153846153846
2.3265384615384614
2.2534615384615386
2.381923076923077
2.5076923076923077
2.335384615384615
2.5784615384615384
2.2915384615384613
2.266153846153846
2.2234615384615384
2.233076923076923
2.110384615384615
2.1380769230769228
2.2819230769230767
2.3203846153846155
2.2765384615384616
2.206153846153846
2.213846153846154
2.194230769230769
1.9865384615384616
2.2234615384615384
2.238076923076923
2.0492307692307694
2.206538461538462
2.1592307692307693
2.191153846153846
2.1357692307692306
1.8515384615384616
1.9792307692307693
1.945769230769231
1.863076923076923
1.973076923076923
1.9023076923076923
1.8803846153846153
1.9265384615384613
1.861923076923077
1.6396153846153845
1.8446153846153845
1.6353846153846154
1.56
1.5561538461538462
1.44
1.5746153846153845
1.5499999999999998
1.475
1.8203846153846153
1.554230769230769
1.8396153846153847
1.7023076923076923
1.6565384615384615
1.6157692307692306
1.610769230769231
1.5865384615384615
1.748076923076923
1.6396153846153847
1.5226923076923078
1.373076923076923
1.276923076923077
1.4165384615384615
1.2015384615384614
1.2665384615384616
1.333846153846154
1.3846153846153846
1.3261538461538462
1.4707692307692308
1.3265384615384617
1.2630769230769232
1.1480769230769232
1.1976923076923076
1.136923076923077
1.2776923076923077
1.3438461538461537
1.3553846153846154
1.496923076923077
1.2053846153846153
1.123076923076923
1.08
1.0342307692307693
1.084230769230769
0.9826923076923078
1.1173076923076923
1.2396153846153846
1.0557692307692308
1.1965384615384616
0.9369230769230769
1.0215384615384615
1.0857692307692308
1.011923076923077
1.0388461538461538
0.9911538461538462
0.8184615384615385
0.9888461538461539
0.9138461538461539
0.823076923076923
0.9496153846153846
0.8473076923076923
0.9769230769230769
1.0526923076923078
0.9988461538461538
1.013076923076923
1.0726923076923076
0.9053846153846153
0.9615384615384616
1.04
0.8723076923076923
0.8646153846153847
0.8423076923076922
0.696923076923077
0.7338461538461538
0.735
0.7434615384615384
0.6157692307692308
0.658076923076923
0.6546153846153846
0.7361538461538462
0.6869230769230769
0.6003846153846154
0.5692307692307692
0.6476923076923077
0.7376923076923076
0.6111538461538462
0.6815384615384615
0.6057692307692307
0.5288461538461539
0.4888461538461538
0.485
0.3688461538461538
0.43615384615384617
0.45615384615384613
0.47846153846153844
0.5811538461538462
0.5230769230769231
0.5661538461538462
0.5499999999999999
0.5446153846153846
0.49115384615384616
0.4719230769230769
0.4215384615384616
0.43846153846153846
0.566923076923077
0.59
0.5592307692307692
0.541923076923077
0.4719230769230769
0.5076923076923077
0.48653846153846153
0.5615384615384615
0.4326923076923077
0.4288461538461539
0.45576923076923076
0.4626923076923077
0.38346153846153846
0.435
0.4369230769230769
0.48846153846153845
0.6538461538461539
0.6253846153846154
0.7369230769230769
0.6273076923076922
0.5142307692307692
0.5357692307692308
0.4888461538461539
0.40499999999999997
0.5819230769230769
0.6403846153846153
0.6649999999999999
