pet
0.49454545454545457
0.34590909090909094
0.31181818181818177
0.3227272727272727
0.45136363636363636
0.49318181818181817
0.43818181818181823
0.45681818181818185
0.4990909090909091
0.46090909090909093
0.45
0.45045454545454544
0.5613636363636364
0.5322727272727273
0.5840909090909091
0.45909090909090905
0.38272727272727275
0.46636363636363637
0.5313636363636364
0.6218181818181818
0.6090909090909091
0.5172727272727273
0.4895454545454545
0.45045454545454544
0.28045454545454546
0.40318181818181825
0.33136363636363636
0.4636363636363636
0.6490909090909092
0.5513636363636363
0.5636363636363636
0.5404545454545455
0.6122727272727272
0.6704545454545454
0.6545454545454545
0.8777272727272727
0.649090909090909
0.41545454545454547
0.47954545454545455
0.49227272727272725
0.4227272727272728
0.5377272727272727
0.66
0.6022727272727273
0.6095652173913043
0.5060869565217392
0.46043478260869564
0.6260869565217392
0.6391304347826087
0.6195652173913043
0.5639130434782609
0.6104347826086957
0.7617391304347826
0.7265217391304348
0.6847826086956522
0.6604347826086956
0.638695652173913
0.8186956521739129
0.6669565217391304
0.7891304347826086
0.7960869565217391
0.7965217391304348
0.9478260869565218
1.1182608695652174
1.2056521739130435
1.2517391304347825
1.105217391304348
1.1073913043478263
1.1978260869565218
1.1891304347826088
1.331304347826087
1.23
1.1334782608695653
1.0134782608695652
1.1482608695652174
1.1069565217391304
0.8556521739130435
0.8991304347826087
0.8243478260869566
0.8613043478260869
0.8643478260869565
0.9400000000000001
0.9530434782608697
1.1013043478260869
1.0860869565217393
1.0539130434782609
1.0308695652173914
1.2704347826086957
1.4991304347826087
1.5443478260869563
1.4756521739130435
1.1117391304347826
0.9965217391304347
1.306521739130435
1.4108695652173915
1.3591304347826088
1.2760869565217392
1.43
1.5282608695652173
1.6734782608695653
1.56
1.3521739130434782
1.3239130434782609
1.55
1.7130434782608694
1.5282608695652173
1.4704347826086956
1.5304347826086957
1.5556521739130436
1.6313043478260871
1.7030434782608697
1.6365217391304347
1.7252173913043478
1.7391304347826086
1.7221739130434783
1.8
2.014782608695652
2.034782608695652
2.09304347826087
2.0256521739130435
2.272173913043478
2.0652173913043477
2.11304347826087
2.1617391304347824
1.9791304347826089
2.154782608695652
2.21
2.148695652173913
1.9926086956521738
2.187826086956522
2.126086956521739
2.4421739130434785
2.6160869565217393
2.7286956521739127
2.4852173913043476
2.232608695652174
2.488695652173913
2.341304347826087
2.321304347826087
2.6995652173913043
2.5208695652173914
2.4373913043478264
2.6621739130434783
2.6756521739130434
2.6821739130434783
2.650434782608696
2.571304347826087
2.5852173913043477
2.654782608695652
2.8143478260869568
3.0126086956521734
2.787826086956522
2.657826086956522
2.559565217391304
2.440434782608696
2.347826086956522
2.307391304347826
2.3360869565217395
2.2056521739130437
2.3043478260869565
2.168695652173913
2.157391304347826
2.223478260869565
2.2886956521739132
2.181304347826087
2.367391304347826
2.470869565217391
2.5104347826086957
2.542173913043478
2.630434782608696
2.58
2.248695652173913
2.1639130434782605
2.216521739130435
2.367391304347826
2.3569565217391304
2.3556521739130436
2.3530434782608696
2.299130434782609
2.387391304347826
2.0756521739130434
2.1495652173913045
2.252173913043478
2.38695652173913
2.563913043478261
2.471739130434783
2.622608695652174
2.677391304347826
2.5256521739130435
2.5517391304347825
2.4821739130434786
2.654782608695652
2.4434782608695653
2.392608695652174
2.345217391304348
2.1821739130434783
2.0078260869565216
2.247391304347826
2.2178260869565216
2.574782608695652
2.4904347826086957
2.217391304347826
2.3778260869565218
2.46
2.407391304347826
2.447391304347826
2.503478260869565
2.5104347826086957
2.5043478260869567
2.3656521739130434
2.4365217391304346
2.2847826086956524
2.354782608695652
2.396086956521739
2.104782608695652
2.138695652173913
2.106521739130435
2.0404347826086955
1.893913043478261
1.911304347826087
1.945217391304348
2.004782608695652
2.186086956521739
2.0217391304347827
2.115652173913044
2.028260869565217
2.0408695652173914
1.891304347826087
1.9682608695652173
2.0682608695652176
2.086521739130435
2.0852173913043477
1.8608695652173912
1.5778260869565217
1.68
1.6591304347826086
1.5052173913043476
1.571304347826087
1.5891304347826085
1.8943478260869566
1.731304347826087
1.627391304347826
1.8221739130434784
1.6873913043478261
1.7321739130434783
1.8282608695652172
1.678695652173913
1.5269565217391303
1.3147826086956522
1.5169565217391305
1.5604347826086957
1.5747826086956522
1.461304347826087
1.326086956521739
1.1795652173913043
1.132608695652174
1.1982608695652173
1.1343478260869566
1.4230434782608694
1.3704347826086956
1.3695652173913044
1.4269565217391305
1.463913043478261
1.4265217391304348
1.222608695652174
1.2656521739130435
1.1217391304347826
1.1304347826086956
1.1791304347826088
1.1665217391304348
1.2547826086956522
1.2539130434782608
1.2995652173913044
1.1478260869565218
1.136086956521739
1.1130434782608696
1.0782608695652174
1.0991304347826087
0.9882608695652174
0.938695652173913
1.1082608695652174
1.0726086956521739
0.8543478260869565
0.9191304347826087
0.8730434782608695
0.9365217391304348
1.0208695652173914
0.8669565217391305
0.9082608695652175
0.7834782608695652
0.8734782608695653
0.7952173913043478
0.661304347826087
0.78
0.7126086956521739
0.8099999999999999
0.8060869565217391
0.7573913043478262
0.7617391304347826
0.7152173913043478
0.7769565217391304
0.7369565217391304
0.7943478260869565
0.6469565217391304
0.6673913043478261
0.668695652173913
0.7047826086956522
0.5643478260869565
0.5482608695652174
0.7308695652173912
0.7426086956521738
0.601304347826087
0.7126086956521739
0.5921739130434782
0.4917391304347826
0.45434782608695656
0.5273913043478261
0.49
0.5691304347826087
0.5269565217391304
0.5413043478260869
0.458695652173913
0.29434782608695653
0.42434782608695654
0.7230434782608696
0.62
0.571304347826087
0.5082608695652173
0.49521739130434783
0.4082608695652174
0.5486956521739131
0.49434782608695654
0.41739130434782606
0.5747826086956522
0.5160869565217392
0.6930434782608695
0.5408695652173913
0.4034782608695652
0.4339130434782609
0.31
0.2873913043478261
0.3631818181818182
0.42
0.6131818181818182
0.6168181818181818
0.5159090909090909
0.5531818181818182
0.524090909090909
0.41181818181818186
0.44272727272727275
0.39136363636363636
0.3477272727272727
0.3009090909090909
0.2772727272727273
0.3063636363636364
0.34454545454545454
0.43681818181818177
0.5640909090909091
0.5031818181818182
0.3577272727272727
0.32
0.4177272727272727
0.45454545454545453
0.4604545454545455
0.48772727272727273
