temperature
1.5377272727272726
0.8372727272727274
0.5195454545454545
0.48045454545454547
1.0763636363636364
1.0072727272727273
0.6072727272727273
0.6699999999999999
0.7645454545454545
0.8086363636363636
0.8104545454545452
0.6004545454545456
1.4495454545454545
1.6927272727272729
1.7036363636363638
1.1136363636363635
0.81
1.3499999999999999
1.3813636363636363
1.9468181818181818
2.0713636363636363
1.6745454545454548
1.4486363636363637
0.7027272727272726
-0.49499999999999994
-0.049090909090909164
0.20454545454545456
1.2645454545454546
1.8677272727272725
1.3054545454545454
1.3113636363636365
1.2986363636363636
1.7049999999999998
1.7459090909090909
1.8936363636363636
2.924545454545455
1.5345454545454544
0.5704545454545454
0.6386363636363636
0.6754545454545455
0.5672727272727273
1.054090909090909
1.6695454545454547
1.4304545454545454
1.0391304347826087
0.4413043478260869
0.4191304347826087
1.3721739130434782
1.4830434782608695
1.4856521739130435
1.325217391304348
1.7921739130434782
2.275217391304348
1.9621739130434783
2.0878260869565217
1.9117391304347826
1.663913043478261
2.2630434782608693
1.5282608695652173
1.952173913043478
2.2117391304347827
2.219130434782609
2.8895652173913042
3.428260869565217
3.9086956521739133
3.9856521739130435
3.5478260869565217
3.677391304347826
3.9904347826086957
3.8704347826086956
4.497826086956522
3.9408695652173913
3.2773913043478258
2.9369565217391305
3.4160869565217387
3.2008695652173915
2.266086956521739
2.620434782608696
2.158695652173913
2.316521739130435
2.4982608695652173
2.7030434782608697
2.9882608695652175
3.5221739130434786
3.36695652173913
3.2973913043478262
3.070869565217391
4.052173913043478
4.926521739130435
5.038695652173913
4.646521739130435
3.318695652173913
2.8982608695652172
4.083913043478261
4.438695652173913
4.288695652173913
3.968260869565217
4.458695652173913
4.560869565217391
5.142173913043478
4.787826086956522
4.2126086956521736
3.7656521739130433
4.846521739130435
5.354782608695652
4.861739130434783
4.541304347826087
4.943913043478261
4.952173913043478
5.352608695652174
5.536086956521739
5.2730434782608695
5.559565217391304
5.563478260869565
5.587391304347825
5.893478260869566
6.539565217391305
6.781304347826087
7.062608695652174
6.789999999999999
6.993478260869565
6.397826086956522
6.711304347826086
6.827826086956521
6.302173913043478
6.872608695652174
7.15391304347826
7.012608695652173
6.543478260869565
7.17608695652174
7.0230434782608695
7.936521739130434
8.43304347826087
8.830434782608695
8.178695652173914
7.600434782608696
8.386956521739132
7.925652173913043
7.949130434782609
9.105652173913043
8.665652173913044
8.489565217391304
9.208695652173914
9.35
9.391739130434782
9.368260869565217
9.141304347826088
9.34
9.51086956521739
10.03217391304348
10.626086956521739
10.784347826086956
10.579565217391306
10.46391304347826
10.116521739130436
9.810434782608695
9.781304347826087
10.02695652173913
9.751739130434782
10.185652173913043
9.636086956521739
9.67
9.978695652173913
10.165217391304349
9.961304347826088
10.740434782608697
11.082608695652175
11.28217391304348
11.432608695652174
11.769565217391303
11.73913043478261
10.778695652173912
10.673913043478262
10.921739130434784
11.35
11.462608695652174
11.508260869565218
11.57
11.359130434782609
11.824782608695653
11.011304347826087
11.171739130434782
11.61826086956522
12.145652173913044
12.734347826086957
12.511739130434782
13.000869565217391
13.26391304347826
12.902173913043478
13.020869565217392
12.849565217391305
13.37217391304348
12.847391304347827
12.76217391304348
12.65
12.216521739130435
11.754347826086958
12.600434782608696
12.503478260869565
13.550869565217392
13.416086956521738
12.59
13.20608695652174
13.471304347826088
13.293478260869565
13.39608695652174
13.669565217391304
13.80695652173913
13.795652173913044
13.45695652173913
13.708260869565219
13.265652173913043
13.520869565217392
13.670000000000002
12.839130434782609
12.924347826086956
12.801304347826088
12.73
12.265217391304349
12.281304347826088
12.444782608695652
12.617826086956521
13.21782608695652
12.776521739130436
13.062173913043479
12.81
12.860000000000001
12.316956521739131
12.656956521739131
13.046086956521739
13.063478260869564
12.957826086956521
12.23521739130435
11.36695652173913
11.626956521739132
11.520434782608698
11.171739130434782
11.316521739130433
11.354782608695654
12.389130434782608
11.832173913043478
11.514347826086956
12.142173913043477
11.494782608695653
11.490434782608695
11.765652173913043
11.23913043478261
10.666521739130435
10.062608695652173
10.717391304347826
10.832608695652175
10.868260869565217
10.367826086956523
9.79782608695652
9.375217391304348
9.197391304347827
9.277391304347827
9.294347826086957
10.212608695652174
9.994782608695653
10.10086956521739
10.191739130434783
10.255652173913044
9.790434782608695
9.322173913043478
9.458260869565217
8.941304347826087
9.025652173913043
8.938260869565216
8.677826086956522
9.279130434782608
9.283913043478261
9.375217391304348
8.652173913043478
8.533913043478261
8.312608695652173
8.042173913043479
8.273913043478261
8.008260869565218
7.747826086956521
8.253043478260869
8.206521739130435
7.238260869565217
7.414782608695652
7.245217391304347
7.345217391304348
7.644782608695651
6.947391304347826
6.857826086956522
6.593478260869565
6.961304347826087
6.435652173913044
5.535652173913044
6.248260869565217
6.146521739130435
6.425217391304348
6.302173913043478
6.01
5.997826086956521
5.941304347826088
5.899130434782609
5.510434782608696
5.732173913043479
5.38
5.172173913043479
5.302608695652173
5.393913043478261
4.729130434782609
4.54304347826087
5.043913043478261
5.160434782608696
4.582173913043478
4.8539130434782605
4.42695652173913
3.917826086956522
3.5982608695652174
3.895217391304348
3.758695652173913
4.1408695652173915
3.523913043478261
3.4213043478260867
3.2917391304347823
2.4773913043478264
2.835217391304348
3.726086956521739
3.4182608695652177
3.260869565217391
2.928695652173913
3.17304347826087
2.3930434782608696
2.96
2.571304347826087
2.101304347826087
2.7752173913043476
2.801304347826087
3.5569565217391306
2.8726086956521737
2.2856521739130433
2.286521739130435
1.2043478260869565
1.1326086956521737
1.7831818181818184
1.9049999999999998
2.8204545454545458
2.501363636363636
2.215
2.2263636363636365
2.036363636363636
1.4922727272727272
1.9195454545454547
1.7054545454545453
1.4763636363636363
1.219090909090909
0.7236363636363636
0.8122727272727274
1.0799999999999998
1.2268181818181818
2.187727272727273
1.5372727272727273
0.5463636363636363
0.11500000000000003
0.4604545454545454
0.2795454545454544
0.9059090909090909
1.238181818181818
