pet
0.41115384615384615
0.4480769230769231
0.38
0.485
0.6
0.38153846153846155
0.43192307692307697
0.536923076923077
0.5726923076923077
0.6092307692307692
0.3961538461538462
0.3761538461538461
0.41307692307692306
0.5038461538461538
0.455
0.4030769230769231
0.28384615384615386
0.3526923076923077
0.41615384615384615
0.4834615384615385
0.5876923076923077
0.5688461538461538
0.5880769230769232
0.5215384615384615
0.5073076923076922
0.4876923076923077
0.5076923076923078
0.49192307692307696
0.5011538461538462
0.44999999999999996
0.5196153846153846
0.49153846153846154
0.5007692307692307
0.6023076923076923
0.6376923076923077
0.7646153846153846
0.7565384615384616
0.6815384615384615
0.6119230769230769
0.558076923076923
0.5211538461538462
0.5526923076923077
0.5076923076923077
0.4357692307692308
0.38846153846153847
0.4380769230769231
0.45692307692307693
0.5842307692307693
0.5226923076923077
0.5515384615384615
0.5784615384615385
0.5738461538461539
0.6407692307692308
0.7403846153846154
0.6142307692307691
0.59
0.7165384615384615
0.7896153846153846
0.8476923076923076
0.8457692307692307
0.9634615384615385
0.8688461538461538
0.8546153846153846
0.9730769230769231
1.035
1.0353846153846153
1.031153846153846
0.9588461538461538
1.1730769230769231
1.0742307692307693
1.065
1.0742307692307693
1.0584615384615383
1.0603846153846155
1.0780769230769232
1.1684615384615387
1.2192307692307691
1.1061538461538463
1.1157692307692306
1.1076923076923078
1.143846153846154
1.3807692307692307
1.3919230769230768
1.3246153846153845
1.2973076923076923
1.293076923076923
1.3234615384615382
1.2773076923076923
1.3323076923076924
1.5907692307692307
1.5365384615384616
1.4107692307692308
1.2780769230769229
1.3273076923076923
1.3857692307692309
1.514230769230769
1.5753846153846154
1.4307692307692306
1.5642307692307693
1.7992307692307692
1.7734615384615384
1.8603846153846153
1.723076923076923
1.7496153846153848
1.991923076923077
1.998076923076923
1.816153846153846
1.9992307692307691
1.9923076923076921
1.906923076923077
2.125
2.3257692307692306
2.0053846153846155
2.003846153846154
1.9961538461538462
1.9738461538461538
2.0873076923076925
2.0465384615384616
2.1273076923076926
2.2003846153846154
2.0996153846153844
2.2976923076923077
2.3103846153846153
2.286153846153846
2.4253846153846155
2.3892307692307693
2.585
2.4765384615384614
2.4646153846153847
2.6334615384615385
2.5730769230769233
2.538846153846154
2.54
2.5700000000000003
2.745
2.5900000000000003
2.381923076923077
2.5523076923076924
2.743846153846154
2.876923076923077
2.6934615384615386
2.963461538461538
2.8796153846153847
2.9723076923076923
2.938076923076923
2.9346153846153844
2.7507692307692304
2.6111538461538464
2.8396153846153847
2.668461538461538
2.8830769230769233
2.828076923076923
2.588461538461538
2.5584615384615383
2.5146153846153845
2.733461538461538
2.611923076923077
2.773076923076923
2.741153846153846
2.6984615384615385
2.5919230769230768
2.6180769230769227
2.4749999999999996
2.605
2.636923076923077
2.648846153846154
2.9899999999999998
2.6453846153846152
2.7084615384615387
2.755
2.833076923076923
2.683846153846154
2.6946153846153846
2.6542307692307694
2.7600000000000002
2.8611538461538464
2.9903846153846154
2.866153846153846
2.8734615384615383
2.878076923076923
2.985
2.948846153846154
2.791923076923077
2.9903846153846154
3.332692307692308
3.1315384615384616
3.1123076923076924
3.147307692307692
3.245769230769231
3.088461538461538
3.0250000000000004
3.071923076923077
3.019615384615385
3.159615384615385
3.1257692307692304
2.944230769230769
2.8303846153846157
2.7719230769230765
2.852307692307692
3.0326923076923076
2.983076923076923
2.8649999999999998
2.987692307692308
2.873846153846154
2.7023076923076923
2.9888461538461537
2.9784615384615383
3.0665384615384617
2.9353846153846157
3.063076923076923
3.2673076923076922
2.83
2.7873076923076923
2.971538461538462
2.8423076923076924
2.769615384615385
2.751923076923077
2.6357692307692306
2.508076923076923
2.792692307692308
2.7565384615384616
2.583076923076923
2.7280769230769235
2.563076923076923
2.6765384615384615
2.7746153846153847
2.741153846153846
2.6392307692307693
2.5184615384615388
2.508076923076923
2.7473076923076927
2.7253846153846153
2.6826923076923075
2.4661538461538464
2.2203846153846154
2.279230769230769
2.3546153846153848
2.275384615384615
2.121153846153846
2.2746153846153847
2.288076923076923
2.13
2.0546153846153845
2.108076923076923
2.029230769230769
1.9565384615384613
2.039230769230769
1.9138461538461538
1.8457692307692308
2.0496153846153846
2.077692307692308
1.9753846153846153
1.7384615384615385
1.75
1.6426923076923077
1.5288461538461537
1.5961538461538463
1.609230769230769
1.686923076923077
1.6238461538461537
1.686923076923077
1.4953846153846155
1.5073076923076922
1.5780769230769232
1.5150000000000001
1.554230769230769
1.4007692307692308
1.3800000000000001
1.4346153846153844
1.326153846153846
1.3926923076923077
1.3907692307692305
1.363076923076923
1.2634615384615384
1.333846153846154
1.3092307692307692
1.2473076923076922
1.138076923076923
1.1442307692307692
1.0569230769230769
1.2084615384615385
1.3546153846153846
1.216923076923077
1.16
1.1815384615384614
0.9553846153846154
0.8961538461538462
0.8746153846153846
0.7592307692307692
0.8473076923076923
0.8984615384615384
0.9092307692307693
0.8384615384615385
0.7103846153846154
0.7584615384615384
0.8488461538461538
0.8376923076923077
0.928076923076923
0.8253846153846154
0.8223076923076923
0.7134615384615385
0.7734615384615384
0.9284615384615384
0.8634615384615384
0.8896153846153846
0.88
0.7253846153846154
0.6788461538461538
0.5915384615384616
0.575
0.7938461538461539
0.7692307692307693
0.7211538461538461
0.7250000000000001
0.6038461538461538
0.4957692307692308
0.5184615384615385
0.4815384615384615
0.5
0.43846153846153846
0.5153846153846154
0.568076923076923
0.3703846153846154
0.40653846153846157
0.4688461538461538
0.5023076923076923
0.6338461538461538
0.5303846153846155
0.5334615384615384
0.5165384615384615
0.4226923076923077
0.35461538461538467
0.33615384615384614
0.48615384615384616
0.5465384615384615
0.64
0.575
0.5088461538461538
0.3703846153846154
0.37846153846153846
0.44884615384615384
0.35500000000000004
0.29538461538461536
0.3692307692307692
0.40807692307692306
0.44730769230769235
0.41884615384615387
0.45769230769230773
0.4230769230769231
0.4226923076923077
0.49192307692307696
0.3930769230769231
0.43461538461538457
0.5211538461538462
0.5007692307692307
0.5296153846153846
0.5023076923076923
0.5203846153846153
0.48730769230769233
0.5384615384615384
0.6107692307692308
0.6426923076923077
0.4834615384615385
0.36346153846153845
0.4253846153846154
