temperature
3.3765384615384613
3.105769230769231
2.6784615384615384
2.855384615384615
3.1388461538461536
3.2265384615384614
3.667692307692308
3.3307692307692305
3.147307692307692
3.7826923076923076
4.014230769230769
4.302692307692308
3.713846153846154
3.4342307692307696
3.668846153846154
3.3103846153846153
3.147307692307692
3.5653846153846156
3.6315384615384616
3.121923076923077
2.645769230769231
2.808076923076923
2.866153846153846
3.2219230769230767
3.6938461538461542
3.6396153846153845
3.5007692307692304
3.6123076923076924
3.2
2.795
3.2188461538461537
3.516153846153846
3.2653846153846158
3.560769230769231
4.249615384615384
3.8865384615384615
3.209230769230769
3.101923076923077
3.201923076923077
3.0342307692307693
2.8876923076923076
3.607307692307692
4.019230769230769
3.4311538461538458
3.9311538461538467
4.562692307692307
3.9669230769230768
4.253461538461538
3.9753846153846153
4.208846153846154
4.366153846153846
4.645384615384615
4.194999999999999
4.557307692307693
3.9873076923076924
4.519230769230769
4.039230769230769
3.641153846153846
3.367692307692308
3.4099999999999997
3.483846153846154
3.3915384615384614
3.228846153846154
3.558846153846154
4.136923076923077
4.863846153846153
5.036538461538461
5.729615384615385
5.485384615384616
5.362692307692308
4.873461538461538
4.892307692307693
5.926923076923076
6.314230769230769
6.320769230769231
6.035384615384615
5.429230769230769
5.816923076923077
5.35
5.63
5.714615384615385
5.877307692307692
6.114615384615385
6.339615384615384
6.447307692307692
6.2288461538461535
6.533076923076924
6.860384615384616
7.052692307692308
7.145384615384615
6.688846153846153
6.706153846153847
7.07423076923077
6.653076923076923
7.050000000000001
6.861538461538462
5.882307692307692
6.807307692307693
7.087692307692308
6.710384615384616
6.644230769230769
6.462307692307693
6.943846153846153
7.226153846153846
7.341538461538462
7.518461538461538
7.559230769230769
7.239615384615385
7.211538461538462
8.157307692307693
9.006153846153847
9.444615384615386
9.347692307692308
9.478076923076923
8.743846153846153
8.245000000000001
8.651923076923076
8.322307692307692
8.133076923076924
8.653846153846153
9.056153846153846
9.145
9.305384615384614
9.325
9.462692307692308
9.198076923076924
10.215384615384616
10.077692307692306
10.51923076923077
10.860384615384616
10.178846153846154
10.040000000000001
10.268461538461539
9.93576923076923
10.843846153846155
10.69076923076923
10.68923076923077
10.908076923076923
11.281923076923077
11.081538461538461
11.343461538461538
11.159230769230769
11.474615384615387
11.256923076923076
11.677307692307693
11.528846153846153
11.83423076923077
11.57346153846154
11.925
12.02730769230769
12.691153846153847
13.629999999999999
13.131538461538462
12.641153846153847
12.032307692307691
12.27076923076923
12.358076923076924
12.848846153846154
12.94
13.31
13.306923076923077
12.86923076923077
12.746923076923078
12.938461538461537
12.879999999999999
13.111923076923075
14.253076923076922
14.191538461538462
14.271923076923077
13.839230769230769
13.587307692307691
13.318846153846152
13.924615384615386
14.200384615384614
13.983846153846153
14.006153846153845
14.517692307692307
14.01076923076923
14.035384615384617
14.496923076923078
14.277692307692309
14.742307692307692
15.02730769230769
14.668076923076923
14.871538461538462
15.043076923076923
14.946153846153846
14.958846153846155
14.929615384615385
15.004999999999999
15.140384615384615
14.857692307692307
14.645384615384614
14.455384615384617
14.708076923076922
15.127692307692307
15.55153846153846
15.609615384615385
16.38153846153846
16.321538461538463
15.512692307692307
14.865
15.601153846153846
15.990384615384615
15.51923076923077
16.18769230769231
15.871538461538462
15.701153846153847
15.49576923076923
15.522307692307692
15.276538461538461
15.193846153846154
15.725000000000001
15.771923076923077
15.936153846153847
15.586153846153847
15.524615384615384
15.784230769230769
15.417692307692308
15.672307692307694
15.687307692307693
15.243846153846155
15.875
15.421923076923077
15.633076923076922
15.65230769230769
14.99423076923077
15.02346153846154
15.031538461538462
15.178076923076922
15.22923076923077
14.93923076923077
14.868076923076924
15.278461538461539
15.213076923076924
14.352692307692308
14.548076923076923
14.08
14.08769230769231
13.873461538461537
13.308076923076923
13.522692307692306
13.360384615384616
13.521538461538462
14.598461538461539
13.795769230769231
14.270384615384614
14.305384615384614
13.848461538461539
13.660384615384617
13.773846153846154
13.642692307692307
13.818846153846154
13.69923076923077
13.116538461538463
12.688461538461537
12.863461538461538
12.760384615384615
12.223846153846154
12.171153846153846
12.416923076923077
12.674615384615386
12.537307692307694
12.555
12.355
11.95923076923077
11.710769230769232
12.008076923076922
11.573076923076922
11.818846153846154
12.21653846153846
11.925
12.108846153846153
11.30423076923077
10.62423076923077
10.595769230769232
10.181153846153846
10.695384615384615
10.100769230769231
10.502692307692307
10.952307692307691
10.466923076923077
10.767692307692307
10.191538461538462
10.30653846153846
10.407307692307693
9.959615384615384
9.849615384615383
9.78923076923077
9.031923076923077
9.233846153846155
8.981153846153846
8.847307692307693
9.325
8.934615384615386
8.99423076923077
9.217307692307692
9.091923076923077
8.71923076923077
9.082692307692309
8.528076923076922
8.265384615384615
8.651923076923076
8.267307692307693
8.246153846153847
7.961923076923076
7.392692307692308
7.16423076923077
7.112692307692308
6.876538461538461
6.933461538461539
6.320769230769231
6.316923076923077
7.027692307692307
6.7457692307692305
6.7361538461538455
6.225769230769231
6.320769230769231
7.009230769230769
6.290384615384616
6.09923076923077
5.646538461538461
5.262307692307692
4.896923076923077
4.656538461538462
4.385384615384615
4.6292307692307695
4.866153846153846
4.673846153846155
5.245
4.931923076923076
4.6984615384615385
4.577307692307692
4.333846153846154
3.9223076923076925
3.9584615384615387
3.6907692307692304
3.8853846153846154
4.320769230769231
4.188076923076923
4.019615384615385
3.923076923076923
4.041153846153846
3.888076923076923
3.651153846153846
3.9749999999999996
3.6184615384615384
3.4434615384615386
3.758846153846154
3.4076923076923076
2.94
2.858461538461538
3.0446153846153843
2.858846153846154
3.476153846153846
4.160769230769231
4.640384615384615
4.313076923076923
3.5503846153846155
3.3273076923076923
2.9296153846153845
2.7242307692307692
3.1680769230769235
3.6826923076923075
3.7203846153846154
