temperature
2.210769230769231
1.9676923076923076
1.7503846153846152
2.31
2.876153846153846
2.3073076923076923
2.3273076923076923
2.832692307692308
2.668846153846154
2.361923076923077
1.8353846153846154
1.4084615384615384
2.1334615384615385
2.6034615384615383
2.5942307692307693
2.0542307692307693
1.6088461538461538
1.9996153846153848
2.2684615384615383
2.5153846153846158
2.911153846153846
2.4103846153846153
2.316153846153846
2.269230769230769
1.5946153846153845
1.6907692307692308
1.5865384615384615
1.963076923076923
2.2038461538461536
1.6215384615384614
1.5903846153846155
2.103076923076923
2.838846153846154
2.833076923076923
2.731923076923077
3.3019230769230767
2.850769230769231
2.2373076923076924
2.0715384615384616
2.06
1.4673076923076922
1.4976923076923077
1.7688461538461537
1.4707692307692308
1.2115384615384615
1.02
1.1134615384615385
1.7334615384615384
1.6861538461538461
1.7969230769230768
1.981153846153846
2.023076923076923
2.5561538461538467
2.7546153846153847
2.6538461538461537
2.401923076923077
2.3830769230769233
3.137307692307692
2.740769230769231
2.8326923076923074
3.027307692307692
2.8303846153846157
3.339230769230769
4.049230769230769
4.323846153846154
4.581538461538462
4.066538461538462
3.9815384615384612
4.325769230769231
4.3234615384615385
4.496538461538462
4.12423076923077
3.171538461538461
3.441923076923077
3.381923076923077
3.740769230769231
3.476153846153846
3.4865384615384616
3.343461538461539
3.5703846153846155
3.777307692307692
4.0042307692307695
4.17076923076923
4.079615384615385
4.151538461538461
4.0976923076923075
3.9084615384615384
4.700384615384616
4.889230769230769
5.129615384615385
5.072307692307692
4.012692307692308
3.980769230769231
4.605769230769231
4.769230769230769
4.934615384615385
4.702307692307692
4.055000000000001
4.755769230769231
5.8319230769230765
5.862692307692308
5.647692307692308
5.048461538461538
6.120769230769231
6.545384615384616
6.4630769230769225
6.271538461538461
6.921538461538462
6.458076923076923
6.505
6.6619230769230775
6.875
6.72423076923077
6.7373076923076916
6.210384615384616
6.658076923076924
6.663846153846153
6.531153846153846
7.008846153846154
7.178076923076923
6.936153846153847
7.108461538461539
7.555769230769231
7.791153846153846
7.413846153846153
8.23
8.51423076923077
7.9119230769230775
8.003461538461538
8.284615384615385
8.375384615384615
8.598076923076924
8.425
8.357692307692307
8.858846153846155
8.37076923076923
8.928846153846154
8.671153846153846
8.891538461538461
9.651153846153846
9.80846153846154
9.896923076923077
10.081923076923077
10.400384615384617
10.230384615384615
10.248846153846156
10.073846153846155
9.975384615384616
10.056153846153846
10.175
10.567692307692308
11.176923076923078
10.793076923076923
10.833461538461538
10.958461538461538
11.254615384615384
10.95923076923077
10.965769230769231
11.331538461538461
11.169615384615385
11.293846153846154
11.231538461538461
10.947307692307692
10.752692307692307
11.070384615384615
11.529230769230768
12.083461538461538
11.890769230769232
12.191153846153846
12.483461538461539
11.722307692307693
11.915000000000001
12.056923076923077
11.953846153846154
12.325769230769232
12.625
12.503461538461538
12.190384615384614
12.721538461538461
12.88923076923077
13.498461538461537
12.924615384615386
13.042692307692308
13.48653846153846
13.631538461538462
13.461923076923076
14.093461538461538
14.308076923076923
13.784999999999998
13.723461538461539
13.790000000000001
14.119615384615384
13.799230769230768
14.353461538461538
13.999615384615385
13.526538461538461
13.262307692307692
13.15576923076923
13.493461538461538
14.43923076923077
13.878846153846155
13.61923076923077
13.606538461538461
13.450769230769229
14.090769230769231
14.32346153846154
14.659999999999998
14.427307692307693
14.302692307692308
14.09153846153846
14.381923076923076
13.472307692307693
13.938846153846155
14.080769230769231
14.046153846153846
13.451923076923077
13.829615384615384
13.923461538461538
13.071538461538463
13.498461538461537
13.510384615384615
13.571153846153846
13.90846153846154
13.696538461538463
13.807307692307692
13.816538461538462
13.948461538461537
13.228846153846153
13.32423076923077
13.655384615384616
13.681538461538462
13.748076923076923
13.885384615384615
13.336153846153847
13.278076923076924
13.428846153846154
12.996538461538462
12.71923076923077
12.565
13.25576923076923
12.799230769230771
12.331153846153846
12.612307692307693
12.478461538461538
12.483461538461539
12.3
12.14576923076923
11.24653846153846
11.610000000000001
11.973846153846154
11.501153846153844
11.715384615384616
11.156923076923077
10.799230769230768
11.115384615384615
10.745384615384616
10.595384615384615
10.566153846153846
11.261538461538462
11.381538461538462
10.86076923076923
10.883076923076922
11.035769230769231
10.692307692307692
10.772307692307692
10.693846153846154
9.696153846153846
9.413846153846153
9.613076923076923
9.514999999999999
10.252692307692307
10.268846153846154
10.538846153846153
9.979615384615386
10.05076923076923
9.773076923076923
9.746538461538462
9.486923076923077
9.56076923076923
9.001153846153846
9.461538461538462
9.422307692307694
8.572307692307692
8.824615384615385
8.370384615384616
7.998846153846154
8.028076923076922
7.959615384615384
7.516923076923077
7.212307692307693
7.729230769230769
7.569615384615385
6.6523076923076925
6.931153846153847
7.447307692307692
7.701153846153845
7.757692307692308
7.523846153846154
7.328461538461538
7.183076923076923
6.880769230769231
6.929615384615384
7.303076923076923
6.586153846153847
6.404615384615385
6.587692307692308
6.5211538461538465
5.943846153846153
5.536538461538461
5.728461538461539
6.242307692307692
6.089230769230769
5.751538461538461
6.112692307692308
5.534230769230769
4.884615384615385
4.316923076923077
4.189615384615385
4.388846153846154
3.957307692307692
3.941923076923077
4.076153846153846
3.3411538461538464
3.1253846153846156
3.9253846153846155
4.323846153846154
4.298461538461539
4.101538461538461
4.354615384615385
3.391923076923077
3.358076923076923
3.326923076923077
2.8438461538461537
3.063076923076923
3.706153846153846
4.256923076923077
4.162307692307692
4.001538461538462
3.743076923076923
2.8499999999999996
2.3346153846153848
2.3669230769230767
2.836153846153846
3.051153846153846
2.949230769230769
3.0342307692307693
3.1796153846153845
3.325384615384615
3.636923076923077
3.161153846153846
2.7161538461538464
2.936153846153846
2.838461538461538
2.888076923076923
2.753076923076923
2.780384615384615
3.1884615384615387
3.4038461538461537
3.334230769230769
2.9092307692307693
2.5734615384615385
2.9896153846153846
2.494230769230769
2.4069230769230767
2.205
