temperature
3.568695652173913
3.3017391304347825
2.8360869565217395
3.2430434782608697
3.65695652173913
3.2278260869565214
2.890869565217392
3.2226086956521742
3.0556521739130433
2.733913043478261
2.517391304347826
2.5195652173913046
3.457826086956522
3.5113043478260866
3.377391304347826
3.367826086956522
3.3039130434782606
3.325217391304348
3.1578260869565216
3.6
3.864782608695652
3.2508695652173913
3.146086956521739
2.928260869565217
2.1417391304347824
2.17
2.4969565217391305
3.3634782608695653
3.4782608695652173
3.4791304347826086
3.4899999999999998
3.6256521739130436
3.709565217391304
4.02
4.224347826086956
4.6521739130434785
3.819130434782609
2.8660869565217393
2.8995652173913045
2.8769565217391304
2.7286956521739127
3.07
3.4008695652173913
3.07695652173913
2.9930434782608697
2.4526086956521738
2.4695652173913043
3.249565217391304
3.2830434782608697
3.2908695652173914
3.12
3.023913043478261
3.7904347826086955
3.85
3.6695652173913045
3.6634782608695655
3.7247826086956524
4.29
3.9121739130434783
3.860869565217391
3.904347826086956
3.7034782608695656
3.9852173913043476
4.627391304347826
5.308260869565218
5.49
5.013478260869565
5.216956521739131
5.403913043478261
5.393478260869565
5.947391304347826
5.625652173913043
4.992608695652174
4.685217391304348
4.674782608695652
4.757826086956522
4.28304347826087
4.527391304347826
4.3734782608695655
4.452173913043478
4.494782608695652
4.66
5.1
5.253913043478261
5.25695652173913
5.073043478260869
5.181739130434782
5.637391304347826
6.129130434782609
6.371739130434783
6.081739130434783
5.126086956521739
4.650434782608696
5.638695652173913
5.78
6.189130434782609
6.266521739130434
6.159565217391304
6.150869565217391
6.471739130434782
6.311739130434782
6.097391304347826
5.604347826086957
6.613913043478261
6.5230434782608695
6.679565217391304
6.822608695652175
7.039565217391305
6.745217391304347
7.19
7.656521739130435
7.31391304347826
7.754782608695653
7.816521739130435
7.765217391304348
7.910434782608696
8.201304347826087
8.58
8.618260869565217
8.619565217391305
8.419130434782607
8.778260869565216
9.083478260869565
8.839130434782609
8.227826086956522
9.009565217391303
9.154782608695653
8.628695652173914
9.03217391304348
9.44304347826087
9.44608695652174
9.922608695652174
10.138260869565217
10.237391304347826
10.587826086956522
10.025652173913043
10.01608695652174
9.580454545454545
10.187272727272727
11.066818181818181
10.424090909090909
10.195454545454545
11.157727272727273
10.950000000000001
10.642272727272728
10.561818181818182
11.105909090909092
11.030454545454546
11.09
12.010000000000002
11.887272727272727
11.910909090909092
11.69818181818182
11.879545454545456
11.811363636363637
11.748636363636365
11.718181818181819
11.522272727272728
11.700454545454546
12.104545454545455
12.027727272727274
11.459545454545456
11.563636363636364
11.985000000000001
11.735000000000001
12.207727272727272
12.312272727272727
12.813181818181818
12.573636363636364
13.356818181818182
13.057272727272727
12.259545454545453
12.062272727272727
11.95409090909091
12.634090909090908
12.862727272727273
13.005454545454546
13.207272727272727
13.239999999999998
13.330909090909092
13.289545454545454
12.52727272727273
12.658636363636363
13.433181818181817
13.586818181818183
13.861818181818181
14.424090909090909
14.265909090909092
13.97181818181818
14.008181818181818
14.058636363636365
14.590909090909092
14.084545454545456
14.069090909090908
14.038636363636364
13.375454545454545
13.525
13.382272727272726
14.074545454545454
14.79
14.45318181818182
14.363181818181818
14.784999999999998
14.72181818181818
14.939545454545454
14.983636363636363
15.005
15.034090909090908
14.673636363636364
14.39409090909091
14.683181818181817
14.364545454545453
14.54
14.844090909090909
14.485909090909091
14.215909090909092
14.320454545454545
14.533636363636363
14.283181818181818
14.29681818181818
13.751818181818182
14.12
14.476363636363637
14.09909090909091
14.065
14.05090909090909
13.783181818181818
13.557727272727272
13.826818181818181
14.17090909090909
14.427727272727275
14.147727272727273
13.692272727272728
13.422727272727274
13.173181818181819
13.362272727272728
13.025
12.919545454545455
13.077272727272726
13.737272727272728
13.19090909090909
13.273181818181818
13.169545454545455
13.07409090909091
13.328636363636365
13.336363636363636
12.989545454545453
12.27590909090909
12.113181818181818
12.340909090909092
12.238636363636363
12.211363636363636
12.126818181818182
11.30909090909091
11.188636363636364
10.841818181818182
10.793636363636365
11.379545454545454
11.57909090909091
11.738181818181818
11.424545454545454
11.605
11.75
11.272727272727273
11.354545454545455
11.524090909090908
10.47
10.131818181818183
10.541363636363636
10.512727272727274
10.903636363636364
10.859545454545454
10.931818181818182
10.217272727272727
10.315454545454545
10.023181818181818
10.023636363636363
9.715454545454547
9.887727272727274
9.727727272727272
10.01
9.980454545454545
9.190454545454545
9.145
9.105454545454545
9.16909090909091
8.859545454545454
8.62409090909091
8.390454545454546
7.985454545454545
8.382727272727273
7.955909090909091
7.597272727272727
7.7322727272727265
7.8968181818181815
8.108636363636364
8.004999999999999
7.783636363636364
7.750454545454545
7.635909090909092
7.2695454545454545
7.357727272727273
7.650454545454545
7.293181818181819
7.2713636363636365
7.225454545454546
7.106363636363636
6.698636363636364
6.472272727272727
6.965909090909091
7.138636363636365
6.501363636363636
6.635454545454545
6.374545454545455
6.433636363636364
6.007727272727272
5.539090909090909
5.854090909090909
6.017272727272727
5.603181818181818
5.837272727272727
5.591818181818182
4.529090909090909
4.65090909090909
5.274090909090909
5.1440909090909095
5.253181818181818
5.127272727272727
5.192272727272727
4.370454545454546
4.725909090909091
4.551363636363636
4.597727272727273
5.058181818181819
5.102727272727273
5.869090909090909
5.123636363636364
4.409090909090909
4.3136363636363635
3.519090909090909
3.3813636363636363
3.6536363636363633
3.980454545454546
4.297272727272728
4.465909090909091
4.208636363636364
3.5904545454545453
3.816363636363636
4.121363636363636
4.1863636363636365
3.7068181818181816
3.4472727272727273
2.819090909090909
2.6254545454545455
3.2118181818181815
3.208181818181818
3.9036363636363633
4.309090909090909
3.5090909090909093
3.0895454545454544
2.6131818181818183
2.916363636363636
2.9604545454545454
3.514545454545454
3.5345454545454547
