pet
0.5324
0.44839999999999997
0.4432
0.4044
0.41600000000000004
0.43
0.556
0.5476
0.504
0.478
0.5252
0.5164
0.5332
0.4696
0.5264
0.4484
0.39159999999999995
0.522
0.5768
0.4852
0.3336
0.4092
0.4388
0.38520000000000004
0.4792
0.47840000000000005
0.5464
0.596
0.5704
0.47200000000000003
0.5820000000000001
0.6636
0.6796000000000001
0.6056
0.7592
0.7572
0.5528
0.5912
0.6128
0.5816
0.5484
0.6759999999999999
0.6248
0.5064
0.6324000000000001
0.802
0.7176
0.816
0.7120000000000001
0.8068000000000001
0.8351999999999999
0.9136
0.868
0.8959999999999999
0.8603999999999999
0.8332
0.8188
0.8195999999999999
0.7672
0.7615999999999999
0.8468000000000001
0.8288
0.7003999999999999
0.7932000000000001
0.9652
1.0852
1.1743999999999999
1.2768000000000002
1.278
1.224
1.232
1.032
1.3559999999999999
1.5
1.4635999999999998
1.344
1.2996
1.2756
1.2264
1.3763999999999998
1.2675999999999998
1.3968
1.4232
1.4172
1.4212
1.4251999999999998
1.6736000000000002
1.7404
1.8676
1.7288
1.7423076923076921
1.886153846153846
1.8299999999999998
1.7015384615384617
1.861923076923077
1.7326923076923075
1.593076923076923
1.7265384615384616
1.9153846153846155
1.8303846153846155
1.741923076923077
1.8142307692307693
1.9092307692307693
1.9761538461538461
1.9923076923076921
1.9376923076923078
1.985769230769231
1.9407692307692308
2.0173076923076922
2.1003846153846153
2.441153846153846
2.540769230769231
2.545
2.6061538461538465
2.3465384615384615
2.12
2.2315384615384612
2.2638461538461536
2.1123076923076924
2.2965384615384616
2.4096153846153845
2.4503846153846154
2.516153846153846
2.448846153846154
2.534615384615385
2.7211538461538463
2.8861538461538463
2.878846153846154
2.9738461538461536
3.046923076923077
2.8834615384615385
2.667692307692308
2.733076923076923
2.597692307692308
2.7326923076923078
2.957692307692308
2.8376923076923077
2.821923076923077
2.915
2.9165384615384613
2.8984615384615386
2.9103846153846153
2.956153846153846
2.9896153846153846
3.145769230769231
3.1111538461538464
3.071153846153846
2.9865384615384616
2.9738461538461536
3.0334615384615384
3.003076923076923
3.1242307692307696
3.0923076923076924
2.8642307692307694
2.726153846153846
2.6915384615384617
2.6896153846153843
2.6434615384615388
2.762307692307692
2.9553846153846157
2.8307692307692305
2.8530769230769235
2.766538461538462
2.9257692307692307
3.0353846153846153
2.957692307692308
3.131153846153846
3.233461538461538
3.134230769230769
3.1303846153846155
3.0592307692307688
3.004230769230769
2.876923076923077
3.0384615384615383
3.0915384615384616
3.1173076923076923
3.2396153846153846
3.1284615384615386
3.012307692307692
3.171538461538461
3.0907692307692307
3.203461538461539
3.206538461538462
3.041923076923077
3.153461538461538
3.314230769230769
3.2219230769230767
3.1142307692307694
3.1815384615384614
3.214230769230769
3.1065384615384612
3.0503846153846155
3.0349999999999997
3.078461538461539
3.1546153846153846
3.233846153846154
3.3319230769230765
3.3261538461538462
3.5280769230769233
3.637307692307693
3.255
3.145
3.1588461538461536
3.357307692307692
3.3607692307692307
3.4461538461538463
3.251923076923077
3.162692307692308
3.185769230769231
3.061153846153846
2.936923076923077
3.005769230769231
3.1580769230769232
2.977307692307692
3.0542307692307693
2.943076923076923
2.9930769230769227
3.083076923076923
2.9511538461538462
3.1526923076923077
2.8826923076923077
2.8765384615384617
3.0807692307692305
2.7826923076923076
2.9084615384615384
2.7788461538461537
2.6592307692307693
2.487692307692307
2.668846153846154
2.6500000000000004
2.556923076923077
2.4676923076923076
2.5215384615384617
2.588846153846154
2.439230769230769
2.363076923076923
2.603846153846154
2.3246153846153845
2.1592307692307693
2.120769230769231
2.099615384615385
1.9830769230769232
1.9776923076923079
1.933076923076923
2.2596153846153846
2.1711538461538464
2.2303846153846156
2.2753846153846156
2.102307692307692
2.0311538461538463
2.1392307692307693
2.0276923076923077
2.223846153846154
2.1188461538461536
1.8653846153846154
1.7950000000000002
1.7511538461538463
1.7630769230769232
1.753076923076923
1.5584615384615383
1.693076923076923
1.6923076923076923
1.761153846153846
1.6946153846153846
1.6126923076923076
1.6019230769230768
1.5169230769230768
1.4723076923076923
1.4457692307692307
1.5223076923076921
1.5280769230769229
1.511923076923077
1.6026923076923079
1.53
1.4076
1.2884
1.1896
1.2556
1.1423999999999999
1.0856000000000001
1.2064
1.2588
1.3632
1.0984
1.1044
1.1724
1.0048000000000001
0.982
1.0715999999999999
0.8936
0.9895999999999999
0.9256
0.9436
1.0128
0.8956000000000001
1.0356
1.0231999999999999
1.0504
0.9259999999999999
1.0288
0.9684
0.9279999999999999
0.9812000000000001
0.9348000000000001
0.8012
0.7692
0.6688
0.6192
0.6844
0.6364
0.5776
0.6216
0.6015999999999999
0.6764
0.6844
0.6012000000000001
0.6124
0.5708
0.6592
0.5367999999999999
0.5248
0.5364
0.45519999999999994
0.456
0.496
0.46399999999999997
0.40880000000000005
0.4876
0.4608
0.4788
0.5168
0.5556
0.484
0.46399999999999997
0.4288
0.42480000000000007
0.3212
0.31920000000000004
0.4696
0.5392
0.41
0.45640000000000003
0.35600000000000004
0.3544
0.37439999999999996
0.4428
0.36160000000000003
0.3932
0.4388
0.3728
0.3344
0.3404
0.324
0.3788
0.5604
0.6364
0.7284
0.662
0.4892
0.47600000000000003
0.41240000000000004
0.3012
0.4936
0.6064
0.5444
