temperature
5.6524
4.9296
4.7844
4.4716
4.5904
4.5756
5.1468
5.1255999999999995
4.646
4.937200000000001
5.1192
5.3736
5.2728
5.0212
4.9464
4.4396
4.2668
4.513999999999999
4.59
4.0316
3.7088
4.158
3.9568
3.81
4.3732
4.3992
4.7684
4.8768
4.650399999999999
3.9832
4.352
4.648
4.6464
4.6904
5.5664
5.4276
4.5012
4.3632
4.2780000000000005
4.1948
3.9368
4.5856
4.6339999999999995
4.0632
4.8568
5.586
5.1968
5.686
5.2116
5.51
5.5544
6.0736
5.7056
5.7863999999999995
5.5092
5.3668
5.3824000000000005
5.0564
4.755199999999999
4.7568
5.048
5.0516000000000005
4.6004
5.142
5.608
6.1548
6.7364
7.150399999999999
7.127999999999999
6.6964
6.856800000000001
6.0687999999999995
7.376
7.9648
7.7644
7.098400000000001
6.7620000000000005
6.8464
6.568
7.3132
6.8796
7.2808
7.3588
7.2924
7.2828
7.3108
8.1592
8.4796
8.816
8.3292
8.285384615384615
8.739615384615384
8.565384615384614
8.095769230769232
8.64076923076923
8.102307692307692
7.543846153846153
7.9715384615384615
8.761923076923077
8.436538461538461
8.035
8.32576923076923
8.569230769230769
8.786153846153846
8.867692307692307
8.759615384615385
8.945769230769232
8.789230769230768
9.099615384615385
9.369615384615384
10.565
10.942692307692308
10.974615384615383
11.219615384615384
10.341923076923077
9.540384615384616
9.980384615384615
10.115
9.575384615384616
10.205769230769231
10.420769230769231
10.447307692307692
10.735384615384616
10.557692307692308
10.851923076923075
11.362307692307693
12.016538461538461
12.077692307692306
12.407692307692308
12.679615384615385
12.183461538461538
11.599615384615387
11.876538461538463
11.569615384615386
11.974615384615387
12.62346153846154
12.366153846153846
12.452692307692306
12.771538461538462
12.803461538461537
12.847307692307691
12.892307692307693
13.106923076923078
13.265769230769232
13.772307692307692
13.720384615384615
13.598461538461539
13.341153846153846
13.48576923076923
13.73
13.67576923076923
14.813076923076922
14.92153846153846
14.315384615384614
13.973846153846154
13.928846153846155
13.991153846153846
13.911538461538461
14.357307692307693
15.034230769230769
14.692692307692308
14.763076923076921
14.636923076923077
15.151153846153846
15.503461538461538
15.318076923076923
15.872307692307693
16.220384615384617
15.969615384615386
16.003846153846155
15.833076923076923
15.620000000000001
15.35153846153846
15.946538461538463
16.161923076923078
16.253846153846155
16.60923076923077
16.326538461538462
16.079615384615384
16.58576923076923
16.369615384615386
16.726153846153846
16.78846153846154
16.330384615384613
16.693076923076923
17.16923076923077
16.95769230769231
16.693846153846156
16.915
17.055
16.75730769230769
16.65076923076923
16.64
16.83269230769231
17.09346153846154
17.372692307692308
17.64730769230769
17.726923076923075
18.375384615384615
18.73846153846154
17.673461538461538
17.41769230769231
17.52769230769231
18.15576923076923
18.200384615384614
18.465769230769233
17.99153846153846
17.776923076923076
17.927692307692308
17.622307692307693
17.32923076923077
17.534615384615385
18.07423076923077
17.65730769230769
17.90692307692308
17.62923076923077
17.82423076923077
18.14423076923077
17.797307692307694
18.425
17.618076923076924
17.693846153846156
18.379615384615384
17.47269230769231
17.92269230769231
17.573076923076922
17.256153846153843
16.721923076923076
17.36692307692308
17.311153846153847
16.997307692307693
16.776153846153846
16.97653846153846
17.234615384615385
16.840769230769233
16.557692307692307
17.334230769230768
16.463076923076922
15.959615384615384
15.899999999999999
15.861923076923075
15.442307692307692
15.393461538461539
15.083846153846155
16.178076923076922
15.914230769230768
16.111923076923077
16.305384615384614
15.715769230769231
15.410384615384617
15.810384615384615
15.418461538461539
16.104615384615382
15.818076923076923
14.926153846153845
14.754999999999999
14.521153846153847
14.599615384615387
14.415000000000001
13.915384615384616
14.457692307692307
14.451153846153847
14.703076923076924
14.385
14.132307692307693
13.992692307692307
13.641538461538461
13.588846153846154
13.501153846153844
13.68923076923077
13.630384615384616
13.701923076923077
14.102692307692308
13.5372
12.746400000000001
12.4992
11.926400000000001
12.4068
11.968800000000002
11.8256
12.326400000000001
12.478800000000001
12.716399999999998
11.69
11.7368
11.832
11.1724
11.214400000000001
11.501199999999999
10.6008
10.8496
10.604000000000001
10.6004
10.7808
10.576400000000001
10.9464
10.7708
10.954
10.529200000000001
10.54
10.09
9.9884
10.2136
10.1616
9.4736
9.2668
8.8396
8.357999999999999
8.592
8.530800000000001
8.389199999999999
8.1508
8.002
8.6008
8.6656
8.0548
8.0172
7.583600000000001
7.926
7.4436
7.28
7.3444
6.796799999999999
6.4475999999999996
6.5936
6.6048
6.0724
6.636800000000001
6.361599999999999
6.5708
6.4336
6.5612
6.2084
5.7352
5.611599999999999
5.1792
5.3064
5.188
5.5776
5.974
5.5712
5.5488
5.224399999999999
5.172000000000001
4.9312000000000005
5.3660000000000005
5.0760000000000005
5.218
5.1972000000000005
4.6696
4.544
4.502800000000001
4.1352
4.5048
5.5696
6.0088
6.773199999999999
6.709199999999999
5.474
5.3392
4.78
4.1696
4.914
5.4772
5.1975999999999996
