temperature
5.3342307692307696
5.271538461538461
5.016923076923077
5.784230769230769
5.6619230769230775
5.020384615384615
5.316923076923077
5.748846153846154
5.485769230769231
5.095
4.260769230769231
3.678846153846154
4.041923076923077
4.810769230769231
4.737692307692308
4.486923076923077
3.999615384615385
4.377692307692308
4.999230769230769
5.268846153846154
5.25
5.353846153846154
5.223461538461539
5.127307692307692
4.6680769230769235
4.690384615384615
4.451923076923077
4.67
4.276538461538461
3.941153846153846
4.359615384615385
4.6826923076923075
5.044615384615384
5.053076923076923
5.187307692307693
5.327692307692308
5.226538461538462
4.994230769230769
4.787692307692308
4.274615384615385
4.122307692307692
4.480384615384615
4.087692307692308
3.348076923076923
3.0261538461538464
3.21
3.7430769230769227
3.9396153846153847
3.667692307692308
4.026923076923077
3.8065384615384614
4.383461538461538
4.746538461538462
4.763076923076923
4.541153846153846
4.551153846153846
5.030384615384615
5.077692307692308
5.193846153846153
5.207692307692308
5.328846153846154
4.9861538461538455
5.254615384615385
5.92076923076923
6.027692307692307
5.90923076923077
6.011538461538462
5.834615384615384
6.205384615384616
6.042692307692307
5.9569230769230765
6.276923076923077
5.745
5.735384615384616
5.637307692307692
5.66423076923077
5.910384615384616
5.726153846153846
5.524230769230769
5.666538461538462
5.876923076923077
6.37
6.5807692307692305
6.5600000000000005
6.642692307692308
6.233846153846154
5.9423076923076925
6.643846153846154
6.576153846153845
7.146923076923077
6.6657692307692304
5.788846153846153
5.701923076923077
6.071153846153846
6.220769230769231
6.882307692307692
6.802307692307693
6.235384615384616
6.919615384615384
7.212692307692308
7.4969230769230775
7.605769230769231
7.4157692307692304
7.353076923076923
7.918461538461538
8.008461538461539
7.672692307692308
8.180384615384614
7.859615384615385
8.102692307692307
8.311538461538461
8.576923076923077
8.165
8.19923076923077
8.027307692307692
8.263846153846153
8.326538461538462
8.474615384615385
8.970384615384615
8.691923076923077
8.12653846153846
8.791923076923077
8.725
9.11576923076923
8.971538461538461
9.192307692307692
9.590769230769231
9.37076923076923
9.048846153846155
9.234615384615385
9.838076923076922
10.061538461538463
9.978076923076923
9.861153846153845
10.188076923076922
10.156923076923077
10.345384615384615
10.183461538461538
10.831538461538461
11.080769230769231
11.033076923076923
11.347307692307693
11.526538461538461
11.78346153846154
11.212692307692306
11.515384615384615
11.39846153846154
11.258461538461539
11.331538461538461
11.437307692307693
11.705384615384615
11.588076923076924
12.024999999999999
11.97653846153846
11.523846153846154
12.096153846153847
11.791538461538462
11.70346153846154
12.208846153846155
12.425384615384615
12.182307692307692
12.19076923076923
11.989615384615385
11.893846153846154
12.103461538461538
12.680384615384614
13.055384615384614
12.964230769230769
13.20923076923077
13.251538461538463
13.830384615384615
13.207307692307692
13.313461538461537
13.13846153846154
13.225000000000001
13.519615384615385
13.815384615384614
13.48076923076923
14.085769230769232
14.232307692307693
14.278076923076924
13.897307692307692
14.164615384615386
14.497307692307693
14.899615384615384
14.997307692307693
14.839230769230769
15.034615384615384
15.00576923076923
15.300384615384615
15.141923076923076
15.213461538461539
15.209615384615384
15.285384615384617
15.02346153846154
14.893461538461539
14.584999999999999
14.858846153846153
15.056153846153846
15.416153846153845
15.417692307692308
14.954615384615384
14.908846153846154
15.113846153846152
14.968846153846155
15.461538461538462
15.325769230769232
15.444230769230769
15.420384615384616
15.52346153846154
15.754615384615384
14.763076923076921
15.160384615384617
15.443846153846154
15.31076923076923
14.96653846153846
15.076538461538462
14.595
14.307692307692308
15.076923076923077
14.565384615384614
15.007692307692308
14.843846153846155
14.696153846153846
14.65576923076923
15.038846153846153
14.953846153846154
14.431538461538462
14.845384615384615
14.981153846153846
15.248461538461537
15.397307692307692
15.575384615384614
14.776538461538461
14.305
14.70346153846154
14.464615384615383
14.404615384615385
14.24923076923077
14.450384615384614
14.305384615384614
14.044230769230769
14.066538461538462
13.972307692307693
14.257307692307693
13.692307692307692
13.841153846153846
13.48
13.670384615384616
14.031538461538462
13.732307692307693
13.734615384615385
12.978461538461538
12.833461538461538
12.741153846153846
12.789230769230768
12.618076923076924
12.689615384615385
12.567307692307692
12.828846153846154
12.436538461538463
12.443076923076923
12.371153846153845
12.391538461538461
12.272307692307692
12.599615384615383
12.18
12.00423076923077
11.826153846153847
11.994615384615384
12.379999999999999
12.103461538461538
12.065
11.880384615384616
11.935384615384615
11.612692307692308
11.548846153846153
11.330384615384615
11.473076923076924
11.195
11.566153846153847
11.451538461538462
10.723846153846154
10.911538461538461
11.084999999999999
10.231153846153846
10.173461538461538
9.954230769230769
9.815
9.662307692307692
10.115
9.91
9.638461538461538
9.416923076923077
9.24076923076923
9.695769230769232
9.55846153846154
9.86423076923077
9.543076923076923
9.348076923076924
9.033846153846154
9.370000000000001
9.784230769230769
9.155384615384616
9.477692307692307
9.177307692307693
8.870384615384616
8.545769230769231
7.926923076923076
8.703461538461537
9.197307692307692
8.557307692307692
8.437692307692307
8.669230769230769
8.153846153846153
7.486538461538462
7.287692307692307
7.218461538461539
7.3015384615384615
6.990769230769231
7.4496153846153845
7.507692307692308
6.413076923076924
6.513461538461538
6.443076923076924
7.011923076923077
7.303076923076923
6.998846153846154
6.776153846153846
6.355769230769231
6.221153846153846
5.72423076923077
5.871923076923077
6.376923076923077
6.322307692307692
6.743076923076923
6.6184615384615375
6.671538461538462
6.033461538461538
5.890384615384615
5.833846153846154
4.999615384615385
4.981153846153846
5.468461538461539
5.693461538461539
6.220769230769231
5.963846153846154
6.157692307692307
6.122307692307692
6.140384615384615
5.291153846153846
5.576153846153845
5.946923076923077
6.178076923076923
5.593846153846154
5.486538461538462
5.723461538461539
5.74
5.922307692307692
5.836923076923076
5.396923076923077
5.558461538461539
5.133846153846154
5.1450000000000005
5.146923076923077
