temperature
3.0115384615384615
3.0653846153846156
2.7811538461538463
3.3653846153846154
4.122692307692308
3.189230769230769
3.3796153846153847
3.9915384615384615
4.112307692307692
3.996923076923077
2.9511538461538462
2.542692307692308
2.695
3.293846153846154
3.5165384615384614
3.088846153846154
2.1307692307692307
2.58
2.8561538461538465
3.245769230769231
4.023846153846154
3.6092307692307695
3.7642307692307693
3.4688461538461537
3.148076923076923
2.7280769230769235
2.6246153846153844
2.8765384615384617
3.1765384615384615
2.536538461538462
2.838846153846154
2.866923076923077
3.268076923076923
3.593461538461539
3.4842307692307695
4.162692307692308
4.2857692307692306
3.701923076923077
3.1692307692307695
3.0665384615384617
2.811153846153846
2.9296153846153845
2.472692307692308
1.98
1.7676923076923077
1.886923076923077
2.0953846153846154
2.9084615384615384
2.576538461538462
2.363076923076923
2.4096153846153845
3.131923076923077
3.3934615384615388
3.643076923076923
3.325384615384615
3.1784615384615384
3.4711538461538463
4.006923076923077
4.016153846153847
4.138461538461539
4.700769230769231
4.394230769230769
4.318846153846153
4.937692307692307
5.0880769230769225
5.435384615384615
5.344615384615385
5.024230769230769
5.903076923076923
5.391538461538461
5.383846153846154
5.2626923076923084
5.0515384615384615
4.9788461538461535
5.28423076923077
5.336153846153847
5.816538461538461
5.115
5.385
5.424230769230769
5.156923076923078
6.11
6.083076923076923
5.882307692307692
5.71
5.59076923076923
5.471923076923077
5.615769230769231
5.8696153846153845
6.916538461538461
6.687692307692307
5.836153846153847
5.391153846153847
5.283846153846154
6.033076923076924
6.13
6.114615384615385
5.411153846153846
6.276923076923077
7.171923076923077
7.372692307692308
6.997307692307692
6.539615384615384
7.046923076923077
7.7626923076923084
7.894230769230769
7.2565384615384625
7.812307692307693
8.116538461538461
7.680000000000001
8.30846153846154
8.960384615384616
7.760769230769231
7.594615384615385
7.700384615384616
7.759230769230769
7.619615384615385
7.974230769230768
8.198846153846153
8.569230769230769
8.24076923076923
8.537692307692307
8.586923076923076
8.837692307692308
9.198846153846153
9.397692307692308
10.063461538461537
9.706923076923077
9.499230769230769
9.781923076923077
9.743846153846153
10.07423076923077
9.92923076923077
9.993076923076924
10.413076923076924
10.142307692307693
9.836923076923076
10.033076923076923
10.623461538461537
11.386538461538462
10.851923076923075
11.480384615384615
11.342692307692309
11.636153846153848
11.437692307692307
11.63576923076923
11.05153846153846
11.07346153846154
11.507307692307693
11.204615384615384
11.986153846153845
12.588461538461539
12.210384615384614
12.068846153846154
12.18923076923077
12.82346153846154
12.710769230769232
12.73653846153846
13.188461538461537
12.74923076923077
12.781923076923077
12.790000000000001
12.665000000000001
12.987307692307693
12.830384615384615
12.875
13.794230769230769
13.34153846153846
13.508846153846154
13.791538461538462
13.983461538461539
13.518846153846154
13.303461538461537
13.335384615384614
13.930769230769231
14.381923076923076
14.673076923076923
14.374615384615385
14.457307692307692
14.373461538461537
14.989615384615385
14.958461538461538
14.63923076923077
14.956923076923077
15.801923076923078
15.372307692307693
15.55423076923077
16.058846153846154
16.136153846153846
15.719615384615384
15.65846153846154
15.960384615384616
15.625
16.271538461538462
16.20730769230769
15.95
15.443461538461538
15.22653846153846
15.434615384615386
16.361538461538462
15.89846153846154
15.613076923076923
15.961923076923076
15.557307692307692
15.613461538461538
16.080384615384613
16.291153846153847
16.585
16.48076923076923
16.732692307692307
17.388076923076923
16.404230769230768
15.99
16.42269230769231
16.273846153846154
15.961923076923076
16.007692307692306
15.75576923076923
15.533076923076923
15.67576923076923
15.750384615384615
15.675384615384615
15.987307692307693
15.764999999999999
16.110384615384614
16.618076923076924
16.245
15.700769230769232
15.461538461538462
15.926923076923078
16.275384615384617
16.3
16.173076923076923
15.135384615384615
14.906153846153845
14.933461538461538
15.03076923076923
14.758461538461539
14.539230769230768
14.90846153846154
15.196923076923078
14.583846153846155
14.536923076923076
14.561538461538463
14.480384615384615
14.002307692307692
14.238461538461538
13.821923076923078
13.496153846153845
14.183846153846153
13.959999999999999
14.35423076923077
13.499615384615385
13.370000000000001
13.108461538461539
12.799230769230771
12.676153846153845
12.492307692307692
13.160384615384617
12.934615384615386
12.890384615384615
12.392307692307693
12.757692307692308
12.711538461538462
12.373076923076923
12.86153846153846
11.977692307692308
11.996923076923078
11.950384615384614
11.662692307692309
11.975000000000001
12.14576923076923
12.092692307692309
11.461538461538462
11.580769230769231
11.282307692307691
11.149999999999999
10.954230769230769
11.208846153846155
10.386923076923077
11.05153846153846
11.39846153846154
10.419230769230769
10.57423076923077
10.478076923076923
9.54923076923077
9.23
9.273076923076923
8.681923076923077
9.035
9.449615384615385
9.276153846153846
8.358076923076924
8.335
8.665
9.03076923076923
9.12923076923077
8.945
8.870384615384616
8.394615384615385
8.153846153846153
8.133461538461539
8.891923076923076
8.698461538461538
8.408076923076923
8.267692307692307
7.710769230769231
7.578076923076923
6.635
6.663846153846153
7.80576923076923
7.472307692307693
7.095384615384615
7.444615384615385
6.774615384615384
6.160384615384615
5.85
5.580384615384616
5.862692307692308
5.253076923076923
5.488846153846154
5.895769230769231
5.053461538461538
4.6269230769230765
4.951923076923077
5.443076923076924
5.883846153846154
5.579999999999999
5.776923076923077
4.730769230769231
4.398846153846154
3.772307692307692
3.4476923076923076
4.158846153846154
4.740769230769231
5.5284615384615385
5.517692307692308
5.458846153846154
4.635769230769231
4.188846153846153
4.185769230769231
3.8380769230769234
3.4299999999999997
3.8203846153846155
3.7565384615384616
3.7611538461538463
3.925769230769231
4.081538461538462
4.6753846153846155
4.356923076923077
4.265384615384615
4.033846153846154
4.391923076923077
4.588461538461538
4.447307692307692
4.004615384615384
3.935769230769231
4.181923076923077
3.9903846153846154
4.322692307692308
4.112692307692307
4.364230769230769
3.73
3.0188461538461535
3.028461538461538
