pet
0.3215384615384615
0.35807692307692307
0.27153846153846156
0.36615384615384616
0.5203846153846154
0.3280769230769231
0.37846153846153846
0.4719230769230769
0.4453846153846154
0.5192307692307693
0.38961538461538464
0.36230769230769233
0.3676923076923077
0.41423076923076924
0.4407692307692308
0.35884615384615387
0.2846153846153846
0.3107692307692308
0.3076923076923077
0.37307692307692303
0.5061538461538462
0.42807692307692313
0.44846153846153847
0.45038461538461544
0.3976923076923077
0.37576923076923074
0.35423076923076924
0.3988461538461539
0.4453846153846154
0.4230769230769231
0.42653846153846153
0.4053846153846154
0.4276923076923077
0.4973076923076923
0.4834615384615385
0.6111538461538462
0.6230769230769231
0.535
0.4584615384615385
0.4880769230769231
0.3961538461538462
0.4034615384615385
0.37115384615384617
0.31769230769230766
0.32230769230769235
0.3576923076923077
0.3638461538461539
0.4465384615384615
0.40384615384615385
0.3976923076923077
0.4165384615384615
0.4807692307692308
0.5296153846153846
0.5980769230769231
0.5457692307692308
0.5065384615384615
0.5961538461538461
0.6911538461538461
0.6073076923076923
0.6503846153846153
0.7692307692307693
0.7342307692307692
0.7688461538461537
0.9246153846153846
0.9146153846153846
0.9392307692307693
0.9253846153846154
0.8834615384615384
1.0569230769230769
0.9369230769230769
0.9450000000000001
0.9349999999999999
0.806923076923077
0.7949999999999999
0.8996153846153846
0.9723076923076923
0.965
0.885
0.9115384615384615
0.8838461538461538
0.943076923076923
1.0796153846153846
1.055
1.0115384615384615
1.0161538461538462
1.036923076923077
1.0034615384615384
1.1142307692307691
1.168076923076923
1.308076923076923
1.2961538461538462
1.1180769230769232
1.0492307692307692
1.0973076923076923
1.1776923076923078
1.2115384615384615
1.189230769230769
1.1023076923076922
1.3053846153846154
1.5042307692307693
1.6196153846153847
1.5457692307692308
1.373076923076923
1.5015384615384615
1.735769230769231
1.7615384615384615
1.5665384615384614
1.7961538461538462
1.7107692307692306
1.6576923076923078
1.8676923076923078
1.9849999999999999
1.7265384615384616
1.7373076923076924
1.7653846153846153
1.818076923076923
1.7634615384615384
1.775
1.8438461538461537
1.8692307692307693
1.8053846153846154
1.9457692307692307
2.0684615384615386
2.148076923076923
2.143076923076923
2.3057692307692306
2.456923076923077
2.2703846153846152
2.136923076923077
2.305
2.3076923076923075
2.3634615384615385
2.3242307692307693
2.3492307692307692
2.4065384615384615
2.2657692307692305
2.370769230769231
2.207692307692308
2.5184615384615388
2.6353846153846154
2.4992307692307696
2.6923076923076925
2.599615384615385
2.7223076923076923
2.6665384615384613
2.656538461538461
2.4492307692307693
2.4738461538461536
2.508076923076923
2.456153846153846
2.652307692307692
2.616153846153846
2.3653846153846154
2.3892307692307693
2.348846153846154
2.475769230769231
2.4053846153846155
2.3546153846153848
2.483846153846154
2.32
2.335769230769231
2.306153846153846
2.2434615384615384
2.3246153846153845
2.273846153846154
2.327692307692308
2.5157692307692305
2.437692307692308
2.4326923076923075
2.5257692307692308
2.4784615384615383
2.3623076923076924
2.378461538461538
2.308846153846154
2.356153846153846
2.4661538461538464
2.551153846153846
2.440769230769231
2.4842307692307695
2.486923076923077
2.638076923076923
2.4953846153846153
2.5326923076923076
2.6634615384615383
2.7976923076923077
2.7115384615384617
2.727307692307692
2.8969230769230765
2.8
2.753076923076923
2.694230769230769
2.8430769230769233
2.685
2.8530769230769226
2.7676923076923075
2.6353846153846154
2.5115384615384615
2.404230769230769
2.426923076923077
2.701923076923077
2.5534615384615384
2.5084615384615385
2.546923076923077
2.5646153846153847
2.480384615384615
2.6346153846153846
2.620769230769231
2.775384615384615
2.630769230769231
2.7280769230769235
2.828461538461539
2.4446153846153846
2.4553846153846157
2.587307692307692
2.4903846153846154
2.3776923076923078
2.403076923076923
2.3
2.0953846153846154
2.2326923076923078
2.1576923076923076
2.2115384615384617
2.3261538461538462
2.2165384615384616
2.3365384615384617
2.4069230769230767
2.3426923076923076
2.170769230769231
2.126923076923077
2.207307692307692
2.3446153846153845
2.381923076923077
2.313846153846154
2.0938461538461537
1.9942307692307693
2.026153846153846
1.9634615384615384
1.85
1.8673076923076921
1.9242307692307692
1.9276923076923076
1.7811538461538463
1.8215384615384616
1.7534615384615386
1.8242307692307693
1.7042307692307692
1.691923076923077
1.5615384615384615
1.5665384615384614
1.7592307692307694
1.6396153846153847
1.73
1.4973076923076922
1.4353846153846155
1.4092307692307693
1.3096153846153844
1.3211538461538461
1.2646153846153847
1.540769230769231
1.4461538461538461
1.301923076923077
1.2742307692307693
1.3092307692307692
1.3434615384615385
1.211153846153846
1.3373076923076925
1.0834615384615385
1.0923076923076922
1.1223076923076922
1.0953846153846154
1.2315384615384615
1.21
1.2230769230769232
1.1342307692307694
1.2042307692307692
1.133076923076923
1.021923076923077
1.0215384615384615
1.0234615384615384
0.9173076923076924
1.0653846153846154
1.096923076923077
0.9038461538461539
0.9638461538461538
0.97
0.77
0.7496153846153847
0.7488461538461538
0.6384615384615385
0.6811538461538462
0.7407692307692308
0.7726923076923077
0.621923076923077
0.5819230769230769
0.6776923076923077
0.7446153846153846
0.7165384615384615
0.6880769230769231
0.6276923076923077
0.6557692307692308
0.6142307692307692
0.6499999999999999
0.7926923076923077
0.7246153846153847
0.7173076923076922
0.7423076923076923
0.6538461538461539
0.6119230769230769
0.48538461538461536
0.4465384615384615
0.6642307692307692
0.5796153846153846
0.5834615384615385
0.6492307692307692
0.49923076923076926
0.42346153846153844
0.42653846153846153
0.43846153846153846
0.3942307692307692
0.3230769230769231
0.37153846153846154
0.46653846153846157
0.33269230769230773
0.29038461538461535
0.3642307692307692
0.5157692307692308
0.5615384615384615
0.43230769230769234
0.5188461538461538
0.3915384615384615
0.3288461538461539
0.3246153846153846
0.29307692307692307
0.34730769230769226
0.42230769230769233
0.5373076923076924
0.4880769230769231
0.435
0.3038461538461539
0.26346153846153847
0.23115384615384615
0.26999999999999996
0.2519230769230769
0.3288461538461539
0.35807692307692307
0.3719230769230769
0.3384615384615385
0.3523076923076923
0.3565384615384615
0.28115384615384614
0.36153846153846153
0.32499999999999996
0.3423076923076923
0.4169230769230769
0.4
0.37269230769230766
0.3984615384615384
0.43230769230769234
0.41384615384615386
0.4519230769230769
0.49115384615384616
0.543076923076923
0.4169230769230769
0.29846153846153844
0.36038461538461536
