temperature
2.3865384615384615
2.3438461538461537
2.1423076923076922
2.7176923076923076
3.386153846153846
2.4899999999999998
2.7084615384615387
3.1753846153846155
3.183076923076923
3.0669230769230773
2.232307692307692
1.691923076923077
2.0542307692307693
2.7434615384615384
2.7403846153846154
2.2373076923076924
1.6276923076923078
1.9276923076923076
2.2015384615384614
2.6500000000000004
3.081538461538462
2.796923076923077
2.8115384615384613
2.7199999999999998
2.356923076923077
2.0296153846153846
1.878076923076923
2.1723076923076925
2.2553846153846155
1.6976923076923076
1.8596153846153847
2.1503846153846156
2.6576923076923076
2.8546153846153848
2.7084615384615387
3.2576923076923077
3.126153846153846
2.803076923076923
2.288846153846154
2.183076923076923
1.7765384615384614
1.8942307692307692
1.853846153846154
1.2230769230769232
0.9473076923076923
0.9530769230769229
1.301153846153846
2.0334615384615384
1.6007692307692307
1.5023076923076923
1.6080769230769232
2.175
2.4673076923076924
2.6215384615384614
2.581538461538462
2.2219230769230767
2.641923076923077
3.093461538461538
2.920769230769231
3.169230769230769
3.5307692307692307
3.315
3.4853846153846155
4.111153846153846
4.212307692307692
4.303461538461539
4.314230769230769
4.077307692307692
4.753846153846154
4.356538461538461
4.443846153846154
4.2784615384615385
3.7642307692307693
3.7361538461538464
3.9000000000000004
4.111538461538462
4.380769230769231
4.061538461538462
4.023076923076923
4.025
4.111923076923077
4.860384615384616
4.713076923076923
4.637692307692308
4.621153846153846
4.401923076923077
4.391538461538461
4.914230769230769
5.038076923076924
5.58
5.479230769230769
4.6911538461538465
4.458846153846154
4.622307692307692
5.022307692307693
5.172307692307692
5.014230769230769
4.451538461538461
5.319999999999999
5.942692307692307
6.468846153846154
6.243846153846154
5.589615384615384
6.163461538461538
7.070384615384616
7.113846153846154
6.443076923076924
7.139615384615384
6.889615384615384
6.765384615384615
7.53923076923077
7.847307692307693
6.918461538461538
6.829615384615384
6.898461538461538
7.193076923076924
7.011153846153846
7.161538461538462
7.485384615384616
7.638461538461538
7.0284615384615385
7.485769230769231
7.855769230769231
8.096538461538461
8.257307692307693
8.843846153846155
9.295384615384616
8.760384615384616
8.370000000000001
8.866923076923076
8.90576923076923
9.110384615384616
9.052692307692308
9.23576923076923
9.447692307692309
9.077307692307691
9.327307692307691
8.971923076923078
9.923461538461538
10.31423076923077
10.006153846153847
10.62153846153846
10.427692307692308
10.811153846153845
10.673846153846153
10.732307692307693
10.23653846153846
10.400769230769232
10.545769230769231
10.351153846153846
11.057307692307692
11.547307692307694
11.12423076923077
11.263846153846155
11.273846153846154
11.758846153846154
11.605384615384615
11.48576923076923
11.996923076923078
11.60153846153846
11.738846153846152
11.731923076923076
11.573076923076922
11.708846153846155
11.636538461538462
11.990384615384615
12.704615384615384
12.522692307692306
12.608846153846153
12.88423076923077
12.778461538461539
12.473461538461539
12.629615384615384
12.508461538461539
12.738846153846152
13.168846153846154
13.423461538461538
13.128076923076922
13.316538461538462
13.467692307692309
13.951538461538462
13.625
13.747307692307693
14.196923076923078
14.665384615384616
14.478461538461538
14.556153846153846
15.037307692307694
14.872307692307693
14.781923076923077
14.59769230769231
15.106153846153846
14.63076923076923
15.272307692307692
15.050384615384615
14.734230769230768
14.409230769230769
14.108846153846153
14.256538461538462
15.11576923076923
14.695384615384615
14.599230769230768
14.71923076923077
14.747307692307693
14.570769230769232
15.088846153846154
15.137307692307692
15.568076923076923
15.220384615384615
15.536153846153846
15.916538461538462
14.742692307692307
14.71269230769231
15.14846153846154
14.991923076923078
14.671153846153846
14.749615384615385
14.455
13.868076923076924
14.312307692307693
14.06423076923077
14.306538461538462
14.738076923076923
14.406538461538462
14.836538461538462
15.102307692307694
14.840769230769231
14.335384615384616
14.251923076923077
14.535769230769231
14.957307692307692
15.123461538461537
14.871923076923078
14.080384615384615
13.88423076923077
14.004615384615384
13.84423076923077
13.51
13.443076923076923
13.761538461538462
13.794615384615385
13.284615384615384
13.463846153846154
13.13923076923077
13.277692307692309
12.802307692307693
12.833076923076922
12.224230769230768
12.261923076923077
13.021153846153847
12.602307692307694
12.927307692307693
11.938846153846155
11.821923076923078
11.738461538461538
11.485000000000001
11.36076923076923
11.132307692307693
12.213461538461539
11.883076923076922
11.398846153846154
11.37576923076923
11.506538461538462
11.305
10.970769230769232
11.464615384615383
10.630384615384616
10.535384615384617
10.531153846153845
10.333076923076923
10.889615384615384
10.705769230769231
10.820384615384615
10.350769230769231
10.55
10.142307692307693
9.852307692307694
9.887692307692307
9.94346153846154
9.378076923076922
9.881153846153847
10.080769230769231
9.041153846153845
9.207307692307692
9.321538461538461
8.24576923076923
8.231923076923078
8.247307692307693
7.7192307692307685
7.731538461538462
8.214615384615383
8.216923076923077
7.270384615384615
7.3015384615384615
7.656153846153846
7.981153846153846
8.025
7.908461538461538
7.65
7.438461538461539
7.085
7.174230769230769
7.791538461538462
7.526923076923077
7.322692307692307
7.326923076923077
6.733076923076923
6.538461538461538
5.856538461538462
5.7907692307692304
6.81423076923077
6.492692307692308
6.205384615384616
6.478076923076923
5.955
5.191923076923077
4.930384615384615
4.789615384615384
4.982692307692308
4.319230769230769
4.5284615384615385
4.892307692307693
4.243846153846154
3.9099999999999997
4.108461538461539
4.681538461538461
4.846153846153846
4.638461538461538
4.935384615384615
3.9765384615384614
3.6153846153846154
3.14
2.9626923076923077
3.384230769230769
4.004615384615385
4.563846153846153
4.471923076923077
4.424615384615385
3.7819230769230767
3.203076923076923
2.980769230769231
2.9453846153846155
2.795
3.1773076923076924
3.078076923076923
3.2765384615384616
3.2361538461538464
3.421538461538461
3.8888461538461536
3.412692307692308
3.2157692307692307
3.1753846153846155
3.388461538461539
3.5296153846153846
3.295
2.894230769230769
3.082692307692308
3.244230769230769
3.175769230769231
3.233846153846154
3.167692307692308
3.4815384615384612
2.840384615384615
2.29
2.4719230769230767
