temperature
3.8272222222222223
3.0966666666666667
2.8555555555555556
3.868333333333333
4.957777777777777
3.9055555555555554
3.9305555555555554
4.316111111111111
4.468333333333334
3.572777777777778
3.273888888888889
3.762777777777778
4.305555555555555
4.258333333333334
4.455555555555556
3.5277777777777777
3.05
3.5705555555555555
4.258333333333334
4.506111111111111
4.163333333333333
3.467777777777778
4.106111111111111
3.7494444444444444
3.6288888888888886
3.2905555555555552
3.2249999999999996
3.05
3.578888888888889
3.552777777777778
3.6922222222222225
3.5349999999999997
4.2283333333333335
4.966666666666667
5.511666666666667
5.62
5.486111111111111
4.705555555555556
4.094444444444445
4.296666666666667
4.7538888888888895
5.316666666666666
4.557222222222222
3.5633333333333335
3.7705555555555557
4.391666666666667
3.618333333333333
4.3838888888888885
4.444444444444445
4.506111111111111
4.231111111111111
4.187222222222222
4.5633333333333335
5.092222222222222
3.717222222222222
4.395555555555556
4.853888888888889
5.312222222222222
4.672222222222222
4.453333333333333
4.270555555555555
4.382777777777778
5.172777777777778
5.654444444444445
6.233888888888889
6.651111111111111
6.0216666666666665
6.122222222222223
6.902222222222222
5.913888888888889
6.129999999999999
5.956666666666667
6.720000000000001
6.665
7.332222222222222
7.71611111111111
6.615555555555556
6.171111111111111
6.795
6.6000000000000005
6.912222222222223
7.401666666666666
6.85
6.108888888888888
6.042222222222223
6.535555555555556
6.2588888888888885
6.9622222222222225
7.5488888888888885
8.535555555555554
8.102222222222222
7.230555555555556
6.912222222222223
6.693888888888889
7.029444444444445
6.858888888888888
5.971666666666667
6.487222222222223
7.557777777777777
7.676666666666667
7.370555555555555
7.671666666666667
6.387222222222222
7.096111111111111
7.208333333333333
7.787777777777778
7.632222222222222
7.848888888888889
7.632777777777779
7.878333333333334
9.558333333333334
9.657777777777778
9.152222222222223
9.330555555555556
9.457777777777778
9.383888888888889
9.74
9.886666666666667
9.680555555555555
9.846666666666668
10.177222222222222
10.328333333333333
10.347777777777777
10.262777777777778
10.038888888888888
9.635
10.676666666666668
10.772777777777778
10.453333333333333
10.432777777777778
10.498333333333333
10.352222222222222
10.898333333333333
11.160555555555554
12.028333333333332
11.485
11.107777777777777
10.798333333333334
11.587222222222222
11.922777777777778
11.422777777777778
11.795555555555556
12.297777777777778
11.982222222222223
11.710555555555555
11.978333333333332
11.845555555555556
11.912777777777778
13.201666666666666
12.383333333333333
13.173333333333334
13.151666666666666
12.72
12.067222222222222
11.621111111111112
13.22888888888889
13.677222222222222
12.997222222222222
13.282222222222222
13.52111111111111
13.216666666666667
13.089444444444446
12.812777777777777
13.864444444444445
13.707222222222223
14.18611111111111
14.499444444444444
14.561666666666667
14.814444444444446
14.264444444444443
14.585555555555556
13.815000000000001
13.692222222222222
13.827222222222222
14.401666666666667
14.669444444444444
15.584444444444443
14.60277777777778
15.267777777777777
15.199444444444444
15.270000000000001
14.604999999999999
14.77111111111111
15.14777777777778
15.384444444444446
15.531666666666666
15.995555555555557
16.263333333333335
16.031666666666666
15.210555555555556
15.869444444444444
15.66111111111111
15.729999999999999
15.785555555555554
16.394444444444442
16.528333333333332
16.088333333333335
15.529444444444444
16.132777777777775
17.003888888888888
17.06888888888889
16.495555555555555
16.950555555555557
16.874444444444446
16.426111111111112
16.11777777777778
16.594444444444445
16.89333333333333
17.317777777777778
18.081666666666667
17.832222222222224
17.026666666666667
16.889473684210525
16.96421052631579
16.75263157894737
16.397368421052633
16.726315789473684
17.590526315789475
16.906315789473684
16.823684210526313
17.61315789473684
17.399473684210523
17.113684210526316
16.556842105263158
16.52842105263158
16.485263157894735
16.43263157894737
16.539473684210527
16.49842105263158
16.599473684210526
16.78473684210526
16.563157894736843
16.47736842105263
16.117368421052632
15.784210526315789
15.693684210526316
15.54842105263158
14.858421052631579
14.284210526315789
14.695789473684211
14.62578947368421
14.366315789473683
14.308947368421054
15.05722222222222
15.235000000000001
14.043333333333333
13.949444444444445
14.296666666666665
14.097222222222221
14.301666666666668
13.698333333333332
13.720555555555556
13.871666666666666
14.151111111111112
13.386111111111111
13.413333333333334
12.705555555555556
12.648888888888889
12.776666666666666
13.393333333333333
13.623888888888889
12.91
13.117777777777778
13.566666666666666
12.65388888888889
12.838888888888889
11.987222222222222
11.897222222222222
12.04277777777778
12.142222222222223
12.377777777777778
12.564444444444444
12.572222222222223
11.97777777777778
11.40611111111111
10.93611111111111
11.000555555555556
11.366666666666667
11.243888888888888
10.810555555555556
11.178333333333335
11.621111111111112
10.665
10.68888888888889
10.648333333333333
10.529444444444444
10.447222222222223
9.917222222222222
9.657777777777778
9.06388888888889
9.190555555555555
9.51611111111111
8.990555555555556
9.261666666666667
9.107222222222223
8.746666666666666
9.05111111111111
9.386111111111111
9.13
9.078333333333333
8.329444444444444
8.195555555555556
8.100000000000001
8.039444444444445
7.701666666666666
7.785
7.755
7.572777777777778
7.146666666666666
7.3583333333333325
7.932222222222222
7.163333333333333
7.050000000000001
7.853888888888889
7.62
7.3438888888888885
6.581111111111111
6.129444444444444
6.457222222222223
5.802777777777778
5.598888888888889
6.277222222222223
5.9688888888888885
4.7988888888888885
4.582222222222223
4.453333333333333
4.96
5.653333333333333
6.152777777777778
5.591111111111111
5.183333333333334
4.974444444444445
5.252777777777777
6.071111111111112
5.608333333333333
6.137222222222222
5.846111111111111
5.085555555555555
4.505
4.309444444444445
3.773888888888889
3.7927777777777774
3.7277777777777783
3.954444444444444
4.506111111111111
4.941666666666666
3.9311111111111114
3.187222222222222
3.855
4.73
4.554444444444445
4.068333333333333
4.185
3.613888888888889
3.9438888888888886
4.398888888888889
4.2411111111111115
4.697222222222222
4.1338888888888885
4.190555555555555
3.771111111111111
4.22
3.5155555555555558
3.058888888888889
2.5572222222222223
