temperature
5.316923076923077
4.931923076923076
4.611153846153846
4.468846153846154
4.613846153846153
4.712307692307692
5.039615384615384
4.797692307692308
4.763846153846154
5.298846153846155
5.629615384615385
5.971538461538462
5.4484615384615385
5.505384615384615
5.774615384615384
5.4180769230769235
5.160769230769231
5.432307692307693
5.2700000000000005
4.483846153846153
4.642307692307693
4.593076923076923
4.538846153846154
4.646153846153846
4.854230769230769
4.70423076923077
5.068461538461539
5.079615384615384
5.015384615384615
4.623846153846154
4.976153846153846
4.915
4.916538461538462
4.992692307692308
5.714230769230769
5.565384615384616
5.014615384615384
4.938076923076922
4.7446153846153845
4.4957692307692305
4.614230769230769
5.211153846153847
5.450769230769231
4.918461538461538
5.388076923076923
5.768461538461538
5.428846153846154
5.802692307692308
5.518461538461538
5.967307692307693
6.095769230769231
6.273076923076923
6.041923076923077
5.855384615384616
5.591153846153846
5.7711538461538465
5.470769230769231
5.163846153846153
4.974615384615385
5.115
5.315384615384615
5.1388461538461545
4.897692307692308
5.301153846153847
5.888461538461538
6.565769230769231
6.937692307692307
7.204999999999999
7.169615384615384
6.968846153846154
6.558461538461539
6.387307692307692
7.368076923076923
7.909230769230769
7.547692307692308
7.306153846153846
6.626538461538461
6.977307692307692
6.951153846153845
7.364230769230769
7.3088461538461535
7.454999999999999
7.507307692307692
7.816923076923077
7.783846153846154
7.803076923076923
8.220384615384615
8.047692307692309
8.206153846153846
8.272692307692308
8.079615384615384
8.192307692307692
8.107692307692307
8.06576923076923
8.325
8.093846153846155
7.426923076923076
8.05076923076923
8.362692307692308
7.908461538461538
7.947692307692307
8.290384615384616
8.519615384615385
8.655
8.643461538461539
8.681538461538462
8.894615384615385
8.538076923076924
8.696923076923078
9.531153846153845
10.432692307692308
10.290000000000001
10.616153846153846
10.797307692307694
10.12076923076923
9.459615384615384
9.685769230769232
9.597307692307693
9.018461538461539
9.616923076923076
10.069230769230769
10.235000000000001
10.61153846153846
10.371153846153845
10.685
10.568846153846154
11.418076923076923
11.538461538461538
11.595
12.072307692307692
11.555
11.382307692307693
11.247307692307693
11.200769230769232
12.021538461538462
11.711153846153847
11.705384615384615
11.674615384615386
11.918461538461539
11.965384615384616
12.360000000000001
12.292307692307693
12.467692307692307
12.482692307692307
12.71923076923077
13.019615384615385
12.898076923076925
12.926153846153845
13.161538461538461
13.529615384615385
13.549615384615382
14.972692307692306
14.239615384615385
14.078846153846154
13.598076923076924
13.795
13.749615384615385
13.620384615384616
13.895
14.48076923076923
14.524999999999999
14.322307692307692
14.079230769230769
14.503846153846155
14.448076923076922
14.479230769230771
15.233846153846153
15.516538461538461
15.40230769230769
15.273846153846154
14.943076923076923
14.887307692307692
14.831923076923077
15.138846153846155
15.159230769230769
15.731538461538461
15.733076923076924
15.583846153846155
15.801923076923078
15.925
15.887307692307692
15.703846153846154
15.676153846153845
15.965384615384616
15.53076923076923
15.567307692307692
15.860384615384616
15.988076923076923
16.21807692307692
16.516538461538463
16.34846153846154
16.13
16.12846153846154
15.807307692307692
16.341153846153848
16.36076923076923
16.682307692307692
16.83923076923077
17.332692307692305
17.51423076923077
16.86769230769231
16.573076923076922
16.575384615384614
16.815
16.822307692307692
17.33576923076923
16.938076923076924
16.540769230769232
16.60923076923077
16.462307692307693
16.27846153846154
16.40576923076923
16.95230769230769
16.93846153846154
17.058461538461536
16.588076923076922
16.74076923076923
16.708846153846153
16.538846153846155
17.09423076923077
16.766538461538463
16.83653846153846
17.04269230769231
16.853846153846153
17.22230769230769
16.73076923076923
16.34769230769231
16.189615384615387
16.286153846153844
16.11346153846154
16.238076923076925
16.198076923076922
16.376923076923077
16.566538461538464
16.36576923076923
15.704615384615384
16.30807692307692
15.86076923076923
15.516923076923076
15.377307692307692
15.24923076923077
15.298461538461538
14.891538461538461
14.966923076923077
15.539615384615384
15.475769230769231
15.638846153846155
15.573846153846155
15.346153846153847
15.09153846153846
15.183076923076923
14.929615384615385
15.521153846153847
14.976923076923079
14.567307692307692
14.233461538461539
13.955
14.375384615384615
13.798846153846153
13.79653846153846
13.910384615384617
14.250384615384615
14.124615384615385
14.142307692307693
13.997307692307693
13.598076923076924
13.186538461538463
13.224615384615383
13.322307692307692
13.276923076923076
13.204615384615384
13.632692307692308
13.891923076923076
12.867307692307692
12.497307692307693
12.40230769230769
11.859230769230768
12.30153846153846
11.616538461538461
11.848076923076924
12.57076923076923
12.098846153846154
12.36076923076923
11.576153846153847
11.595
11.535769230769231
11.109615384615385
11.49076923076923
10.986153846153845
10.53346153846154
10.757307692307693
10.481923076923076
10.482692307692307
10.691153846153847
10.450384615384614
10.691538461538462
10.589230769230769
10.781153846153845
10.716153846153846
10.366923076923078
10.326538461538462
10.056538461538462
10.25423076923077
10.061923076923078
9.578846153846154
9.35
9.063076923076924
8.966153846153846
9.09423076923077
8.767692307692307
8.592307692307692
8.55923076923077
8.54923076923077
9.058076923076923
8.676923076923076
8.168846153846154
7.856923076923077
7.771923076923077
8.23
7.712692307692308
8.038076923076924
7.559615384615385
7.303461538461539
7.04576923076923
6.821153846153846
6.491153846153846
6.448846153846154
6.91
6.752307692307692
6.726153846153846
6.640769230769231
6.595
6.5442307692307695
6.1826923076923075
5.6826923076923075
5.692692307692307
5.671923076923077
5.693076923076924
6.1899999999999995
6.372307692307692
5.923076923076923
5.814615384615385
5.976538461538462
6.03923076923077
5.642307692307692
5.991538461538462
5.653076923076923
5.768076923076923
5.744230769230769
5.448076923076924
5.228461538461539
5.226538461538461
4.884615384615385
5.229615384615385
6.000769230769231
6.250769230769231
6.858461538461539
6.363461538461538
5.59
5.64
5.115
4.582692307692308
5.631153846153846
5.806923076923076
5.430384615384615
