temperature
1.218846153846154
0.9365384615384615
0.9946153846153846
0.8757692307692307
0.8692307692307691
0.9450000000000001
0.7403846153846154
0.38961538461538464
0.8892307692307693
1.5161538461538462
1.6530769230769233
1.8188461538461538
1.1673076923076922
1.4511538461538462
1.6280769230769232
0.841153846153846
0.7846153846153846
0.8988461538461537
0.20730769230769233
0.4819230769230769
1.3557692307692308
1.6615384615384616
1.6034615384615383
1.6665384615384615
1.7349999999999999
1.9188461538461539
1.4503846153846154
1.4284615384615384
0.6757692307692308
0.7799999999999999
0.9269230769230768
0.9149999999999999
1.0073076923076925
1.6730769230769231
1.198846153846154
1.1157692307692306
0.8119230769230769
0.47807692307692307
0.7330769230769231
0.6188461538461538
0.4261538461538462
1.0765384615384617
1.3107692307692307
1.6507692307692308
2.352692307692308
2.503076923076923
2.286153846153846
2.0796153846153844
1.513076923076923
1.959230769230769
2.061923076923077
1.7553846153846153
1.6915384615384617
1.7046153846153846
1.3788461538461538
1.9857692307692305
1.6638461538461538
1.381153846153846
0.8942307692307693
0.9011538461538462
0.9423076923076923
1.3292307692307692
0.9753846153846154
1.2480769230769229
2.301153846153846
2.6573076923076924
2.644230769230769
2.4742307692307692
2.6576923076923076
2.8649999999999998
2.691923076923077
3.5107692307692306
3.7638461538461536
3.7884615384615383
3.9311538461538467
3.8592307692307695
3.4696153846153845
3.6350000000000002
3.4026923076923077
3.7584615384615385
3.522692307692308
3.477692307692308
3.8176923076923077
4.167307692307692
4.165384615384616
4.3865384615384615
3.9865384615384616
4.167307692307692
4.026153846153846
4.010384615384615
3.718461538461539
4.292307692307692
3.9123076923076923
3.7188461538461537
4.503846153846154
4.513461538461538
4.133846153846154
4.764615384615384
4.8088461538461535
5.186153846153847
4.397692307692308
4.200769230769231
4.418846153846154
4.7542307692307695
5.230384615384616
5.139615384615384
4.52923076923077
4.948846153846153
5.181538461538461
6.0515384615384615
6.676153846153847
7.003846153846154
6.490769230769231
6.508076923076923
5.812307692307693
5.600769230769231
5.591538461538462
5.9326923076923075
5.710769230769231
5.809615384615385
6.118461538461539
6.216923076923076
6.498076923076923
7.204615384615384
6.691538461538461
6.938076923076924
7.16
7.288076923076924
7.72423076923077
7.5661538461538465
7.32423076923077
7.518846153846154
7.763461538461538
8.032307692307693
8.288846153846153
7.9023076923076925
8.386923076923077
8.081538461538461
8.750384615384615
8.671923076923077
8.028846153846153
8.037692307692307
8.423076923076923
8.802307692307693
8.74
8.573076923076924
8.810384615384615
9.125
9.179230769230768
9.346538461538461
10.59
11.11423076923077
10.456538461538461
9.758846153846154
9.670384615384616
9.27346153846154
9.733846153846155
10.493076923076924
10.223076923076924
10.563461538461537
10.68423076923077
9.624615384615385
9.645
9.457692307692309
9.751923076923077
10.335769230769232
10.693461538461538
11.065384615384614
10.746153846153845
10.400769230769232
10.794615384615385
10.582692307692307
11.211923076923076
11.48076923076923
10.95923076923077
10.889615384615384
11.456538461538461
11.761153846153848
12.210769230769232
11.880384615384616
11.76923076923077
12.165000000000001
11.90230769230769
12.295384615384616
12.408076923076923
12.09423076923077
11.826538461538462
11.834615384615384
11.854615384615386
12.510769230769231
12.361153846153845
12.168846153846154
11.455769230769231
11.787307692307694
12.042307692307693
12.506153846153847
13.040384615384616
12.811538461538463
12.734615384615385
12.988846153846152
12.723461538461539
12.592692307692309
13.441153846153847
13.353461538461538
13.104615384615386
12.768461538461539
13.045
13.255384615384616
12.541923076923078
12.507307692307693
12.388076923076921
12.433461538461538
12.910769230769231
12.793076923076923
13.17653846153846
12.973461538461539
12.940384615384614
12.81
12.445
12.364615384615385
12.343076923076923
12.28346153846154
12.097307692307691
12.578846153846154
12.98076923076923
12.66576923076923
11.886923076923077
12.14576923076923
12.225769230769231
11.846923076923076
12.061923076923078
11.97923076923077
11.916923076923077
11.813076923076922
11.496923076923078
11.327307692307691
11.256538461538462
11.123846153846156
11.379999999999999
11.38923076923077
10.855384615384615
10.818461538461538
11.045384615384616
11.052307692307693
11.778461538461539
11.333461538461538
11.528461538461539
11.574615384615385
11.188461538461537
10.938076923076922
11.375
10.717307692307692
11.159230769230769
11.139999999999999
10.56576923076923
10.386153846153848
9.7
9.642692307692307
9.574615384615385
9.448076923076924
9.631538461538462
9.683846153846154
10.58423076923077
10.590384615384616
9.662307692307692
9.132307692307693
9.538846153846153
9.283076923076923
8.983461538461539
9.211538461538462
9.432692307692308
8.752692307692307
8.856538461538461
8.190384615384614
8.090384615384615
7.725769230769231
7.293461538461538
7.717692307692308
7.546153846153846
7.853461538461539
8.026923076923076
7.725
7.292692307692308
6.869615384615385
7.360769230769231
7.616538461538462
7.368076923076923
6.83
6.2907692307692304
5.951923076923077
6.012307692307692
5.7626923076923084
5.8442307692307685
6.189615384615385
6.052692307692308
6.222307692307693
6.105769230769231
6.0600000000000005
5.912692307692307
6.000769230769231
5.5661538461538465
5.0200000000000005
5.723846153846154
5.94923076923077
5.201538461538462
5.160769230769231
4.970384615384615
4.406153846153846
4.102692307692307
4.61
4.267692307692308
3.7180769230769233
3.7026923076923075
3.8534615384615383
3.9069230769230767
3.5803846153846157
3.5203846153846152
4.724615384615385
4.753846153846154
3.706153846153846
3.1853846153846157
3.0069230769230773
2.833076923076923
2.7584615384615385
2.33
1.7703846153846154
2.5942307692307693
2.3646153846153846
2.1165384615384615
3.073846153846154
2.623846153846154
2.085384615384615
1.5603846153846155
1.7342307692307695
1.4565384615384613
2.1569230769230767
1.3534615384615383
1.4542307692307692
1.663076923076923
1.2865384615384616
1.9130769230769231
2.436923076923077
2.9396153846153847
2.295
1.5696153846153846
1.3288461538461538
1.6238461538461537
2.1584615384615384
1.7176923076923079
1.4057692307692309
0.8246153846153846
1.0946153846153845
0.8507692307692308
1.0026923076923078
0.9046153846153846
1.2515384615384615
1.948846153846154
1.060769230769231
0.16884615384615387
0.5138461538461538
0.2542307692307692
-0.2146153846153846
0.6396153846153846
1.2965384615384616
1.5150000000000001
