pet
0.4235294117647059
0.4335294117647059
0.4735294117647059
0.42470588235294116
0.43999999999999995
0.5029411764705882
0.47058823529411764
0.4194117647058824
0.43176470588235294
0.548235294117647
0.5041176470588236
0.45705882352941174
0.29470588235294115
0.33235294117647063
0.46647058823529414
0.351764705882353
0.4247058823529412
0.42470588235294116
0.32176470588235295
0.2823529411764706
0.43058823529411766
0.6
0.5252941176470588
0.6776470588235294
0.6241176470588234
0.48117647058823526
0.4617647058823529
0.5247058823529411
0.32176470588235295
0.3876470588235294
0.40176470588235297
0.31823529411764706
0.4035294117647059
0.41647058823529415
0.3976470588235294
0.41705882352941176
0.3652941176470588
0.40705882352941175
0.4082352941176471
0.38647058823529407
0.2364705882352941
0.3241176470588235
0.3935294117647059
0.4852941176470588
0.6470588235294118
0.7370588235294118
0.751764705882353
0.6764705882352942
0.6082352941176471
0.7323529411764705
0.7776470588235295
0.7152941176470589
0.7547058823529412
0.7852941176470588
0.6952941176470588
0.7994117647058824
0.7264705882352941
0.7194117647058824
0.6752941176470588
0.6147058823529411
0.49352941176470594
0.5235294117647059
0.39647058823529413
0.6335294117647059
0.7605882352941177
0.7864705882352941
0.7588235294117647
0.6564705882352941
0.7358823529411764
0.8776470588235294
0.9858823529411763
1.0311764705882354
1.1023529411764705
1.0276470588235294
0.8364705882352942
0.9223529411764706
1.072941176470588
1.1488235294117648
1.0364705882352943
1.1188235294117648
1.018235294117647
0.9623529411764705
1.0947058823529412
1.2488235294117647
1.1241176470588234
1.1923529411764706
1.1994117647058824
0.9317647058823529
0.9811764705882353
0.918235294117647
0.9958823529411764
1.076470588235294
1.2217647058823529
1.1094117647058823
1.3341176470588234
1.546470588235294
1.408235294117647
1.4429411764705884
1.416470588235294
1.5888235294117647
1.5
1.4111764705882355
1.448235294117647
1.581764705882353
1.8499999999999999
1.653529411764706
1.461764705882353
1.7735294117647058
1.9205882352941175
1.9823529411764707
2.141764705882353
2.3223529411764705
2.0582352941176474
1.9252941176470586
1.7829411764705883
1.5547058823529412
1.7305882352941178
1.5970588235294116
1.6994117647058824
1.6176470588235294
1.8311111111111111
1.786111111111111
1.8405555555555557
2.3433333333333333
2.2305555555555556
2.121111111111111
2.0255555555555556
2.307777777777778
2.323888888888889
2.3255555555555554
1.948888888888889
2.036111111111111
1.9494444444444443
2.1505555555555556
2.1883333333333335
1.9605555555555556
2.213888888888889
2.288333333333333
2.6333333333333333
2.5211111111111113
2.2588888888888885
2.0533333333333332
2.3461111111111115
2.3049999999999997
2.3400000000000003
2.401111111111111
2.410555555555556
2.3316666666666666
2.5283333333333333
2.615
3.013888888888889
2.823888888888889
2.6177777777777775
2.29
2.0233333333333334
1.9749999999999999
2.1483333333333334
2.4544444444444444
2.6122222222222224
2.3644444444444446
2.3966666666666665
2.003888888888889
1.7966666666666669
1.79
1.9161111111111113
2.1305555555555555
2.21
2.1005555555555557
1.9183333333333334
1.8022222222222222
1.8833333333333333
2.09
2.2288888888888887
2.053888888888889
1.8555555555555554
1.836666666666667
2.1994444444444445
2.4916666666666667
2.5655555555555556
2.26
2.3294444444444444
2.466111111111111
2.1816666666666666
2.302777777777778
2.2155555555555555
2.226111111111111
2.0416666666666665
1.8844444444444446
1.8444444444444446
1.8205555555555553
2.0455555555555556
2.082777777777778
1.8177777777777777
1.8616666666666666
1.8405555555555557
1.8561111111111113
2.355
2.04
2.086666666666667
2.078333333333333
2.0105555555555554
1.8983333333333334
2.177222222222222
2.4627777777777777
2.227777777777778
2.346111111111111
2.342777777777778
2.2305555555555556
1.8372222222222223
1.7583333333333333
1.6144444444444443
1.8183333333333331
1.8655555555555554
2.0077777777777777
1.9877777777777779
1.8344444444444445
1.8516666666666666
1.6722222222222223
1.6333333333333333
1.682222222222222
1.5750000000000002
1.59
1.5438888888888889
1.6594444444444443
1.6833333333333333
1.8416666666666666
1.5305555555555554
1.615
1.6305555555555555
1.5666666666666669
1.6127777777777779
1.7133333333333334
1.9066666666666667
1.6827777777777777
1.6877777777777778
1.4755555555555555
1.366111111111111
1.3505555555555555
1.2627777777777778
1.2922222222222222
1.3199999999999998
1.3483333333333334
1.2605555555555557
1.3505555555555555
1.4844444444444445
1.5955555555555554
1.6016666666666666
1.4905555555555554
1.516111111111111
1.406111111111111
1.508888888888889
1.3344444444444443
1.5105555555555557
1.5077777777777779
1.3277777777777777
1.23
1.1188888888888888
1.0583333333333333
1.093888888888889
0.963888888888889
1.0466666666666666
1.085
1.2927777777777778
1.4411111111111112
1.1877777777777778
1.1166666666666667
1.0922222222222222
1.1455555555555557
1.0366666666666666
1.0277777777777777
1.085
0.99
0.8538888888888888
0.7888235294117647
0.8747058823529411
0.8505882352941176
0.7970588235294118
0.9164705882352941
1.0088235294117647
1.0429411764705883
1.052941176470588
0.8952941176470589
1.0023529411764704
0.7447058823529412
0.7988235294117647
0.9247058823529413
0.8947058823529412
0.7629411764705881
0.5294117647058824
0.7170588235294119
0.7870588235294117
0.8435294117647059
0.9317647058823529
0.8111764705882354
0.8376470588235294
0.9258823529411765
0.6929411764705882
0.5682352941176471
0.7382352941176471
0.9505882352941176
0.7664705882352941
0.6905882352941176
0.9635294117647059
0.9058823529411765
0.6323529411764706
0.6411764705882353
0.6341176470588235
0.47705882352941176
0.48411764705882354
0.7423529411764707
0.40176470588235297
0.42176470588235293
0.45411764705882357
0.398235294117647
0.4870588235294118
0.4764705882352941
0.5276470588235295
0.7994117647058824
0.7676470588235293
0.526470588235294
0.4582352941176471
0.6111764705882353
0.4964705882352941
0.4523529411764706
0.3129411764705883
0.3247058823529412
0.3723529411764706
0.26235294117647057
0.3129411764705883
0.5717647058823528
0.4035294117647059
0.3341176470588236
0.27176470588235296
0.3076470588235294
0.2911764705882353
0.39882352941176474
0.2652941176470588
0.3805882352941176
0.3276470588235294
0.2835294117647059
0.25411764705882356
0.4235294117647059
0.5741176470588235
0.6170588235294118
0.45529411764705885
0.4505882352941177
0.5117647058823529
0.5158823529411765
0.35294117647058826
0.4535294117647059
0.4641176470588235
0.6552941176470588
0.5982352941176471
0.5599999999999999
0.49058823529411766
0.5947058823529412
0.5182352941176471
0.30058823529411766
0.39647058823529413
0.4664705882352941
0.361764705882353
0.438235294117647
0.6664705882352941
0.6399999999999999
0.6135294117647059
