temperature
5.296538461538462
4.613846153846154
4.604615384615385
4.303846153846154
4.411538461538462
4.335384615384616
4.861538461538462
4.846923076923077
4.412692307692308
4.641923076923077
5.04576923076923
5.3319230769230765
5.098461538461539
4.855
4.818846153846154
4.482307692307692
4.339230769230769
4.558461538461538
4.718461538461539
3.9903846153846154
3.800769230769231
4.426923076923077
4.068076923076923
3.875
4.148846153846154
4.2519230769230765
4.5576923076923075
4.881153846153846
4.679230769230769
4.001153846153846
4.388076923076923
4.562307692307693
4.552692307692308
4.690384615384615
5.556923076923076
5.5661538461538465
4.746538461538462
4.246538461538462
4.327692307692308
4.161153846153846
4.039230769230769
4.653846153846154
4.526153846153846
4.007692307692308
4.700769230769231
5.441923076923077
5.060384615384615
5.485384615384616
5.068461538461539
5.563846153846153
5.508461538461538
6.029615384615385
5.643076923076923
5.866923076923077
5.480384615384616
5.4192307692307695
5.453461538461538
5.108846153846154
4.892307692307693
4.902692307692307
5.126538461538461
5.087692307692308
4.829615384615385
5.128076923076923
5.631538461538461
6.079615384615384
6.561923076923078
6.8950000000000005
6.908076923076924
6.565769230769231
6.883846153846154
6.191923076923077
7.341923076923077
7.855
7.806923076923076
7.144230769230769
6.757692307692308
6.473076923076923
6.648846153846154
6.853076923076923
6.826923076923077
7.035
7.282307692307692
7.303846153846154
7.371153846153846
7.538846153846153
7.779230769230769
8.152307692307692
8.484615384615385
8.245000000000001
8.07576923076923
8.592307692307692
8.406153846153845
8.079615384615384
8.330384615384615
7.9423076923076925
7.56923076923077
7.71076923076923
8.590769230769231
8.391153846153845
8.110384615384616
8.208076923076923
8.28346153846154
8.646923076923077
8.757307692307693
8.687692307692307
8.860384615384616
8.815
8.964230769230769
9.443461538461538
10.562692307692307
10.51923076923077
10.65576923076923
10.785384615384617
10.154615384615385
9.673846153846155
9.805384615384614
10.18
9.859230769230768
9.982692307692307
10.461538461538462
10.163846153846153
10.294615384615385
10.276153846153846
10.596153846153847
11.106538461538461
11.653076923076924
11.826153846153847
12.196153846153846
12.675384615384615
12.273846153846154
11.516923076923076
11.576923076923077
11.22923076923077
11.766538461538461
12.526923076923076
12.338846153846154
12.168076923076923
12.284230769230769
12.545384615384616
12.65576923076923
12.500384615384615
12.777692307692309
12.94
13.595769230769232
13.419230769230769
13.432307692307692
13.156538461538462
13.316153846153847
13.56
13.39576923076923
14.486153846153845
14.627692307692307
13.87846153846154
13.851153846153846
13.671923076923077
13.78076923076923
13.473461538461539
14.131538461538462
14.598846153846154
14.21653846153846
14.349230769230768
14.406923076923077
14.347307692307693
15.094615384615384
14.86576923076923
15.44076923076923
15.754615384615384
15.69076923076923
15.63923076923077
15.403076923076924
15.090384615384616
14.828076923076924
15.565
15.783846153846154
15.673076923076923
16.10884615384615
15.884615384615385
15.926538461538463
16.13923076923077
15.903076923076924
16.453846153846154
16.41769230769231
16.045
16.282692307692308
16.720769230769232
16.444615384615386
16.214615384615385
16.44
16.548461538461538
16.418846153846154
16.333076923076923
16.03846153846154
16.295
16.64423076923077
17.007692307692306
17.219615384615384
17.251923076923077
17.61653846153846
18.240000000000002
17.188076923076924
17.041153846153847
16.986538461538462
17.545
17.86076923076923
18.06
17.73730769230769
17.62
17.50730769230769
17.39423076923077
16.923461538461538
17.01076923076923
17.683461538461536
17.263846153846153
17.47346153846154
17.303461538461537
17.611538461538462
17.69846153846154
17.47346153846154
17.955
17.64769230769231
17.501923076923077
17.986153846153847
17.498076923076923
17.515384615384615
17.388461538461538
16.872692307692308
16.573461538461537
17.181153846153844
17.144615384615385
16.774615384615384
16.61423076923077
16.84769230769231
16.944615384615386
16.692307692307693
16.401153846153846
17.211923076923078
16.58230769230769
15.868846153846153
15.738846153846152
15.725769230769231
15.492307692307692
15.408846153846154
15.12923076923077
15.847307692307691
15.983846153846153
15.960769230769232
16.145769230769233
15.72653846153846
15.513846153846155
15.703076923076923
15.31576923076923
15.98576923076923
15.748461538461537
14.969615384615384
14.642692307692307
14.304615384615385
14.608076923076924
14.426923076923078
13.991538461538463
14.42
14.416538461538462
14.70346153846154
14.297307692307694
14.028076923076924
13.99423076923077
13.669615384615385
13.532692307692308
13.454615384615384
13.717307692307692
13.71653846153846
13.600000000000001
14.042692307692308
13.498
12.876
12.3672
12.053199999999999
12.386800000000001
12.0352
11.8028
12.325999999999999
12.501600000000002
12.685599999999999
11.676400000000001
11.6872
11.829600000000001
11.166400000000001
11.0092
11.5264
10.6328
11.0324
10.7172
10.7276
10.8076
10.6088
10.915999999999999
10.8752
11.000399999999999
10.648
10.5804
10.1188
10.2028
10.2052
10.375599999999999
9.670399999999999
9.5472
9.134
8.4092
8.6724
8.5772
8.3676
8.3528
8.190800000000001
8.7512
8.912
8.1944
8.280800000000001
7.771599999999999
8.074
7.506923076923077
7.245384615384615
7.377692307692308
6.683461538461539
6.5284615384615385
6.525
6.791923076923077
6.226538461538461
6.5976923076923075
6.399615384615384
6.766538461538461
6.448846153846154
6.631153846153846
6.267692307692308
6.015
5.772692307692308
5.4180769230769235
5.325384615384616
5.140769230769231
5.583846153846154
5.91423076923077
5.568076923076924
5.588461538461539
5.133461538461538
5.162692307692307
5.015384615384615
5.480769230769231
4.874615384615384
5.124615384615385
5.097307692307693
4.6996153846153845
4.684230769230769
4.724615384615385
4.517307692307693
4.783076923076923
5.655384615384615
5.989615384615385
6.821538461538461
6.537692307692307
5.436153846153847
5.177692307692308
4.61
3.962307692307692
4.532692307692307
5.241538461538462
4.910769230769231
