pet
0.466
0.33160000000000006
0.2848
0.47479999999999994
0.5324
0.43439999999999995
0.39440000000000003
0.39640000000000003
0.39759999999999995
0.456
0.4288
0.4
0.4844
0.4836
0.4744
0.39199999999999996
0.316
0.3568
0.4496
0.48560000000000003
0.5452
0.4096
0.45880000000000004
0.446
0.35359999999999997
0.4032
0.2864
0.43479999999999996
0.48160000000000003
0.42
0.45880000000000004
0.5324
0.56
0.5748
0.5924
0.698
0.6316
0.4532
0.44920000000000004
0.48960000000000004
0.36920000000000003
0.4108
0.4464
0.3308
0.36119999999999997
0.4008
0.4532
0.4868
0.47600000000000003
0.49560000000000004
0.5128
0.5344
0.6828
0.6759999999999999
0.5751999999999999
0.6156
0.63
0.7436
0.7164
0.7736
0.7660000000000001
0.7356
0.8212
0.9556
1.0372
1.0808
0.9164
0.9423999999999999
1.0568
1.0532
1.0659999999999998
0.9416
0.8595999999999999
0.8340000000000001
0.8808
0.8952
0.8092
0.7884
0.7632000000000001
0.8835999999999999
0.9503999999999999
0.9412
1.0108
1.0192
1.0548
0.9684
1.0164
1.1323999999999999
1.2816
1.4032
1.2963999999999998
0.9995999999999999
0.9995999999999999
1.3019999999999998
1.2524
1.3428
1.3784
1.3064000000000002
1.39
1.5568
1.5652000000000001
1.4904
1.4536000000000002
1.6787999999999998
1.7896
1.7919999999999998
1.7688
1.8684
1.7008
1.7924
1.8324
1.8088
1.8888
1.9476
1.9072
2.0088
2.0564
1.9387999999999999
1.9096000000000002
1.9284000000000001
2.0656
2.1632
2.2088
2.2319999999999998
2.0208
2.3004
2.3884
2.2
2.248
2.3116
2.448
2.6264
2.4836
2.544
2.6744
2.5364
2.6031999999999997
2.412
2.6308
2.9095999999999997
2.6875999999999998
2.6444
2.9392
2.9412000000000003
2.9139999999999997
2.7368
2.858
2.7584
2.7744
2.8783999999999996
2.9263999999999997
2.6956
2.526
2.5508
2.4964
2.6172000000000004
2.5864
2.5504000000000002
2.5844
2.6260000000000003
2.524
2.4335999999999998
2.2896
2.2576
2.3575999999999997
2.4004
2.5547999999999997
2.5332
2.4672
2.6616000000000004
2.4856
2.5008
2.4408000000000003
2.278
2.3904
2.4063999999999997
2.3812
2.3376
2.454
2.602
2.6060000000000003
2.2032
2.2924
2.5352
2.6675999999999997
2.6875999999999998
2.818
2.8004000000000002
2.6060000000000003
2.5012
2.5512
2.6439999999999997
2.5272
2.568
2.4828
2.1915999999999998
2.1208
2.1136
2.2472
2.5164
2.2748
2.3012
2.3316
2.2496
2.358
2.4144
2.4332
2.4148
2.4019999999999997
2.2936
2.2368
2.1915999999999998
2.2396000000000003
2.2368
2.0736000000000003
2.1184
2.1532
2.1304
2.0244
2.0924
2.0024
2.1312
2.1912000000000003
2.0572
2.0088
2.074
2.0848
1.8707999999999998
1.9335999999999998
2.0016
2.0976
2.0644
1.9516
1.864
1.8136
1.85
1.7579999999999998
1.7484
1.7172
1.9724000000000002
1.7744
1.584
1.6572
1.6556
1.7172
1.662
1.6547999999999998
1.4587999999999999
1.4435999999999998
1.5404
1.4435999999999998
1.4184
1.3248
1.272
1.256
1.1412
1.1640000000000001
1.2328000000000001
1.3532
1.344
1.2048
1.2744
1.3248
1.2304000000000002
1.14
1.2116
1.0488
0.9648
1.0016
1.0504
1.2204000000000002
1.182
1.1672
1.0976000000000001
1.1364
1.2272
1.1132
1.0628
1.0128
0.9740000000000001
1.0996
0.9560000000000001
0.7908
0.8676
0.852
0.9476
0.9079999999999999
0.7979999999999999
0.7975999999999999
0.7772
0.7731999999999999
0.7684000000000001
0.7216
0.6712
0.6628000000000001
0.7976000000000001
0.7692
0.8244
0.7308
0.7256
0.7456
0.7156
0.83
0.652
0.6948000000000001
0.7092
0.6948000000000001
0.6228
0.5648000000000001
0.6428
0.6964
0.5972
0.6859999999999999
0.6268
0.58
0.45840000000000003
0.46159999999999995
0.5207999999999999
0.5632
0.44125
0.5091666666666667
0.48625
0.28250000000000003
0.30583333333333335
0.545
0.5879166666666666
0.53625
0.47875
0.4691666666666667
0.32916666666666666
0.33166666666666667
0.39875
0.44416666666666665
0.47500000000000003
0.5225
0.64625
0.6124999999999999
0.48500000000000004
0.34791666666666665
0.24250000000000002
0.26791666666666664
0.27999999999999997
0.3741666666666667
0.5
0.4708333333333334
0.43583333333333335
0.34708333333333335
0.3629166666666667
0.41958333333333336
0.3308333333333333
0.3104166666666667
0.3125
0.29125
0.3879166666666667
0.38083333333333336
0.3591666666666667
0.43583333333333335
0.49583333333333335
0.5066666666666667
0.4816666666666667
0.47875
0.5120833333333333
0.47666666666666674
0.41250000000000003
0.43375
