temperature
3.3339999999999996
2.858
2.8495999999999997
3.5483999999999996
3.8808
3.2388
2.988
3.142
2.7956
2.7495999999999996
2.4148
2.2695999999999996
3.1528000000000005
3.5188
3.2068
2.904
2.4192
2.6932
3.1284000000000005
3.4108
3.5984
3.1392
3.2260000000000004
3.1319999999999997
2.3931999999999998
2.4588
2.26
2.8087999999999997
2.8564
2.5932
2.6639999999999997
3.1932
3.4115999999999995
3.3996
3.4248000000000003
3.8192000000000004
3.4404000000000003
2.8084000000000002
2.8036000000000003
2.824
2.2556
2.4784
2.4408
1.9912
1.8268
1.952
2.2308000000000003
2.6875999999999998
2.6956
2.7748000000000004
2.8508
2.9572000000000003
3.6108
3.5827999999999998
3.2284
3.2552
3.262
3.93
3.7776
3.7892
3.718
3.612
3.9812
4.647200000000001
4.9764
5.0756
4.5412
4.5451999999999995
4.9816
4.9828
5.0508
4.5607999999999995
4.06
4.0792
4.119199999999999
4.1668
3.9336
3.8851999999999998
3.6703999999999994
4.1396
4.3588
4.4416
4.7172
4.7892
4.9332
4.3908
4.5636
5.1144
5.6284
5.9812
5.4764
4.3712
4.3056
5.4732
5.272
5.6392
5.6975999999999996
5.352799999999999
5.6336
6.0948
6.2164
6.0056
5.7664
6.584
6.9704
6.9628
6.8628
7.2176
6.679600000000001
7.0388
7.146
7.045599999999999
7.2396
7.3675999999999995
7.287999999999999
7.642799999999999
7.812799999999999
7.453200000000001
7.4712
7.5684000000000005
7.6175999999999995
7.840800000000001
7.965599999999999
8.0552
7.4424
8.2412
8.5648
8.120800000000001
8.258
8.466800000000001
8.8712
9.332799999999999
9.0068
9.146799999999999
9.646799999999999
9.4264
9.5732
9.0748
9.7188
10.568399999999999
10.0436
9.9708
10.833599999999999
10.8824
10.86
10.448
10.821200000000001
10.6904
10.7196
11.073599999999999
11.2356
11.4324
11.1944
11.374
11.2776
11.648399999999999
11.677200000000001
11.6228
11.8276
12.0612
11.8156
11.645199999999999
11.298399999999999
11.152000000000001
11.6032
11.8308
12.364
12.384400000000001
12.2588
12.852
12.4768
12.556400000000002
12.4704
12.086400000000001
12.4792
12.628800000000002
12.622
12.590399999999999
12.9844
13.435599999999999
13.5576
12.4648
12.798799999999998
13.540799999999999
13.958800000000002
14.0896
14.510399999999999
14.4848
14.068800000000001
13.8748
14.0304
14.3764
14.152000000000001
14.289200000000001
14.1144
13.3564
13.2256
13.257200000000001
13.587200000000001
14.4252
13.8268
13.941600000000001
14.0524
13.798
14.1768
14.3916
14.478
14.485999999999999
14.476400000000002
14.1928
14.0288
13.8796
14.0804
14.124400000000001
13.716800000000001
13.8356
13.9196
13.9432
13.702
13.875599999999999
13.6532
14.087200000000001
14.2784
13.908
13.7644
13.9768
13.98
13.369200000000001
13.5028
13.842
14.0996
14.036800000000001
13.754000000000001
13.3264
13.1952
13.363199999999999
13.121199999999998
13.0524
12.8452
13.723199999999999
13.0952
12.496400000000001
12.754000000000001
12.616800000000001
12.7332
12.5384
12.4672
11.74
11.681199999999999
12.0552
11.738399999999999
11.6696
11.257200000000001
11.1436
11.017999999999999
10.6208
10.6632
10.9276
11.2904
11.1472
10.8688
11.0548
11.1468
10.616
10.5396
10.675999999999998
10.205599999999999
9.8836
9.85
9.816
10.5576
10.488
10.328800000000001
10.001999999999999
9.9976
10.1668
9.9312
9.786800000000001
9.6764
9.4516
9.8072
9.3472
8.4192
8.6148
8.624400000000001
8.85
8.688
8.2852
8.128
8.0056
8.2268
8.2232
7.650399999999999
7.6332
7.5812
8.0088
7.9568
8.144
7.7388
7.660399999999999
7.3260000000000005
7.422000000000001
7.7676
6.9248
7.0436000000000005
7.1388
6.960800000000001
6.6892
6.3751999999999995
6.65
6.8264
6.354400000000001
6.6188
6.401599999999999
6.086799999999999
5.4376
5.1432
5.4212
5.757999999999999
4.932916666666666
5.337083333333333
5.29875
4.132083333333333
3.8341666666666665
4.567916666666666
4.908333333333334
4.914583333333334
4.692083333333334
4.519583333333333
3.74875
3.6716666666666664
3.8683333333333336
4.008333333333334
4.255833333333333
4.672916666666667
5.291666666666667
5.054583333333333
4.545
4.11625
3.3983333333333334
3.1420833333333333
3.0554166666666664
3.5566666666666666
4.060833333333334
3.9375
4.015
3.535833333333333
3.6058333333333334
4.239166666666667
3.629583333333333
3.1833333333333336
3.4920833333333334
3.3166666666666664
3.3195833333333336
3.456666666666667
3.3833333333333333
3.8858333333333337
4.100416666666667
3.8641666666666663
3.3708333333333336
3.1508333333333334
3.4645833333333336
3.215
3.4316666666666666
3.325833333333333
