pet
0.356
0.316
0.3795
0.2985
0.351
0.4385
0.41500000000000004
0.3165
0.3235
0.4665
0.45999999999999996
0.49850000000000005
0.395
0.36150000000000004
0.48600000000000004
0.4405
0.3165
0.347
0.308
0.2835
0.365
0.42000000000000004
0.45549999999999996
0.6094999999999999
0.5865
0.6475
0.5115000000000001
0.49049999999999994
0.27999999999999997
0.329
0.5115000000000001
0.42299999999999993
0.43
0.487
0.465
0.41150000000000003
0.35550000000000004
0.43949999999999995
0.487
0.46399999999999997
0.35
0.3835
0.4615
0.5355000000000001
0.5429999999999999
0.6295
0.6980000000000001
0.721
0.581
0.6855
0.74
0.7665
0.693
0.8205
0.6785
0.8225
0.6799999999999999
0.7689999999999999
0.714
0.674
0.644
0.5415
0.532
0.641
0.7895
0.8425
0.836
0.778
0.883
0.9084999999999999
0.8554999999999999
1.034
1.061
1.154
1.139
1.1365
1.2414999999999998
1.192
1.1965
1.209
1.209
1.1125
1.1400000000000001
1.393
1.3815
1.4275
1.283
1.286
1.224
1.213
1.09
1.26
1.315
1.3605
1.5095
1.4005
1.2550000000000001
1.5505
1.5755000000000001
1.657
1.5875
1.5675000000000001
1.4905
1.7440000000000002
1.7934999999999999
1.671
1.4535
1.6809999999999998
1.6954999999999998
1.9175
1.9669999999999999
2.068
2.009
1.9149999999999998
1.77
1.7495
1.6065
1.7555
1.6415
1.6484999999999999
1.6985
1.826
1.9285
2.343
2.3375
2.4125
2.0895
2.2445
2.195
2.2800000000000002
2.2855
1.9645
2.0335
2.1205
2.3365
2.202
2.6005
2.4825
2.675
2.527
2.553
2.3235
2.4495
2.5175
2.6025
2.4555
2.493
2.497
2.5975
2.476
2.6835
2.709
2.61
2.3885
2.151
2.0595
2.2145
2.275
2.3489999999999998
2.441
2.381
2.113
1.9920000000000002
1.922
1.9585000000000001
2.1719999999999997
2.3585000000000003
2.3725
2.1535
1.905
2.1445
1.9809999999999999
2.1995
2.374
2.012
1.9865000000000002
2.112
2.3555
2.3835
2.2565
2.3120000000000003
2.3605
2.2155
2.2824999999999998
2.2199999999999998
2.1525
2.2565
2.1414999999999997
2.0955
2.3475
2.2039999999999997
2.33
2.0255
2.0745
2.255
2.441
2.6585
2.7295000000000003
2.382
2.3565
2.179
2.1235
2.223
2.36
2.4355
2.284
2.35
2.157
2.0245
1.985
1.9015
1.9919999999999998
2.011
2.056
2.192
2.0620000000000003
2.184
2.0155000000000003
1.9114999999999998
1.959
1.8524999999999998
1.908
1.8135000000000001
1.884
1.9635000000000002
1.879
1.7105000000000001
1.7739999999999998
1.876
1.7429999999999999
1.782
1.8375
1.9314999999999998
1.765
1.8379999999999999
1.6940000000000002
1.5885
1.2894999999999999
1.5070000000000001
1.3735
1.3245
1.5225
1.5105
1.4515
1.6204999999999998
1.5710000000000002
1.704
1.685
1.6965
1.6305
1.6405
1.488
1.4674999999999998
1.5205
1.6135000000000002
1.4555
1.1949999999999998
1.1655
1.21
1.099
1.1225
1.1244999999999998
1.3445
1.4245
1.294
0.9974999999999999
1.0305
1.1155
1.188
1.0695000000000001
1.175
0.9810000000000001
1.0255
0.8563157894736841
0.863157894736842
0.7731578947368422
0.6710526315789473
0.8084210526315789
0.8589473684210527
0.958421052631579
1.0036842105263157
0.8594736842105263
0.833157894736842
0.7868421052631579
0.8389473684210526
0.961578947368421
0.9589473684210525
0.8178947368421052
0.6447368421052632
0.6968421052631579
0.7142105263157895
0.7410526315789474
0.8142105263157895
0.7173684210526317
0.6478947368421053
0.7873684210526316
0.6573684210526316
0.618421052631579
0.7089473684210525
0.9568421052631578
0.7236842105263158
0.578421052631579
0.7952631578947369
0.8489473684210526
0.5763157894736842
0.5610526315789474
0.52
0.42684210526315786
0.5042105263157894
0.6589473684210526
0.5105263157894737
0.43210526315789477
0.47368421052631576
0.4226315789473684
0.4705263157894737
0.4694736842105263
0.5026315789473684
0.6542105263157895
0.6894736842105263
0.396
0.422
0.588
0.4955
0.43
0.377
0.20800000000000002
0.341
0.2645
0.24
0.4734999999999999
0.5229999999999999
0.3125
0.273
0.2365
0.2765
0.35750000000000004
0.24050000000000002
0.38
0.442
0.2765
0.2395
0.33199999999999996
0.44799999999999995
0.514
0.306
0.3515
0.4265
0.5135
0.389
0.37
0.3485
0.3805
0.44399999999999995
0.34750000000000003
0.4085
0.45549999999999996
0.5255
0.392
0.3665
0.3795
0.325
0.3615
0.507
0.49800000000000005
0.588
