temperature
1.7555
1.1045
1.556
1.0965
1.1085
1.291
1.1255
0.665
1.2125
2.159
1.9929999999999999
2.1105
1.285
1.3995
1.765
1.3599999999999999
1.016
1.093
0.8055
0.9125
1.1765
1.417
1.5525
2.436
2.4545000000000003
2.4085
1.7080000000000002
1.397
0.446
0.6054999999999999
1.3015
0.9305
0.8085000000000001
1.5550000000000002
1.4505000000000001
1.1540000000000001
1.0015
1.008
1.035
0.9715
0.45299999999999996
0.7185
1.314
1.7525
1.8765
2.266
2.5265
2.6145
1.888
2.2685
2.4575
2.5140000000000002
2.1710000000000003
2.6719999999999997
2.2154999999999996
2.84
2.195
2.353
1.941
1.7
1.572
1.4595
1.3735
1.5355
2.4575
2.7785
2.746
2.5365
2.8115
2.8155
2.596
3.286
3.5355000000000003
3.8600000000000003
3.722
3.6700000000000004
3.978
3.875
3.7615000000000003
3.8579999999999997
4.047
3.5995
3.7354999999999996
4.4435
4.4885
4.8085
4.129
4.3075
3.8835
3.8345
3.4415
4.0655
4.218500000000001
4.1905
4.7165
4.493
3.9965
4.9775
5.0435
5.314
5.192
5.1235
4.9585
5.702
5.8655
5.521
4.854
5.5575
5.6579999999999995
6.2795000000000005
6.561
6.885
6.729000000000001
6.3635
5.943
5.917
5.4775
5.9275
5.6
5.712999999999999
5.593999999999999
5.7435
6.275
7.4254999999999995
7.26
7.58
6.705500000000001
7.3175
7.234999999999999
7.4405
7.4155
6.790000000000001
7.102500000000001
7.349500000000001
7.999
7.6739999999999995
8.689
8.389
8.9255
8.681999999999999
8.844
8.345
8.8195
9.065999999999999
9.3445
9.0685
9.2185
9.2795
9.613
9.345
10.048
10.9125
10.98
10.3505
9.728
9.413
10.0365
10.331
10.571000000000002
11.0275
10.971
10.2685
10.0015
9.6955
10.0685
10.769499999999999
11.345
11.5185
10.9695
10.388
11.044500000000001
10.748000000000001
11.440000000000001
11.9655
11.028
10.86
11.3765
11.997499999999999
12.251000000000001
12.0265
12.2625
12.375499999999999
11.934000000000001
12.348
12.1695
12.065
12.339
12.111
12.0355
12.781
12.458
12.815999999999999
11.9825
12.203
12.741
13.246
13.9025
14.132500000000002
13.251500000000002
13.2065
12.7145
12.566500000000001
12.915000000000001
13.3275
13.5455
13.144499999999999
13.401
12.873500000000002
12.5465
12.461
12.2835
12.4585
12.5795
12.889
13.261000000000001
12.8625
13.2315
12.8055
12.489
12.555
12.2915
12.368500000000001
12.144499999999999
12.456
12.692499999999999
12.532
11.992
12.119499999999999
12.532
12.1445
12.2045
12.421000000000001
12.618500000000001
12.0875
12.3625
11.964
11.6885
10.771
11.494499999999999
10.988499999999998
10.855
11.3265
11.298
11.026
11.561
11.35
11.723
11.6575
11.718
11.273
11.507
11.1355
11.0205
11.1955
11.3345
10.918000000000001
10.1575
9.915000000000001
9.973
9.668000000000001
9.656
9.8305
10.526
10.4865
10.233500000000001
9.2355
9.3535
9.4655
9.488
9.195
9.587
8.9405
8.986500000000001
8.303684210526317
8.048421052631578
7.8921052631578945
7.157894736842105
7.973684210526316
8.094736842105263
8.293157894736842
8.327894736842106
7.948947368421052
7.751578947368421
7.632631578947369
7.919999999999999
8.127894736842105
8.00421052631579
7.44
6.776315789473684
6.659473684210527
6.847368421052631
6.8110526315789475
7.053157894736842
6.700526315789474
6.280526315789474
6.9994736842105265
6.245263157894737
6.261578947368421
6.411052631578947
6.95
6.293157894736842
5.52
6.303157894736842
6.564736842105264
5.588421052631579
5.569473684210526
5.076842105263157
4.670526315789473
4.707894736842105
5.406842105263158
4.7973684210526315
4.4263157894736835
4.485263157894737
4.416842105263158
4.606842105263158
4.523684210526316
4.583684210526316
5.172631578947368
5.349473684210526
4.069
3.8975
4.235
3.9395000000000002
3.3289999999999997
3.127
2.561
2.8255
2.6515
2.527
3.447
3.444
2.4805
1.827
1.6364999999999998
2.065
2.2975000000000003
1.7725000000000002
2.2325
2.4095
1.639
1.588
2.2405
2.558
2.605
1.9795000000000003
1.8695
2.2969999999999997
2.691
2.272
1.655
1.2730000000000001
1.7475
1.8634999999999997
1.524
1.377
2.0125
2.6260000000000003
1.6649999999999998
1.4809999999999999
1.5665
1.3599999999999999
1.1019999999999999
1.7880000000000003
2.167
2.4425
