temperature
4.8032
4.462
4.038
4.0736
4.3332
4.492
4.962
4.7032
4.548
5.1
5.2072
5.3236
4.9656
4.534800000000001
5.0644
4.718
4.3084
4.7056000000000004
4.8088
4.1376
3.81
4.038
4.0372
4.2904
4.7412
4.5508
4.7428
5.01
4.6784
4.1168000000000005
4.6032
4.9984
4.8036
4.8584000000000005
5.6804
5.2548
4.303999999999999
4.6412
4.5404
4.0184
4.1848
4.828
5.0668
4.5388
5.1776
5.7564
5.153200000000001
5.5564
5.2724
5.4952
5.936
6.1344
5.81
6.1496
5.484400000000001
5.8364
5.4479999999999995
5.280399999999999
4.7416
4.7124
4.962
4.7016
4.6944
5.0188
5.5872
6.308
6.5016
7.337999999999999
7.004
6.8372
6.33
6.154
7.4096
7.8964
7.5076
7.4704
6.7312
7.056
6.7916
7.2476
6.811599999999999
7.3852
7.4484
7.6251999999999995
7.768400000000001
7.417999999999999
8.1512
8.292
8.670399999999999
8.6604
8.2696
8.4276
8.8344
8.2468
8.61
8.5024
7.5384
8.42
8.590399999999999
8.122
8.3276
8.3464
8.5944
9.126800000000001
9.126
8.8492
9.1688
8.9724
9.1636
9.9976
10.6572
10.980799999999999
10.8688
11.2956
10.524000000000001
9.8112
10.0964
9.804400000000001
9.6424
10.0832
10.2688
10.427999999999999
10.6568
10.655999999999999
11.210799999999999
11.151200000000001
12.2036
12.108799999999999
12.0712
12.4108
11.7476
11.556399999999998
11.7312
11.294400000000001
12.5068
12.0716
11.9752
12.318399999999999
12.9052
12.636
12.78
12.8368
13.128800000000002
13.1276
13.3396
13.1184
13.4968
13.412
13.2924
13.47
14.171600000000002
15.3576
14.9724
14.400799999999998
13.6604
13.984000000000002
13.758
14.148800000000001
14.461199999999998
15.0396
14.585999999999999
14.5304
14.3532
15.0132
15.017999999999999
15.267999999999999
16.1624
16.1072
15.9572
15.988399999999999
15.533199999999999
15.5952
15.4892
16.2228
15.9104
16.0956
16.7848
15.9624
16.0604
16.524
16.2868
16.88
16.8296
16.788800000000002
16.7016
17.0856
16.5788
16.7028
16.8932
16.8488
17.0452
16.572
16.7036
16.18
16.7324
17.013199999999998
17.5712
17.7856
18.282
18.2348
17.2972
16.793599999999998
17.4448
17.708399999999997
17.4696
18.2992
17.8692
17.5464
17.5268
17.112000000000002
16.9616
17.1816
17.744
17.6708
17.7852
17.4024
17.2836
17.6612
17.3704
17.6624
17.5456
16.8324
17.848
17.2912
17.5196
17.2392
16.778
16.5916
16.717200000000002
16.644000000000002
16.4492
16.48
16.6444
17.144000000000002
16.7332
16.1236
16.5596
15.929200000000002
15.9848
15.5024
15.2784
15.191199999999998
15.113076923076923
15.128076923076922
16.13923076923077
15.542692307692308
16.010384615384616
15.957692307692307
15.46653846153846
15.205769230769231
15.435
15.116538461538463
15.538846153846153
15.27346153846154
14.76076923076923
14.571923076923078
14.346153846153847
14.45
13.976923076923075
13.88423076923077
14.261153846153848
14.283846153846154
14.157307692307693
14.125
13.74576923076923
13.651153846153846
13.283076923076923
13.457692307692307
13.223846153846154
13.355384615384615
13.47269230769231
13.43576923076923
13.697307692307692
12.888800000000002
12.173599999999999
11.948
11.7584
12.3728
11.5944
11.748800000000001
12.341600000000001
12.1196
12.316400000000002
11.55
11.633199999999999
11.406399999999998
11.106399999999999
10.954
11.1648
10.5228
10.5604
10.4444
10.1176
10.478
10.023200000000001
10.408399999999999
10.25
10.1828
9.9564
10.002
9.7624
9.404
9.925600000000001
9.7804
9.3636
8.9952
8.5152
8.1488
8.538
8.2112
8.044400000000001
7.7564
7.653200000000001
8.4144
8.1736
7.9188
7.7348
7.4228
8.0348
7.2216
7.26
6.922000000000001
6.5708
6.1792
5.9572
5.7896
5.5572
6.2076
5.8264
6.444
6.225600000000001
6.009600000000001
5.7248
5.5872
5.1584
5.2268
5.1304
5.1936
5.820399999999999
5.7128
5.41
5.3812
5.3344
5.166799999999999
4.7872
5.2324
4.9324
5.194400000000001
5.2876
4.7844
4.4588
4.2063999999999995
3.9619999999999997
4.0716
5.0952
5.5748
6.1036
5.8351999999999995
5.0808
4.9148000000000005
4.614
3.924
4.7596
4.997199999999999
4.9904
