pet
0.49
0.4
0.39961538461538465
0.34730769230769226
0.3707692307692308
0.3703846153846154
0.5196153846153846
0.49961538461538463
0.4565384615384615
0.40884615384615386
0.5
0.4984615384615384
0.4984615384615384
0.41615384615384615
0.4953846153846154
0.4326923076923077
0.37884615384615383
0.505
0.5638461538461539
0.45153846153846156
0.31923076923076926
0.4034615384615385
0.41615384615384615
0.36653846153846154
0.47115384615384615
0.44153846153846155
0.49615384615384617
0.5615384615384615
0.5373076923076924
0.4492307692307692
0.5703846153846154
0.62
0.6265384615384615
0.5611538461538461
0.7207692307692307
0.731923076923077
0.5492307692307692
0.5476923076923077
0.5738461538461539
0.5784615384615385
0.5357692307692308
0.6738461538461539
0.6146153846153846
0.46615384615384614
0.5815384615384616
0.7369230769230769
0.6592307692307693
0.7623076923076924
0.6646153846153846
0.8123076923076924
0.8284615384615385
0.9192307692307692
0.8430769230769232
0.8811538461538462
0.8223076923076923
0.8153846153846154
0.7819230769230769
0.8157692307692308
0.7426923076923077
0.7588461538461538
0.8103846153846154
0.7823076923076923
0.6738461538461539
0.7484615384615385
0.95
1.063076923076923
1.15
1.2207692307692308
1.2446153846153847
1.2076923076923076
1.2
0.9869230769230769
1.32
1.4830769230769232
1.4007692307692308
1.338846153846154
1.276923076923077
1.2119230769230769
1.1988461538461537
1.3026923076923076
1.2046153846153846
1.341923076923077
1.3550000000000002
1.3815384615384616
1.3792307692307693
1.4046153846153848
1.5938461538461537
1.6473076923076921
1.7634615384615384
1.6546153846153848
1.643846153846154
1.790769230769231
1.738846153846154
1.635
1.7876923076923075
1.621923076923077
1.468076923076923
1.6157692307692306
1.8269230769230769
1.7153846153846155
1.6142307692307691
1.691923076923077
1.781923076923077
1.8653846153846154
1.871923076923077
1.8276923076923075
1.8684615384615384
1.8426923076923076
1.863846153846154
1.966923076923077
2.316153846153846
2.3669230769230767
2.375384615384615
2.4534615384615384
2.2196153846153845
2.062692307692308
2.111923076923077
2.1557692307692307
2.0130769230769228
2.1757692307692307
2.2734615384615386
2.303076923076923
2.356153846153846
2.2849999999999997
2.3546153846153848
2.542307692307692
2.6976923076923076
2.6907692307692304
2.7534615384615386
2.8853846153846154
2.7223076923076923
2.5488461538461538
2.573846153846154
2.4296153846153845
2.5807692307692305
2.7688461538461535
2.7
2.6680769230769235
2.7165384615384616
2.741923076923077
2.7169230769230768
2.7115384615384617
2.791153846153846
2.7880769230769227
2.9453846153846155
2.94
2.936153846153846
2.8065384615384614
2.8319230769230765
2.8938461538461535
2.846538461538462
2.9815384615384612
2.9453846153846155
2.7361538461538464
2.623076923076923
2.5688461538461533
2.5746153846153845
2.5265384615384616
2.605384615384615
2.8065384615384614
2.6934615384615386
2.7265384615384614
2.6076923076923078
2.75
2.838461538461538
2.7653846153846158
2.9484615384615385
3.0561538461538458
2.991923076923077
2.9376923076923074
2.8796153846153847
2.8226923076923076
2.7126923076923077
2.8907692307692305
2.8965384615384617
2.936153846153846
3.0949999999999998
2.9719230769230767
2.8865384615384615
3.0096153846153846
2.960769230769231
3.071923076923077
3.0307692307692307
2.8846153846153846
2.944230769230769
3.111923076923077
3.0542307692307693
2.960769230769231
3.0473076923076925
3.053846153846154
2.980769230769231
2.9092307692307693
2.8938461538461535
2.891923076923077
2.9884615384615385
3.0330769230769232
3.1511538461538464
3.1403846153846158
3.2765384615384616
3.4042307692307694
3.0623076923076926
2.981923076923077
2.9557692307692305
3.1465384615384617
3.1515384615384616
3.230769230769231
3.0984615384615384
3.012307692307692
2.9996153846153844
2.8965384615384617
2.7873076923076923
2.831153846153846
2.950384615384615
2.791923076923077
2.8565384615384612
2.761923076923077
2.808076923076923
2.8826923076923077
2.744230769230769
2.9465384615384616
2.727307692307692
2.710384615384615
2.903461538461538
2.641923076923077
2.7253846153846153
2.6103846153846155
2.4511538461538462
2.3234615384615385
2.4815384615384612
2.4984615384615387
2.371153846153846
2.288846153846154
2.338846153846154
2.4257692307692307
2.2815384615384615
2.148076923076923
2.4596153846153843
2.1896153846153847
1.9815384615384615
1.9573076923076924
1.9384615384615385
1.8553846153846154
1.8346153846153848
1.8046153846153847
2.0938461538461537
2.0
2.0757692307692306
2.108846153846154
1.988846153846154
1.873076923076923
1.9996153846153848
1.848076923076923
2.0596153846153844
1.9865384615384616
1.728846153846154
1.6961538461538461
1.628076923076923
1.6400000000000001
1.6411538461538462
1.459230769230769
1.5976923076923077
1.5576923076923077
1.6311538461538464
1.548846153846154
1.4519230769230769
1.4823076923076923
1.4219230769230768
1.3511538461538461
1.3276923076923077
1.3934615384615383
1.4280769230769232
1.4011538461538462
1.4949999999999999
1.4130769230769231
1.281923076923077
1.2061538461538461
1.106153846153846
1.1696153846153847
1.061923076923077
1.0223076923076921
1.1523076923076923
1.1584615384615384
1.2996153846153846
0.995
1.0215384615384615
1.073846153846154
0.9473076923076923
0.9134615384615384
0.9661538461538461
0.8103846153846154
0.9053846153846153
0.856923076923077
0.9061538461538461
0.98
0.8223076923076923
0.9626923076923077
0.9876923076923076
1.0361538461538462
0.8765384615384615
0.9653846153846154
0.9446153846153847
0.898076923076923
0.8934615384615385
0.8880769230769231
0.7542307692307693
0.7584615384615384
0.6630769230769231
0.6223076923076923
0.6492307692307692
0.6292307692307693
0.5626923076923076
0.5426923076923077
0.5549999999999999
0.6246153846153847
0.6080769230769231
0.5338461538461539
0.5573076923076923
0.48730769230769233
0.5888461538461539
0.4676923076923077
0.4776923076923077
0.48846153846153845
0.385
0.39384615384615385
0.4496153846153846
0.39807692307692305
0.34615384615384615
0.4461538461538461
0.4338461538461539
0.45423076923076927
0.4626923076923077
0.5
0.4284615384615385
0.4676923076923077
0.4184615384615385
0.4288461538461539
0.3080769230769231
0.33192307692307693
0.43153846153846154
0.5119230769230769
0.3861538461538462
0.43192307692307697
0.32807692307692304
0.3211538461538461
0.32346153846153847
0.41884615384615387
0.3346153846153846
0.35884615384615387
0.3923076923076923
0.3776923076923077
0.32807692307692304
0.34461538461538466
0.3396153846153846
0.38769230769230767
0.5411538461538462
0.5792307692307692
0.6834615384615385
0.6061538461538462
0.4419230769230769
0.43
0.3869230769230769
0.2834615384615385
0.4411538461538462
0.5615384615384615
0.49653846153846154
