temperature
5.093846153846154
4.466153846153846
4.290384615384616
4.0176923076923075
4.206538461538462
4.054230769230769
4.750384615384616
4.719615384615384
4.282692307692307
4.548076923076923
4.91
5.2215384615384615
5.009230769230769
4.6438461538461535
4.664230769230769
4.293846153846154
4.077307692307692
4.360384615384616
4.397307692307693
3.671923076923077
3.427692307692307
3.9423076923076925
3.7100000000000004
3.598076923076923
4.264615384615384
4.128461538461538
4.473076923076923
4.703461538461538
4.496153846153846
3.8196153846153846
4.301923076923076
4.483846153846153
4.317692307692308
4.424615384615385
5.348461538461539
5.298846153846155
4.400384615384615
4.184615384615385
4.138461538461538
4.173846153846154
3.9057692307692307
4.604230769230769
4.701923076923077
3.8726923076923074
4.568461538461539
5.321153846153846
4.935384615384615
5.4265384615384615
5.031153846153846
5.543461538461538
5.533461538461538
6.130384615384615
5.6596153846153845
5.748461538461539
5.360384615384616
5.302692307692308
5.2711538461538465
5.07923076923077
4.676923076923076
4.681538461538461
4.93076923076923
4.897307692307693
4.493846153846154
4.903846153846154
5.547307692307692
6.0503846153846155
6.617307692307692
6.9057692307692315
6.978076923076923
6.658846153846154
6.757307692307692
5.888461538461538
7.2434615384615375
7.893846153846154
7.549230769230769
7.078461538461538
6.68076923076923
6.588461538461539
6.484615384615385
6.981538461538462
6.670384615384616
7.043846153846153
7.078461538461538
7.136923076923077
7.117307692307692
7.232692307692308
7.846923076923077
8.108461538461539
8.459615384615384
8.08
7.953076923076923
8.430384615384614
8.294230769230769
7.878461538461538
8.418461538461539
7.775
7.161538461538461
7.5976923076923075
8.54076923076923
8.116153846153846
7.66423076923077
7.973846153846154
8.201538461538462
8.493846153846153
8.510384615384616
8.426923076923076
8.648461538461538
8.507692307692308
8.705
9.03076923076923
10.334999999999999
10.524999999999999
10.575769230769232
10.876153846153844
10.029230769230768
9.443076923076923
9.636153846153846
9.831923076923077
9.37076923076923
9.93576923076923
10.15576923076923
10.136153846153848
10.361923076923075
10.211538461538462
10.507307692307693
11.013846153846155
11.626153846153844
11.696923076923078
11.906538461538462
12.365
11.863461538461538
11.381923076923076
11.56423076923077
11.178846153846154
11.667307692307693
12.214230769230769
12.093076923076923
12.173846153846153
12.325
12.44076923076923
12.489615384615385
12.525769230769232
12.826153846153847
12.897307692307692
13.402692307692307
13.368846153846155
13.373076923076923
13.008076923076922
13.192692307692308
13.463461538461539
13.363846153846152
14.541153846153845
14.645769230769229
14.071153846153846
13.788076923076924
13.632692307692308
13.71269230769231
13.628076923076925
13.987692307692308
14.686538461538463
14.349230769230768
14.44923076923077
14.238461538461538
14.703076923076923
15.037307692307694
14.840769230769231
15.458846153846155
15.819615384615386
15.63576923076923
15.47923076923077
15.372307692307693
15.158846153846154
14.935
15.607307692307693
15.67
15.828846153846154
16.290769230769232
15.974230769230768
15.80923076923077
16.20230769230769
16.08076923076923
16.44423076923077
16.338076923076922
15.942307692307692
16.14923076923077
16.66076923076923
16.542307692307695
16.320384615384615
16.607692307692307
16.685
16.470000000000002
16.33346153846154
16.31923076923077
16.36769230769231
16.702692307692306
16.88423076923077
17.274615384615384
17.311923076923076
17.77346153846154
18.20346153846154
17.23076923076923
17.054230769230767
17.03846153846154
17.67076923076923
17.717692307692307
17.98576923076923
17.672307692307694
17.46076923076923
17.474615384615387
17.23730769230769
16.944615384615386
17.145
17.598076923076924
17.212692307692308
17.45730769230769
17.220000000000002
17.38230769230769
17.673846153846153
17.301538461538463
17.944615384615386
17.247692307692308
17.286538461538463
17.988076923076925
17.17923076923077
17.502307692307692
17.191538461538464
16.723846153846154
16.33346153846154
16.904999999999998
16.956923076923076
16.56153846153846
16.353461538461538
16.553846153846152
16.881153846153843
16.461153846153845
15.99
17.02230769230769
16.161923076923078
15.502307692307692
15.485384615384616
15.432692307692308
15.089615384615383
14.971153846153847
14.703846153846154
15.733846153846153
15.443076923076923
15.658076923076923
15.804615384615385
15.389615384615384
14.88576923076923
15.422307692307694
14.860384615384616
15.626153846153848
15.328076923076923
14.466153846153846
14.414615384615386
14.075
14.210384615384616
13.965
13.483461538461539
14.07846153846154
14.011153846153848
14.271538461538462
13.834999999999999
13.541153846153845
13.48
13.235384615384616
13.090769230769231
13.06576923076923
13.225384615384616
13.23576923076923
13.23576923076923
13.71923076923077
13.06
12.235384615384616
12.044230769230769
11.437692307692307
11.996923076923078
11.482692307692307
11.443461538461538
12.03
12.024615384615384
12.408076923076923
11.22
11.37923076923077
11.38923076923077
10.890384615384615
10.855
11.03076923076923
10.092307692307692
10.392307692307693
10.233846153846153
10.341153846153846
10.503461538461538
10.178461538461537
10.561153846153845
10.526153846153846
10.745000000000001
10.269615384615385
10.236153846153845
9.937307692307693
9.774230769230769
9.723846153846154
9.863846153846152
9.108846153846155
9.02
8.635384615384616
8.176538461538462
8.296538461538463
8.317307692307692
8.164615384615384
7.724615384615385
7.653076923076923
8.24846153846154
8.142307692307693
7.577307692307692
7.626153846153846
6.994230769230769
7.396538461538461
6.9484615384615385
6.881923076923077
6.899615384615386
6.187692307692307
6.013076923076923
6.150769230769232
6.091538461538462
5.608461538461539
6.224230769230768
6.130384615384615
6.322307692307692
6.039615384615384
6.135769230769231
5.792692307692308
5.6111538461538455
5.34923076923077
5.044615384615384
5.056538461538461
4.963461538461539
5.255
5.690769230769231
5.292692307692307
5.273846153846154
4.856538461538461
4.885769230769231
4.508076923076922
5.03923076923077
4.6753846153846155
4.865384615384615
4.827692307692308
4.516153846153847
4.335384615384616
4.382692307692308
4.004615384615385
4.322692307692308
5.312692307692307
5.5842307692307696
6.4411538461538465
6.328076923076923
5.101538461538461
4.961538461538462
4.391153846153847
3.7734615384615386
4.396153846153846
5.113461538461539
4.751538461538461
