pet
0.37269230769230766
0.41192307692307695
0.32961538461538464
0.36615384615384616
0.5303846153846153
0.36423076923076925
0.3896153846153846
0.4453846153846154
0.5453846153846154
0.5665384615384615
0.3873076923076923
0.3638461538461539
0.40807692307692306
0.47692307692307695
0.4734615384615385
0.4196153846153846
0.2784615384615385
0.30692307692307697
0.3576923076923077
0.4061538461538462
0.55
0.5253846153846153
0.5384615384615384
0.49115384615384616
0.4876923076923077
0.44461538461538463
0.47961538461538467
0.45269230769230767
0.48423076923076924
0.42500000000000004
0.4953846153846154
0.45769230769230773
0.46846153846153843
0.5561538461538462
0.5653846153846154
0.7126923076923077
0.7430769230769231
0.6246153846153846
0.5523076923076923
0.5311538461538462
0.5115384615384616
0.5342307692307693
0.475
0.39807692307692305
0.36961538461538457
0.40807692307692306
0.4288461538461539
0.5292307692307692
0.5211538461538462
0.5015384615384615
0.5480769230769231
0.5842307692307692
0.6088461538461538
0.7219230769230769
0.6307692307692307
0.6211538461538461
0.658076923076923
0.7715384615384615
0.77
0.7984615384615386
0.9076923076923078
0.8411538461538461
0.7992307692307693
0.9542307692307692
1.0161538461538462
1.0307692307692309
1.0557692307692308
0.9761538461538461
1.175
1.0903846153846155
1.1
1.0465384615384616
1.05
1.0150000000000001
1.1026923076923079
1.2003846153846154
1.2630769230769232
1.0976923076923077
1.1315384615384616
1.146923076923077
1.135
1.3511538461538461
1.3984615384615384
1.3003846153846155
1.283076923076923
1.2496153846153848
1.3026923076923076
1.283076923076923
1.3334615384615385
1.6203846153846155
1.5453846153846154
1.4392307692307693
1.3096153846153844
1.261923076923077
1.4065384615384615
1.4957692307692307
1.5450000000000002
1.3723076923076922
1.5473076923076923
1.8392307692307692
1.7623076923076924
1.8438461538461537
1.6719230769230768
1.7461538461538462
1.9288461538461539
1.984230769230769
1.7773076923076923
1.8738461538461537
1.9834615384615384
1.893076923076923
2.0684615384615386
2.3003846153846155
1.9419230769230766
1.9553846153846153
1.9757692307692307
1.96
1.9665384615384616
1.9996153846153848
2.0534615384615384
2.161923076923077
2.121923076923077
2.293076923076923
2.205
2.2376923076923076
2.328076923076923
2.373076923076923
2.5323076923076924
2.4326923076923075
2.4473076923076924
2.5215384615384617
2.4238461538461538
2.5215384615384617
2.496923076923077
2.5246153846153847
2.686923076923077
2.616923076923077
2.401923076923077
2.4984615384615383
2.6511538461538464
2.795769230769231
2.601153846153846
2.8499999999999996
2.8053846153846154
2.878846153846154
2.787692307692308
2.8453846153846154
2.6907692307692304
2.5923076923076924
2.795769230769231
2.6765384615384615
2.9015384615384616
2.8492307692307692
2.6550000000000002
2.5653846153846156
2.584230769230769
2.710384615384615
2.6500000000000004
2.755769230769231
2.7523076923076926
2.6434615384615388
2.585384615384615
2.5961538461538463
2.560769230769231
2.6938461538461542
2.637307692307692
2.6034615384615383
2.8969230769230765
2.6142307692307694
2.6853846153846153
2.762307692307692
2.803076923076923
2.661153846153846
2.6173076923076923
2.6073076923076925
2.707307692307692
2.7642307692307693
2.898846153846154
2.8196153846153846
2.8034615384615384
2.796923076923077
2.9234615384615386
2.931923076923077
2.826923076923077
2.9007692307692308
3.151153846153846
3.037692307692308
3.046923076923077
3.145
3.227307692307692
3.0234615384615386
2.963461538461538
3.0546153846153845
2.9511538461538462
3.087307692307692
3.083846153846154
2.9149999999999996
2.7842307692307693
2.7526923076923078
2.811153846153846
2.980769230769231
2.9415384615384617
2.8611538461538464
2.9015384615384616
2.858461538461538
2.738076923076923
2.920384615384615
2.9538461538461536
2.9696153846153845
2.9596153846153848
3.0561538461538458
3.193076923076923
2.9242307692307694
2.83
2.941923076923077
2.928076923076923
2.7746153846153847
2.7399999999999998
2.7234615384615384
2.646153846153846
2.768076923076923
2.7430769230769227
2.6653846153846152
2.6853846153846153
2.618076923076923
2.6842307692307696
2.838461538461538
2.7973076923076925
2.641923076923077
2.516538461538462
2.5696153846153846
2.728846153846154
2.6992307692307693
2.669230769230769
2.4153846153846157
2.2326923076923078
2.2438461538461536
2.3276923076923075
2.268076923076923
2.123076923076923
2.2557692307692307
2.2673076923076922
2.154230769230769
2.0311538461538463
2.11
2.060769230769231
1.968076923076923
2.058461538461539
1.9853846153846153
1.8611538461538462
2.036153846153846
2.0446153846153847
2.0053846153846155
1.7984615384615383
1.7653846153846153
1.6903846153846156
1.5226923076923076
1.561923076923077
1.5865384615384615
1.676923076923077
1.6292307692307693
1.645
1.4873076923076924
1.5050000000000001
1.5711538461538461
1.4884615384615385
1.5784615384615384
1.4003846153846156
1.3626923076923076
1.4288461538461539
1.3315384615384613
1.3603846153846153
1.43
1.3434615384615385
1.2919230769230767
1.3392307692307692
1.28
1.258076923076923
1.1646153846153846
1.1726923076923077
1.036923076923077
1.2073076923076924
1.2884615384615385
1.213076923076923
1.176153846153846
1.2015384615384614
0.9869230769230769
0.8842307692307693
0.9180769230769231
0.7846153846153846
0.8773076923076923
0.8961538461538462
0.8919230769230769
0.7926923076923077
0.7038461538461539
0.7569230769230769
0.818076923076923
0.8284615384615385
0.8673076923076923
0.7757692307692309
0.785
0.6946153846153845
0.74
0.8534615384615385
0.8150000000000001
0.8334615384615384
0.845
0.7142307692307692
0.6653846153846155
0.5796153846153846
0.5269230769230769
0.7457692307692307
0.713076923076923
0.6746153846153846
0.7211538461538461
0.5665384615384615
0.4773076923076923
0.49
0.47269230769230763
0.4973076923076923
0.42076923076923073
0.4846153846153846
0.5384615384615384
0.3734615384615384
0.34884615384615386
0.41846153846153844
0.48384615384615387
0.5753846153846154
0.4869230769230769
0.5019230769230769
0.44576923076923075
0.3861538461538462
0.3330769230769231
0.3007692307692308
0.42500000000000004
0.4792307692307692
0.5992307692307692
0.5196153846153846
0.4765384615384616
0.38461538461538464
0.35884615384615387
0.35615384615384615
0.34500000000000003
0.2846153846153846
0.34346153846153843
0.3576923076923077
0.4019230769230769
0.3384615384615385
0.3853846153846154
0.37692307692307686
0.3630769230769231
0.41346153846153844
0.3638461538461538
0.40499999999999997
0.4623076923076923
0.4761538461538462
0.46499999999999997
0.4653846153846154
0.4673076923076923
0.4580769230769231
0.4823076923076923
0.5384615384615384
0.5846153846153845
0.4453846153846154
0.3411538461538462
0.3523076923076923
