temperature
4.953461538461538
4.500384615384616
4.524615384615385
4.3488461538461545
4.282692307692307
4.211153846153846
4.9157692307692304
4.619230769230769
4.5442307692307695
4.531538461538461
5.034230769230769
5.356153846153846
4.93076923076923
4.67576923076923
4.607692307692307
4.320384615384615
4.120384615384615
4.4726923076923075
4.7226923076923075
4.068461538461539
3.6165384615384615
4.089230769230769
4.059230769230769
3.858846153846154
4.121538461538462
4.268076923076923
4.599615384615385
4.742692307692308
4.779615384615385
4.039615384615384
4.416153846153846
4.423076923076923
4.628076923076923
4.782692307692307
5.431538461538461
5.387307692307692
4.759230769230769
4.101923076923077
4.397692307692308
4.341538461538462
4.033076923076923
4.648461538461539
4.679615384615385
4.428846153846154
4.778076923076923
5.643076923076923
5.042692307692308
5.333846153846154
4.887307692307692
5.479615384615385
5.670384615384616
6.057307692307693
5.788076923076924
5.931923076923076
5.684615384615385
5.708461538461539
5.514615384615384
5.281923076923078
5.038846153846153
4.877307692307692
5.077692307692308
5.091153846153846
4.91
5.357307692307692
5.557307692307693
6.320384615384615
6.637307692307692
7.098461538461539
6.748076923076923
6.635769230769231
6.9715384615384615
6.468076923076922
7.475384615384616
7.803461538461538
7.917692307692308
7.225384615384616
6.929615384615384
6.829999999999999
6.673076923076923
6.891923076923077
6.628076923076923
6.966538461538462
6.975
7.432307692307693
7.115769230769231
7.206153846153845
7.613461538461539
8.233846153846155
8.857307692307693
8.65576923076923
8.19153846153846
8.74846153846154
8.371153846153847
8.566923076923077
8.772692307692308
8.092692307692307
7.820384615384615
7.7361538461538455
8.35576923076923
8.324615384615385
8.020384615384616
8.338461538461539
8.548846153846155
8.81423076923077
8.453846153846154
8.489230769230769
8.888076923076923
8.829615384615384
8.85
9.242692307692307
10.002692307692307
10.570384615384615
10.713846153846154
11.258461538461537
10.641923076923076
9.694615384615386
10.090384615384616
10.477307692307694
9.771538461538462
10.090769230769231
10.74
10.672692307692309
10.622692307692308
10.399999999999999
11.139999999999999
11.42923076923077
11.621538461538462
12.20923076923077
12.809615384615386
12.599615384615387
12.095
11.852307692307694
11.861153846153845
11.350384615384616
11.891923076923076
12.824615384615385
12.611153846153845
12.699615384615385
13.163461538461538
13.218076923076923
12.979615384615386
13.035384615384617
13.345
13.319230769230769
13.518846153846154
13.913461538461538
13.51346153846154
13.497692307692308
13.358461538461539
13.486153846153845
13.273846153846154
14.603461538461538
14.81576923076923
14.102307692307694
13.80076923076923
13.983846153846153
13.922307692307694
14.138076923076921
14.31
14.971923076923076
14.313461538461537
14.518846153846154
14.798846153846153
15.263846153846155
15.345384615384615
15.426923076923078
15.900769230769232
16.323846153846155
16.020384615384614
15.956153846153846
15.821538461538463
15.538461538461538
15.353461538461538
16.071923076923078
16.112692307692306
15.772692307692306
15.766923076923076
16.30423076923077
16.12
16.365384615384617
16.126923076923077
16.64730769230769
16.82846153846154
16.51153846153846
17.264615384615386
17.36230769230769
16.682692307692307
16.625
16.75423076923077
16.814230769230768
17.432307692307692
16.88153846153846
16.35884615384615
16.463076923076922
16.82846153846154
17.230384615384615
17.873846153846156
17.75653846153846
18.08
18.567692307692308
18.05423076923077
17.63923076923077
17.216923076923077
18.16423076923077
18.66730769230769
18.26423076923077
18.359615384615385
18.113846153846154
17.974615384615383
18.090769230769233
17.725
17.593076923076925
18.096923076923076
18.036153846153844
18.220000000000002
17.706153846153846
18.12423076923077
18.831153846153846
18.242307692307694
18.21423076923077
17.696153846153848
17.747307692307693
18.428461538461537
17.726923076923075
18.263846153846153
18.283846153846152
17.74576923076923
17.174615384615382
17.92192307692308
17.80653846153846
17.654230769230768
17.546153846153846
17.654615384615383
17.957692307692305
17.413846153846155
16.865000000000002
17.48
16.982692307692307
16.39
16.417307692307695
16.59846153846154
15.944615384615386
15.892307692307693
15.669615384615385
16.36769230769231
16.145769230769233
16.24923076923077
16.75846153846154
16.189230769230768
15.966153846153846
15.818076923076923
15.908076923076923
16.15
16.315384615384616
15.460769230769232
15.026153846153846
14.92
15.017692307692307
14.770384615384614
14.126538461538463
15.007692307692308
14.919615384615385
14.978461538461538
14.762692307692307
14.893076923076924
14.391153846153847
13.746923076923078
13.990384615384615
13.487692307692308
13.973461538461539
14.175
13.863461538461538
14.128461538461538
13.727692307692308
12.97269230769231
12.896538461538462
12.379615384615384
12.709999999999999
11.734230769230768
11.901538461538461
12.38076923076923
12.628076923076922
12.568461538461538
12.121923076923078
11.883846153846154
12.243846153846153
11.739230769230769
11.64423076923077
11.708461538461538
10.778076923076924
11.035384615384617
10.850384615384616
10.996923076923078
11.276153846153846
10.916153846153845
11.196538461538463
11.266153846153847
11.185
10.941153846153847
10.55153846153846
10.319615384615386
10.121538461538462
10.107307692307693
9.945384615384615
9.740384615384615
9.746538461538462
9.353461538461538
8.743076923076924
8.693076923076923
8.561923076923078
8.432307692307692
8.417307692307691
8.013076923076923
8.453076923076923
8.38423076923077
8.021538461538462
7.720769230769231
7.743846153846154
7.8161538461538465
7.374230769230769
7.239230769230769
7.092692307692308
6.487692307692308
6.345769230769231
6.59076923076923
6.516538461538461
5.955
6.158076923076924
6.295
6.285769230769231
6.485769230769231
6.345384615384615
6.200000000000001
6.111538461538462
5.725384615384616
5.556923076923078
5.031538461538461
5.044615384615384
5.758846153846154
5.649230769230769
5.255
5.373461538461539
4.917307692307692
5.122692307692308
5.0503846153846155
5.429230769230769
5.05076923076923
5.020769230769231
5.433076923076923
4.806153846153847
4.400384615384615
4.295
4.492692307692308
4.480384615384615
5.148076923076923
5.345769230769231
6.346153846153846
6.452692307692308
5.147692307692308
5.180384615384615
4.740769230769231
3.7719230769230765
4.226923076923077
5.002692307692308
4.8149999999999995
