temperature
2.2484615384615383
2.1599999999999997
1.9430769230769231
2.526923076923077
3.1434615384615388
2.3053846153846154
2.5288461538461537
3.0273076923076925
2.9846153846153842
2.836153846153846
2.0803846153846153
1.6534615384615385
1.9615384615384615
2.572307692307692
2.481923076923077
2.023846153846154
1.4961538461538462
1.7665384615384616
2.0300000000000002
2.4626923076923077
2.838461538461538
2.5688461538461542
2.518076923076923
2.483461538461538
2.061923076923077
1.7426923076923075
1.584230769230769
1.919230769230769
2.033846153846154
1.4546153846153846
1.7176923076923079
2.0126923076923076
2.578076923076923
2.705
2.5803846153846157
3.096538461538462
2.881153846153846
2.6092307692307695
2.103076923076923
1.936923076923077
1.53
1.6757692307692307
1.623076923076923
1.1084615384615384
0.86
0.841923076923077
1.1115384615384616
1.835
1.4453846153846153
1.348076923076923
1.386923076923077
1.9619230769230769
2.2646153846153845
2.3923076923076922
2.5103846153846154
2.074615384615385
2.3846153846153846
2.8815384615384616
2.615769230769231
2.939230769230769
3.2326923076923078
3.043461538461538
3.280384615384615
3.916923076923077
4.0188461538461535
4.118846153846154
4.077692307692308
3.8411538461538464
4.524615384615385
4.161153846153846
4.224615384615385
3.994230769230769
3.44
3.378846153846154
3.584230769230769
3.835769230769231
4.025384615384615
3.741153846153846
3.6726923076923077
3.6696153846153843
3.8446153846153845
4.495
4.352307692307692
4.293461538461538
4.282307692307692
4.088076923076923
4.099615384615385
4.615769230769231
4.817692307692308
5.291923076923077
5.201538461538462
4.429230769230769
4.189615384615385
4.3573076923076925
4.723076923076923
4.851153846153846
4.645769230769231
4.170384615384616
5.0042307692307695
5.636923076923077
6.1619230769230775
5.903076923076923
5.238846153846154
5.976538461538461
6.813846153846153
6.897307692307692
6.265384615384615
6.859230769230769
6.556153846153847
6.489615384615385
7.254615384615385
7.554615384615384
6.641923076923077
6.515769230769231
6.5976923076923075
6.893461538461538
6.762307692307692
6.863846153846154
7.224615384615385
7.213846153846154
6.693461538461539
7.146538461538461
7.685384615384615
7.835769230769231
7.952307692307692
8.647307692307693
8.998846153846154
8.448076923076924
8.107692307692307
8.525
8.513846153846153
8.768846153846154
8.688461538461539
8.968076923076923
9.106153846153846
8.728076923076923
9.109615384615385
8.695384615384615
9.625
9.974230769230768
9.687692307692307
10.270384615384614
10.062307692307693
10.474230769230768
10.396153846153847
10.444230769230769
9.955384615384615
10.139999999999999
10.261923076923077
10.125384615384615
10.754615384615384
11.358846153846153
10.919615384615385
11.026153846153846
11.158846153846154
11.597307692307691
11.378846153846155
11.217692307692307
11.753846153846155
11.305
11.454615384615384
11.48076923076923
11.38423076923077
11.376538461538463
11.349615384615383
11.778461538461539
12.438846153846155
12.30153846153846
12.417307692307693
12.758461538461539
12.460769230769232
12.294615384615385
12.406153846153845
12.334615384615384
12.501153846153844
12.931923076923077
13.179615384615385
12.903076923076924
13.018076923076924
13.264615384615384
13.770000000000001
13.37076923076923
13.495000000000001
13.96653846153846
14.32076923076923
14.215384615384616
14.347307692307693
14.764999999999999
14.549230769230771
14.482692307692307
14.268461538461539
14.83423076923077
14.352307692307692
14.995384615384616
14.741538461538461
14.423076923076923
14.123846153846156
13.856923076923076
13.992307692307692
14.748076923076923
14.36076923076923
14.317307692307692
14.348461538461539
14.441923076923077
14.333461538461538
14.741923076923078
14.843846153846155
15.378461538461538
14.900384615384617
15.298846153846153
15.56423076923077
14.354615384615386
14.501538461538463
14.920769230769231
14.700384615384614
14.362307692307693
14.482692307692307
14.235384615384616
13.538461538461538
13.926923076923078
13.702307692307691
13.943846153846154
14.508461538461539
14.161923076923076
14.590384615384616
14.816923076923077
14.618846153846153
14.09423076923077
13.950769230769232
14.28076923076923
14.701923076923077
14.806923076923077
14.583461538461538
13.825
13.608846153846153
13.685384615384615
13.541923076923077
13.233461538461539
13.253846153846155
13.541923076923078
13.556153846153846
12.97653846153846
13.181923076923077
12.861923076923079
12.96923076923077
12.578846153846154
12.421923076923077
11.882692307692308
11.945384615384615
12.703846153846154
12.316538461538462
12.641153846153847
11.580384615384615
11.373461538461537
11.413076923076924
11.207692307692307
11.068076923076923
10.808076923076923
11.965769230769231
11.653076923076924
11.100769230769231
11.126923076923077
11.233461538461539
11.081538461538461
10.700384615384614
11.14846153846154
10.326923076923077
10.221538461538461
10.220384615384615
10.053461538461537
10.607307692307693
10.487692307692308
10.609230769230768
10.154230769230768
10.429615384615385
9.901923076923076
9.686153846153847
9.75153846153846
9.712692307692308
9.254615384615384
9.701923076923077
9.825
8.876153846153846
8.952307692307691
9.155
8.133076923076924
8.012307692307692
8.056153846153846
7.538846153846153
7.551153846153846
8.026923076923076
7.977307692307692
6.983076923076923
7.131538461538461
7.534230769230769
7.869615384615385
7.881153846153846
7.761923076923077
7.4180769230769235
7.295384615384616
6.924230769230769
6.974615384615385
7.6692307692307695
7.336538461538462
7.048846153846155
7.086538461538462
6.602307692307692
6.348846153846154
5.746538461538462
5.595384615384615
6.546538461538462
6.260769230769231
5.906153846153846
6.2784615384615385
5.743846153846154
5.005384615384615
4.765
4.647307692307693
4.811538461538461
4.183461538461538
4.3149999999999995
4.632692307692308
4.012692307692308
3.7465384615384614
3.9857692307692307
4.583076923076923
4.663076923076924
4.42
4.788076923076924
3.851923076923077
3.5323076923076924
3.1003846153846153
2.9180769230769235
3.25
3.87
4.296538461538462
4.289230769230769
4.264230769230769
3.6903846153846156
3.0653846153846156
2.7946153846153843
2.858076923076923
2.8350000000000004
3.141923076923077
3.040769230769231
3.1926923076923073
3.148076923076923
3.2788461538461537
3.761923076923077
3.177692307692308
2.990769230769231
3.045769230769231
3.1926923076923077
3.292692307692308
3.064230769230769
2.7265384615384614
2.9165384615384613
3.121923076923077
3.0826923076923074
3.0380769230769227
2.9846153846153842
3.2703846153846152
2.636153846153846
2.1107692307692307
2.314230769230769
