temperature
3.957307692307692
4.025384615384615
3.9707692307692306
4.650384615384615
5.0588461538461535
4.083846153846154
3.8703846153846153
4.325769230769231
4.8319230769230765
4.680769230769231
3.73
3.230384615384615
3.648076923076923
4.458846153846154
4.273846153846154
4.022307692307693
3.282692307692308
3.604230769230769
4.073076923076924
4.269615384615385
4.901538461538461
5.04
4.866538461538462
4.263846153846154
4.2542307692307695
3.906538461538461
4.087307692307692
4.352692307692307
4.016153846153847
3.2023076923076923
3.6734615384615386
3.949230769230769
4.051153846153846
4.446538461538461
4.478076923076923
5.180000000000001
5.346923076923077
4.443076923076923
4.316538461538462
3.763076923076923
3.618846153846154
3.858846153846154
3.6403846153846158
2.8261538461538462
2.458076923076923
2.990769230769231
3.292307692307692
3.850769230769231
3.4596153846153848
3.4434615384615386
3.655384615384615
3.9857692307692307
4.346923076923077
4.780769230769231
4.2857692307692306
4.007692307692308
4.229615384615385
4.875
5.389230769230769
5.4096153846153845
5.660769230769231
5.251153846153846
5.148076923076923
5.656923076923078
6.174615384615384
6.082307692307692
5.921153846153846
5.621923076923077
6.489230769230769
6.281923076923078
6.235
6.138461538461538
6.196153846153846
6.258076923076923
6.2469230769230775
6.336923076923076
6.931538461538461
6.063461538461539
6.096923076923076
6.332692307692308
6.365384615384615
7.046923076923077
7.087692307692308
7.067692307692307
6.808461538461539
6.457307692307693
6.510384615384615
6.546923076923077
6.657307692307692
7.648076923076923
7.379615384615385
6.982307692307692
6.418846153846153
6.258461538461538
6.703461538461538
7.048461538461538
7.423076923076923
6.6838461538461535
7.313076923076922
8.242692307692307
7.720384615384615
8.078076923076923
7.773076923076923
7.932307692307693
8.45076923076923
8.861923076923077
7.956538461538462
8.27
8.493076923076924
8.045
8.934615384615386
9.544230769230769
8.8
8.828461538461537
8.802692307692308
8.967692307692307
9.273076923076923
9.3
9.385
9.891538461538461
9.532692307692308
10.001923076923077
9.83
9.711923076923076
9.985384615384616
9.780384615384616
10.465384615384616
10.388
10.5384
10.894400000000001
10.5932
10.7796
10.8784
10.8696
11.5384
11.527999999999999
10.8508
11.2696
11.785599999999999
12.1128
11.6352
12.3324
12.4052
12.7884
12.751600000000002
12.886400000000002
12.514800000000001
12.0704
12.828399999999998
12.536
13.0848
13.523599999999998
13.1356
12.989600000000001
13.038799999999998
13.6028
13.5648
13.760399999999999
14.004000000000001
13.8172
13.7772
13.668800000000001
13.5552
14.086000000000002
14.2196
14.208
15.1032
14.2872
14.454
14.6552
14.932
14.728800000000001
14.585999999999999
14.6524
15.05
15.1284
15.9628
15.7268
15.7644
15.593599999999999
15.9384
15.8068
15.427200000000001
15.936
16.912
16.5668
16.6892
16.678
17.0304
16.5592
16.5236
16.6596
16.8792
17.3272
17.153599999999997
16.576
16.3868
16.322
16.6016
17.0172
17.043599999999998
16.7728
16.911199999999997
16.5912
16.3316
17.1112
17.106
17.2524
17.2148
17.4948
17.8308
17.172
16.8044
17.2392
17.2792
17.014
16.664
16.602
16.4652
17.1072
16.9752
16.5824
16.668
16.482
16.7436
17.284000000000002
17.2608
16.7972
16.3288
16.256800000000002
16.964000000000002
17.0096
17.0472
16.1976
15.386400000000002
15.6392
15.8384
15.776800000000001
15.189200000000001
15.496400000000001
15.714
15.4372
15.0768
15.28
14.9144
14.524000000000001
14.6496
14.4028
14.0624
14.723199999999999
14.8476
14.7072
13.984000000000002
14.015999999999998
13.6568
13.242
13.3068
13.5592
13.621199999999998
13.646399999999998
13.8672
13.206
13.138800000000002
13.131200000000002
13.0124
13.248
12.9192
12.5948
12.9448
12.5204
12.591600000000001
12.798399999999999
12.357999999999999
11.875599999999999
11.933599999999998
12.031199999999998
11.7952
11.4876
11.6712
11.178799999999999
11.9252
12.199200000000001
11.406400000000001
10.8836
11.4944
10.5856
10.501199999999999
10.47
9.586
9.7788
9.8912
10.1288
10.0764
9.1948
9.228
9.5248
9.6724
10.219199999999999
9.8484
9.4192
8.8564
9.0188
9.196800000000001
9.2432
9.164
9.06
8.370800000000001
7.9888
7.4563999999999995
7.854
8.976
8.526
8.2408
8.4848
7.617999999999999
7.0192
6.7336
6.373200000000001
6.639600000000001
6.192
6.4155999999999995
6.4452
5.9376
5.5952
5.627999999999999
5.8776
6.16
6.084
5.876
5.1
4.5116000000000005
4.396
4.5408
5.372000000000001
5.829199999999999
6.478
5.9428
6.0264
5.4075999999999995
5.1168000000000005
5.444400000000001
4.73
4.23
4.3048
4.1688
4.5896
4.8988
4.869230769230769
5.208076923076923
5.328846153846154
5.2069230769230765
4.861923076923077
5.374615384615385
5.5942307692307685
5.54576923076923
4.935384615384615
5.17076923076923
5.0369230769230775
5.07923076923077
5.370384615384615
5.057307692307693
5.1123076923076916
4.330384615384616
3.799615384615385
3.9284615384615384
