temperature
5.675000000000001
5.253846153846154
4.951153846153845
4.857692307692307
4.973461538461539
5.02576923076923
5.357692307692308
5.064615384615385
4.960384615384616
5.458461538461538
5.973846153846154
6.32923076923077
5.80576923076923
5.896923076923077
6.202307692307692
5.776153846153846
5.508461538461538
5.6450000000000005
5.613076923076923
4.947307692307692
5.076538461538462
4.931153846153847
4.931153846153847
5.072692307692308
5.172307692307692
4.9799999999999995
5.376153846153846
5.3623076923076916
5.323846153846153
4.968076923076922
5.148076923076923
5.2057692307692305
5.223846153846154
5.2542307692307695
5.913076923076924
5.906923076923077
5.382307692307692
5.269615384615384
5.083461538461539
4.860769230769231
4.9692307692307685
5.4653846153846155
5.791923076923077
5.318846153846153
5.625769230769231
6.174230769230769
5.854615384615385
6.1450000000000005
5.894230769230769
6.343076923076923
6.368846153846154
6.593846153846154
6.348076923076923
6.097307692307693
5.848846153846154
5.991538461538462
5.741923076923077
5.4399999999999995
5.266538461538461
5.269230769230769
5.546538461538462
5.2930769230769235
5.074999999999999
5.345769230769231
6.08
6.680000000000001
7.241538461538462
7.403846153846154
7.3149999999999995
7.1219230769230775
6.686153846153847
6.561923076923078
7.4726923076923075
8.035769230769231
7.5673076923076925
7.454615384615384
6.641538461538461
7.111923076923077
7.138461538461538
7.433461538461539
7.360384615384616
7.497692307692308
7.578846153846154
7.9653846153846155
7.966153846153846
7.912307692307692
8.223076923076924
8.01923076923077
8.22923076923077
8.317307692307692
8.311538461538461
8.331923076923077
8.216923076923077
8.162307692307692
8.531923076923077
8.423461538461538
7.57423076923077
8.155384615384616
8.531923076923077
8.221538461538461
8.278461538461539
8.620384615384616
8.674615384615384
8.94
8.833461538461538
8.848076923076924
9.048846153846155
8.705
8.842692307692307
9.698076923076924
10.631538461538462
10.339230769230769
10.669230769230769
10.909615384615384
10.223076923076924
9.555769230769231
9.893076923076924
9.848076923076924
9.213461538461539
9.641538461538461
10.067307692307692
10.422307692307694
10.773846153846154
10.411923076923076
10.789230769230768
10.685
11.459999999999999
11.625
11.697692307692307
12.18576923076923
11.63923076923077
11.43
11.23576923076923
11.313461538461537
12.060384615384615
11.748461538461537
11.761153846153848
11.778461538461539
11.962307692307691
11.960384615384614
12.498461538461537
12.39423076923077
12.417307692307693
12.553076923076922
12.788461538461538
13.085769230769232
12.887692307692307
12.96923076923077
13.27346153846154
13.528076923076924
13.482692307692307
14.800384615384615
14.09423076923077
14.076538461538462
13.600000000000001
13.80423076923077
13.75576923076923
13.584999999999999
13.816923076923077
14.32846153846154
14.5
14.17923076923077
14.089230769230769
14.323461538461537
14.423461538461538
14.426153846153845
15.233846153846153
15.42
15.381153846153847
15.169615384615385
14.885384615384615
14.715769230769231
14.811538461538463
15.045
15.131923076923076
15.566538461538462
15.589615384615383
15.538846153846153
15.580384615384615
15.696153846153846
15.802307692307693
15.673076923076923
15.660769230769231
15.861153846153845
15.547307692307694
15.608846153846153
15.862307692307693
16.014615384615386
16.17653846153846
16.55576923076923
16.415
16.230384615384615
16.214615384615385
15.893076923076924
16.525384615384617
16.475384615384616
16.676153846153845
16.87192307692308
17.321153846153848
17.550384615384615
16.73423076923077
16.55076923076923
16.703846153846154
16.891538461538463
16.963461538461537
17.45076923076923
17.084230769230768
16.611538461538462
16.66653846153846
16.51153846153846
16.272692307692306
16.39769230769231
16.926923076923078
17.0
17.044615384615383
16.575769230769232
16.801153846153845
16.729230769230767
16.445384615384615
17.10653846153846
16.72153846153846
16.851153846153846
17.061153846153847
16.873076923076923
17.16076923076923
16.68307692307692
16.388846153846153
16.284230769230767
16.260384615384616
16.02346153846154
16.19846153846154
16.303076923076922
16.488076923076925
16.595769230769232
16.357692307692307
15.798076923076923
16.318846153846156
15.910384615384617
15.557692307692308
15.455
15.181923076923077
15.326153846153847
14.881538461538462
14.978076923076923
15.64423076923077
15.518846153846154
15.671153846153846
15.618846153846153
15.433076923076923
15.29076923076923
15.223846153846154
15.093076923076923
15.511923076923077
15.11923076923077
14.677307692307693
14.347307692307691
14.083076923076923
14.415000000000001
13.93576923076923
13.960384615384616
13.987307692307693
14.31576923076923
14.272692307692306
14.161538461538461
14.08
13.675
13.153461538461539
13.253461538461538
13.263846153846155
13.295384615384616
13.294615384615385
13.681538461538462
13.967307692307692
12.948076923076922
12.579615384615384
12.486923076923079
12.026153846153846
12.507307692307693
11.906538461538462
11.952307692307691
12.643076923076924
12.27730769230769
12.413461538461538
11.650769230769232
11.710384615384616
11.727307692307692
11.205769230769231
11.66576923076923
11.134615384615385
10.74423076923077
10.965384615384616
10.616153846153846
10.668076923076923
10.790000000000001
10.598461538461539
10.881153846153847
10.863076923076923
11.000384615384615
10.944615384615386
10.542307692307693
10.579615384615384
10.332692307692307
10.53076923076923
10.288461538461538
9.820769230769232
9.55
9.246538461538462
9.197307692307692
9.285384615384617
8.998076923076923
8.701538461538462
8.804230769230768
8.716153846153846
9.210384615384616
8.887692307692308
8.427692307692308
8.051923076923076
8.043846153846154
8.45076923076923
7.915
8.278461538461539
7.810384615384615
7.62
7.3173076923076925
7.130769230769231
6.788076923076924
6.704615384615384
7.122307692307692
6.946538461538462
7.013076923076923
6.890769230769231
6.810769230769231
6.78923076923077
6.4326923076923075
5.867692307692308
5.843461538461539
5.907307692307692
5.9423076923076925
6.360384615384616
6.575384615384616
6.14
6.089615384615384
6.333461538461539
6.41423076923077
6.023076923076923
6.325769230769231
5.986923076923077
6.121153846153846
5.954999999999999
5.7215384615384615
5.567692307692307
5.541538461538462
5.180384615384615
5.635
6.270769230769231
6.420384615384616
7.0307692307692315
6.518461538461538
5.799615384615384
5.87
5.284230769230769
4.820769230769231
5.8549999999999995
5.8888461538461545
5.7192307692307685
