pet
0.41615384615384615
0.4369230769230769
0.375
0.38
0.5476923076923077
0.40076923076923077
0.3930769230769231
0.43230769230769234
0.5546153846153846
0.5711538461538461
0.39269230769230773
0.37884615384615383
0.4
0.5046153846153846
0.49961538461538463
0.43192307692307697
0.2619230769230769
0.30153846153846153
0.37730769230769234
0.4
0.5842307692307692
0.566923076923077
0.5503846153846154
0.49615384615384617
0.5384615384615384
0.4765384615384616
0.5407692307692308
0.4957692307692308
0.5211538461538461
0.43038461538461537
0.5084615384615385
0.5026923076923077
0.4776923076923077
0.5873076923076923
0.5903846153846154
0.7534615384615384
0.8007692307692308
0.6742307692307693
0.5776923076923077
0.5257692307692308
0.5296153846153846
0.5365384615384615
0.5046153846153847
0.3942307692307692
0.38961538461538464
0.41500000000000004
0.40884615384615386
0.5430769230769231
0.5315384615384615
0.5023076923076923
0.591923076923077
0.6003846153846154
0.5838461538461538
0.7261538461538461
0.6649999999999999
0.6303846153846154
0.6426923076923077
0.7176923076923077
0.791923076923077
0.7934615384615384
0.9334615384615385
0.8153846153846154
0.7769230769230769
0.8638461538461539
0.9726923076923076
0.97
0.9765384615384616
0.9311538461538462
1.153076923076923
1.0784615384615384
1.0857692307692308
0.9973076923076923
1.0138461538461538
1.0123076923076924
1.1176923076923075
1.2049999999999998
1.2684615384615385
1.083846153846154
1.105
1.1188461538461538
1.1115384615384616
1.3034615384615384
1.3665384615384615
1.276923076923077
1.268846153846154
1.1961538461538461
1.3030769230769232
1.2838461538461539
1.3265384615384617
1.5711538461538461
1.5353846153846153
1.4507692307692308
1.3057692307692308
1.2465384615384616
1.3515384615384616
1.436923076923077
1.5499999999999998
1.3503846153846153
1.4661538461538461
1.7850000000000001
1.6388461538461538
1.7884615384615385
1.6342307692307694
1.6523076923076923
1.8776923076923078
1.9353846153846155
1.7753846153846153
1.7442307692307693
1.8788461538461538
1.8253846153846154
2.0057692307692307
2.2376923076923076
1.9153846153846152
1.8488461538461538
1.8765384615384615
1.8815384615384616
1.8865384615384615
1.8919230769230768
1.94
2.0773076923076923
2.0265384615384616
2.2373076923076924
2.099615384615385
2.124615384615385
2.2442307692307693
2.2746153846153847
2.4069230769230767
2.338076923076923
2.4215384615384616
2.4323076923076923
2.381923076923077
2.465384615384615
2.3915384615384614
2.3438461538461537
2.5676923076923077
2.526923076923077
2.338076923076923
2.468461538461539
2.5938461538461537
2.6799999999999997
2.4473076923076924
2.668846153846154
2.612692307692308
2.7873076923076923
2.668846153846154
2.7323076923076925
2.6257692307692304
2.4326923076923075
2.7150000000000003
2.6392307692307693
2.765
2.7219230769230767
2.5334615384615384
2.4738461538461536
2.5
2.5338461538461536
2.538846153846154
2.6103846153846155
2.588461538461538
2.5576923076923075
2.463846153846154
2.426923076923077
2.3734615384615383
2.5949999999999998
2.5353846153846153
2.4484615384615385
2.6723076923076925
2.4065384615384615
2.5623076923076926
2.6346153846153846
2.585384615384615
2.536538461538462
2.488076923076923
2.5246153846153847
2.5923076923076924
2.545769230769231
2.7838461538461536
2.6926923076923077
2.6576923076923076
2.612692307692307
2.7961538461538464
2.7857692307692306
2.68
2.7199999999999998
2.9992307692307696
2.8888461538461536
2.912692307692308
2.977307692307692
3.0976923076923075
2.8938461538461535
2.801153846153846
2.8846153846153846
2.8742307692307696
2.9742307692307692
2.960769230769231
2.770769230769231
2.6726923076923077
2.618846153846154
2.6146153846153846
2.769615384615385
2.821923076923077
2.7576923076923077
2.748076923076923
2.696153846153846
2.5973076923076923
2.7476923076923074
2.751153846153846
2.822307692307692
2.7973076923076925
2.927692307692308
2.964230769230769
2.786153846153846
2.644230769230769
2.7423076923076923
2.79
2.713461538461538
2.535769230769231
2.583076923076923
2.488076923076923
2.668461538461538
2.5923076923076924
2.4861538461538464
2.546538461538461
2.4753846153846153
2.539615384615385
2.6753846153846155
2.6303846153846155
2.4976923076923074
2.391153846153846
2.396153846153846
2.582307692307692
2.546923076923077
2.581153846153846
2.286538461538462
2.0919230769230768
2.1034615384615383
2.191923076923077
2.158846153846154
2.0330769230769232
2.1126923076923076
2.085384615384615
2.003076923076923
1.9076923076923078
2.021153846153846
1.9438461538461538
1.8661538461538463
1.8746153846153848
1.8292307692307692
1.7538461538461538
1.876923076923077
1.941923076923077
1.908076923076923
1.665769230769231
1.6111538461538462
1.5384615384615385
1.4207692307692308
1.4884615384615385
1.5565384615384614
1.5657692307692308
1.5438461538461539
1.5750000000000002
1.3846153846153846
1.3988461538461539
1.4692307692307693
1.4023076923076923
1.4461538461538461
1.3496153846153847
1.3053846153846154
1.4073076923076924
1.2699999999999998
1.3115384615384615
1.4138461538461538
1.2603846153846152
1.2238461538461538
1.264230769230769
1.2273076923076922
1.1738461538461538
1.1061538461538463
1.0942307692307691
0.9600000000000001
1.1700000000000002
1.2730769230769232
1.2196153846153845
1.1607692307692308
1.191153846153846
0.9473076923076924
0.8857692307692309
0.8773076923076923
0.7480769230769231
0.8834615384615384
0.8726923076923078
0.8746153846153847
0.8265384615384617
0.7165384615384615
0.7242307692307691
0.7769230769230769
0.7773076923076924
0.8657692307692307
0.7749999999999999
0.8073076923076923
0.6776923076923077
0.7623076923076924
0.8357692307692308
0.791923076923077
0.8169230769230769
0.8692307692307693
0.7015384615384614
0.6611538461538462
0.5726923076923077
0.5288461538461539
0.7665384615384615
0.7692307692307693
0.6846153846153846
0.7357692307692307
0.573076923076923
0.47269230769230774
0.5165384615384615
0.485
0.4880769230769231
0.4338461538461538
0.5219230769230769
0.5534615384615384
0.3707692307692308
0.3676923076923077
0.4634615384615385
0.5
0.5711538461538461
0.47692307692307695
0.5046153846153847
0.43115384615384617
0.3915384615384615
0.3230769230769231
0.3007692307692308
0.45423076923076927
0.5030769230769231
0.6276923076923077
0.5257692307692308
0.4765384615384616
0.3992307692307693
0.365
0.40115384615384614
0.37307692307692303
0.31
0.35884615384615387
0.3469230769230769
0.41000000000000003
0.3576923076923077
0.3992307692307693
0.3892307692307692
0.3780769230769231
0.41615384615384615
0.3946153846153846
0.4357692307692308
0.5007692307692307
0.5088461538461538
0.4807692307692308
0.5015384615384615
0.48384615384615387
0.47269230769230763
0.5080769230769231
0.5623076923076923
0.6003846153846154
0.45769230769230773
0.3638461538461539
0.39
