temperature
3.7196153846153845
3.5938461538461537
3.5484615384615386
3.912692307692308
4.479615384615385
4.006538461538462
3.790769230769231
4.167307692307692
4.730769230769231
4.511923076923077
3.412692307692308
2.9707692307692306
3.2588461538461533
4.172307692307692
4.0042307692307695
3.6076923076923078
2.7884615384615383
3.168846153846154
3.4626923076923077
3.745
4.6196153846153845
4.460384615384616
4.385384615384615
3.9396153846153843
3.928076923076923
3.5742307692307693
3.8230769230769233
3.8611538461538464
3.572307692307692
2.6923076923076925
3.331153846153846
3.477307692307692
3.598076923076923
4.060384615384615
3.9723076923076923
4.770769230769231
4.779615384615385
4.150769230769231
3.8284615384615384
3.123076923076923
3.1784615384615384
3.2899999999999996
3.1938461538461533
2.4034615384615385
2.1753846153846155
2.4050000000000002
2.6296153846153847
3.21
2.964230769230769
2.753076923076923
3.1423076923076922
3.390384615384615
3.5707692307692307
4.243076923076923
3.825
3.6180769230769227
3.730384615384615
4.2480769230769235
4.601923076923077
4.643461538461539
5.082692307692308
4.450769230769231
4.283461538461538
4.827307692307692
5.247307692307692
5.268846153846154
5.354615384615385
5.128461538461538
6.041923076923077
5.793461538461538
5.750384615384615
5.359230769230769
5.476538461538462
5.416923076923077
5.72
5.878846153846154
6.451153846153845
5.646923076923077
5.6984615384615385
5.819999999999999
5.671153846153846
6.468461538461539
6.688076923076922
6.3173076923076925
6.168461538461538
5.639230769230769
6.070384615384616
6.093846153846154
6.240769230769231
7.283461538461538
6.971153846153846
6.568846153846153
6.0211538461538465
5.571923076923077
6.066538461538461
6.529230769230769
6.9253846153846155
6.117692307692308
6.515
7.605384615384616
7.17
7.719615384615385
7.1911538461538465
7.287692307692307
8.158846153846154
8.396923076923077
7.8161538461538465
7.636538461538462
8.146153846153847
7.921153846153846
8.686538461538461
9.54076923076923
8.430769230769231
8.157307692307693
8.133076923076924
8.317692307692308
8.280384615384616
8.526923076923078
8.643846153846154
9.237307692307692
8.759615384615385
9.248076923076923
8.905384615384616
8.998076923076923
9.624615384615385
9.765
10.206923076923077
10.021153846153847
10.207692307692307
10.332307692307692
10.30153846153846
10.591923076923077
10.425384615384615
10.381538461538462
11.173076923076923
11.043076923076923
10.463461538461539
10.832692307692307
11.292307692307693
11.595
11.060384615384615
11.735384615384616
11.747692307692308
12.276538461538461
11.907307692307691
12.146538461538462
11.850000000000001
11.347307692307691
12.377307692307692
12.118461538461538
12.701923076923077
13.195
12.856538461538461
12.64423076923077
12.782692307692308
13.025384615384617
13.112307692307693
13.357692307692307
13.415000000000001
13.325384615384614
13.195
13.061923076923078
13.005384615384616
13.703846153846154
13.508461538461537
13.472307692307691
14.227307692307694
13.516153846153847
14.056538461538462
14.343846153846155
14.275769230769232
14.119615384615384
14.006923076923076
14.178846153846154
14.497307692307693
14.481923076923078
15.300384615384615
15.078076923076923
15.078076923076923
14.946538461538463
15.613846153846152
15.600384615384616
15.286923076923076
15.481923076923078
16.421153846153846
16.130384615384614
16.32923076923077
16.49153846153846
16.936923076923076
16.361153846153847
16.123846153846152
16.515384615384615
16.536923076923078
16.915
16.927307692307693
16.424230769230768
16.098076923076924
15.914230769230768
15.923846153846153
16.47346153846154
16.684615384615384
16.55
16.556923076923077
16.393846153846155
16.198076923076922
16.649615384615384
16.702692307692306
17.00846153846154
16.96153846153846
17.399615384615384
17.473076923076924
16.951923076923077
16.450769230769232
16.785384615384615
17.04423076923077
16.818076923076923
16.284615384615385
16.400384615384617
16.153076923076924
16.706923076923076
16.532692307692308
16.232307692307693
16.411538461538463
16.229615384615386
16.488846153846154
16.97
16.83076923076923
16.397692307692306
16.072692307692307
16.126923076923077
16.795384615384616
16.712307692307693
16.899615384615384
15.891538461538461
15.162307692307694
15.208461538461538
15.586923076923076
15.531538461538462
15.02730769230769
15.376153846153844
15.316153846153847
15.049615384615382
14.651538461538461
14.945
14.654230769230768
14.377307692307692
14.393076923076924
14.129999999999999
13.80153846153846
14.415384615384616
14.56423076923077
14.526923076923076
13.732692307692307
13.543846153846154
13.271538461538462
12.903076923076924
12.986153846153845
13.224230769230768
13.325
13.303461538461537
13.491923076923078
12.782307692307693
12.869615384615384
13.041538461538462
12.765384615384615
12.993076923076924
12.581923076923077
12.385
12.715769230769231
12.182307692307692
12.368076923076924
12.804615384615385
12.186923076923078
11.823076923076922
11.850384615384616
11.689615384615385
11.420384615384616
11.163846153846153
11.155000000000001
10.58
11.398076923076925
11.813076923076922
11.435384615384615
11.127692307692307
11.371538461538462
10.214230769230769
10.026153846153846
9.926153846153845
9.273076923076923
9.767307692307693
9.748846153846154
9.706153846153846
9.421923076923077
8.803076923076922
8.87653846153846
9.16
9.282307692307693
9.67423076923077
9.326923076923077
9.035
8.499615384615385
8.75576923076923
9.018076923076922
8.915384615384616
8.838076923076922
8.795769230769231
8.074615384615385
7.686923076923078
7.022307692307693
7.114230769230769
8.256923076923076
8.164615384615384
7.707692307692308
8.055769230769231
7.428076923076923
6.712692307692308
6.466153846153846
6.166923076923077
6.357307692307692
6.113461538461538
6.344615384615385
6.371538461538462
5.649615384615386
5.463461538461539
5.521538461538461
5.7930769230769235
6.011153846153846
5.822307692307692
5.8950000000000005
5.083846153846154
4.595
4.378461538461538
4.235384615384616
5.091538461538462
5.348461538461539
6.009615384615385
5.470384615384615
5.679230769230769
5.161538461538461
4.687692307692307
4.9265384615384615
4.319230769230769
4.093076923076923
4.308076923076923
4.023461538461539
4.517307692307693
4.596153846153846
4.483461538461539
4.9788461538461535
4.84
4.817692307692307
4.697692307692308
4.960384615384616
5.059230769230769
5.05076923076923
4.59
4.714615384615384
4.558076923076923
4.633846153846154
4.911538461538462
4.681538461538461
4.680769230769231
4.027692307692307
3.362692307692307
3.4630769230769234
