temperature
4.0273076923076925
4.157307692307692
4.0357692307692306
4.466923076923077
4.938846153846153
4.540384615384616
4.260384615384615
4.716923076923077
5.131153846153846
4.960384615384616
3.886153846153846
3.581153846153846
3.8888461538461536
4.76
4.693846153846153
4.195384615384615
3.3892307692307693
3.769615384615385
4.223461538461539
4.364615384615385
5.18076923076923
5.113846153846154
5.018076923076923
4.388076923076923
4.426153846153846
4.251153846153846
4.395
4.515
4.174230769230769
3.278461538461538
3.8530769230769235
3.954230769230769
4.16
4.698076923076924
4.664615384615384
5.206153846153847
5.12
4.568846153846153
4.363846153846153
3.710384615384615
3.7176923076923076
3.7446153846153845
3.8061538461538458
3.0100000000000002
2.7507692307692304
2.96
3.1484615384615386
3.8165384615384617
3.4888461538461537
3.4811538461538465
3.776923076923077
3.9484615384615385
4.055000000000001
4.664230769230769
4.426153846153846
4.1838461538461535
4.266153846153847
4.577307692307692
4.931923076923076
5.173461538461538
5.448076923076924
4.886923076923077
4.773846153846154
5.163461538461538
5.635769230769231
5.645769230769231
5.579615384615384
5.484230769230769
6.42
6.214230769230769
6.239615384615385
5.861153846153846
5.864230769230769
6.069615384615385
6.278846153846154
6.2626923076923084
6.882307692307692
6.166538461538462
6.105769230769231
6.383846153846154
6.2057692307692305
6.964615384615384
7.129615384615385
6.938846153846153
6.995
6.233461538461539
6.68076923076923
6.686923076923078
6.968461538461539
7.862692307692308
7.610769230769231
6.944615384615385
6.556923076923076
6.285
6.621538461538462
7.210384615384616
7.607307692307692
6.745
7.133076923076923
8.128461538461538
7.66
8.26576923076923
7.9023076923076925
7.883846153846154
8.746153846153847
8.827692307692308
8.259615384615385
8.008846153846154
8.587692307692308
8.593846153846155
9.222692307692308
9.92653846153846
9.186538461538461
8.886153846153846
8.692692307692308
8.909230769230769
8.92423076923077
9.029615384615385
9.445769230769232
9.978076923076923
9.428076923076922
9.895
9.601923076923077
9.856538461538461
10.362307692307693
10.25576923076923
10.731153846153846
10.535769230769231
10.967307692307692
10.966923076923077
11.004615384615384
11.272692307692306
11.117307692307692
11.063461538461537
11.908076923076923
11.776923076923076
11.158846153846154
11.582692307692307
12.024999999999999
12.269615384615385
11.66230769230769
12.334999999999999
12.380384615384616
12.827307692307691
12.849615384615383
12.954615384615384
12.325
11.966153846153846
12.918461538461539
12.695
13.173076923076923
13.565384615384614
13.222307692307691
13.17576923076923
12.956923076923077
13.280000000000001
13.65846153846154
13.510384615384615
13.717307692307692
13.830384615384615
13.688076923076922
13.436153846153845
13.375
14.131923076923076
13.997307692307693
13.923076923076923
14.510384615384615
13.905384615384616
14.253846153846155
14.593076923076923
14.573846153846155
14.69923076923077
14.52730769230769
14.491923076923078
14.973076923076924
14.911923076923076
15.606923076923076
15.46653846153846
15.599615384615383
15.531923076923077
16.02
15.548846153846153
15.411923076923076
15.912307692307694
16.465384615384615
16.268076923076922
16.39076923076923
16.50346153846154
16.92153846153846
16.529999999999998
16.37576923076923
16.61692307692308
16.693846153846156
16.867307692307694
16.701538461538462
16.306923076923077
16.208076923076923
15.975769230769231
16.01846153846154
16.431923076923077
16.78
16.736153846153847
16.678846153846152
16.39923076923077
16.28576923076923
16.945
16.723076923076924
16.988076923076925
16.97269230769231
17.379615384615384
17.486153846153847
17.353461538461538
16.763461538461538
17.174230769230768
17.47269230769231
17.226153846153846
16.645
16.790769230769232
16.397692307692306
17.18423076923077
17.07076923076923
16.641538461538463
16.58153846153846
16.488846153846154
16.816538461538464
17.22730769230769
17.084615384615383
16.52730769230769
16.32076923076923
16.54269230769231
16.983076923076922
17.00730769230769
17.317692307692308
16.333076923076923
15.788076923076924
15.641923076923076
15.769615384615385
16.056923076923077
15.183076923076923
15.731923076923076
15.747307692307693
15.410769230769231
15.248461538461537
15.494615384615384
15.250384615384615
14.970384615384615
14.919615384615385
14.648846153846154
14.50346153846154
14.844999999999999
15.066923076923077
15.028461538461539
14.288846153846153
14.191153846153847
13.852692307692308
13.521538461538462
13.543076923076923
13.816923076923077
13.73923076923077
13.978846153846153
14.116538461538461
13.558846153846153
13.556153846153846
13.63076923076923
13.40230769230769
13.45
13.385
12.947692307692307
13.40230769230769
12.76923076923077
13.071538461538463
13.390384615384615
12.850769230769231
12.622692307692308
12.660769230769231
12.466923076923077
12.338461538461539
11.878461538461538
11.933461538461538
11.435
12.106153846153846
12.603461538461538
12.225769230769231
11.937307692307693
12.006153846153847
11.046923076923076
10.870000000000001
10.792692307692308
10.208076923076923
10.524615384615384
10.658076923076923
10.532692307692308
10.359230769230768
9.736153846153845
9.67576923076923
9.94576923076923
10.18423076923077
10.404615384615385
10.055769230769231
9.711538461538462
9.364230769230769
9.606923076923078
9.752307692307692
9.596538461538461
9.49846153846154
9.46
8.670769230769231
8.37923076923077
7.6388461538461545
7.915384615384615
9.092692307692307
8.853461538461538
8.43423076923077
8.76
8.218846153846155
7.520769230769231
7.099615384615385
6.773846153846154
7.084615384615384
6.848461538461539
7.093461538461539
6.937307692307693
6.214615384615385
6.133846153846154
6.223076923076923
6.311923076923078
6.657692307692307
6.468461538461539
6.432307692307693
5.677692307692308
5.224615384615385
4.978461538461539
5.128461538461538
5.886538461538462
5.9569230769230765
6.586923076923076
6.211153846153847
6.451153846153845
6.0746153846153845
5.663076923076924
5.876153846153846
5.276923076923077
4.875
5.019230769230769
4.891153846153847
5.38
5.469615384615385
5.249230769230769
5.80576923076923
5.569999999999999
5.525384615384615
5.398461538461539
5.578846153846154
5.828461538461538
5.841538461538462
5.403846153846154
5.598461538461539
5.218076923076922
5.380769230769231
5.7092307692307696
5.383461538461538
5.36
4.75076923076923
4.208461538461538
4.206538461538462
