temperature
4.373846153846154
4.04576923076923
3.6896153846153847
3.683846153846154
4.0019230769230765
4.025769230769231
4.505
4.310384615384615
4.188076923076923
4.650769230769231
4.921538461538462
5.195384615384616
4.770384615384615
4.188461538461539
4.526538461538461
4.278076923076923
4.051153846153846
4.499615384615384
4.551153846153846
3.921538461538461
3.4699999999999998
3.751153846153846
3.8573076923076925
3.987692307692308
4.530384615384616
4.304615384615385
4.471923076923077
4.708846153846154
4.362307692307692
3.8796153846153847
4.311923076923077
4.670384615384616
4.3149999999999995
4.433076923076923
5.3950000000000005
5.059230769230769
4.211923076923077
4.250384615384616
4.278846153846154
3.9976923076923074
3.9630769230769234
4.704615384615385
4.779615384615385
4.131923076923077
4.66
5.541538461538462
5.011538461538462
5.390384615384615
4.861153846153846
5.178461538461538
5.788846153846153
5.820384615384616
5.589615384615385
5.927692307692308
5.343076923076922
5.6984615384615385
5.281153846153846
5.126538461538461
4.571923076923077
4.656923076923077
4.831538461538462
4.599230769230769
4.560384615384615
4.763461538461538
5.289615384615384
6.171923076923077
6.173846153846155
7.043846153846153
6.7299999999999995
6.737307692307693
6.359230769230769
6.071153846153846
7.249230769230769
7.756923076923077
7.315769230769231
7.239230769230769
6.662692307692307
6.613076923076923
6.426923076923076
6.852307692307692
6.7226923076923075
7.056538461538461
7.171538461538462
7.434615384615385
7.459615384615384
7.095384615384615
7.799230769230769
8.016923076923076
8.366538461538461
8.393846153846154
8.118461538461538
8.208846153846155
8.323846153846153
7.9799999999999995
8.328076923076923
8.198846153846155
7.121153846153846
8.113846153846154
8.363846153846154
7.944999999999999
7.798846153846155
7.940384615384616
8.317692307692308
8.907692307692308
8.703076923076923
8.498846153846154
8.807692307692308
8.646153846153847
8.552307692307691
9.312307692307693
10.055
10.595769230769232
10.608846153846153
10.807692307692308
10.137307692307692
9.518076923076922
10.002692307692307
9.516153846153845
9.178846153846154
9.835
10.211923076923076
10.350384615384616
10.50923076923077
10.350769230769231
10.879615384615384
10.73423076923077
11.695384615384615
11.69576923076923
11.829615384615384
12.051923076923078
11.487692307692308
11.205384615384615
11.312307692307693
11.005384615384616
12.204615384615384
11.909230769230769
11.836153846153847
12.157692307692308
12.776923076923076
12.518846153846154
12.43923076923077
12.522307692307692
12.863076923076923
12.711923076923076
12.966153846153846
12.982692307692307
13.209999999999999
12.993076923076924
13.05423076923077
13.254615384615384
13.783076923076923
14.803846153846154
14.616153846153846
13.900384615384617
13.269615384615385
13.733076923076924
13.528461538461539
13.825384615384614
14.06076923076923
14.726153846153846
14.324615384615385
14.34
14.206153846153846
14.87923076923077
14.585384615384616
14.818076923076923
15.642307692307693
15.760384615384615
15.635769230769231
15.39423076923077
15.147692307692308
15.137307692307692
15.219615384615384
15.752692307692307
15.507307692307693
15.515769230769232
15.970769230769232
15.526538461538461
15.530384615384616
16.032307692307693
15.876153846153844
16.37
16.445384615384615
16.20730769230769
16.302692307692308
16.719615384615384
16.523846153846154
16.48384615384615
16.501153846153848
16.490384615384617
16.658461538461538
16.245384615384616
16.37807692307692
16.046153846153846
16.408076923076923
16.771923076923077
17.335384615384616
17.395384615384614
17.913846153846155
18.033076923076923
17.145
16.424230769230768
17.205769230769228
17.468846153846155
17.231923076923074
17.882692307692306
17.521923076923077
17.302692307692308
17.336153846153845
17.029999999999998
16.801153846153845
16.948461538461537
17.48153846153846
17.379615384615384
17.493076923076924
17.15730769230769
17.24692307692308
17.704615384615384
17.38769230769231
17.613076923076925
17.48923076923077
16.921153846153846
17.901923076923076
17.144615384615385
17.286923076923078
17.127307692307692
16.804615384615385
16.589615384615385
16.814615384615387
16.678846153846152
16.66653846153846
16.565384615384616
16.565384615384616
17.049230769230768
16.717307692307692
15.963461538461539
16.368076923076924
15.732307692307693
15.612692307692308
15.402692307692307
15.209615384615384
15.034230769230769
14.911153846153846
15.044615384615385
16.061923076923076
15.445769230769232
15.830769230769231
15.830384615384617
15.44846153846154
15.131923076923076
15.241923076923078
15.174230769230768
15.469999999999999
15.198076923076922
14.712307692307691
14.428846153846154
14.338076923076924
14.327307692307691
13.89576923076923
13.761538461538462
14.098076923076924
14.199615384615385
14.098846153846154
13.901538461538461
13.82846153846154
13.631153846153847
13.091923076923077
13.302692307692308
13.123076923076923
13.445
13.555384615384614
13.330384615384615
13.612692307692308
12.590384615384616
12.016538461538461
11.931153846153846
11.561153846153845
12.112307692307693
11.318076923076923
11.579615384615384
12.201923076923077
11.802307692307693
12.169230769230769
11.354615384615386
11.451153846153847
11.330384615384615
10.988076923076923
10.812692307692307
10.894615384615385
10.207692307692307
10.366923076923078
10.286538461538461
10.046923076923077
10.427692307692308
10.036538461538461
10.322692307692307
10.355384615384615
10.351923076923075
9.763461538461538
9.934615384615386
9.762307692307692
9.313076923076922
9.673846153846153
9.554230769230768
9.236538461538462
9.057692307692308
8.662692307692307
8.26
8.341153846153846
8.133846153846154
7.996153846153846
7.528846153846154
7.491923076923077
8.128846153846153
7.895769230769231
7.736538461538462
7.46076923076923
7.166538461538461
7.864615384615385
7.064230769230769
7.053461538461539
6.588461538461539
6.133461538461538
5.812692307692307
5.576538461538462
5.5649999999999995
5.286153846153846
5.868461538461539
5.619230769230769
6.138846153846154
5.938846153846153
5.624615384615385
5.508076923076923
5.503461538461538
4.919615384615384
5.1450000000000005
4.952692307692308
4.917692307692308
5.444999999999999
5.314615384615385
5.0
5.081538461538462
4.8403846153846155
4.8088461538461535
4.448076923076924
4.906923076923077
4.638846153846154
4.79
4.9788461538461535
4.646153846153846
4.099230769230769
3.9653846153846155
3.928076923076923
3.8819230769230773
4.641923076923077
5.161153846153846
5.721923076923077
5.537307692307692
4.710769230769231
4.538076923076923
4.198846153846154
3.621153846153846
4.2215384615384615
4.675
4.594230769230769
