temperature
2.039615384615385
2.0265384615384616
1.7188461538461537
1.5715384615384616
1.8584615384615384
2.121923076923077
2.0711538461538463
1.5465384615384616
1.9246153846153846
2.6196153846153845
2.703076923076923
2.8265384615384614
2.42
2.480769230769231
2.7146153846153847
2.059230769230769
2.051153846153846
2.3153846153846156
1.783076923076923
1.408076923076923
1.93
1.9530769230769232
2.198846153846154
2.501923076923077
2.608076923076923
2.811153846153846
2.3365384615384617
2.1169230769230767
1.4569230769230768
1.6180769230769232
2.272307692307692
2.3426923076923076
2.246153846153846
2.5300000000000002
2.4242307692307694
2.0126923076923076
1.9257692307692307
1.8153846153846152
2.0115384615384615
1.6311538461538464
1.6411538461538462
2.3073076923076923
2.8007692307692307
2.456538461538462
3.0573076923076923
3.456153846153846
2.941538461538461
2.8488461538461536
2.6076923076923078
3.3203846153846155
3.113076923076923
3.3015384615384615
2.975769230769231
2.9853846153846155
2.5915384615384616
3.3403846153846155
2.705
2.4526923076923075
1.7984615384615383
1.8526923076923079
2.1626923076923075
2.111923076923077
2.0303846153846155
2.1361538461538463
3.150384615384615
3.443076923076923
3.6561538461538463
3.8230769230769233
3.7657692307692305
3.5938461538461537
3.240769230769231
4.073076923076924
4.775769230769231
4.736153846153846
4.685384615384615
4.734615384615385
4.158461538461538
4.603076923076923
4.278846153846154
4.661538461538462
4.530384615384616
4.484230769230769
4.919230769230769
5.041153846153846
5.086923076923076
5.355769230769231
5.019615384615384
5.383076923076923
5.080384615384616
5.526538461538461
4.865769230769231
5.535769230769231
5.221153846153846
5.086538461538462
5.5746153846153845
5.346923076923077
4.788076923076923
5.601153846153846
5.753461538461538
5.570384615384615
5.29
5.316538461538461
5.509230769230769
5.923076923076923
5.90076923076923
5.743461538461539
5.753846153846154
5.715769230769231
6.412692307692307
7.0042307692307695
7.720384615384615
7.755384615384615
7.856923076923077
7.706538461538462
7.148846153846154
6.357307692307692
6.586923076923076
6.72
6.921923076923077
6.80576923076923
7.022692307692308
7.534230769230769
7.635384615384615
8.171153846153846
7.489615384615385
7.711538461538462
8.362307692307693
8.218461538461538
8.608461538461539
8.852692307692307
8.361538461538462
8.55923076923077
8.601153846153846
8.686538461538461
9.42576923076923
9.035384615384615
9.346538461538461
8.790384615384616
9.805769230769231
9.245384615384616
9.381538461538462
9.101153846153846
9.383461538461539
9.640384615384615
10.066538461538462
10.126923076923077
9.909230769230769
10.090384615384616
10.383076923076922
10.304230769230768
11.284230769230769
11.75076923076923
11.436153846153845
11.13423076923077
10.62423076923077
10.675384615384615
11.145
11.497692307692308
11.381153846153847
11.48
11.76346153846154
10.75423076923077
10.930769230769231
10.791538461538462
10.881153846153847
11.345384615384615
11.909230769230769
12.376153846153844
12.083461538461538
11.629999999999999
12.235000000000001
11.635384615384615
12.076923076923077
12.378461538461538
11.909230769230769
12.172692307692309
12.657692307692308
12.419615384615385
12.578076923076923
12.720384615384615
12.488846153846152
12.850384615384616
12.88846153846154
13.105384615384615
12.958461538461538
12.899615384615384
12.81076923076923
12.681538461538462
12.964230769230769
13.278461538461539
13.412307692307694
13.186923076923078
12.508846153846154
12.703461538461537
12.963076923076924
13.160769230769231
13.543461538461539
13.55
14.123076923076923
13.999615384615385
13.655
13.336923076923076
14.273846153846154
14.058846153846154
13.84423076923077
13.893461538461539
13.781153846153845
13.763076923076921
13.406153846153845
13.355
13.293846153846154
13.571923076923078
13.858461538461539
13.80423076923077
13.88846153846154
13.641923076923076
13.715
13.61153846153846
13.02346153846154
13.609615384615385
13.527692307692309
13.387692307692307
13.083076923076923
13.517307692307693
13.929230769230768
13.624615384615385
13.012692307692307
13.135
13.091153846153846
12.705769230769231
12.871923076923078
12.840769230769231
12.546923076923077
12.621923076923078
12.718461538461538
12.424230769230771
12.793846153846154
12.046153846153846
12.376538461538463
12.182307692307692
11.528461538461539
11.758846153846154
12.087692307692306
12.055769230769231
12.620000000000001
12.209999999999999
12.385
12.634615384615385
11.705384615384615
11.822307692307692
12.173461538461538
11.580769230769231
11.970769230769232
11.97
11.12576923076923
10.957307692307692
10.607692307692307
10.590769230769231
10.302692307692308
10.227307692307692
10.771923076923077
10.764999999999999
11.172307692307694
11.128846153846155
10.600000000000001
9.97653846153846
10.243076923076924
10.07346153846154
9.939615384615385
9.764615384615384
10.508076923076922
10.158076923076923
10.122692307692308
9.306923076923077
8.985384615384616
8.758461538461539
8.345769230769232
8.560769230769232
8.390384615384615
9.039615384615384
9.001153846153846
8.63423076923077
8.360384615384616
8.060384615384615
8.241538461538461
8.373846153846154
8.38423076923077
7.671538461538462
7.849615384615385
7.211153846153847
7.424230769230769
7.110384615384616
7.0211538461538465
7.533076923076924
7.136538461538462
7.171153846153846
7.346923076923077
7.125
7.166538461538461
7.342692307692308
6.585384615384616
6.226153846153846
6.85
6.8076923076923075
6.393461538461538
6.073846153846153
5.799230769230769
5.656538461538461
5.393076923076923
5.561153846153847
5.334615384615384
4.708461538461538
4.739615384615385
5.342692307692308
5.0576923076923075
4.814615384615385
4.452307692307692
5.260384615384615
5.6196153846153845
4.6534615384615385
4.460769230769231
4.203846153846154
3.983076923076923
3.7473076923076927
3.2384615384615385
2.73
3.621923076923077
3.5765384615384614
3.315
3.8215384615384616
3.478846153846154
3.116153846153846
2.903461538461538
2.6326923076923077
2.582307692307692
2.9865384615384616
2.353076923076923
2.4103846153846153
2.6296153846153847
2.6034615384615383
2.8415384615384616
2.9446153846153846
3.5707692307692307
3.2296153846153848
2.395
2.3411538461538464
2.43
2.5999999999999996
2.718461538461539
2.5615384615384613
2.0326923076923076
1.8576923076923075
1.94
1.8746153846153848
2.3546153846153848
2.838461538461538
3.394615384615385
2.6388461538461536
1.975769230769231
1.9603846153846154
1.5026923076923078
1.1319230769230768
2.011923076923077
2.483461538461538
2.4953846153846153
