pet
0.4523076923076923
0.4238461538461538
0.35038461538461535
0.3692307692307692
0.41384615384615386
0.45423076923076927
0.5384615384615384
0.43653846153846154
0.4096153846153846
0.5265384615384615
0.5738461538461539
0.55
0.48115384615384615
0.4819230769230769
0.5342307692307693
0.47115384615384615
0.44307692307692303
0.5234615384615384
0.5700000000000001
0.42076923076923073
0.3230769230769231
0.41000000000000003
0.44999999999999996
0.5461538461538461
0.5223076923076924
0.5284615384615384
0.595
0.6119230769230769
0.495
0.515
0.6234615384615385
0.6307692307692307
0.6157692307692307
0.5888461538461539
0.658076923076923
0.625
0.49
0.5676923076923077
0.6176923076923078
0.5311538461538462
0.4930769230769231
0.6326923076923077
0.6684615384615384
0.49615384615384617
0.6323076923076923
0.7457692307692307
0.645
0.6734615384615386
0.6557692307692308
0.7796153846153846
0.785
0.8519230769230769
0.8284615384615385
0.7769230769230769
0.6746153846153846
0.7892307692307692
0.666923076923077
0.6592307692307693
0.6684615384615384
0.6519230769230769
0.6896153846153846
0.5969230769230769
0.5073076923076922
0.6711538461538461
0.8553846153846153
0.9519230769230769
1.0138461538461538
1.0803846153846153
1.085
1.0338461538461539
0.9546153846153846
0.9896153846153847
1.1923076923076923
1.2988461538461538
1.2507692307692309
1.2742307692307693
1.1073076923076923
1.1903846153846154
1.1519230769230768
1.1515384615384616
1.178076923076923
1.2030769230769232
1.294230769230769
1.3676923076923078
1.3446153846153845
1.268076923076923
1.4384615384615385
1.4676923076923076
1.5476923076923077
1.5803846153846153
1.5084615384615385
1.478846153846154
1.5776923076923077
1.4992307692307694
1.6303846153846153
1.5346153846153845
1.323076923076923
1.6
1.6653846153846152
1.5307692307692307
1.5926923076923076
1.5173076923076925
1.6923076923076923
1.7742307692307693
1.7565384615384616
1.7534615384615384
1.8003846153846155
1.6746153846153846
1.6603846153846153
1.9334615384615383
2.1946153846153846
2.2415384615384615
2.2192307692307693
2.2849999999999997
2.0357692307692306
1.9288461538461539
1.958846153846154
1.8800000000000001
1.886153846153846
2.019230769230769
2.166153846153846
2.233076923076923
2.3242307692307693
2.311153846153846
2.292692307692308
2.1976923076923076
2.541153846153846
2.4596153846153848
2.5515384615384615
2.663846153846154
2.385
2.4565384615384613
2.433461538461539
2.3757692307692304
2.645769230769231
2.555769230769231
2.4992307692307696
2.4896153846153846
2.5776923076923075
2.52
2.6392307692307693
2.501153846153846
2.5684615384615386
2.515
2.7507692307692304
2.688846153846154
2.757307692307692
2.6784615384615384
2.7484615384615383
2.759230769230769
2.920769230769231
3.0519230769230767
2.772692307692308
2.482307692307692
2.3888461538461536
2.4038461538461537
2.3596153846153847
2.4469230769230768
2.4473076923076924
2.566153846153846
2.5573076923076923
2.3953846153846152
2.374615384615385
2.3934615384615388
2.4538461538461536
2.445
2.748846153846154
2.6392307692307693
2.790769230769231
2.579230769230769
2.4680769230769233
2.3953846153846152
2.474615384615385
2.5676923076923077
2.553846153846154
2.604230769230769
2.8184615384615386
2.519230769230769
2.548076923076923
2.6557692307692307
2.5473076923076925
2.6196153846153845
2.6738461538461538
2.6346153846153846
2.582692307692308
2.7015384615384614
2.568076923076923
2.5626923076923074
2.61
2.695
2.6792307692307693
2.545769230769231
2.444230769230769
2.3242307692307693
2.5173076923076922
2.5519230769230767
2.656538461538461
2.5938461538461537
2.9346153846153844
2.8884615384615384
2.541923076923077
2.399230769230769
2.604230769230769
2.6826923076923075
2.5157692307692305
2.7342307692307695
2.491923076923077
2.487692307692308
2.393076923076923
2.374615384615385
2.288846153846154
2.3030769230769232
2.4626923076923077
2.445
2.4226923076923077
2.3096153846153844
2.3026923076923076
2.365
2.256153846153846
2.4076923076923076
2.3642307692307694
2.211153846153846
2.3776923076923078
2.3096153846153844
2.2965384615384616
2.301923076923077
2.000384615384615
2.101923076923077
2.0484615384615386
2.011923076923077
2.0584615384615383
1.9938461538461536
1.9823076923076923
2.113076923076923
1.9903846153846154
1.7353846153846153
1.9357692307692307
1.7434615384615384
1.7103846153846154
1.673846153846154
1.5773076923076923
1.6207692307692307
1.5350000000000001
1.5676923076923077
1.8457692307692308
1.6334615384615385
1.8373076923076925
1.811923076923077
1.7165384615384616
1.6653846153846152
1.669230769230769
1.6011538461538461
1.7403846153846154
1.6303846153846153
1.5207692307692307
1.4357692307692307
1.316153846153846
1.4388461538461537
1.2503846153846152
1.3115384615384615
1.3115384615384615
1.360769230769231
1.2884615384615385
1.35
1.3126923076923078
1.2234615384615384
1.1573076923076924
1.2165384615384616
1.1653846153846155
1.21
1.328846153846154
1.2511538461538463
1.3773076923076923
1.146923076923077
1.0623076923076924
1.0373076923076923
1.0023076923076923
1.0069230769230768
0.8888461538461538
1.0092307692307692
1.1611538461538462
0.9900000000000001
1.0869230769230769
0.916923076923077
0.9792307692307692
1.041153846153846
0.9207692307692308
0.8834615384615384
0.88
0.6996153846153846
0.7930769230769231
0.7853846153846153
0.7461538461538461
0.84
0.7365384615384615
0.8446153846153847
0.8961538461538462
0.8738461538461538
0.8526923076923077
0.9396153846153846
0.8207692307692308
0.7961538461538461
0.8907692307692308
0.7949999999999999
0.7438461538461538
0.7438461538461538
0.6242307692307693
0.6253846153846154
0.645
0.5961538461538461
0.5165384615384615
0.5546153846153846
0.5357692307692308
0.605
0.5576923076923077
0.5376923076923077
0.5046153846153847
0.5753846153846154
0.6903846153846154
0.5280769230769231
0.5696153846153846
0.5007692307692307
0.4511538461538462
0.40384615384615385
0.4211538461538461
0.33
0.3807692307692308
0.40115384615384614
0.38769230769230767
0.5092307692307693
0.4703846153846154
0.4938461538461538
0.4803846153846154
0.4730769230769231
0.41192307692307695
0.4169230769230769
0.34307692307692306
0.3988461538461538
0.5311538461538462
0.5303846153846153
0.4453846153846154
0.4492307692307692
0.4030769230769231
0.4169230769230769
0.38576923076923075
0.4623076923076923
0.365
0.3811538461538462
0.3942307692307692
0.43115384615384617
0.35307692307692307
0.3565384615384615
0.36961538461538457
0.42192307692307696
0.5615384615384615
0.5638461538461539
0.6423076923076922
0.551923076923077
0.46307692307692305
0.435
0.40230769230769226
0.3453846153846154
0.49653846153846154
0.5784615384615385
0.5965384615384616
