pet
0.3860869565217392
0.3821739130434782
0.3247826086956522
0.3943478260869565
0.5078260869565218
0.34130434782608693
0.41083333333333333
0.47750000000000004
0.45916666666666667
0.5054166666666666
0.42625
0.44458333333333333
0.43916666666666665
0.4704166666666667
0.5175
0.4245833333333333
0.38125000000000003
0.40166666666666667
0.45083333333333336
0.48208333333333336
0.5225
0.38625
0.3925
0.4741666666666667
0.3545833333333333
0.345
0.33166666666666667
0.42166666666666663
0.47000000000000003
0.4504166666666667
0.51125
0.4320833333333333
0.49500000000000005
0.6191666666666666
0.6820833333333334
0.7895833333333333
0.6825
0.5241666666666667
0.5258333333333333
0.5629166666666666
0.4245833333333333
0.46166666666666667
0.5070833333333333
0.44166666666666665
0.48291666666666666
0.4658333333333333
0.3775
0.4979166666666666
0.5091666666666667
0.51
0.5020833333333333
0.525
0.6529166666666667
0.6766666666666666
0.6216666666666667
0.6091666666666667
0.63
0.78625
0.6808333333333333
0.7599999999999999
0.8408333333333333
0.7058333333333334
0.8116666666666666
0.9833333333333334
1.0075
1.0104166666666667
0.9333333333333332
0.9670833333333334
1.05875
1.0433333333333332
1.0833333333333333
1.07125
0.95375
0.9379166666666666
0.97125
1.0275
0.87125
0.8720833333333333
0.8345833333333333
0.8354166666666667
0.94625
0.9558333333333334
1.00125
1.0191666666666668
1.07375
1.0766666666666667
1.1145833333333333
1.23625
1.2920833333333335
1.4533333333333334
1.4295833333333334
1.135
1.11125
1.24875
1.3295833333333333
1.3787500000000001
1.29125
1.2141666666666666
1.4216666666666666
1.6120833333333333
1.6020833333333335
1.585
1.3483333333333334
1.53875
1.6425
1.7841666666666667
1.5783333333333334
1.7845833333333332
1.7095833333333335
1.6995833333333332
1.8745833333333335
1.9679166666666665
1.92375
1.9529166666666666
1.8237500000000002
1.9337499999999999
2.052916666666667
2.0100000000000002
2.0370833333333334
2.0066666666666664
2.1020833333333333
2.2279166666666668
2.3783333333333334
2.2975
2.154166666666667
2.4058333333333333
2.4583333333333335
2.285416666666667
2.183333333333333
2.362083333333333
2.3874999999999997
2.50125
2.5420833333333333
2.5970833333333334
2.6675
2.41
2.5779166666666664
2.407083333333333
2.6766666666666663
2.7752173913043476
2.6104347826086958
2.736086956521739
2.7552173913043476
2.9086956521739133
2.892608695652174
2.663478260869565
2.511304347826087
2.65
2.8339130434782613
2.8682608695652174
3.039130434782609
2.842608695652174
2.582173913043478
2.663478260869565
2.6186956521739133
2.6339130434782607
2.4930434782608697
2.364782608695652
2.5682608695652176
2.5769565217391306
2.516086956521739
2.272173913043478
2.2730434782608695
2.2978260869565217
2.236521739130435
2.3099999999999996
2.5482608695652176
2.508695652173913
2.4569565217391305
2.623913043478261
2.4869565217391307
2.303913043478261
2.38304347826087
2.28
2.382608695652174
2.3356521739130436
2.473478260869565
2.469130434782609
2.5626086956521736
2.583913043478261
2.6517391304347826
2.3769565217391304
2.484782608695652
2.5765217391304347
2.7630434782608693
2.683913043478261
2.85695652173913
2.8921739130434783
2.794782608695652
2.7647826086956524
2.7243478260869565
2.84304347826087
2.7965217391304344
2.740869565217391
2.610869565217391
2.509130434782609
2.446086956521739
2.27
2.3704347826086956
2.65
2.5543478260869565
2.467391304347826
2.4904347826086957
2.552608695652174
2.573478260869565
2.6334782608695653
2.6421739130434783
2.7113043478260868
2.5269565217391303
2.595652173913044
2.599565217391304
2.2969565217391303
2.37
2.552608695652174
2.4304347826086956
2.2004347826086956
2.338695652173913
2.3582608695652176
2.036086956521739
2.213478260869565
2.152173913043478
2.2995652173913044
2.438695652173913
2.1495652173913045
2.183913043478261
2.175217391304348
2.2678260869565214
2.1030434782608696
2.1891304347826086
2.3
2.41
2.3908695652173915
2.324782608695652
2.0617391304347827
1.9726086956521738
1.9647826086956521
1.8439130434782611
1.6982608695652175
1.8017391304347825
1.9330434782608696
1.8908695652173915
1.7908695652173912
1.8891304347826088
1.7591304347826087
1.8656521739130434
1.7639130434782608
1.7147826086956521
1.5639130434782609
1.527391304347826
1.7256521739130435
1.643478260869565
1.6986956521739132
1.5834782608695652
1.423913043478261
1.33
1.2743478260869565
1.3013043478260868
1.2447826086956522
1.4252173913043478
1.5730434782608695
1.371304347826087
1.4821739130434783
1.481304347826087
1.46
1.3504347826086955
1.4382608695652173
1.1973913043478261
1.203913043478261
1.296086956521739
1.2782608695652173
1.4204347826086958
1.3817391304347826
1.4691304347826086
1.2747826086956522
1.2278260869565216
1.23
1.1526086956521737
1.0991304347826087
1.0904347826086958
1.0139130434782608
1.1778260869565218
1.1704347826086958
0.9226086956521738
1.0047826086956522
1.095217391304348
1.0134782608695652
0.9160869565217391
0.8730434782608697
0.7682608695652173
0.7013043478260869
0.8
0.8860869565217391
0.721304347826087
0.7282608695652174
0.7621739130434783
0.7695652173913043
0.7221739130434782
0.7469565217391304
0.6947826086956522
0.7004347826086956
0.721304347826087
0.6826086956521739
0.7813043478260869
0.6234782608695653
0.6556521739130435
0.6691304347826087
0.6552173913043479
0.5778260869565218
0.5569565217391305
0.5552173913043478
0.6630434782608695
0.5969565217391305
0.6482608695652174
0.7195652173913044
0.6104347826086957
0.4947826086956522
0.4730434782608696
0.4991304347826087
0.49
0.49521739130434783
0.54
0.5078260869565218
0.40217391304347827
0.3665217391304348
0.4917391304347826
0.5973913043478261
0.5182608695652174
0.44608695652173913
0.5691304347826087
0.47043478260869565
0.4043478260869566
0.41695652173913045
0.3839130434782609
0.4295652173913043
0.4947826086956522
0.6156521739130435
0.4860869565217391
0.3908695652173913
0.29391304347826086
0.2617391304347826
0.25478260869565217
0.38913043478260867
0.38913043478260867
0.4769565217391304
0.4665217391304348
0.4008695652173913
0.42434782608695654
0.39869565217391306
0.41086956521739126
0.4043478260869566
0.40652173913043477
0.3639130434782608
0.31521739130434784
0.3595652173913043
0.3360869565217391
0.3717391304347826
0.43913043478260866
0.5599999999999999
0.4969565217391304
0.47347826086956524
0.49
0.4982608695652174
0.4956521739130435
0.46695652173913044
0.45217391304347826
