temperature
3.136923076923077
3.0403846153846152
2.7476923076923074
3.2884615384615383
4.118076923076923
3.171923076923077
3.4373076923076926
3.968461538461538
3.9496153846153845
3.7830769230769232
3.013076923076923
2.6115384615384616
2.8426923076923076
3.3542307692307696
3.391153846153846
2.976923076923077
2.2715384615384613
2.6634615384615383
2.894230769230769
3.2880769230769227
3.753076923076923
3.546538461538461
3.582307692307692
3.4234615384615386
2.9661538461538464
2.5788461538461536
2.456153846153846
2.7915384615384613
3.046538461538461
2.414230769230769
2.653461538461538
2.946923076923077
3.403461538461538
3.670769230769231
3.511153846153846
4.122307692307692
4.063076923076923
3.733076923076923
3.165769230769231
2.9749999999999996
2.670769230769231
2.730769230769231
2.628846153846154
2.0961538461538463
1.7334615384615384
1.7873076923076923
2.151923076923077
2.9030769230769233
2.460384615384615
2.3784615384615386
2.4023076923076925
3.0461538461538464
3.2803846153846155
3.453076923076923
3.5330769230769232
3.0761538461538462
3.331153846153846
3.9515384615384614
3.7688461538461535
4.138846153846154
4.484230769230769
4.240769230769231
4.388846153846154
4.975
5.048846153846155
5.21576923076923
5.259230769230769
4.91
5.701923076923077
5.237692307692308
5.260769230769231
5.1911538461538465
4.717307692307692
4.611538461538462
4.864615384615385
5.000384615384615
5.309615384615385
5.0138461538461545
4.899615384615385
5.018076923076923
5.051153846153847
5.759615384615385
5.588461538461539
5.523461538461539
5.483461538461539
5.3442307692307685
5.295384615384616
5.696153846153846
5.9326923076923075
6.519615384615384
6.479230769230769
5.681538461538461
5.357307692307692
5.393461538461538
5.892692307692308
6.0430769230769235
5.834615384615384
5.191538461538461
6.174230769230769
6.763076923076923
7.389615384615384
6.9326923076923075
6.367692307692308
6.952307692307692
7.938846153846153
7.9788461538461535
7.269615384615384
7.987692307692308
7.829615384615384
7.742692307692308
8.451538461538462
8.748076923076923
7.689615384615385
7.531153846153846
7.714230769230769
7.926153846153846
7.700769230769231
8.001153846153846
8.369615384615384
8.513461538461538
7.9411538461538465
8.348846153846154
8.711153846153847
8.993076923076924
9.10923076923077
9.792307692307691
10.276923076923076
9.743846153846153
9.339230769230769
9.868461538461538
9.753076923076923
10.007307692307693
9.728076923076923
9.94576923076923
10.182307692307692
9.94076923076923
10.23923076923077
9.88076923076923
10.736153846153845
11.286153846153846
10.83423076923077
11.52730769230769
11.286923076923076
11.59423076923077
11.542692307692308
11.615
11.007692307692308
11.327307692307691
11.366923076923078
11.254999999999999
11.872307692307693
12.437307692307693
11.973461538461539
12.132692307692308
12.228846153846153
12.850384615384616
12.588076923076924
12.292692307692308
12.954615384615384
12.429615384615385
12.717692307692309
12.790384615384616
12.647692307692306
12.768076923076922
12.563846153846153
12.784615384615384
13.594615384615384
13.51076923076923
13.582692307692307
13.961923076923076
13.8
13.478461538461538
13.592307692307692
13.48923076923077
13.738461538461538
14.195384615384615
14.493076923076924
14.248076923076923
14.218461538461538
14.308076923076923
14.956923076923077
14.542307692307693
14.449615384615385
14.814615384615385
15.402307692307694
15.339230769230769
15.503461538461538
15.83076923076923
15.64846153846154
15.674230769230768
15.42576923076923
15.964615384615383
15.376153846153844
16.119615384615386
15.953846153846154
15.686923076923078
15.381153846153847
15.047307692307694
15.196923076923078
16.02
15.572692307692307
15.481923076923076
15.608076923076924
15.593076923076923
15.435
15.842307692307692
15.997307692307693
16.583846153846153
16.105
16.442692307692308
16.83230769230769
15.816538461538462
15.654230769230768
16.123846153846156
15.981538461538461
15.655
15.794615384615385
15.502307692307692
14.973076923076924
15.197307692307692
14.952692307692306
15.117307692307692
15.765384615384615
15.377692307692307
15.877692307692307
16.17
15.895769230769229
15.343846153846155
15.054615384615385
15.477692307692308
15.997307692307693
15.985384615384616
15.894615384615385
14.986923076923079
14.747692307692308
14.829230769230769
14.720769230769232
14.403461538461539
14.358461538461539
14.733076923076924
14.848846153846154
14.206538461538461
14.25076923076923
14.067692307692308
14.22269230769231
13.775769230769232
13.491923076923078
12.978076923076923
12.981923076923076
13.714230769230769
13.366538461538463
13.829615384615384
12.834999999999999
12.558461538461538
12.504615384615384
12.395
12.214230769230769
11.98
13.040384615384616
12.774230769230769
12.170769230769231
12.115
12.366923076923078
12.296153846153846
11.69576923076923
12.291153846153845
11.439615384615385
11.262307692307692
11.245000000000001
11.026538461538461
11.544230769230769
11.409230769230769
11.651153846153846
11.12423076923077
11.421923076923077
10.836153846153847
10.67
10.816153846153847
10.798461538461538
10.119615384615384
10.704230769230769
10.914230769230768
9.904615384615385
9.983076923076924
10.148076923076925
8.980384615384615
8.833461538461538
8.980384615384615
8.568461538461538
8.506153846153847
9.173461538461538
9.062307692307693
8.102692307692307
8.187307692307693
8.413076923076924
8.807692307692308
8.868846153846153
8.754999999999999
8.43423076923077
8.125769230769231
7.822307692307692
7.901923076923077
8.639615384615384
8.415384615384616
8.008846153846154
8.089615384615385
7.615384615384615
7.42076923076923
6.751538461538461
6.609230769230769
7.518846153846154
7.2288461538461535
6.908461538461538
7.260384615384615
6.733076923076923
6.060384615384615
5.7288461538461535
5.648076923076923
5.808076923076923
5.090769230769231
5.2930769230769235
5.754230769230769
5.114615384615385
4.756538461538462
5.018846153846154
5.6899999999999995
5.709615384615385
5.431923076923076
5.8319230769230765
4.7615384615384615
4.400384615384615
3.8826923076923077
3.591538461538462
4.108076923076923
4.803076923076923
5.2299999999999995
5.419615384615384
5.368076923076923
4.6996153846153845
4.035769230769231
3.8065384615384614
3.729230769230769
3.6457692307692304
4.012692307692308
3.911923076923077
3.996923076923077
3.9446153846153846
4.152692307692307
4.7323076923076925
4.174615384615385
4.026153846153846
4.036538461538462
4.196538461538461
4.330384615384616
4.140384615384615
3.8334615384615387
3.973846153846154
4.137307692307692
3.9915384615384615
4.073846153846154
4.011923076923077
4.326923076923077
3.7849999999999997
3.1553846153846155
3.3042307692307693
