temperature
5.862692307692308
5.216153846153846
5.155384615384615
4.808076923076923
4.897692307692308
4.803461538461539
5.439615384615385
5.35
4.931153846153847
5.217692307692308
5.594615384615385
6.008461538461538
5.681538461538461
5.374615384615385
5.466153846153846
5.060769230769231
4.852307692307692
5.148846153846154
5.208846153846154
4.485769230769231
4.302692307692308
4.868461538461538
4.489615384615385
4.400769230769231
4.85
4.8476923076923075
5.193846153846153
5.471923076923077
5.2773076923076925
4.617692307692308
5.018846153846154
5.046923076923077
5.032692307692307
5.101153846153846
5.991538461538462
5.978461538461539
5.070384615384616
4.771153846153846
4.7542307692307695
4.726923076923077
4.495384615384615
5.115
5.188846153846153
4.473076923076923
5.1596153846153845
5.882692307692308
5.553846153846154
5.964615384615384
5.521923076923077
6.088846153846154
6.081153846153845
6.714230769230769
6.252307692307692
6.388076923076923
6.030384615384615
5.904230769230769
5.955384615384616
5.636153846153846
5.4265384615384615
5.438461538461539
5.661538461538461
5.6523076923076925
5.246538461538462
5.606153846153846
6.239615384615385
6.679230769230769
7.227692307692307
7.482307692307692
7.588461538461539
7.179615384615384
7.491153846153846
6.683076923076923
7.898846153846154
8.498076923076923
8.245384615384616
7.726923076923077
7.281538461538461
7.164615384615384
7.161538461538462
7.589230769230769
7.379615384615385
7.63
7.731538461538462
7.806153846153847
7.898846153846154
8.038076923076924
8.498846153846154
8.711153846153847
9.069615384615386
8.691153846153846
8.576923076923077
8.998076923076923
8.766153846153847
8.433846153846154
8.771153846153847
8.319230769230769
7.836538461538462
8.027307692307692
8.969615384615384
8.710384615384616
8.412307692307692
8.578076923076923
8.74576923076923
9.000769230769231
9.092307692307692
8.995384615384616
9.20076923076923
9.121538461538462
9.302692307692308
9.8
10.946153846153846
10.923846153846153
11.025769230769232
11.242307692307692
10.554615384615385
10.071923076923078
10.165384615384616
10.488461538461538
10.120384615384616
10.298846153846153
10.503076923076922
10.396923076923077
10.595769230769232
10.541923076923077
10.799615384615386
11.338846153846154
11.80076923076923
11.998076923076923
12.287307692307694
12.77346153846154
12.388846153846155
11.666153846153845
11.894615384615385
11.471153846153847
11.945769230769232
12.622692307692308
12.428461538461537
12.450769230769232
12.534615384615384
12.770384615384614
12.84153846153846
12.771538461538462
13.069230769230769
13.250384615384615
13.798461538461538
13.711153846153847
13.633076923076922
13.321153846153846
13.570384615384615
13.779230769230768
13.705
14.89423076923077
15.005384615384616
14.45346153846154
14.242692307692307
14.094615384615384
14.183076923076923
13.912692307692309
14.410384615384617
15.032307692307691
14.705
14.811923076923078
14.798076923076923
14.977307692307694
15.524230769230769
15.220769230769232
15.859230769230768
16.190384615384616
16.103076923076923
16.014615384615386
15.875384615384615
15.575769230769232
15.305
15.983846153846153
16.10923076923077
16.198076923076922
16.506923076923076
16.395769230769233
16.31576923076923
16.57846153846154
16.334230769230768
16.818846153846156
16.681538461538462
16.365000000000002
16.45076923076923
17.001153846153848
16.91
16.640384615384615
16.915384615384617
16.928461538461537
16.791153846153847
16.729615384615386
16.551153846153845
16.713461538461537
17.14
17.338846153846156
17.611923076923077
17.657692307692308
18.013076923076923
18.523846153846154
17.471153846153847
17.429615384615385
17.32846153846154
17.947307692307692
18.095384615384617
18.360384615384614
17.96153846153846
17.86653846153846
17.79769230769231
17.676923076923075
17.297307692307694
17.36769230769231
18.013846153846153
17.665
17.893846153846155
17.736923076923077
17.901923076923076
18.11346153846154
17.805
18.39769230769231
17.933846153846154
17.869615384615386
18.411923076923078
17.81346153846154
17.96153846153846
17.69346153846154
17.29769230769231
16.972307692307695
17.510384615384616
17.54576923076923
17.12846153846154
17.01846153846154
17.175384615384615
17.430384615384614
16.97269230769231
16.668076923076924
17.581923076923076
16.908076923076923
16.184615384615384
16.11692307692308
16.09769230769231
15.869615384615384
15.55076923076923
15.196153846153846
16.051923076923078
16.043076923076924
16.08653846153846
16.29423076923077
15.92153846153846
15.551538461538463
15.808846153846153
15.38846153846154
16.091923076923077
15.828846153846154
14.943846153846154
14.806923076923077
14.375384615384615
14.69076923076923
14.50923076923077
14.073846153846155
14.570384615384615
14.421923076923077
14.77
14.266153846153847
14.017307692307693
13.988076923076923
13.747692307692308
13.573461538461537
13.61076923076923
13.78
13.688076923076922
13.593846153846155
14.359615384615385
13.843076923076923
13.138076923076921
12.945384615384615
12.415384615384616
12.84153846153846
12.36076923076923
12.25923076923077
12.814615384615385
12.906153846153845
13.220769230769232
12.026153846153846
12.105
12.231538461538461
11.704615384615384
11.626153846153844
11.87576923076923
10.959999999999999
11.372307692307693
11.099615384615387
11.176923076923078
11.322692307692307
11.053076923076922
11.417692307692308
11.381538461538462
11.587307692307691
11.15846153846154
11.04653846153846
10.733846153846153
10.653076923076924
10.543461538461539
10.640384615384615
9.803076923076922
9.72423076923077
9.33576923076923
8.754615384615384
8.877307692307692
8.885769230769231
8.678461538461537
8.393461538461539
8.252692307692307
8.877307692307692
8.873076923076923
8.108461538461539
8.266923076923076
7.642692307692308
7.9423076923076925
7.5053846153846155
7.3950000000000005
7.517692307692308
6.826923076923077
6.765769230769231
6.738461538461538
6.867307692307692
6.328461538461538
6.8307692307692305
6.723461538461539
6.986538461538462
6.668846153846153
6.740769230769231
6.329615384615384
6.156538461538461
5.891923076923077
5.572307692307692
5.5369230769230775
5.4180769230769235
5.7773076923076925
6.1657692307692304
5.786538461538461
5.741538461538462
5.298846153846155
5.317692307692307
4.927692307692308
5.5442307692307695
5.107307692307692
5.488076923076923
5.374230769230769
4.976538461538461
4.9
4.892307692307693
4.5661538461538465
4.973076923076923
5.8442307692307685
6.091153846153846
7.061923076923078
6.836923076923076
5.623076923076923
5.44423076923077
4.842692307692308
4.206538461538462
4.835769230769231
5.481538461538462
5.268846153846154
