pet
0.37
0.3978260869565218
0.33304347826086955
0.31782608695652176
0.39217391304347826
0.43130434782608695
0.5195652173913043
0.3508695652173913
0.29782608695652174
0.44000000000000006
0.47347826086956524
0.4426086956521739
0.3873913043478261
0.3765217391304348
0.46478260869565213
0.4082608695652174
0.2843478260869565
0.4126086956521739
0.43999999999999995
0.31782608695652176
0.3530434782608696
0.3852173913043478
0.3834782608695652
0.48869565217391303
0.49
0.5669565217391304
0.533913043478261
0.5565217391304348
0.401304347826087
0.4230434782608696
0.5217391304347826
0.5734782608695652
0.5139130434782608
0.4730434782608695
0.5369565217391304
0.4969565217391304
0.42608695652173906
0.45217391304347826
0.5321739130434783
0.3730434782608696
0.38913043478260867
0.4708695652173913
0.5495652173913044
0.43260869565217386
0.5413043478260869
0.6900000000000001
0.6226086956521739
0.6082608695652174
0.5565217391304348
0.7278260869565216
0.6321739130434783
0.7978260869565218
0.7052173913043478
0.7169565217391305
0.6304347826086957
0.7582608695652174
0.6495652173913044
0.61
0.5795652173913044
0.46956521739130436
0.5782608695652174
0.5278260869565218
0.5091304347826088
0.6234782608695653
0.7869565217391304
0.8578260869565217
0.9513043478260869
1.0078260869565216
0.9804347826086957
0.9434782608695652
0.7665217391304348
0.8047826086956522
1.0356521739130435
1.1395652173913045
1.1
1.0365217391304349
1.058695652173913
1.1117391304347826
0.9939130434782608
1.16
1.106086956521739
1.1208695652173915
1.1965217391304348
1.2834782608695652
1.2726086956521738
1.355217391304348
1.3021739130434782
1.296086956521739
1.4108695652173915
1.4047826086956523
1.2743478260869565
1.4539130434782608
1.5282608695652173
1.434782608695652
1.482608695652174
1.4782608695652173
1.203478260869565
1.478695652173913
1.5808695652173912
1.5139130434782608
1.5526086956521739
1.537391304347826
1.69
1.7908695652173912
1.7969565217391303
1.7273913043478262
1.806086956521739
1.672608695652174
1.836086956521739
2.063913043478261
2.2021739130434783
2.2930434782608695
2.222608695652174
2.217391304347826
1.9734782608695653
1.818695652173913
1.7221739130434783
1.7465217391304348
1.8343478260869563
1.8678260869565217
1.9908695652173913
2.0643478260869563
2.1282608695652177
2.28
2.2156521739130435
2.253913043478261
2.614782608695652
2.492608695652174
2.5834782608695654
2.68
2.5095652173913043
2.476086956521739
2.367826086956522
2.2552173913043476
2.574782608695652
2.476086956521739
2.4995833333333333
2.3191666666666664
2.535416666666667
2.44375
2.6533333333333333
2.566666666666667
2.515
2.4908333333333332
2.7675
2.7391666666666663
2.7383333333333333
2.6108333333333333
2.685416666666667
2.58
2.8545833333333337
2.9958333333333336
2.6104166666666666
2.5554166666666664
2.19625
2.127083333333333
2.2754166666666666
2.44
2.3866666666666667
2.4895833333333335
2.5425
2.2904166666666668
2.2504166666666667
2.1212500000000003
2.245
2.33625
2.6454166666666667
2.6408333333333336
2.5783333333333336
2.3454166666666665
2.282083333333333
2.267916666666667
2.30375
2.4033333333333333
2.3675
2.4345833333333333
2.5325
2.4562500000000003
2.4433333333333334
2.55
2.450833333333333
2.5766666666666667
2.63
2.53625
2.5166666666666666
2.4629166666666666
2.4120833333333334
2.2720833333333332
2.3045833333333334
2.40625
2.4175
2.3429166666666665
2.1345833333333335
2.1341666666666668
2.17375
2.310416666666667
2.379583333333333
2.495416666666667
2.7275000000000005
2.6195833333333334
2.3354166666666667
2.2183333333333333
2.4970833333333333
2.4720833333333334
2.337083333333333
2.445
2.353333333333333
2.28625
2.1791666666666667
2.194166666666667
2.17375
2.2870833333333334
2.3874999999999997
2.2624999999999997
2.2729166666666667
2.245
2.1458333333333335
2.044166666666667
1.8145833333333332
1.9670833333333333
2.09
1.8908333333333334
1.99875
2.1104166666666666
2.1754166666666666
2.0729166666666665
1.8187499999999999
1.8666666666666665
1.8529166666666665
1.8341666666666665
1.8499999999999999
1.7675
1.7708333333333333
1.8016666666666667
1.8375000000000001
1.6583333333333332
1.76875
1.5112500000000002
1.6483333333333334
1.57
1.3991666666666667
1.42375
1.4633333333333332
1.46
1.7054166666666666
1.5654166666666667
1.6954166666666666
1.7566666666666666
1.4725000000000001
1.5337500000000002
1.5883333333333332
1.4195833333333334
1.5925
1.6358333333333333
1.45
1.3675
1.2020833333333334
1.2383333333333333
1.1670833333333335
1.135
1.2129166666666666
1.2416666666666667
1.23125
1.3145833333333334
1.2845833333333332
1.1108333333333333
1.1229166666666666
1.1016666666666668
1.0870833333333334
1.09125
1.3145833333333334
1.1033333333333333
1.2245833333333334
1.091304347826087
1.0643478260869565
0.9213043478260871
0.8543478260869565
0.8973913043478261
0.8721739130434782
0.9978260869565218
1.0817391304347825
0.9013043478260869
0.9965217391304347
0.91
0.9182608695652175
0.9704347826086956
0.8356521739130435
0.7265217391304348
0.8034782608695652
0.778695652173913
0.761304347826087
0.7873913043478261
0.773913043478261
0.7660869565217392
0.7156521739130435
0.8186956521739129
0.8460869565217392
0.792608695652174
0.8104347826086957
0.961304347826087
0.7526086956521738
0.7834782608695652
0.8752173913043478
0.8086956521739131
0.7126086956521739
0.6495652173913044
0.577391304347826
0.5982608695652174
0.5743478260869564
0.5552173913043478
0.5347826086956522
0.4665217391304348
0.4995652173913044
0.5669565217391304
0.5760869565217391
0.5169565217391304
0.5178260869565218
0.5382608695652175
0.6291304347826088
0.45304347826086955
0.5173913043478261
0.4978260869565218
0.4221739130434783
0.4004347826086957
0.40956521739130436
0.3060869565217391
0.3539130434782609
0.3778260869565217
0.3208695652173913
0.4039130434782609
0.4078260869565218
0.43478260869565216
0.4643478260869565
0.42434782608695654
0.3491304347826087
0.3521739130434782
0.25173913043478263
0.3365217391304348
0.44565217391304346
0.43913043478260866
0.40434782608695646
0.37
0.3365217391304348
0.3630434782608695
0.31217391304347825
0.39999999999999997
0.32217391304347825
0.30043478260869566
0.3456521739130435
0.31521739130434784
0.29043478260869565
0.3273913043478261
0.37
0.3773913043478261
0.47130434782608693
0.5378260869565217
0.6513043478260869
0.46
0.3904347826086957
0.35782608695652174
0.3726086956521739
0.32130434782608697
0.42434782608695654
0.48000000000000004
0.5521739130434782
