pet
0.458421052631579
0.35368421052631577
0.2752631578947369
0.36263157894736847
0.5468421052631579
0.3921052631578947
0.4947368421052632
0.5036842105263158
0.5463157894736842
0.5157894736842106
0.48947368421052634
0.5742105263157895
0.6194736842105263
0.5836842105263158
0.5721052631578948
0.44947368421052625
0.4094736842105263
0.5152631578947368
0.6289473684210526
0.6768421052631579
0.5826315789473684
0.46842105263157896
0.5078947368421053
0.47
0.3494736842105263
0.43
0.41578947368421054
0.44052631578947365
0.4747368421052631
0.5557894736842105
0.5589473684210526
0.5521052631578948
0.6568421052631579
0.8147368421052632
0.8778947368421053
0.9078947368421053
0.8663157894736843
0.6936842105263158
0.6457894736842105
0.5921052631578947
0.6094736842105263
0.7757894736842106
0.6868421052631579
0.5973684210526315
0.6552631578947368
0.6489473684210526
0.5052631578947369
0.66
0.6936842105263158
0.7178947368421053
0.6352631578947369
0.6321052631578947
0.6784210526315789
0.7673684210526316
0.5631578947368422
0.5900000000000001
0.648421052631579
0.7963157894736842
0.6915789473684211
0.6478947368421053
0.6552631578947368
0.7310526315789474
0.8863157894736842
1.0147368421052632
1.0336842105263158
1.1694736842105262
1.1036842105263158
1.091578947368421
1.1847368421052633
1.0426315789473684
1.0626315789473684
1.1478947368421053
1.2094736842105263
1.2147368421052631
1.3752631578947367
1.4521052631578948
1.1678947368421053
1.1573684210526316
1.2366666666666668
1.1755555555555555
1.3455555555555554
1.3566666666666667
1.1605555555555556
1.0861111111111112
1.1722222222222223
1.233888888888889
1.1716666666666666
1.3811111111111112
1.5061111111111112
1.6644444444444444
1.537222222222222
1.3077777777777777
1.3099999999999998
1.3099999999999998
1.3688888888888888
1.348888888888889
1.1983333333333333
1.3494444444444444
1.6011111111111112
1.5844444444444443
1.6094444444444447
1.5444444444444445
1.3077777777777777
1.4433333333333334
1.501111111111111
1.6861111111111111
1.5872222222222223
1.5966666666666667
1.603888888888889
1.7083333333333333
2.048888888888889
2.0305555555555554
2.092222222222222
2.1416666666666666
1.943888888888889
2.0644444444444443
2.147222222222222
2.1055555555555556
2.182777777777778
2.2472222222222222
2.4361111111111113
2.5255555555555556
2.506111111111111
2.5272222222222225
2.3105555555555557
2.3633333333333333
2.578888888888889
2.4094444444444445
2.3655555555555554
2.457777777777778
2.2955555555555556
2.4155555555555557
2.4872222222222224
2.607222222222222
2.6822222222222223
2.5544444444444445
2.5483333333333333
2.3922222222222222
2.642777777777778
2.751666666666667
2.6594444444444445
2.8155555555555556
2.841666666666667
2.7605555555555554
2.6927777777777777
2.69
2.604444444444445
2.7372222222222224
2.981111111111111
2.839444444444444
2.973888888888889
2.8133333333333335
2.4527777777777775
2.231111111111111
2.151111111111111
2.3872222222222224
2.54
2.303888888888889
2.4322222222222223
2.542222222222222
2.42
2.3355555555555556
2.3683333333333336
2.570555555555556
2.627222222222222
2.7127777777777777
2.8916666666666666
2.8294444444444444
2.868888888888889
2.873333333333333
2.61
2.542777777777778
2.5794444444444444
2.4994444444444444
2.717222222222222
2.7672222222222222
2.886111111111111
2.687222222222222
2.8616666666666664
2.8944444444444444
2.7444444444444445
2.5366666666666666
2.732222222222222
2.798888888888889
2.718888888888889
2.6927777777777777
2.913888888888889
2.9727777777777775
2.7005555555555554
2.658333333333333
2.737222222222222
2.738888888888889
2.662777777777778
2.812777777777778
2.8233333333333333
2.803888888888889
2.8666666666666667
2.5288888888888885
2.7411111111111115
2.9911111111111115
2.998888888888889
2.7644444444444445
2.786111111111111
2.8194444444444446
2.692222222222222
2.606666666666667
2.623333333333333
2.857222222222222
2.822777777777778
3.0044444444444443
2.885
2.6666666666666665
2.8244444444444445
2.8794444444444443
2.715
2.5194444444444444
2.552777777777778
2.806111111111111
2.3555555555555556
2.5633333333333335
2.5405555555555557
2.533888888888889
2.552777777777778
2.3644444444444446
2.433888888888889
2.421666666666667
2.336111111111111
2.3899999999999997
2.3777777777777778
2.395
2.5294444444444446
2.3777777777777778
2.4027777777777777
2.251111111111111
2.191666666666667
2.108888888888889
2.056111111111111
1.845
1.8272222222222223
1.9866666666666666
1.923888888888889
1.8644444444444446
1.8172222222222223
1.8922222222222222
2.0833333333333335
1.8766666666666667
1.8005555555555557
1.8250000000000002
1.706842105263158
1.8299999999999998
1.715263157894737
1.7515789473684211
1.7557894736842106
1.7078947368421054
1.6557894736842105
1.5063157894736843
1.4047368421052633
1.4063157894736844
1.4594736842105263
1.6736842105263159
1.5573684210526315
1.5605263157894735
1.588421052631579
1.6552631578947368
1.43
1.4321052631578948
1.2994736842105263
1.2921052631578949
1.3678947368421053
1.36
1.5563157894736843
1.4910526315789472
1.571578947368421
1.4600000000000002
1.4142105263157896
1.2778947368421054
1.2489473684210526
1.2847368421052632
1.2136842105263157
1.1252631578947367
1.2100000000000002
1.2821052631578946
1.0815789473684212
1.04
1.1305263157894736
1.2373684210526315
1.1163157894736842
0.994736842105263
0.9857894736842105
0.8257894736842105
0.781578947368421
0.8531578947368421
0.7978947368421053
0.8763157894736842
0.8694736842105263
0.7852631578947369
0.8700000000000001
0.8826315789473684
0.8005263157894736
0.8310526315789474
0.7321052631578947
0.69
0.6268421052631579
0.6242105263157894
0.6526315789473685
0.6684210526315789
0.6347368421052632
0.6668421052631579
0.6647368421052631
0.5863157894736842
0.7289473684210526
0.5436842105263158
0.5168421052631579
0.6489473684210526
0.6152631578947368
0.5989473684210527
0.5631578947368421
0.52
0.49684210526315786
0.4705263157894737
0.44789473684210523
0.5178947368421053
0.4378947368421053
0.3126315789473684
0.3310526315789474
0.3405263157894737
0.49368421052631584
0.5368421052631579
0.5594736842105263
0.48157894736842105
0.4626315789473684
0.49000000000000005
0.5278947368421052
0.618421052631579
0.6626315789473685
0.7726315789473684
0.6389473684210527
0.4368421052631579
0.4605263157894737
0.4052631578947368
0.35105263157894734
0.3763157894736842
0.38
0.46578947368421053
0.5157894736842105
0.5421052631578948
0.45473684210526316
0.35631578947368425
0.39210526315789473
0.5352631578947369
0.5489473684210526
0.46684210526315784
0.3778947368421052
0.37105263157894736
0.42684210526315786
0.48578947368421055
0.5021052631578947
0.5915789473684211
0.5110526315789474
0.4868421052631579
0.4610526315789474
0.5310526315789473
0.4705263157894737
0.44842105263157894
0.32526315789473687
