temperature
2.864
2.7843999999999998
2.5147999999999997
2.2108
2.5964
2.752
2.8364
2.2748
2.4868
3.412
3.236
3.1984
2.7776
2.5224
2.9375999999999998
2.458
2.3135999999999997
2.6664
2.5364
1.9608
2.3656
2.7612
2.7664
2.9992
3.1919999999999997
3.0343999999999998
2.9404000000000003
2.8348
2.0780000000000003
2.1404
2.7171999999999996
2.8783999999999996
2.6488
2.8896
2.8916000000000004
2.6548000000000003
2.186
2.11
2.5324
1.9980000000000002
1.9407999999999999
2.5096000000000003
2.9768
2.9524
3.4528
3.8784000000000005
3.378
3.4095999999999997
3.2171999999999996
3.8360000000000003
3.6452
3.7756
3.4168000000000003
3.7403999999999997
3.3216
3.9948
3.2976
2.9144
2.5936000000000003
2.3134615384615382
2.8092307692307696
2.819230769230769
2.6765384615384615
2.6826923076923075
3.6765384615384615
4.259615384615385
4.558461538461538
4.6303846153846155
4.483846153846153
4.46
4.207307692307692
4.724230769230769
5.459615384615384
5.450769230769231
5.279230769230769
5.2773076923076925
5.015769230769231
5.381923076923077
4.956538461538462
5.286153846153846
5.351153846153846
5.224230769230768
5.654230769230769
5.836538461538462
5.570769230769231
6.133076923076923
5.766923076923077
6.12
5.918461538461538
6.026923076923077
5.3538461538461535
6.008076923076923
6.033076923076924
6.1038461538461535
6.364230769230769
6.163076923076924
5.506153846153846
6.258846153846154
6.467307692307693
6.309615384615385
5.999615384615385
5.821153846153846
5.979230769230769
6.416153846153846
6.656923076923078
6.393846153846154
6.376153846153846
6.304230769230769
7.137307692307692
7.768076923076923
8.244615384615384
8.254615384615384
8.510769230769231
8.233461538461539
7.7153846153846155
7.238461538461539
7.151923076923078
7.220384615384615
7.404230769230769
7.3015384615384615
7.800000000000001
8.12346153846154
8.048846153846155
8.778076923076922
8.110000000000001
8.163846153846153
8.940384615384616
8.843076923076923
9.183076923076923
9.550384615384615
9.026923076923076
9.03
9.17
9.201923076923077
10.25576923076923
9.77346153846154
10.253076923076922
9.74423076923077
10.63423076923077
10.071538461538463
10.308076923076923
9.978461538461538
10.406153846153845
10.46923076923077
11.211153846153847
11.188846153846155
10.660769230769231
10.881923076923076
11.26076923076923
10.774999999999999
11.706923076923077
12.376923076923077
12.038461538461538
11.725384615384616
11.080769230769231
11.141923076923076
11.579230769230769
11.94
12.193846153846154
12.257692307692308
12.423461538461538
11.489615384615385
11.619615384615384
11.653076923076924
11.558076923076923
12.231153846153846
12.929615384615385
13.331153846153846
13.149615384615384
12.538461538461538
13.108076923076924
12.812692307692307
12.829230769230769
13.304230769230768
12.96653846153846
12.931538461538462
13.016153846153847
13.17
13.360000000000001
13.227307692307694
13.293846153846154
13.672307692307694
13.966153846153846
14.096153846153847
14.090769230769231
14.156538461538462
13.811153846153845
13.596538461538461
13.799615384615386
14.275769230769232
14.106923076923076
13.999615384615385
13.44576923076923
13.741923076923078
13.827692307692306
14.28346153846154
14.69346153846154
14.617692307692307
15.063076923076922
15.100384615384616
14.458846153846155
14.271153846153847
14.877692307692307
14.974230769230768
14.579615384615384
14.499615384615385
14.463846153846154
14.882692307692308
14.490384615384615
14.562307692307693
14.177307692307693
14.715384615384616
14.945384615384615
14.689615384615385
14.895
14.646538461538462
14.686153846153845
14.638846153846155
13.786153846153846
14.46923076923077
14.456538461538461
14.284999999999998
14.081923076923077
14.432307692307692
14.576153846153847
14.319230769230769
13.860000000000001
14.162307692307694
14.223846153846154
13.828076923076923
14.013076923076925
13.826923076923077
13.538461538461538
13.474615384615383
13.544230769230769
13.420769230769231
13.667307692307693
12.666538461538462
13.036923076923076
13.309615384615386
12.661538461538461
12.68576923076923
12.846538461538461
12.937692307692307
13.584615384615384
12.928461538461537
13.18
13.574615384615385
12.924615384615386
12.624615384615385
13.12923076923077
12.415384615384616
12.87423076923077
12.91576923076923
12.223076923076924
11.937692307692307
11.610384615384616
11.536153846153846
11.229615384615386
10.971923076923076
11.341153846153846
11.406153846153845
11.876153846153844
11.809615384615386
11.553846153846154
10.905384615384616
11.003076923076922
11.044615384615385
10.911153846153846
10.664230769230768
11.508846153846154
10.98653846153846
11.064615384615385
10.156
9.9656
9.4924
9.164
9.4536
9.0968
9.724400000000001
9.8076
9.4436
9.2088
8.9992
8.8672
9.0584
8.843200000000001
8.338799999999999
8.512
8.2276
8.023200000000001
7.5760000000000005
7.7328
8.18
7.839600000000001
7.6648000000000005
7.7636
7.7188
7.9632000000000005
7.974
7.1512
6.789199999999999
7.4024
7.4472000000000005
6.8991999999999996
6.653200000000001
6.4155999999999995
6.1312
5.900399999999999
6.002000000000001
6.0812
5.582000000000001
5.4204
5.9664
5.938
5.6196
5.4412
5.9188
6.1124
5.346799999999999
5.2088
4.9572
4.8424000000000005
4.4228
3.8568000000000002
3.4356
4.3180000000000005
4.3704
3.8952
4.5696
4.5012
4.01
3.6024000000000003
3.222
2.906
3.3184000000000005
2.6296
2.8644
3.2908
3.4172
3.3739999999999997
3.2692
3.6784
3.5263999999999998
2.8324000000000003
2.9307999999999996
3.0263999999999998
3.2264
3.1136
2.6708
2.2088
2.0776
2.2520000000000002
2.3148
2.8160000000000003
3.4352
3.9524
3.344
2.5632
2.5584000000000002
1.9972
1.4003999999999999
2.2812
2.9912
3.0244
