pet
0.442
0.3686666666666667
0.39066666666666666
0.35866666666666663
0.388
0.4086666666666667
0.45733333333333337
0.45666666666666667
0.5713333333333334
0.5619999999999999
0.5166666666666667
0.572
0.6419999999999999
0.5559999999999999
0.518
0.4746666666666667
0.46066666666666667
0.5453333333333333
0.7206666666666667
0.642
0.4
0.374
0.45866666666666667
0.37733333333333335
0.4733333333333334
0.38999999999999996
0.44133333333333336
0.4106666666666667
0.524
0.4053333333333333
0.6086666666666667
0.5359999999999999
0.5046666666666667
0.6333333333333333
0.7293333333333333
0.7579999999999999
0.6526666666666667
0.6286666666666666
0.5806666666666666
0.5893333333333334
0.788
1.0106666666666666
0.85
0.5446666666666666
0.5233333333333333
0.5953333333333333
0.5413333333333333
0.5579999999999999
0.6066666666666667
0.6046666666666667
0.6033333333333334
0.6533333333333334
0.6113333333333333
0.69
0.6173333333333333
0.7426666666666667
0.764
0.822
0.7413333333333333
0.7573333333333333
0.788
0.752
0.7426666666666667
0.7553333333333333
1.0126666666666666
1.1846666666666665
1.1233333333333333
1.056
1.1780000000000002
1.012
0.9706666666666667
0.856
1.2020000000000002
1.174
1.4333333333333333
1.4073333333333333
1.0886666666666664
0.9786666666666667
1.0286666666666666
1.0086666666666666
1.23
1.4653333333333334
1.472
1.3873333333333333
1.274
1.2506666666666668
1.4713333333333334
1.4893333333333334
1.6093333333333333
1.8066666666666669
1.8893333333333333
1.894
1.7313333333333332
1.568
1.7719999999999998
1.4406666666666665
1.2193333333333334
1.2933333333333332
1.5706666666666669
1.5526666666666666
1.4486666666666668
1.5721428571428573
1.535
1.6771428571428573
1.6521428571428571
1.8164285714285715
1.7864285714285713
1.5492857142857144
1.5350000000000001
1.6942857142857142
2.1392857142857142
2.415714285714286
2.25
2.3685714285714283
2.392857142857143
2.3207142857142857
2.457142857142857
2.3578571428571427
2.2535714285714286
2.2378571428571425
2.507142857142857
2.626428571428572
2.6471428571428572
2.343571428571429
2.222857142857143
2.4085714285714284
2.4450000000000003
2.4050000000000002
2.301428571428571
2.5435714285714286
2.5385714285714287
2.4699999999999998
2.5157142857142856
2.450714285714286
2.799285714285714
2.712142857142857
2.535
2.4307142857142856
2.552142857142857
2.619285714285714
2.3871428571428575
2.4285714285714284
2.6350000000000002
2.5707142857142857
2.6421428571428573
2.7507142857142854
2.7835714285714284
2.4114285714285715
2.6814285714285715
2.7885714285714287
2.8264285714285715
2.9771428571428573
2.6885714285714286
2.564285714285714
2.5135714285714283
2.7871428571428574
2.8164285714285713
2.7971428571428567
2.7049999999999996
2.920714285714286
2.657857142857143
2.7328571428571427
2.539285714285714
2.797857142857143
2.748571428571428
2.9714285714285715
3.007857142857143
3.150714285714286
3.1457142857142855
3.1671428571428573
2.9585714285714286
2.6028571428571428
2.5928571428571425
2.810714285714286
2.7935714285714286
2.5892857142857144
2.7464285714285714
2.560714285714286
2.9035714285714285
2.77
2.807857142857143
2.9185714285714286
2.884285714285714
2.834285714285714
2.815714285714286
2.787857142857143
2.794285714285714
2.7935714285714286
2.904285714285714
2.8721428571428573
2.9628571428571426
2.858571428571429
2.9664285714285716
2.9307142857142856
2.992142857142857
2.9714285714285715
2.915714285714286
2.815
3.067142857142857
3.1700000000000004
3.0692857142857144
2.9692857142857143
2.88
3.0635714285714286
3.049285714285714
2.917857142857143
2.96
3.02
3.1278571428571427
3.207857142857143
3.302857142857143
3.011428571428571
2.9707142857142856
2.9364285714285714
2.960714285714286
2.9200000000000004
3.1964285714285716
3.282857142857143
2.9285714285714284
2.9121428571428574
2.9614285714285713
3.0185714285714282
3.0807142857142855
2.7264285714285714
2.6664285714285714
2.65
2.7014285714285715
2.7078571428571427
2.777857142857143
2.8528571428571428
2.562857142857143
2.4814285714285718
2.483571428571428
2.540714285714286
2.5421428571428573
2.337142857142857
2.5321428571428575
2.1821428571428574
1.9085714285714286
1.9028571428571428
1.9392857142857143
2.005
2.0478571428571426
1.9742857142857144
2.197857142857143
2.097142857142857
2.275
2.3049999999999997
2.2607142857142857
2.0207142857142855
1.9157142857142857
1.8907142857142856
1.977857142857143
2.0385714285714287
1.7857142857142858
1.7885714285714285
1.5778571428571428
1.5042857142857142
1.4435714285714287
1.532142857142857
1.705
1.5192857142857144
1.5835714285714284
1.7
1.5021428571428572
1.5971428571428572
1.417142857142857
1.4192857142857143
1.477142857142857
1.4214285714285713
1.4764285714285716
1.5057142857142856
1.6164285714285713
1.4692857142857143
1.2192857142857143
1.1464285714285716
1.012857142857143
1.072142857142857
1.1164285714285715
1.102142857142857
1.28
1.304285714285714
1.3342857142857143
1.2185714285714284
1.147142857142857
1.2342857142857144
1.2321428571428572
1.1657142857142857
1.0757142857142858
0.7992857142857143
0.78
0.8907142857142858
0.835
0.9886666666666667
0.906
0.9053333333333333
0.972
0.998
0.882
0.896
0.916
0.93
0.852
0.6846666666666666
0.6713333333333333
0.7606666666666667
0.7726666666666666
0.696
0.682
0.638
0.6766666666666666
0.6713333333333333
0.5246666666666667
0.5626666666666666
0.5073333333333333
0.4553333333333333
0.506
0.40800000000000003
0.4393333333333333
0.28
0.32733333333333337
0.3686666666666667
0.392
0.2706666666666667
0.25666666666666665
0.24866666666666667
0.388
0.5113333333333333
0.55
0.49933333333333335
0.5293333333333333
0.5326666666666667
0.5153333333333333
0.584
0.5760000000000001
0.6846666666666666
0.5873333333333334
0.4793333333333333
0.4953333333333333
0.5493333333333333
0.3813333333333333
0.47866666666666663
0.368
0.4626666666666666
0.49733333333333335
0.626
0.4186666666666667
0.3266666666666666
0.24400000000000002
0.2793333333333333
0.3373333333333333
0.34933333333333333
0.27466666666666667
0.22333333333333333
0.25533333333333336
0.3606666666666667
0.45133333333333336
0.5426666666666667
0.36133333333333334
0.36666666666666664
0.43533333333333335
0.3326666666666666
0.4033333333333333
0.428
0.34199999999999997
