temperature
4.349333333333333
3.5493333333333337
3.79
4.188666666666666
4.473333333333333
4.328
4.229333333333333
4.352666666666666
4.882666666666666
4.966
4.522
5.382000000000001
5.786
5.432
4.956666666666666
4.602666666666667
4.544666666666667
5.211333333333333
5.776
5.344666666666667
4.412000000000001
3.8920000000000003
3.9873333333333334
3.6180000000000003
3.848
3.424
3.7760000000000002
3.75
4.474
3.9306666666666668
4.644666666666667
4.150666666666667
4.177333333333333
4.941333333333334
5.5360000000000005
5.302666666666667
4.711333333333333
4.618666666666667
4.216666666666667
4.335333333333334
5.620666666666667
6.690666666666667
6.011333333333334
4.174666666666667
3.865333333333333
4.6419999999999995
4.088666666666667
4.276666666666667
4.538666666666667
4.363333333333333
4.040666666666667
4.521333333333333
4.218
4.652
4.007333333333333
4.639333333333334
4.876666666666667
5.069333333333334
4.486000000000001
4.518
4.55
4.319333333333333
4.620666666666667
4.816
5.850666666666667
6.706666666666666
6.415333333333334
6.164000000000001
6.643333333333333
5.932
5.749333333333333
5.1706666666666665
6.646
6.6866666666666665
7.775333333333333
7.528666666666667
6.202
5.8
5.766
5.7540000000000004
6.6933333333333325
7.572
7.516666666666667
7.241333333333333
6.819999999999999
6.554666666666667
7.466666666666667
7.529333333333333
7.964666666666667
8.770000000000001
9.061333333333332
9.003333333333334
8.322666666666667
7.6226666666666665
8.410666666666666
7.156666666666667
6.176666666666667
6.35
7.614
7.5233333333333325
7.034666666666667
7.565714285714286
7.042857142857143
7.746428571428571
7.687857142857142
8.289285714285715
8.424285714285714
7.357142857142857
7.430714285714286
7.933571428571428
9.779285714285715
10.739999999999998
10.142857142857142
10.65
10.734285714285715
10.45142857142857
10.957142857142857
10.655714285714286
10.245000000000001
10.281428571428572
10.942142857142857
11.34
11.402857142857142
10.49
10.105
10.642857142857142
10.912142857142857
10.870714285714286
10.54857142857143
11.382142857142856
11.407142857142857
11.14
11.304285714285713
11.209285714285715
12.414285714285715
12.145714285714286
11.539285714285715
11.399285714285714
11.816428571428572
12.062142857142858
11.337857142857143
11.467857142857143
12.180714285714286
12.040714285714285
12.356428571428571
12.675714285714287
12.612142857142857
11.373571428571427
12.487142857142857
12.914285714285715
13.112142857142857
14.411428571428573
13.645714285714286
13.335714285714285
13.198571428571428
14.13642857142857
14.217857142857143
14.294285714285715
14.079285714285716
14.842142857142857
14.019285714285715
14.229285714285714
13.715714285714284
14.657857142857143
14.573571428571428
15.370000000000001
15.566428571428572
16.054285714285715
16.14857142857143
16.215714285714284
15.550714285714287
14.37142857142857
14.44357142857143
15.209285714285715
15.239285714285714
14.675714285714287
15.287857142857144
14.656428571428572
15.866428571428571
15.477857142857143
15.633571428571429
16.035
15.970714285714285
15.84
15.852857142857143
15.834999999999999
15.92357142857143
15.987142857142857
16.404285714285713
16.314285714285713
16.63142857142857
16.349285714285713
16.700714285714287
16.733571428571427
16.981428571428573
16.943571428571428
16.797857142857143
16.46
17.394285714285715
17.73785714285714
17.522142857142857
17.231428571428573
16.975714285714286
17.708571428571428
17.595
17.165
17.402142857142856
17.690714285714286
18.117142857142856
18.446428571428573
18.75142857142857
17.802857142857142
17.725
17.64785714285714
17.675
17.638571428571428
18.603571428571428
18.993571428571432
17.834285714285716
17.80142857142857
17.86857142857143
18.205714285714286
18.474999999999998
17.282142857142855
17.143571428571427
17.115714285714287
17.29642857142857
17.349285714285717
17.66857142857143
17.955000000000002
16.932142857142857
16.667142857142856
16.72142857142857
16.961428571428574
17.047142857142855
16.33214285714286
17.09
15.832857142857142
14.913571428571428
14.945714285714287
15.095
15.356428571428571
15.529285714285715
15.082142857142857
15.856428571428571
15.459285714285715
16.07
16.319285714285716
16.14
15.245714285714286
14.92357142857143
14.804285714285713
15.155714285714286
15.381428571428572
14.340714285714284
14.452142857142858
13.765714285714285
13.495714285714286
13.108571428571427
13.540714285714285
14.290000000000001
13.626428571428573
13.815714285714284
14.266428571428571
13.531428571428572
13.697857142857144
13.052857142857144
13.124285714285715
13.272857142857143
13.071428571428571
13.122857142857143
13.437142857142858
13.920714285714284
12.969285714285714
11.830714285714285
11.340714285714286
10.699285714285713
11.290714285714285
11.549285714285714
11.540000000000001
12.244285714285713
12.276428571428571
12.256428571428572
11.760714285714286
11.532142857142857
11.741428571428571
11.866428571428571
11.655714285714286
11.08
9.816428571428572
9.742857142857144
10.316428571428572
9.922142857142857
10.344
10.131333333333334
9.937333333333333
10.143333333333334
10.358666666666666
9.964666666666666
9.859333333333332
9.774666666666667
9.846666666666666
9.554666666666666
8.78
8.349333333333332
8.781333333333333
8.832666666666666
8.362
8.435333333333334
8.360666666666667
8.741999999999999
8.368
7.553333333333333
7.952
7.347333333333334
7.104666666666668
7.0473333333333334
6.302666666666667
6.548
5.535333333333333
5.378
5.589333333333333
5.8053333333333335
5.164000000000001
4.862666666666667
5.193333333333333
5.620666666666667
6.619333333333333
6.728
6.5566666666666675
6.623333333333334
6.184
6.334666666666666
6.596666666666667
6.439333333333334
6.692666666666667
6.144
5.550666666666667
5.513999999999999
5.6899999999999995
4.870666666666667
5.332
4.652666666666666
4.97
5.26
6.026666666666667
5.110666666666666
3.9766666666666666
3.6599999999999997
3.771333333333333
4.006666666666667
4.005333333333334
3.256666666666667
2.6133333333333337
3.04
3.768666666666667
4.291333333333333
5.123333333333333
3.974666666666667
3.523333333333333
3.400666666666667
3.0826666666666664
3.3040000000000003
3.8753333333333333
3.444666666666667
