pet
0.51625
0.4058333333333333
0.4320833333333334
0.37083333333333335
0.4183333333333334
0.4191666666666667
0.5479166666666667
0.4483333333333333
0.4366666666666667
0.41291666666666665
0.5158333333333334
0.49041666666666667
0.47541666666666665
0.41583333333333333
0.53625
0.4845833333333333
0.3545833333333333
0.5133333333333333
0.6124999999999999
0.46541666666666665
0.3741666666666667
0.42041666666666666
0.4375
0.4058333333333333
0.50625
0.4775
0.55
0.62125
0.5804166666666667
0.51125
0.6454166666666666
0.6704166666666667
0.6770833333333334
0.5954166666666666
0.715
0.7108333333333333
0.5183333333333333
0.6075
0.605
0.48500000000000004
0.5095833333333334
0.61625
0.6337499999999999
0.49041666666666667
0.6133333333333334
0.7566666666666667
0.7145833333333332
0.77875
0.6945833333333332
0.8029166666666666
0.7937500000000001
0.9320833333333334
0.8591666666666667
0.8908333333333333
0.80875
0.8154166666666667
0.7804166666666666
0.82125
0.7504166666666667
0.745
0.8020833333333334
0.7545833333333333
0.7075
0.7216666666666667
0.9279166666666666
1.0925
1.2483333333333333
1.33375
1.3041666666666667
1.2516666666666667
1.20625
1.0391666666666668
1.3604166666666666
1.5191666666666668
1.4270833333333333
1.3941666666666668
1.2858333333333334
1.32
1.2825
1.4304166666666667
1.3583333333333334
1.4541666666666666
1.4516666666666669
1.4958333333333333
1.5274999999999999
1.52625
1.7370833333333333
1.68
1.8483333333333334
1.7691666666666668
1.7529166666666667
1.7991666666666666
1.83875
1.71375
1.78
1.77125
1.5504166666666668
1.7395833333333333
1.9158333333333335
1.7983333333333336
1.7658333333333334
1.8425
1.9241666666666666
1.98625
2.0733333333333333
1.9920833333333334
2.13
2.0070833333333336
2.015
2.2729166666666667
2.5241666666666664
2.4904166666666665
2.526666666666667
2.5887499999999997
2.3379166666666666
2.205833333333333
2.1729166666666666
2.185
1.99125
2.231666666666667
2.3445833333333335
2.38125
2.4583333333333335
2.422083333333333
2.5733333333333333
2.685833333333333
2.9408333333333334
2.84375
2.876666666666667
3.0216666666666665
2.8441666666666667
2.6925000000000003
2.65
2.5054166666666666
2.719583333333333
2.750833333333333
2.7091666666666665
2.7220833333333334
2.7754166666666666
2.762916666666667
2.86375
2.8966666666666665
2.9754166666666664
2.935833333333333
3.0554166666666664
3.1245833333333333
3.14875
3.0399999999999996
3.0416666666666665
2.969583333333333
3.0058333333333334
3.268333333333333
3.0400000000000005
2.9670833333333335
2.7550000000000003
2.625
2.63125
2.61125
2.73625
2.9333333333333336
2.8195833333333336
2.8654166666666665
2.67
2.8829166666666666
2.9308333333333336
2.90875
3.1437500000000003
3.1625
3.120416666666667
3.0366666666666666
2.856666666666667
2.9012499999999997
2.7983333333333333
2.975
2.9783333333333335
3.09625
3.2541666666666664
3.075833333333333
3.1145833333333335
3.1637500000000003
3.111666666666667
3.2154166666666666
3.1279166666666662
3.0795833333333333
2.99875
3.034166666666667
3.1075
3.1108333333333333
3.1029166666666668
3.1679166666666667
3.0720833333333335
2.9949999999999997
2.9745833333333334
2.9583333333333335
3.1358333333333337
3.1175
3.27
3.2808333333333333
3.4766666666666666
3.4654166666666666
3.077916666666667
3.1029166666666668
3.02875
3.1633333333333336
3.1925000000000003
3.37875
3.1904166666666662
3.0875
3.03375
2.9020833333333336
2.8241666666666667
2.93375
3.0237499999999997
2.90875
2.98375
2.873333333333333
2.89125
2.8216666666666668
2.7441666666666666
2.9183333333333334
2.73625
2.6354166666666665
2.8683333333333336
2.73875
2.811666666666667
2.6491666666666664
2.5658333333333334
2.4570833333333333
2.49625
2.4858333333333333
2.365416666666667
2.339583333333333
2.42875
2.56625
2.4216666666666664
2.2866666666666666
2.5825
2.3720833333333333
2.2041666666666666
2.0933333333333333
2.0379166666666664
1.97875
1.8979166666666665
1.95125
2.23625
2.249166666666667
2.3016666666666667
2.2741666666666664
2.1641666666666666
2.0320833333333335
2.1158333333333332
1.9858333333333331
2.2883333333333336
2.1216666666666666
1.9991666666666668
1.8795833333333334
1.7808333333333335
1.8191666666666668
1.7320833333333334
1.6104166666666666
1.6458333333333333
1.70375
1.7341666666666666
1.7133333333333332
1.63375
1.5916666666666668
1.4708333333333332
1.4104166666666667
1.46125
1.5241666666666667
1.53875
1.5216666666666667
1.5529166666666667
1.4017391304347826
1.3682608695652174
1.3047826086956522
1.1978260869565218
1.2752173913043479
1.1252173913043477
1.0769565217391304
1.2904347826086957
1.2482608695652175
1.416086956521739
1.0969565217391304
1.1243478260869566
1.1291304347826085
0.9982608695652174
1.0130434782608695
1.0191304347826087
0.9039130434782608
0.9652173913043478
0.8473913043478261
0.8908695652173914
0.9378260869565217
0.7847826086956522
1.0404347826086957
0.9843478260869566
1.0569565217391304
0.9747826086956523
0.9508695652173913
1.0313043478260868
0.9647826086956522
1.0369565217391306
0.9973913043478262
0.8560869565217392
0.7878260869565218
0.6734782608695652
0.6408695652173914
0.63
0.5965217391304348
0.46956521739130436
0.5652173913043478
0.6321739130434783
0.731304347826087
0.6891304347826087
0.601304347826087
0.6443478260869565
0.5904347826086956
0.6395652173913043
0.49374999999999997
0.5616666666666666
0.5483333333333333
0.45416666666666666
0.49875
0.5079166666666667
0.445
0.3804166666666667
0.48
0.46625
0.46625
0.5079166666666667
0.5179166666666667
0.445
0.48125
0.4320833333333334
0.44
0.3120833333333333
0.3545833333333333
0.50625
0.56625
0.4175
0.42083333333333334
0.31916666666666665
0.29541666666666666
0.32916666666666666
0.50875
0.40208333333333335
0.4483333333333333
0.42333333333333334
0.3741666666666667
0.3466666666666667
0.3183333333333333
0.27999999999999997
0.4141666666666666
0.5858333333333333
0.6116666666666667
0.6758333333333333
0.5841666666666667
0.4895833333333333
0.48833333333333334
0.4695833333333333
0.34791666666666665
0.5470833333333334
0.5895833333333333
0.5916666666666667
