temperature
3.693157894736842
3.093684210526316
2.4973684210526317
3.026315789473684
4.165789473684211
3.278421052631579
3.8299999999999996
4.293157894736843
4.341052631578948
3.7915789473684214
3.521052631578948
4.232631578947369
4.55
4.334210526315789
4.285789473684211
3.538421052631579
3.444736842105263
3.93
4.518421052631578
4.636842105263158
4.28421052631579
3.727894736842105
3.8142105263157893
3.4947368421052634
2.9905263157894737
3.0294736842105263
2.917894736842105
3.038421052631579
3.448421052631579
3.56
3.464210526315789
3.642105263157895
4.278947368421052
5.041052631578947
5.239473684210526
5.352631578947369
5.415263157894737
4.471052631578948
3.9010526315789478
3.724736842105263
3.97421052631579
4.806842105263158
4.2573684210526315
3.5742105263157895
3.7084210526315786
4.192105263157895
3.2642105263157895
3.9947368421052634
4.106315789473684
4.142631578947368
3.821578947368421
3.909473684210526
4.09
4.595263157894737
3.5894736842105264
3.7005263157894737
4.106315789473684
4.851578947368421
4.292105263157895
3.6873684210526316
3.666315789473684
4.131052631578947
4.942631578947368
5.430526315789473
5.738421052631579
6.268421052631578
5.699473684210527
5.96157894736842
6.237368421052632
5.559473684210526
5.643684210526316
5.856842105263158
6.25
6.470000000000001
7.075263157894737
7.466842105263158
6.17
6.023684210526316
6.642631578947368
6.508947368421053
6.7789473684210515
6.900526315789475
6.133157894736843
5.894736842105263
5.881578947368421
6.3852631578947365
5.888947368421053
6.77421052631579
7.39421052631579
8.056842105263158
7.39578947368421
7.042105263157896
6.441052631578947
6.321052631578947
6.7105263157894735
6.4857894736842105
5.727894736842106
6.323157894736842
7.246842105263158
7.305263157894737
7.360526315789474
7.006842105263158
6.034210526315789
6.714210526315789
6.691578947368421
7.776315789473684
7.122631578947369
7.3373684210526315
7.667368421052632
7.98
9.263684210526316
9.271052631578948
8.980526315789474
9.062105263157894
8.981052631578947
9.26
9.312631578947368
9.375789473684211
9.413157894736841
9.613157894736842
9.64
9.842631578947367
9.942105263157895
10.226842105263158
9.365263157894736
9.465263157894737
10.407894736842104
10.193157894736842
10.142631578947368
10.108421052631579
9.764736842105263
10.05578947368421
9.851052631578947
10.437368421052632
10.935263157894738
10.971578947368421
10.687368421052632
10.115
10.952777777777778
11.267777777777777
10.943888888888889
11.493333333333332
11.632222222222222
11.552777777777777
11.443333333333333
11.798333333333334
11.39
11.862777777777778
12.737777777777778
12.07888888888889
12.807222222222222
12.931666666666665
12.296111111111111
11.739444444444445
11.01
12.358333333333333
12.901666666666666
11.967777777777778
12.539444444444445
13.053333333333335
12.503888888888888
12.378333333333334
12.478333333333333
13.458333333333334
13.113888888888889
13.52
13.98611111111111
14.036666666666667
14.327777777777776
14.304444444444446
13.928333333333335
13.601111111111111
13.627222222222223
13.12611111111111
14.124444444444444
14.493333333333332
14.77222222222222
14.347222222222221
14.552777777777777
14.725555555555555
14.74888888888889
14.469999999999999
14.65111111111111
15.040000000000001
15.108888888888888
14.895555555555555
15.729444444444445
15.844444444444443
15.27111111111111
14.99888888888889
15.560555555555554
15.551666666666668
15.472222222222221
15.735000000000001
16.08555555555556
16.146666666666665
15.962222222222222
15.141666666666667
15.61111111111111
16.63888888888889
16.696111111111108
15.922222222222224
16.156111111111112
16.302777777777777
15.88888888888889
15.533888888888889
16.145
16.688888888888886
16.879444444444445
17.463333333333335
16.86388888888889
16.382777777777775
16.700555555555557
16.808888888888887
16.666666666666668
16.127222222222223
16.082222222222224
16.95888888888889
16.099444444444444
16.21055555555556
16.176666666666666
16.36777777777778
16.60111111111111
15.935555555555558
16.59777777777778
16.485
16.308333333333334
16.09
15.985000000000001
16.149444444444445
16.468333333333334
16.07
16.344444444444445
15.613888888888889
15.348333333333333
15.152777777777779
15.153333333333332
14.148333333333333
13.922777777777776
14.707777777777778
14.43388888888889
14.13
13.972777777777777
14.596666666666668
14.84388888888889
14.090555555555556
13.504444444444445
13.929444444444446
13.703333333333333
14.079444444444444
13.425
13.721666666666668
13.788333333333334
13.408333333333333
13.059999999999999
13.149999999999999
12.43388888888889
12.717777777777778
12.526111111111112
13.240555555555556
13.123888888888889
13.038888888888888
12.934444444444445
13.516666666666667
12.51
12.275555555555556
11.774999999999999
11.824444444444445
11.800555555555555
11.83388888888889
12.34
12.243888888888888
12.383333333333333
11.920555555555556
11.697222222222223
11.136666666666667
11.229999999999999
11.447222222222223
11.327777777777778
10.710555555555555
11.227222222222222
11.740555555555556
10.263333333333334
10.312222222222223
10.658888888888889
10.682777777777778
10.048333333333334
9.867222222222223
9.848333333333334
9.136666666666667
9.101666666666667
9.117222222222223
8.710555555555555
9.486666666666666
9.015
8.767777777777777
9.17
9.403333333333332
8.89111111111111
9.149444444444445
8.312222222222223
7.799444444444443
7.703333333333333
7.774444444444445
7.728333333333334
7.998333333333333
7.69888888888889
7.327222222222222
7.373888888888889
7.02
7.829444444444444
6.782222222222222
6.7877777777777775
7.5249999999999995
7.461111111111112
7.211666666666667
6.469444444444445
6.181111111111111
6.276111111111111
5.969444444444445
5.476666666666667
6.098333333333333
5.852777777777778
4.973333333333333
4.764444444444445
4.460555555555556
5.012222222222222
5.533888888888889
5.990555555555556
5.651666666666667
5.225
5.355555555555555
5.412777777777778
6.156666666666666
5.867222222222222
5.891666666666667
5.653333333333332
4.843333333333334
5.028333333333333
4.58
3.7866666666666666
3.822222222222222
3.83
4.296666666666667
4.7011111111111115
4.833333333333333
4.278333333333332
3.4466666666666668
3.986111111111111
4.613333333333333
4.65
3.900555555555556
3.671111111111111
3.046111111111111
3.6405555555555558
4.21
4.271111111111111
4.72
4.005
3.835
3.565
3.8077777777777775
3.104444444444445
3.223888888888889
2.5783333333333336
