pet
0.4788461538461538
0.3873076923076923
0.38576923076923075
0.34423076923076923
0.3576923076923077
0.36961538461538457
0.4888461538461538
0.4773076923076923
0.42346153846153844
0.3719230769230769
0.45576923076923076
0.45153846153846156
0.4330769230769231
0.39807692307692305
0.4519230769230769
0.41000000000000003
0.3626923076923077
0.47115384615384615
0.5257692307692308
0.4257692307692308
0.30615384615384617
0.40269230769230774
0.4084615384615385
0.35500000000000004
0.4
0.4242307692307692
0.46384615384615385
0.5265384615384615
0.5092307692307693
0.41346153846153844
0.5188461538461538
0.5807692307692307
0.5946153846153847
0.5292307692307692
0.6711538461538461
0.6992307692307692
0.5411538461538462
0.5219230769230769
0.535
0.5061538461538462
0.49807692307692314
0.6176923076923077
0.5496153846153846
0.44846153846153847
0.545
0.6900000000000001
0.6215384615384616
0.7142307692307692
0.6234615384615385
0.7246153846153847
0.7369230769230769
0.8288461538461539
0.7669230769230769
0.836923076923077
0.7773076923076924
0.7734615384615384
0.7584615384615384
0.7607692307692309
0.7323076923076923
0.7019230769230769
0.7638461538461538
0.7434615384615384
0.6792307692307692
0.7269230769230769
0.8661538461538462
0.9719230769230769
1.0403846153846155
1.1284615384615384
1.1303846153846153
1.0926923076923076
1.1503846153846153
0.9715384615384616
1.253076923076923
1.3703846153846155
1.3626923076923076
1.2484615384615385
1.191153846153846
1.0988461538461538
1.1742307692307692
1.185769230769231
1.1796153846153847
1.2669230769230768
1.3365384615384615
1.3557692307692308
1.3842307692307694
1.4084615384615384
1.488076923076923
1.5626923076923078
1.6573076923076921
1.6042307692307693
1.5561538461538462
1.6842307692307692
1.643076923076923
1.5623076923076922
1.6565384615384615
1.5542307692307693
1.4830769230769232
1.5496153846153846
1.7473076923076922
1.6915384615384614
1.6188461538461536
1.6446153846153846
1.6815384615384614
1.7934615384615382
1.8473076923076923
1.7842307692307693
1.8223076923076924
1.808846153846154
1.8442307692307693
1.981923076923077
2.271153846153846
2.2334615384615386
2.2684615384615388
2.2853846153846153
2.123846153846154
2.026923076923077
2.058846153846154
2.1223076923076922
2.0342307692307693
2.0773076923076923
2.250384615384615
2.1903846153846156
2.206923076923077
2.1796153846153845
2.2546153846153847
2.430769230769231
2.5603846153846153
2.5865384615384617
2.701923076923077
2.842307692307692
2.7096153846153848
2.4523076923076923
2.455
2.3196153846153846
2.483846153846154
2.703461538461539
2.6334615384615385
2.5353846153846153
2.548076923076923
2.6234615384615383
2.6546153846153846
2.5788461538461536
2.667692307692308
2.695
2.881923076923077
2.7992307692307694
2.8092307692307688
2.7365384615384616
2.772307692307692
2.7830769230769232
2.7392307692307694
2.8449999999999998
2.8165384615384617
2.5634615384615387
2.5373076923076923
2.4650000000000003
2.468461538461538
2.375
2.542307692307692
2.648076923076923
2.5276923076923077
2.582307692307692
2.5507692307692307
2.5138461538461536
2.7357692307692307
2.648076923076923
2.791923076923077
2.8784615384615386
2.8503846153846153
2.835384615384615
2.7403846153846154
2.6550000000000002
2.534615384615385
2.7207692307692306
2.766153846153846
2.7546153846153847
2.878076923076923
2.7803846153846155
2.7719230769230765
2.805769230769231
2.729230769230769
2.9042307692307694
2.8765384615384617
2.753846153846154
2.791153846153846
2.918846153846154
2.816923076923077
2.742692307692308
2.7849999999999997
2.7930769230769235
2.7523076923076926
2.707692307692308
2.607307692307692
2.668846153846154
2.7665384615384614
2.8596153846153842
2.9042307692307694
2.909615384615385
2.9846153846153842
3.1630769230769227
2.8157692307692304
2.7600000000000002
2.7173076923076924
2.8638461538461537
2.960384615384615
3.005
2.8803846153846155
2.838846153846154
2.789230769230769
2.7365384615384616
2.5634615384615387
2.581153846153846
2.7657692307692305
2.6076923076923078
2.6542307692307694
2.5930769230769233
2.68
2.6715384615384616
2.5961538461538463
2.7207692307692306
2.649230769230769
2.561923076923077
2.6715384615384616
2.5334615384615384
2.5111538461538463
2.4661538461538464
2.3103846153846153
2.2169230769230768
2.363076923076923
2.3403846153846155
2.227307692307692
2.173076923076923
2.2365384615384616
2.2580769230769233
2.169230769230769
2.108846153846154
2.328846153846154
2.143846153846154
1.945
1.8880769230769232
1.8788461538461538
1.82
1.786923076923077
1.7780769230769229
1.9807692307692308
2.0134615384615384
1.9961538461538462
2.0461538461538464
1.9353846153846155
1.8723076923076922
1.9196153846153845
1.8242307692307693
2.0
1.9226923076923077
1.7396153846153848
1.6319230769230768
1.5607692307692307
1.616923076923077
1.6019230769230768
1.4673076923076922
1.536153846153846
1.5273076923076923
1.6165384615384615
1.5265384615384614
1.4403846153846156
1.463076923076923
1.3661538461538463
1.3111538461538463
1.2884615384615385
1.3792307692307693
1.406923076923077
1.3426923076923076
1.4303846153846154
1.3623076923076924
1.275
1.16
1.1507692307692308
1.1353846153846154
1.0357692307692308
0.9846153846153847
1.1242307692307691
1.1734615384615386
1.2096153846153845
0.9688461538461539
1.0038461538461538
1.0757692307692308
0.9546153846153846
0.88
0.9603846153846154
0.8150000000000001
0.925
0.8611538461538462
0.9203846153846154
0.9723076923076923
0.8503846153846154
0.9411538461538461
0.9565384615384616
0.9980769230769231
0.8580769230769231
0.9403846153846154
0.895
0.89
0.8696153846153846
0.8784615384615384
0.7730769230769231
0.791923076923077
0.7011538461538461
0.6003846153846154
0.6496153846153846
0.6
0.5399999999999999
0.5442307692307693
0.551923076923077
0.661923076923077
0.6396153846153846
0.5403846153846155
0.5838461538461538
0.5092307692307693
0.5942307692307692
0.4953846153846154
0.45576923076923076
0.4746153846153846
0.40576923076923077
0.42038461538461536
0.46576923076923077
0.45461538461538464
0.39384615384615385
0.44423076923076926
0.4146153846153846
0.46923076923076923
0.4553846153846154
0.5111538461538461
0.4326923076923077
0.4476923076923077
0.4176923076923077
0.42653846153846153
0.31846153846153846
0.3
0.41615384615384615
0.49153846153846154
0.38423076923076926
0.4326923076923077
0.3211538461538461
0.31346153846153846
0.33692307692307694
0.40192307692307694
0.3057692307692308
0.35076923076923083
0.3776923076923077
0.34307692307692306
0.34423076923076923
0.3507692307692307
0.3515384615384616
0.37538461538461537
0.5069230769230769
0.5538461538461539
0.6634615384615384
0.5869230769230769
0.44
0.4157692307692308
0.3761538461538461
0.26346153846153847
0.40115384615384614
0.5107692307692309
0.4653846153846154
