pet
0.5492307692307693
0.4819230769230769
0.47576923076923083
0.4357692307692308
0.43115384615384617
0.4269230769230769
0.6
0.5226923076923077
0.5392307692307692
0.5138461538461538
0.5738461538461539
0.5876923076923076
0.5288461538461539
0.4746153846153846
0.5484615384615384
0.46269230769230774
0.3942307692307692
0.5088461538461538
0.6196153846153846
0.5115384615384616
0.3288461538461539
0.4184615384615385
0.4776923076923077
0.455
0.5184615384615385
0.5080769230769231
0.5584615384615385
0.6265384615384615
0.605
0.4969230769230769
0.6353846153846153
0.6742307692307693
0.6607692307692308
0.6465384615384615
0.821923076923077
0.7969230769230768
0.6661538461538462
0.6038461538461538
0.7023076923076924
0.6546153846153846
0.61
0.7396153846153847
0.6880769230769231
0.6196153846153846
0.6888461538461539
0.8707692307692307
0.7492307692307693
0.8388461538461539
0.7365384615384615
0.8673076923076923
0.9765384615384616
1.0076923076923077
0.9457692307692308
1.0323076923076924
0.9273076923076923
0.9115384615384615
0.8965384615384615
0.8169230769230769
0.816923076923077
0.7373076923076923
0.8288461538461539
0.7957692307692308
0.7346153846153847
0.8384615384615385
0.9134615384615384
1.1107692307692307
1.169230769230769
1.3703846153846155
1.25
1.2923076923076924
1.3034615384615384
1.1211538461538462
1.4276923076923076
1.5169230769230768
1.5726923076923076
1.4438461538461538
1.3703846153846153
1.2992307692307692
1.281923076923077
1.3253846153846154
1.2415384615384615
1.3846153846153846
1.3742307692307694
1.5076923076923079
1.411153846153846
1.4280769230769228
1.6638461538461538
1.7692307692307692
1.9869230769230768
1.9273076923076924
1.8573076923076923
1.9923076923076921
1.9319230769230769
1.9130769230769231
2.020769230769231
1.8507692307692307
1.6419230769230768
1.7596153846153846
1.9996153846153848
1.9023076923076923
1.7273076923076922
1.8503846153846153
1.9623076923076925
2.0446153846153847
2.0265384615384616
1.9723076923076923
2.1223076923076922
2.021923076923077
2.004230769230769
2.103846153846154
2.512307692307693
2.7192307692307693
2.7946153846153843
2.826923076923077
2.525384615384615
2.2446153846153845
2.4384615384615382
2.3253846153846154
2.186153846153846
2.329230769230769
2.5576923076923075
2.685
2.623076923076923
2.583076923076923
2.839230769230769
2.9080769230769232
3.020769230769231
3.1407692307692305
3.375
3.2188461538461537
2.866153846153846
2.8984615384615386
2.8734615384615383
2.6711538461538464
2.917692307692308
3.272692307692308
3.06
3.1173076923076923
3.302692307692308
3.206538461538462
3.085769230769231
3.0734615384615385
3.255
3.049615384615384
3.191923076923077
3.2653846153846158
3.226153846153846
3.136923076923077
3.0453846153846156
2.9665384615384616
3.013076923076923
3.210769230769231
3.1334615384615385
2.8288461538461536
2.675769230769231
2.6376923076923076
2.6276923076923073
2.751923076923077
2.791923076923077
2.9973076923076927
2.828076923076923
2.9092307692307693
2.8476923076923075
3.0776923076923075
2.953076923076923
3.039230769230769
3.2346153846153842
3.3746153846153844
3.177692307692308
3.224615384615385
3.0773076923076923
2.9584615384615387
2.9484615384615385
3.095769230769231
3.1284615384615386
2.920769230769231
2.9888461538461537
3.119230769230769
2.9884615384615385
3.0930769230769233
3.0215384615384617
3.2607692307692306
3.2715384615384617
3.0907692307692307
3.356923076923077
3.4711538461538463
3.212307692307692
3.1769230769230767
3.104230769230769
3.13
3.332692307692308
3.071923076923077
2.941923076923077
2.979230769230769
3.0319230769230767
3.125384615384615
3.42
3.4203846153846156
3.5326923076923076
3.8453846153846154
3.446153846153846
3.2392307692307694
3.1711538461538464
3.5138461538461536
3.5803846153846157
3.443076923076923
3.4673076923076924
3.42
3.2807692307692307
3.3469230769230767
3.1257692307692304
3.068076923076923
3.329230769230769
3.230769230769231
3.2507692307692304
3.0349999999999997
3.215384615384615
3.4450000000000003
3.159615384615385
3.236923076923077
2.918846153846154
2.927692307692308
3.2396153846153846
2.9676923076923076
3.1396153846153845
3.023846153846154
2.9292307692307693
2.6765384615384615
2.9296153846153845
2.959230769230769
2.8457692307692306
2.7676923076923075
2.8596153846153842
2.8815384615384616
2.7880769230769227
2.5330769230769232
2.6769230769230767
2.43
2.2376923076923076
2.3596153846153847
2.2961538461538464
2.063076923076923
2.098846153846154
2.1496153846153847
2.3884615384615384
2.3734615384615383
2.4273076923076924
2.5349999999999997
2.3476923076923075
2.3038461538461537
2.1823076923076923
2.2438461538461536
2.318846153846154
2.3665384615384615
2.0349999999999997
1.941923076923077
1.9530769230769232
1.878076923076923
1.835
1.6265384615384615
1.8838461538461537
1.8715384615384616
1.8696153846153847
1.8061538461538462
1.9476923076923076
1.7407692307692306
1.6630769230769231
1.6415384615384616
1.448076923076923
1.6926923076923077
1.768076923076923
1.6561538461538463
1.6846153846153844
1.6284615384615386
1.4796153846153846
1.5069230769230768
1.2865384615384616
1.4257692307692307
1.0784615384615384
1.1976923076923076
1.3434615384615385
1.3176923076923077
1.4884615384615385
1.3007692307692307
1.2615384615384615
1.3711538461538462
1.2096153846153845
1.1784615384615384
1.2015384615384614
0.9507692307692307
1.1007692307692307
1.0788461538461538
1.0565384615384614
1.2076923076923076
1.0076923076923077
1.1046153846153846
1.1865384615384615
1.2046153846153846
1.0715384615384616
1.0415384615384615
1.0423076923076924
0.9784615384615385
1.085
1.0084615384615385
0.8873076923076924
0.8934615384615385
0.8092307692307692
0.6811538461538462
0.7480769230769231
0.6846153846153846
0.6461538461538462
0.6603846153846155
0.6546153846153846
0.7396153846153847
0.7003846153846154
0.6499999999999999
0.568076923076923
0.6026923076923076
0.6861538461538461
0.5565384615384615
0.5930769230769231
0.5607692307692308
0.4634615384615384
0.4273076923076923
0.5230769230769231
0.5023076923076923
0.3811538461538462
0.4603846153846154
0.455
0.49038461538461536
0.5765384615384616
0.5742307692307692
0.52
0.49923076923076926
0.4357692307692308
0.47807692307692307
0.3396153846153846
0.32961538461538464
0.58
0.6069230769230769
0.4553846153846154
0.45461538461538464
0.3857692307692308
0.4403846153846154
0.4407692307692308
0.5303846153846155
0.48000000000000004
0.4153846153846154
0.5026923076923077
0.4507692307692308
0.365
0.39192307692307693
0.4253846153846154
0.4569230769230769
0.5884615384615385
0.6392307692307693
0.7430769230769231
0.7400000000000001
0.5188461538461538
0.543076923076923
0.49038461538461536
0.33076923076923076
0.44730769230769235
0.6261538461538462
0.6003846153846154
