pet
0.4766666666666667
0.38619047619047614
0.2552380952380952
0.3395238095238095
0.4071428571428572
0.31523809523809526
0.3385714285714286
0.3947619047619048
0.48047619047619045
0.43952380952380954
0.3871428571428572
0.3561904761904762
0.4228571428571428
0.44
0.4657142857142857
0.4147619047619048
0.3357142857142857
0.3719047619047619
0.42095238095238097
0.48571428571428565
0.4961904761904762
0.3857142857142857
0.4333333333333333
0.3561904761904762
0.27476190476190476
0.3780952380952381
0.3128571428571429
0.43952380952380954
0.5133333333333334
0.49952380952380954
0.5328571428571428
0.5485714285714286
0.5833333333333334
0.649047619047619
0.6876190476190476
0.7785714285714287
0.6619047619047619
0.429047619047619
0.4604761904761905
0.48142857142857143
0.4185714285714286
0.5085714285714286
0.5547619047619048
0.46238095238095245
0.5619047619047619
0.4576190476190476
0.44619047619047625
0.5257142857142857
0.5414285714285715
0.5766666666666667
0.48714285714285716
0.5090476190476191
0.6366666666666667
0.641904761904762
0.5071428571428571
0.5471428571428572
0.559047619047619
0.690952380952381
0.5766666666666667
0.5838095238095238
0.55
0.5995238095238096
0.7804761904761905
0.8633333333333333
1.0252380952380953
1.1247619047619049
0.9557142857142857
1.0504761904761903
1.019047619047619
1.0661904761904761
1.1285714285714286
1.1461904761904762
1.0480952380952382
0.9771428571428571
1.0019047619047619
1.0266666666666666
0.8323809523809524
0.9190476190476191
0.9285714285714286
0.9338095238095238
0.9952380952380951
0.9766666666666668
1.0252380952380953
1.061904761904762
1.062857142857143
1.016190476190476
1.0709523809523809
1.2714285714285714
1.3866666666666667
1.420952380952381
1.4314285714285715
1.1471428571428572
1.0261904761904763
1.2485714285714284
1.3223809523809524
1.4447619047619047
1.4076190476190475
1.4252380952380952
1.5071428571428571
1.575238095238095
1.4614285714285715
1.3657142857142857
1.3185714285714287
1.5404761904761906
1.5238095238095237
1.5485714285714287
1.5685714285714285
1.582857142857143
1.5071428571428571
1.7261904761904763
1.8919047619047618
1.764761904761905
1.8295238095238096
2.012380952380952
1.915714285714286
1.9871428571428573
2.092857142857143
2.139047619047619
2.213809523809524
2.196190476190476
2.3085714285714283
2.3576190476190475
2.432380952380952
2.333809523809524
2.110952380952381
2.394761904761905
2.42
2.3042857142857143
2.281904761904762
2.368095238095238
2.375238095238095
2.494285714285714
2.559047619047619
2.659047619047619
2.713809523809524
2.452857142857143
2.4366666666666665
2.3395238095238096
2.467142857142857
2.7347619047619047
2.524285714285714
2.5366666666666666
2.890952380952381
2.744761904761905
2.643809523809524
2.604285714285714
2.6814285714285715
2.639047619047619
2.699047619047619
2.875714285714286
2.828095238095238
2.586190476190476
2.3866666666666667
2.3185714285714285
2.334761904761905
2.314761904761905
2.2604761904761905
2.3123809523809524
2.4304761904761905
2.5414285714285714
2.4433333333333334
2.2076190476190476
2.2338095238095237
2.4957142857142856
2.321904761904762
2.383809523809524
2.4314285714285715
2.589047619047619
2.4766666666666666
2.892380952380952
2.674285714285714
2.386190476190476
2.298095238095238
2.2476190476190476
2.4909523809523813
2.5504761904761906
2.5490476190476192
2.5038095238095237
2.59
2.6738095238095236
2.4571428571428573
2.294761904761905
2.4066666666666667
2.5085714285714285
2.605714285714286
2.586190476190476
2.7785714285714285
2.71
2.5823809523809524
2.5623809523809524
2.5033333333333334
2.586190476190476
2.334761904761905
2.44
2.4376190476190476
2.144285714285714
2.204285714285714
2.1399999999999997
2.383809523809524
2.760952380952381
2.586190476190476
2.4985714285714287
2.583809523809524
2.585238095238095
2.5742857142857143
2.565238095238095
2.538095238095238
2.4885714285714284
2.371904761904762
2.283809523809524
2.336190476190476
2.281428571428571
2.412380952380952
2.4333333333333336
2.260952380952381
2.121904761904762
2.135238095238095
2.297142857142857
2.1185714285714288
2.2561904761904765
2.0685714285714285
2.1619047619047618
2.1333333333333333
2.043333333333333
2.1
2.045714285714286
1.9780952380952381
1.8828571428571428
1.8952380952380952
2.0604761904761904
2.1695238095238096
2.0619047619047617
1.9342857142857142
1.8019047619047617
1.7971428571428572
1.8885714285714283
1.7642857142857142
1.75
1.7571428571428571
1.898095238095238
1.7680952380952382
1.7047619047619047
1.7676190476190474
1.6866666666666668
1.8314285714285714
1.74
1.667142857142857
1.5066666666666666
1.3995238095238096
1.4747619047619047
1.4566666666666666
1.4766666666666668
1.4585714285714286
1.3823809523809525
1.2423809523809524
1.1438095238095238
1.1942857142857144
1.2909523809523809
1.2576190476190476
1.3842857142857143
1.2814285714285714
1.3257142857142856
1.4285714285714286
1.2752380952380953
1.217142857142857
1.31
1.060952380952381
1.0052380952380953
1.1261904761904762
1.130952380952381
1.2566666666666666
1.2895238095238095
1.3523809523809522
1.0828571428571427
1.159047619047619
1.1271428571428572
1.1023809523809522
0.9514285714285714
0.9423809523809523
0.8833333333333334
0.9852380952380952
1.0057142857142858
0.8128571428571428
0.8366666666666667
0.8166666666666667
0.9438095238095239
0.9561904761904761
0.8938095238095238
0.8976190476190476
0.7714285714285714
0.7323809523809525
0.6914285714285714
0.6876190476190476
0.6880952380952381
0.6942857142857143
0.7566666666666667
0.7133333333333334
0.6880952380952381
0.6614285714285715
0.5628571428571428
0.5442857142857143
0.5647619047619047
0.6338095238095237
0.628095238095238
0.6476190476190476
0.5923809523809523
0.6090476190476191
0.5047619047619047
0.4495238095238095
0.5952380952380952
0.6542857142857142
0.501904761904762
0.5761904761904761
0.5757142857142857
0.5728571428571428
0.5009523809523809
0.40904761904761905
0.44190476190476186
0.5023809523809524
0.43549999999999994
0.4105
0.367
0.2895
0.288
0.383
0.393
0.4465
0.46699999999999997
0.4885
0.40099999999999997
0.4325
0.378
0.44349999999999995
0.576
0.523
0.7265
0.5185
0.366
0.351
0.28450000000000003
0.261
0.3185
0.379
0.42000000000000004
0.43899999999999995
0.319
0.368
0.394
0.3865
0.449
0.35950000000000004
0.319
0.24500000000000002
0.3335
0.362
0.307
0.388
0.46950000000000003
0.32999999999999996
0.3185
0.33799999999999997
0.4255
0.40650000000000003
0.404
0.40499999999999997
