pet
0.4707692307692308
0.48307692307692307
0.4061538461538462
0.6042307692307692
0.6530769230769231
0.42615384615384616
0.5026923076923077
0.6173076923076923
0.5876923076923076
0.6026923076923076
0.46
0.3723076923076923
0.4096153846153846
0.5223076923076924
0.48307692307692307
0.43076923076923074
0.37576923076923074
0.4226923076923077
0.45461538461538464
0.5453846153846154
0.5996153846153847
0.5638461538461539
0.5746153846153846
0.5630769230769231
0.5161538461538462
0.5384615384615384
0.47884615384615387
0.5003846153846154
0.5023076923076923
0.4573076923076923
0.5373076923076924
0.546923076923077
0.6207692307692307
0.6653846153846155
0.6984615384615385
0.7765384615384616
0.731923076923077
0.6888461538461539
0.62
0.5957692307692308
0.5280769230769231
0.6084615384615385
0.5280769230769231
0.44461538461538463
0.4423076923076923
0.4603846153846154
0.48730769230769233
0.5888461538461538
0.5261538461538462
0.5549999999999999
0.5573076923076923
0.5946153846153847
0.73
0.7400000000000001
0.6746153846153846
0.6726923076923076
0.8065384615384615
0.8092307692307692
0.7684615384615385
0.8184615384615385
0.9096153846153846
0.8473076923076923
0.8969230769230769
1.0380769230769231
1.1003846153846153
1.0538461538461539
1.0226923076923078
1.0565384615384614
1.1673076923076924
1.0865384615384615
1.0953846153846154
1.1073076923076923
0.9900000000000001
1.0103846153846154
1.0069230769230768
1.0742307692307693
1.0723076923076922
0.9915384615384616
1.0157692307692308
1.0092307692307694
1.0957692307692308
1.183846153846154
1.2638461538461538
1.2203846153846154
1.235769230769231
1.22
1.1319230769230768
1.2546153846153845
1.3223076923076924
1.4926923076923078
1.3457692307692308
1.1273076923076923
1.1057692307692308
1.2403846153846154
1.2776923076923077
1.3980769230769232
1.4253846153846155
1.3192307692307692
1.4646153846153847
1.645
1.6846153846153844
1.713076923076923
1.5726923076923076
1.6400000000000001
1.889230769230769
1.8773076923076923
1.761923076923077
1.9465384615384616
1.8196153846153846
1.853846153846154
1.9442307692307692
2.083846153846154
1.9357692307692307
1.9692307692307693
1.9311538461538462
2.007307692307692
1.9734615384615386
1.9953846153846155
2.1165384615384615
2.022307692307692
1.958076923076923
2.2026923076923075
2.211923076923077
2.2903846153846152
2.378461538461538
2.425
2.509230769230769
2.3826923076923077
2.23
2.3476923076923075
2.511923076923077
2.604230769230769
2.579615384615385
2.548076923076923
2.621923076923077
2.4765384615384614
2.5646153846153847
2.550769230769231
2.800769230769231
2.8984615384615386
2.8188461538461533
2.912692307692308
2.9153846153846152
3.061153846153846
2.7811538461538463
2.869230769230769
2.733076923076923
2.5984615384615384
2.742692307692308
2.6500000000000004
2.878076923076923
2.6573076923076924
2.495769230769231
2.481923076923077
2.3434615384615385
2.513076923076923
2.3696153846153845
2.423076923076923
2.4284615384615384
2.4457692307692307
2.3026923076923076
2.3703846153846153
2.2915384615384613
2.2884615384615383
2.269230769230769
2.4476923076923076
2.6103846153846155
2.5561538461538458
2.4703846153846154
2.528461538461538
2.6773076923076924
2.4476923076923076
2.476153846153846
2.4423076923076925
2.4584615384615387
2.509230769230769
2.5961538461538463
2.4865384615384616
2.608076923076923
2.6469230769230765
2.6346153846153846
2.483076923076923
2.5326923076923076
2.6907692307692304
2.8492307692307692
2.7473076923076927
2.7119230769230773
2.8426923076923076
2.811923076923077
2.7942307692307695
2.7361538461538464
2.733846153846154
2.6784615384615384
2.7100000000000004
2.5757692307692306
2.522692307692308
2.3915384615384614
2.386923076923077
2.414230769230769
2.6234615384615383
2.5715384615384616
2.4742307692307692
2.4165384615384613
2.5107692307692306
2.3726923076923074
2.564230769230769
2.5023076923076926
2.6357692307692306
2.5165384615384614
2.5773076923076923
2.668846153846154
2.2776923076923077
2.3726923076923074
2.4934615384615384
2.3888461538461536
2.2684615384615383
2.3400000000000003
2.143846153846154
1.9696153846153845
2.2196153846153845
2.083846153846154
2.147307692307692
2.233076923076923
2.1342307692307694
2.148076923076923
2.2026923076923075
2.191153846153846
2.0315384615384615
2.0742307692307693
2.140769230769231
2.2988461538461538
2.331923076923077
2.354230769230769
2.0892307692307694
1.956923076923077
2.0915384615384616
1.9903846153846154
1.9211538461538462
1.895
1.9457692307692307
1.8815384615384616
1.7973076923076923
1.8453846153846152
1.768076923076923
1.8673076923076921
1.6819230769230769
1.7353846153846153
1.6211538461538462
1.7349999999999999
1.8865384615384615
1.7742307692307693
1.7803846153846155
1.4711538461538463
1.4823076923076923
1.4619230769230769
1.3823076923076922
1.3553846153846154
1.4296153846153847
1.488846153846154
1.5296153846153848
1.3873076923076924
1.375
1.3615384615384616
1.4461538461538461
1.34
1.4230769230769231
1.2557692307692307
1.2157692307692307
1.211153846153846
1.331923076923077
1.415769230769231
1.330769230769231
1.3065384615384614
1.191923076923077
1.3192307692307692
1.2242307692307692
1.2126923076923077
1.1107692307692307
1.1042307692307693
1.0953846153846154
1.2415384615384615
1.2173076923076924
1.0303846153846155
1.1099999999999999
1.1053846153846154
0.9326923076923077
0.94
0.8446153846153847
0.8384615384615385
0.8265384615384614
0.8846153846153846
0.83
0.8099999999999999
0.7238461538461538
0.7180769230769232
0.8234615384615385
0.7492307692307693
0.8630769230769231
0.73
0.8061538461538462
0.72
0.8457692307692308
0.9534615384615385
0.8534615384615385
0.9138461538461538
0.8588461538461539
0.7703846153846154
0.7269230769230769
0.5946153846153847
0.6653846153846155
0.8742307692307693
0.7634615384615385
0.7903846153846155
0.7796153846153846
0.6380769230769231
0.5388461538461539
0.5642307692307692
0.5638461538461539
0.5284615384615384
0.495
0.5961538461538461
0.6042307692307692
0.41384615384615386
0.4230769230769231
0.4592307692307692
0.6142307692307692
0.6849999999999999
0.5784615384615385
0.6061538461538462
0.5226923076923077
0.445
0.40576923076923077
0.40115384615384614
0.5465384615384615
0.5411538461538462
0.6511538461538462
0.5615384615384615
0.5242307692307693
0.39115384615384613
0.37423076923076926
0.4184615384615385
0.315
0.3576923076923077
0.43153846153846154
0.4423076923076923
0.5511538461538461
0.49076923076923074
0.5119230769230769
0.4815384615384615
0.4665384615384615
0.4461538461538461
0.44307692307692303
0.4715384615384615
0.5611538461538461
0.49346153846153845
0.5123076923076924
0.4984615384615384
0.5742307692307692
0.5765384615384616
0.6388461538461538
0.6426923076923077
0.6676923076923077
0.47923076923076924
0.42500000000000004
0.5046153846153846
