temperature
3.983461538461538
3.8461538461538463
3.837307692307692
4.727307692307692
4.74423076923077
3.92
4.2130769230769225
4.614230769230769
4.509230769230769
4.072692307692308
3.257307692307692
2.6511538461538464
3.161538461538462
3.8096153846153844
3.887307692307692
3.4403846153846156
3.0084615384615385
3.331153846153846
3.802692307692308
4.235
4.322307692307692
4.2615384615384615
4.134230769230769
4.038846153846153
3.6265384615384617
3.6226923076923074
3.463076923076923
3.582307692307692
3.2842307692307693
2.762307692307692
3.286153846153846
3.571923076923077
4.07423076923077
4.232692307692307
4.2857692307692306
4.5903846153846155
4.340769230769231
4.096923076923077
3.788846153846154
3.386153846153846
3.0657692307692312
3.460384615384615
3.1715384615384616
2.444230769230769
2.2615384615384615
2.3219230769230768
2.8307692307692305
3.272307692307692
2.879230769230769
3.1392307692307693
2.9238461538461538
3.484615384615385
4.033076923076923
4.071153846153846
3.7365384615384616
3.7234615384615384
4.200384615384615
4.3234615384615385
4.339230769230769
4.383846153846154
4.539615384615384
4.304615384615385
4.477307692307692
5.123461538461539
5.4399999999999995
5.298076923076923
5.161153846153846
5.205
5.689615384615385
5.523461538461538
5.492692307692308
5.490769230769231
5.036153846153846
5.1996153846153845
4.918461538461538
5.026923076923077
5.343076923076922
4.969615384615385
5.063461538461539
5.035384615384615
5.258846153846154
5.656153846153846
5.945769230769231
5.873076923076923
5.895384615384615
5.625769230769231
5.285
5.862307692307693
6.063076923076922
6.605769230769231
5.967307692307693
5.102692307692308
4.916923076923077
5.376153846153846
5.577307692307692
6.101153846153846
6.119615384615385
5.658076923076923
6.1680769230769235
6.638076923076923
6.941538461538461
7.076923076923077
6.625
6.836153846153847
7.696923076923077
7.638461538461538
7.222307692307693
7.735384615384616
7.309230769230769
7.485384615384616
7.858076923076923
8.258076923076924
7.8149999999999995
7.793461538461538
7.6596153846153845
7.891538461538461
7.833461538461539
8.047692307692309
8.458461538461538
8.234615384615385
7.693846153846153
8.225769230769231
8.327692307692308
8.593076923076923
8.89576923076923
9.09423076923077
9.36923076923077
9.055384615384614
8.638461538461538
9.025384615384615
9.451538461538462
9.768461538461539
9.796538461538463
9.792307692307691
10.039230769230768
9.682692307692308
9.876153846153844
9.959999999999999
10.62423076923077
10.956153846153846
10.861923076923079
11.139615384615384
11.208846153846155
11.612692307692308
10.954615384615384
11.27730769230769
11.014999999999999
10.746153846153845
11.191153846153847
10.958846153846155
11.591153846153846
11.70346153846154
11.620000000000001
11.629615384615384
11.329615384615384
11.870000000000001
11.570384615384615
11.792307692307693
11.907307692307691
11.99423076923077
11.693846153846154
12.008076923076922
11.808846153846153
11.784230769230769
11.798846153846153
12.45346153846154
12.999615384615385
12.92576923076923
12.812307692307693
12.996153846153845
13.451153846153847
12.896923076923077
13.056153846153846
12.964230769230769
13.088846153846154
13.326538461538462
13.635
13.371153846153845
13.816153846153846
13.955769230769231
13.929230769230768
13.686153846153845
13.840769230769231
14.311923076923078
14.804615384615385
14.643076923076924
14.557692307692308
14.961538461538462
15.025384615384613
15.026923076923076
14.891923076923076
15.034999999999998
14.893846153846154
15.040000000000001
14.745384615384616
14.637307692307692
14.303846153846154
14.377307692307692
14.50076923076923
15.103461538461538
15.030384615384616
14.725384615384616
14.578846153846154
14.868846153846155
14.551153846153845
15.12846153846154
15.02076923076923
15.399999999999999
15.117692307692307
15.335384615384614
15.661538461538461
14.511538461538462
14.733461538461539
15.112692307692308
14.891153846153847
14.592307692307692
14.819230769230769
14.253846153846155
13.828076923076923
14.594615384615384
14.14423076923077
14.412692307692309
14.706153846153846
14.331538461538461
14.490384615384615
14.663076923076924
14.653461538461539
14.133461538461537
14.31423076923077
14.532692307692308
14.998461538461537
15.149999999999999
15.181923076923077
14.35153846153846
13.993076923076924
14.325384615384614
14.117307692307692
13.901153846153846
13.730384615384615
13.986153846153845
13.77076923076923
13.544230769230769
13.667307692307691
13.353076923076923
13.485000000000001
12.94076923076923
13.138846153846155
12.657692307692308
12.973461538461539
13.494615384615384
13.133076923076924
13.151153846153846
12.189615384615385
12.202307692307691
12.124615384615385
11.916538461538462
11.779230769230768
11.896923076923077
12.149999999999999
12.201153846153847
11.917307692307693
11.826153846153847
11.803076923076922
11.790384615384616
11.623461538461537
11.916923076923077
11.41
11.19846153846154
11.083461538461538
11.368846153846155
11.652692307692309
11.343846153846155
11.308461538461538
10.856153846153846
11.078076923076923
10.742307692307692
10.63423076923077
10.387692307692307
10.458461538461538
10.321538461538463
10.78076923076923
10.732307692307693
9.875384615384615
10.122692307692308
10.00346153846154
9.170769230769231
9.371153846153847
9.02
8.77576923076923
8.704230769230769
9.020384615384616
8.856153846153846
8.661538461538461
8.190384615384614
8.24923076923077
8.665
8.543846153846154
8.883846153846154
8.341923076923077
8.367692307692307
8.05076923076923
8.422692307692309
8.848846153846154
8.431153846153846
8.447692307692309
8.303461538461539
7.786153846153846
7.576538461538462
6.964230769230769
7.403076923076923
8.283846153846154
7.671923076923077
7.499615384615385
7.570769230769231
7.144230769230769
6.288076923076924
6.1753846153846155
6.063846153846153
6.059615384615385
5.858846153846154
6.335384615384616
6.427692307692308
5.265000000000001
5.303461538461538
5.176923076923076
5.762307692307692
6.1692307692307695
5.937307692307693
5.7373076923076916
5.171923076923077
4.773076923076923
4.523076923076923
4.601538461538461
5.156923076923078
5.269230769230769
5.866153846153846
5.636153846153846
5.575384615384616
4.966923076923076
4.7057692307692305
4.7907692307692304
3.895
3.9661538461538464
4.471153846153846
4.412307692307692
4.969615384615385
4.828076923076923
5.056538461538461
5.229615384615385
5.043846153846155
4.356923076923077
4.50076923076923
4.84576923076923
5.113846153846154
4.5357692307692306
4.331538461538462
4.532307692307692
4.730384615384615
4.84
4.760769230769231
4.484230769230769
4.640384615384615
3.972692307692308
3.8188461538461542
4.000384615384615
