temperature
4.542692307692308
4.049615384615384
3.5376923076923075
3.5734615384615385
3.8903846153846158
3.8765384615384613
4.437307692307693
4.27923076923077
3.950384615384615
4.496153846153846
4.77923076923077
5.061923076923078
4.712692307692308
4.339615384615384
4.490384615384615
4.233076923076923
3.9384615384615387
4.383076923076922
4.337307692307692
3.5911538461538464
3.255
3.6438461538461535
3.6392307692307693
3.738076923076923
4.207692307692308
4.030384615384615
4.393076923076923
4.537692307692308
4.270769230769231
3.706538461538462
4.261153846153847
4.41
4.181153846153847
4.1984615384615385
5.217307692307693
4.93576923076923
4.101538461538461
4.111153846153846
4.076153846153846
3.7834615384615384
3.7700000000000005
4.4496153846153845
4.717692307692308
3.946153846153846
4.462692307692308
5.236538461538462
4.826538461538461
5.140000000000001
4.659230769230769
5.2153846153846155
5.591923076923076
5.804615384615385
5.483076923076923
5.632692307692308
5.214615384615385
5.385384615384615
5.068461538461539
4.996153846153846
4.370384615384615
4.46
4.643846153846154
4.414615384615384
4.4653846153846155
4.631538461538462
5.316923076923077
5.973461538461539
6.239230769230769
6.933461538461539
6.603461538461539
6.518461538461538
6.285
5.702307692307692
7.023076923076923
7.658846153846154
7.192692307692307
7.051923076923076
6.450769230769231
6.423846153846153
6.348076923076923
6.823846153846154
6.486923076923077
6.877692307692308
6.989230769230769
7.0661538461538465
7.130384615384615
7.012692307692307
7.7373076923076916
7.804230769230769
8.16576923076923
8.094615384615384
8.035769230769231
8.148846153846154
8.263461538461538
7.781923076923077
8.212307692307693
7.851153846153846
7.047692307692308
7.723461538461539
8.277692307692307
7.75
7.564230769230769
7.696923076923077
8.146923076923077
8.595769230769232
8.587307692307693
8.233846153846155
8.648076923076923
8.345769230769232
8.437307692307693
9.078461538461537
10.05153846153846
10.286153846153846
10.289230769230768
10.731923076923076
9.803461538461539
9.330769230769231
9.63076923076923
9.402692307692307
8.969615384615384
9.713076923076922
10.045769230769231
10.16
10.244615384615384
10.273846153846154
10.668076923076923
10.653461538461539
11.592692307692307
11.598846153846154
11.438461538461537
12.00076923076923
11.375384615384615
11.141538461538461
11.245384615384616
10.874615384615385
11.906538461538462
11.810384615384615
11.782307692307691
11.974230769230768
12.432307692307692
12.298461538461538
12.248076923076923
12.417307692307693
12.596153846153847
12.551923076923078
12.871923076923078
12.93576923076923
13.047692307692309
12.812692307692307
12.933461538461538
13.119615384615384
13.446538461538463
14.57076923076923
14.415000000000001
13.846538461538461
13.319230769230769
13.482692307692307
13.345769230769232
13.682307692307692
13.86576923076923
14.537692307692309
14.237307692307693
14.262692307692307
13.939615384615385
14.572307692307692
14.595769230769232
14.801923076923078
15.43576923076923
15.632307692307693
15.376153846153844
15.253076923076922
15.006153846153847
15.00423076923077
15.053846153846154
15.457307692307692
15.387307692307692
15.503076923076922
16.00576923076923
15.445
15.593846153846155
16.018076923076926
15.833846153846155
16.334615384615383
16.112692307692306
16.07346153846154
16.124615384615385
16.468076923076925
16.40576923076923
16.35423076923077
16.62576923076923
16.601153846153846
16.541923076923077
16.151153846153846
16.274615384615384
16.04769230769231
16.502692307692307
16.69423076923077
17.19923076923077
17.171153846153846
17.83153846153846
18.061153846153847
17.037307692307692
16.741153846153846
17.105
17.435384615384613
17.19076923076923
17.809615384615384
17.49615384615385
17.15346153846154
17.20846153846154
16.915
16.718846153846155
17.020384615384614
17.408461538461538
17.163076923076922
17.28076923076923
17.045
17.22653846153846
17.475384615384616
17.31269230769231
17.66846153846154
17.283846153846152
16.830769230769228
17.828846153846154
17.091538461538462
17.166923076923077
16.965769230769233
16.57076923076923
16.446153846153848
16.684615384615384
16.63923076923077
16.468846153846155
16.336923076923078
16.480384615384615
16.93653846153846
16.47653846153846
15.965000000000002
16.584615384615383
15.728846153846153
15.508461538461539
15.307307692307692
15.299615384615386
15.018846153846154
14.892307692307693
14.72923076923077
15.857692307692307
15.265384615384615
15.682692307692308
15.594615384615384
15.29076923076923
14.759615384615385
15.115384615384615
14.782692307692306
15.506538461538462
15.117307692307692
14.379999999999999
14.266923076923076
14.090769230769231
14.17153846153846
13.666153846153845
13.53346153846154
14.02
14.011538461538462
13.966153846153846
13.858076923076924
13.679615384615385
13.513076923076921
13.045384615384616
13.081923076923077
13.04076923076923
13.191538461538462
13.125
13.302307692307693
13.419230769230769
12.62076923076923
12.007692307692308
11.85576923076923
11.348076923076924
11.98576923076923
11.343846153846155
11.284230769230769
12.024615384615384
11.673076923076923
12.071153846153846
11.153461538461539
11.333846153846155
11.156538461538462
10.88923076923077
10.810384615384615
10.856923076923076
10.128461538461538
10.203076923076923
10.09769230769231
9.925384615384615
10.381923076923076
9.823461538461538
10.326923076923077
10.258461538461539
10.271923076923077
9.914230769230768
9.728846153846153
9.72653846153846
9.31076923076923
9.543076923076923
9.49
9.003846153846153
8.849230769230768
8.33423076923077
7.981538461538462
8.182307692307692
8.006153846153847
7.832692307692308
7.405
7.47
8.103846153846153
7.745
7.405
7.3161538461538465
6.975769230769231
7.542692307692308
6.853461538461539
6.92576923076923
6.589230769230769
6.113076923076923
5.748846153846154
5.6850000000000005
5.5576923076923075
5.255
5.874230769230769
5.665
6.081153846153847
5.898076923076923
5.633076923076923
5.42576923076923
5.288076923076924
4.898461538461539
5.0442307692307695
4.86
4.803846153846154
5.328461538461538
5.453076923076923
4.9411538461538465
4.873461538461538
4.735
4.713846153846154
4.262307692307692
4.805384615384615
4.508076923076922
4.7907692307692304
4.801923076923076
4.516923076923077
4.124615384615384
3.996923076923077
3.664230769230769
3.8146153846153843
4.762307692307692
5.087692307692308
5.839230769230769
5.605769230769231
4.715
4.625
4.243076923076923
3.5076923076923077
4.163461538461538
4.711923076923076
4.516538461538461
