pet
0.44846153846153847
0.48384615384615387
0.45769230769230773
0.6603846153846153
0.6634615384615384
0.4596153846153846
0.5492307692307692
0.6192307692307693
0.605
0.605
0.4719230769230769
0.40653846153846157
0.4423076923076923
0.5046153846153847
0.46115384615384614
0.47423076923076923
0.37269230769230766
0.4380769230769231
0.4719230769230769
0.5442307692307693
0.6746153846153846
0.625
0.6361538461538461
0.591923076923077
0.5869230769230769
0.5826923076923077
0.5869230769230769
0.5761538461538461
0.5165384615384615
0.47846153846153844
0.6053846153846154
0.6061538461538462
0.6442307692307693
0.6673076923076924
0.7784615384615384
0.8315384615384616
0.8019230769230768
0.8023076923076923
0.7842307692307693
0.61
0.6296153846153847
0.6530769230769231
0.6057692307692307
0.5138461538461538
0.5461538461538461
0.5434615384615384
0.558076923076923
0.6503846153846153
0.595
0.6561538461538461
0.6180769230769231
0.6534615384615384
0.791923076923077
0.7930769230769231
0.7153846153846154
0.7899999999999999
0.8857692307692309
0.8911538461538462
0.8734615384615385
0.92
1.01
0.9276923076923077
0.9369230769230769
1.0161538461538462
1.0457692307692308
1.031153846153846
1.0857692307692308
1.0788461538461538
1.1919230769230769
1.1015384615384616
1.1376923076923076
1.1584615384615384
0.9934615384615385
1.0892307692307692
1.0988461538461538
1.1861538461538461
1.1223076923076922
1.1007692307692307
1.088076923076923
1.1365384615384615
1.166923076923077
1.3911538461538462
1.3888461538461538
1.3707692307692307
1.393076923076923
1.31
1.2230769230769232
1.3330769230769233
1.3900000000000001
1.5746153846153845
1.4246153846153846
1.2550000000000001
1.1676923076923076
1.2761538461538462
1.2934615384615387
1.466923076923077
1.6334615384615385
1.496923076923077
1.551923076923077
1.7526923076923078
1.7449999999999999
1.7873076923076923
1.8503846153846153
1.7484615384615385
1.955769230769231
2.0246153846153847
1.8361538461538462
2.0007692307692304
1.9634615384615384
1.9257692307692307
2.083846153846154
2.208846153846154
2.0696153846153846
2.019230769230769
1.9992307692307691
1.9892307692307691
2.124615384615385
2.1196153846153845
2.206153846153846
2.1492307692307695
2.0742307692307693
2.378076923076923
2.414615384615385
2.456923076923077
2.4930769230769227
2.4196153846153847
2.5803846153846157
2.4650000000000003
2.413846153846154
2.4276923076923076
2.6303846153846155
2.636923076923077
2.4823076923076925
2.593461538461538
2.7119230769230773
2.6003846153846153
2.575
2.5957692307692306
2.748076923076923
2.8953846153846152
2.8723076923076927
2.994230769230769
2.936153846153846
3.039230769230769
2.927692307692308
2.861923076923077
2.813846153846154
2.6926923076923077
2.7869230769230766
2.7600000000000002
2.8226923076923076
2.616153846153846
2.54
2.5442307692307695
2.437307692307692
2.5688461538461542
2.4273076923076924
2.413076923076923
2.5765384615384614
2.563846153846154
2.441153846153846
2.46
2.43
2.3846153846153846
2.4646153846153847
2.6065384615384612
2.6903846153846156
2.6530769230769233
2.588846153846154
2.6926923076923077
2.846538461538462
2.7169230769230768
2.5776923076923075
2.5292307692307694
2.5411538461538465
2.621923076923077
2.7788461538461537
2.633846153846154
2.772307692307692
2.790769230769231
2.7746153846153847
2.6365384615384615
2.583076923076923
2.6907692307692304
2.955
2.8346153846153848
2.853846153846154
2.8396153846153847
2.9915384615384615
2.8965384615384617
2.8334615384615387
2.898846153846154
2.836153846153846
2.891923076923077
2.8123076923076926
2.7157692307692307
2.6253846153846156
2.6123076923076924
2.6284615384615386
2.821923076923077
2.83
2.6834615384615383
2.618846153846154
2.6773076923076924
2.5261538461538464
2.7546153846153847
2.6234615384615383
2.7357692307692307
2.6957692307692307
2.8003846153846155
2.881153846153846
2.5592307692307696
2.560769230769231
2.6680769230769235
2.6438461538461535
2.535769230769231
2.5403846153846152
2.3892307692307693
2.263076923076923
2.463846153846154
2.388076923076923
2.3984615384615386
2.3692307692307693
2.381923076923077
2.354230769230769
2.415769230769231
2.4007692307692308
2.3184615384615386
2.3046153846153845
2.443846153846154
2.4899999999999998
2.4888461538461537
2.5676923076923077
2.2492307692307696
2.148076923076923
2.2438461538461536
2.1815384615384614
2.2584615384615385
2.1388461538461536
2.1303846153846155
2.1550000000000002
1.9965384615384616
2.076923076923077
1.9607692307692306
1.9865384615384616
1.8257692307692308
1.8934615384615383
1.873076923076923
1.9011538461538462
2.0034615384615386
1.9696153846153845
1.8876923076923076
1.6303846153846153
1.603076923076923
1.6419230769230768
1.5038461538461538
1.585
1.5826923076923076
1.5953846153846152
1.6669230769230767
1.5653846153846156
1.448846153846154
1.4523076923076923
1.4296153846153847
1.3726923076923077
1.4907692307692306
1.4415384615384614
1.365
1.3546153846153846
1.3503846153846153
1.4353846153846155
1.3492307692307692
1.3684615384615384
1.3311538461538461
1.3746153846153848
1.301153846153846
1.308076923076923
1.1730769230769231
1.2065384615384616
1.1576923076923078
1.2488461538461537
1.2584615384615385
1.1234615384615385
1.1496153846153847
1.1907692307692308
0.9992307692307693
1.0334615384615384
0.9938461538461538
0.8919230769230769
0.9042307692307692
0.9719230769230769
0.9688461538461539
0.9142307692307692
0.8042307692307692
0.8138461538461539
0.8565384615384615
0.7907692307692307
0.9038461538461539
0.8815384615384615
0.8888461538461538
0.8519230769230769
0.955
1.0073076923076925
0.9523076923076924
0.9192307692307692
0.8846153846153846
0.7357692307692307
0.7476923076923078
0.6584615384615385
0.7796153846153846
0.8711538461538461
0.8003846153846154
0.8080769230769231
0.833076923076923
0.7096153846153845
0.621923076923077
0.64
0.5584615384615385
0.6396153846153846
0.5753846153846154
0.6426923076923077
0.6923076923076923
0.5134615384615384
0.5346153846153846
0.5473076923076923
0.6092307692307692
0.7076923076923077
0.5915384615384615
0.5942307692307692
0.5753846153846154
0.49807692307692303
0.4357692307692308
0.5107692307692308
0.6584615384615385
0.6123076923076923
0.6465384615384615
0.5869230769230769
0.5715384615384616
0.45692307692307693
0.5015384615384616
0.515
0.3280769230769231
0.3734615384615385
0.4715384615384615
0.4826923076923077
0.5619230769230769
0.5365384615384615
0.5184615384615384
0.5296153846153846
0.52
0.5315384615384615
0.5103846153846153
0.5850000000000001
0.6369230769230769
0.575
0.5661538461538462
0.5884615384615385
0.5842307692307692
0.568076923076923
0.6538461538461539
0.6488461538461539
0.6742307692307693
0.5088461538461538
0.4492307692307692
0.5238461538461539
