temperature
3.793461538461538
3.741923076923077
3.5111538461538463
4.302692307692308
4.871538461538462
3.8773076923076926
4.083846153846154
4.556153846153846
4.480769230769231
4.354615384615385
3.418846153846154
2.746923076923077
3.1984615384615385
4.055769230769231
4.104615384615385
3.578076923076923
2.9657692307692307
3.436923076923077
3.751153846153846
4.134230769230769
4.531923076923077
4.181923076923077
4.172307692307692
4.174230769230769
3.8334615384615387
3.4438461538461542
3.3565384615384612
3.6938461538461542
3.6934615384615386
3.1346153846153846
3.208076923076923
3.5911538461538464
4.166153846153846
4.4253846153846155
4.174230769230769
4.890769230769231
4.514230769230769
4.187307692307693
3.8419230769230768
3.8096153846153844
3.3023076923076924
3.3338461538461535
3.375
2.6580769230769232
2.3465384615384615
2.382307692307692
2.7126923076923077
3.418461538461538
3.088076923076923
3.1376923076923076
3.2730769230769234
3.670769230769231
4.117692307692308
4.159230769230769
3.819230769230769
3.6588461538461536
4.323846153846154
4.576538461538461
4.510384615384615
4.671538461538462
5.15076923076923
4.905769230769231
5.042692307692308
5.6838461538461535
5.848461538461539
5.749230769230769
5.767307692307692
5.5746153846153845
6.239230769230769
5.882692307692308
6.024615384615384
5.876538461538461
5.402692307692307
5.502307692307692
5.427307692307693
5.665
5.997307692307692
5.571923076923077
5.513461538461538
5.613076923076923
5.662307692307692
6.472307692307693
6.232307692307692
6.3246153846153845
6.240384615384615
5.903846153846154
5.956153846153847
6.501923076923077
6.554615384615385
7.073076923076924
6.721153846153846
5.8476923076923075
5.811923076923078
6.117692307692308
6.381153846153846
6.634615384615385
6.56423076923077
5.946538461538462
6.71076923076923
7.445769230769231
7.860384615384616
7.691923076923077
7.036538461538462
7.409230769230769
8.312307692307693
8.331538461538461
7.758076923076923
8.508461538461539
8.157692307692308
8.15
8.831923076923077
9.132307692307693
8.183846153846154
8.193076923076923
8.302307692307693
8.414615384615384
8.349615384615385
8.553846153846154
8.891153846153845
9.052307692307693
8.445384615384615
8.829615384615384
9.03076923076923
9.341153846153846
9.479615384615384
9.878846153846155
10.423846153846153
9.981538461538461
9.584999999999999
10.091923076923077
10.216923076923077
10.508076923076922
10.455769230769231
10.61923076923077
10.839615384615383
10.368846153846155
10.608846153846153
10.35576923076923
11.220769230769232
11.62423076923077
11.296923076923076
11.970384615384615
11.838461538461539
12.31
11.841153846153846
12.087692307692306
11.606923076923078
11.687692307692307
12.131538461538462
11.647307692307692
12.347307692307691
12.817307692307692
12.414615384615384
12.526153846153846
12.335384615384616
12.94346153846154
12.853846153846153
12.875384615384615
13.135
13.106153846153846
13.040000000000001
12.998076923076923
12.811153846153845
12.873461538461537
12.837692307692306
13.3
13.964230769230769
13.663461538461538
13.853076923076923
14.012692307692307
14.09769230769231
13.75
13.901923076923076
13.73653846153846
14.019615384615385
14.382307692307693
14.555384615384614
14.364615384615385
14.7
14.78346153846154
15.042692307692308
14.883461538461537
14.950384615384614
15.42
15.906538461538462
15.697692307692307
15.685
16.247307692307693
16.110384615384614
16.090769230769233
16.006923076923076
16.192692307692308
15.92576923076923
16.259999999999998
16.219615384615384
15.946153846153846
15.483846153846153
15.266538461538461
15.479615384615384
16.404615384615383
16.070769230769233
15.926923076923078
15.935384615384615
15.925384615384615
15.717692307692309
16.52846153846154
16.35
16.39846153846154
16.52730769230769
16.644615384615385
16.988076923076925
15.879615384615384
15.818846153846154
16.334615384615383
16.141923076923078
15.88846153846154
15.88423076923077
15.710769230769232
15.008076923076922
15.728076923076923
15.318076923076923
15.676923076923078
15.911923076923076
15.621923076923078
15.974230769230768
16.130384615384614
15.852692307692308
15.330769230769231
15.360000000000001
15.686538461538463
16.09769230769231
16.396538461538462
16.086923076923078
15.42153846153846
15.038846153846153
15.285769230769231
15.116923076923078
14.701153846153847
14.589615384615383
14.983846153846153
15.051923076923078
14.582307692307692
14.758461538461539
14.343846153846155
14.504615384615384
13.939615384615385
14.136923076923077
13.52076923076923
13.460769230769232
14.378846153846155
13.911153846153846
14.061153846153845
13.217307692307692
13.173461538461538
12.897307692307692
12.74076923076923
12.544615384615385
12.435384615384615
13.458461538461538
12.883461538461539
12.592307692307692
12.59
12.779615384615385
12.396923076923077
12.292307692307693
12.67576923076923
12.001538461538463
11.80076923076923
11.796923076923076
11.704230769230769
12.267692307692307
11.913461538461538
11.963846153846154
11.493846153846153
11.724230769230768
11.487692307692308
11.081538461538461
11.058076923076923
11.216923076923077
10.712692307692306
11.249615384615385
11.44576923076923
10.123076923076923
10.39423076923077
10.443076923076923
9.436923076923078
9.52
9.295769230769231
9.003461538461538
8.939230769230768
9.492307692307692
9.544230769230769
8.863461538461538
8.54923076923077
8.709615384615384
9.124615384615385
9.136153846153846
9.237307692307692
8.73
8.384615384615385
8.226923076923077
8.435384615384615
9.140384615384615
8.663846153846153
8.546538461538463
8.606923076923078
7.929230769230769
7.723076923076922
6.94923076923077
7.169615384615384
8.247692307692308
7.816538461538461
7.560769230769231
7.786538461538461
7.203846153846154
6.482692307692308
5.994230769230769
6.033846153846154
6.119615384615385
5.522307692307692
5.848076923076923
6.245
5.326923076923077
5.053846153846154
5.3088461538461535
5.864615384615385
6.185384615384615
5.950769230769231
6.011923076923077
5.005769230769231
4.813076923076923
4.338461538461538
4.052692307692308
4.481538461538461
5.273076923076923
6.068461538461539
5.812692307692307
5.72423076923077
5.094615384615385
4.614230769230769
4.36
3.9692307692307693
3.7750000000000004
4.260769230769231
4.171923076923077
4.423461538461539
4.5842307692307696
4.8088461538461535
5.154615384615385
4.868846153846154
4.530384615384616
4.464615384615384
4.797692307692308
5.0211538461538465
4.607692307692307
4.157307692307692
4.478076923076923
4.706153846153846
4.531923076923077
4.789615384615384
4.57
4.985769230769231
4.203846153846154
3.8430769230769233
3.9699999999999998
