temperature
1.5515384615384618
1.384230769230769
1.1896153846153845
1.2726923076923078
1.1926923076923077
1.6465384615384617
1.4103846153846153
0.8949999999999998
1.4115384615384614
2.111923076923077
2.4476923076923076
2.306153846153846
1.9603846153846154
2.161923076923077
2.2623076923076924
1.6050000000000002
1.6465384615384617
1.9061538461538463
1.1134615384615385
0.9261538461538461
1.7215384615384615
1.7873076923076923
1.85
2.1561538461538463
2.204230769230769
2.3430769230769233
1.8765384615384615
1.9615384615384615
1.2223076923076923
1.5503846153846155
1.783076923076923
1.8196153846153846
1.8796153846153845
2.169230769230769
1.9892307692307691
1.6026923076923079
1.323846153846154
1.1423076923076922
1.4046153846153844
1.2673076923076925
1.2992307692307692
1.79
2.123846153846154
1.855
2.686153846153846
2.7761538461538464
2.582307692307692
2.456153846153846
1.8311538461538461
2.535769230769231
2.6076923076923078
2.5488461538461538
2.3415384615384616
2.3653846153846154
2.0184615384615383
2.695
2.2465384615384614
1.9319230769230769
1.1753846153846153
1.3061538461538462
1.6346153846153846
1.573846153846154
1.5288461538461537
1.625
2.403076923076923
2.573846153846154
2.8834615384615385
2.644230769230769
2.7357692307692307
2.8103846153846153
2.5176923076923075
3.738076923076923
3.789230769230769
3.9826923076923078
4.042692307692308
4.239230769230769
3.4511538461538462
3.9784615384615383
3.4996153846153844
3.882307692307692
3.825
3.6076923076923078
3.7673076923076922
4.217692307692308
4.513076923076923
4.570769230769231
4.238076923076923
4.445769230769231
4.233846153846153
4.717692307692308
3.831538461538462
4.66
4.436538461538461
4.221153846153846
4.930384615384615
4.746538461538462
4.417692307692308
5.110384615384616
4.761153846153846
5.084615384615384
4.647692307692308
4.864615384615385
4.9119230769230775
5.363076923076923
5.368076923076923
5.333076923076923
5.052307692307692
5.183076923076923
5.836153846153847
6.318461538461539
6.923076923076923
7.481923076923077
6.899230769230769
6.958846153846154
6.166923076923077
5.687307692307693
5.912307692307692
6.677307692307692
6.193461538461539
6.155384615384615
6.485
6.773461538461539
7.0503846153846155
7.619615384615385
6.867307692307692
7.396923076923077
7.585384615384616
7.908461538461538
8.04076923076923
7.977692307692307
8.090769230769231
8.243461538461538
8.301923076923076
8.137307692307692
8.770384615384616
8.372692307692308
8.555
8.103461538461538
9.138461538461538
8.649615384615384
8.377692307692307
8.383076923076924
8.661923076923078
8.944615384615386
9.033076923076923
9.118076923076924
9.351153846153846
9.69
9.35423076923077
9.83
10.738076923076923
10.939615384615385
11.057307692307692
10.41
10.27730769230769
10.212307692307691
10.719615384615384
11.135
10.556923076923077
10.83
11.112692307692308
9.807692307692308
10.076923076923077
9.85576923076923
10.047307692307694
10.49576923076923
10.832307692307692
11.295
10.847307692307693
10.584615384615384
11.084615384615384
10.63076923076923
11.316538461538462
11.502692307692307
11.05923076923077
11.331538461538461
12.120000000000001
11.595769230769232
12.012692307692307
11.98423076923077
11.724230769230768
11.986153846153845
12.111923076923079
12.503461538461538
12.199615384615385
12.035769230769231
11.900384615384617
12.096153846153847
11.997692307692308
12.59423076923077
12.627307692307692
12.341923076923077
11.946538461538463
11.735000000000001
12.029230769230768
12.257692307692308
12.516923076923076
12.586153846153847
13.096538461538461
13.126923076923077
12.867692307692307
12.473461538461539
13.752692307692307
13.299615384615386
13.01576923076923
12.911923076923076
13.149230769230769
12.946923076923078
12.525384615384617
12.494615384615384
12.416923076923077
12.342692307692309
12.998846153846156
13.003461538461538
13.044230769230769
12.68153846153846
13.210769230769232
12.886538461538462
12.475384615384616
12.916153846153845
12.518076923076922
12.391923076923076
12.243461538461538
12.588846153846154
12.86576923076923
12.908076923076923
12.356153846153846
12.242307692307692
12.084999999999999
12.05923076923077
11.922692307692309
12.095
11.777692307692309
11.929615384615385
11.705384615384617
11.37576923076923
11.921923076923076
11.322307692307692
11.781153846153845
11.48653846153846
11.029230769230768
10.879615384615384
11.055769230769231
11.158846153846154
11.626538461538463
11.641153846153847
11.573076923076922
11.593076923076923
11.026923076923076
11.033076923076923
11.565
10.820384615384615
11.231538461538461
10.994615384615384
10.570384615384615
10.34423076923077
9.792307692307691
9.960769230769232
9.534615384615385
9.52346153846154
10.071923076923078
9.779230769230768
10.573846153846155
10.50576923076923
9.77
9.196153846153846
9.598846153846154
9.648076923076923
9.261153846153846
9.101153846153846
9.648076923076923
9.513846153846155
9.402307692307692
8.497307692307693
8.168076923076923
7.714615384615384
7.559230769230769
7.816923076923077
7.860384615384616
8.447692307692307
8.46653846153846
8.113461538461538
7.573846153846153
7.434615384615385
7.759615384615385
7.986538461538462
8.012307692307692
7.113076923076923
6.989615384615385
6.6923076923076925
6.865
6.545000000000001
6.32423076923077
6.702307692307692
6.836923076923076
6.7773076923076925
6.7930769230769235
6.403846153846154
6.421923076923077
6.6523076923076925
5.982307692307692
5.496538461538462
6.377692307692308
6.348076923076922
5.602307692307692
5.714615384615385
5.293846153846153
4.903076923076923
4.805384615384615
5.191923076923077
4.778076923076923
4.233461538461539
4.189615384615385
4.65
4.5903846153846155
4.099230769230769
3.991153846153846
5.1111538461538455
5.278846153846154
4.210769230769231
3.816153846153846
3.8776923076923073
3.6096153846153842
3.704230769230769
3.1115384615384616
2.4784615384615383
3.4103846153846153
3.1950000000000003
2.9846153846153842
3.699230769230769
3.2503846153846156
2.789230769230769
2.3776923076923078
2.1884615384615382
1.8507692307692307
2.5069230769230773
1.8165384615384614
2.018076923076923
2.379230769230769
2.103846153846154
2.367692307692308
2.647307692307692
3.2942307692307695
2.8850000000000002
2.2419230769230767
1.79
2.0876923076923077
2.633846153846154
2.4711538461538463
2.4265384615384615
1.705769230769231
1.5538461538461539
1.5526923076923076
1.6346153846153846
2.086153846153846
2.3249999999999997
2.9861538461538464
2.245769230769231
1.4649999999999999
1.5734615384615382
1.2446153846153847
0.8103846153846154
1.5750000000000002
1.9361538461538463
2.249615384615385
