temperature
5.785
5.398846153846154
5.235384615384616
5.003461538461538
5.157307692307692
5.138461538461538
5.504615384615385
5.269230769230769
5.140769230769231
5.661538461538461
5.988461538461538
6.403076923076923
5.898461538461539
5.856153846153846
6.156153846153846
5.832307692307693
5.516923076923077
5.889230769230769
5.731153846153846
4.941923076923077
4.889230769230769
4.95423076923077
4.933461538461539
4.980384615384616
5.253461538461538
5.138076923076923
5.520769230769231
5.571153846153846
5.564230769230769
5.051923076923076
5.406153846153846
5.373846153846154
5.3780769230769225
5.359230769230769
6.190384615384615
6.077692307692308
5.485769230769231
5.355384615384616
5.1111538461538455
4.856923076923077
5.032307692307692
5.589615384615385
5.823076923076924
5.277692307692307
5.773461538461539
6.271538461538461
5.93076923076923
6.3403846153846155
6.04
6.460384615384616
6.6557692307692315
6.900769230769232
6.595
6.412692307692307
6.141153846153846
6.24
5.952692307692308
5.671923076923077
5.370384615384615
5.357692307692308
5.670000000000001
5.53
5.420384615384616
5.601923076923077
6.26
6.873846153846154
7.483846153846153
7.589230769230769
7.6292307692307695
7.285
7.118846153846154
6.756538461538461
7.716923076923077
8.406153846153845
7.900384615384615
7.723461538461539
6.961538461538462
7.268846153846154
7.351153846153846
7.676153846153847
7.6838461538461535
7.78923076923077
7.733846153846154
8.143076923076922
8.121538461538462
8.187307692307693
8.606538461538461
8.417307692307691
8.683846153846154
8.616153846153846
8.536153846153846
8.721923076923078
8.543461538461539
8.55076923076923
8.748846153846154
8.573846153846153
7.889615384615384
8.421923076923077
8.879615384615384
8.492307692307692
8.46653846153846
8.913461538461538
8.996538461538462
8.986538461538462
8.993846153846153
9.091153846153846
9.405
9.034615384615385
9.133461538461539
9.937692307692307
10.88923076923077
10.819615384615386
11.093076923076923
11.239230769230769
10.653461538461539
9.971153846153847
10.118076923076924
10.166923076923077
9.616538461538461
10.082307692307692
10.408846153846154
10.581538461538461
11.01423076923077
10.776923076923076
11.076153846153847
11.138076923076921
11.96923076923077
12.041923076923077
12.058076923076923
12.537692307692309
12.23
11.94846153846154
11.750384615384615
11.729615384615386
12.447692307692307
12.228076923076923
12.275769230769232
12.22
12.523846153846154
12.595384615384615
12.839615384615383
12.860000000000001
12.98423076923077
13.040384615384616
13.376923076923077
13.595769230769232
13.39423076923077
13.457692307692307
13.660769230769231
13.946153846153846
13.825769230769232
15.197692307692307
14.55
14.478076923076923
14.029615384615385
14.210384615384616
14.039615384615386
13.786923076923076
14.233461538461539
14.826923076923077
14.861153846153845
14.661538461538461
14.371153846153845
14.84
14.858076923076924
14.803846153846154
15.52346153846154
15.778846153846153
15.77
15.576538461538462
15.27
15.228076923076923
15.176923076923078
15.445
15.539615384615384
16.073846153846155
16.113846153846154
15.905
16.095384615384617
16.29269230769231
16.391538461538463
16.33346153846154
16.159615384615385
16.465
15.981153846153846
16.114615384615384
16.49423076923077
16.57846153846154
16.74346153846154
17.13
16.75076923076923
16.70076923076923
16.68423076923077
16.42
16.921538461538464
16.99576923076923
17.223076923076924
17.421153846153846
17.858076923076922
18.005
17.345384615384617
17.214615384615385
17.07423076923077
17.443076923076923
17.301538461538463
18.021538461538462
17.62807692307692
17.33153846153846
17.36692307692308
17.129615384615384
16.98384615384615
17.031923076923075
17.408461538461538
17.526923076923076
17.585
17.205384615384613
17.35269230769231
17.26269230769231
17.17576923076923
17.632692307692306
17.23384615384615
17.483076923076922
17.579615384615384
17.31153846153846
17.686153846153847
17.104615384615382
16.959230769230768
16.711153846153845
16.741153846153846
16.617307692307694
16.706153846153846
16.751923076923077
16.97576923076923
17.086923076923078
16.885384615384616
16.29576923076923
16.829615384615384
16.373846153846156
16.042307692307695
15.779615384615385
15.729615384615386
15.76346153846154
15.44923076923077
15.52346153846154
16.276153846153846
16.118846153846157
16.25076923076923
16.30076923076923
16.11346153846154
15.757692307692308
15.883846153846154
15.588076923076924
16.067307692307693
15.600384615384616
15.233846153846153
14.831538461538461
14.575
14.889615384615384
14.421923076923077
14.406538461538462
14.676923076923078
14.758076923076922
14.749615384615385
14.660769230769231
14.624615384615385
14.162307692307694
13.82076923076923
13.842692307692309
13.98653846153846
13.891923076923076
13.799230769230771
14.23653846153846
14.487692307692308
13.406538461538462
12.899999999999999
12.794230769230769
12.161923076923076
12.729615384615386
12.122692307692308
12.165384615384616
12.825769230769232
12.539615384615384
12.885384615384615
12.006153846153847
11.970769230769232
11.933846153846154
11.456923076923077
11.793076923076923
11.471153846153847
10.807307692307692
11.082307692307692
10.917692307692308
10.946923076923078
11.042307692307693
10.682692307692308
11.032307692307693
11.039615384615386
11.264615384615384
11.080769230769231
10.768846153846154
10.67923076923077
10.412692307692309
10.648846153846154
10.545
9.978076923076923
9.702692307692308
9.60153846153846
9.396153846153847
9.553461538461539
9.241153846153846
9.085384615384616
9.031923076923077
9.098076923076924
9.518846153846154
9.191923076923077
8.723076923076924
8.367307692307692
8.14
8.612692307692308
8.173846153846155
8.506923076923076
8.11576923076923
7.747307692307692
7.634615384615385
7.288461538461538
6.997307692307692
6.913461538461538
7.383076923076923
7.177307692307693
7.205
7.0942307692307685
6.991923076923077
6.9692307692307685
6.57923076923077
6.019230769230769
5.966153846153846
5.997307692307692
5.974615384615385
6.520769230769231
6.823076923076924
6.3815384615384625
6.240384615384615
6.372307692307692
6.276153846153846
5.9338461538461535
6.406923076923078
6.105384615384616
6.217307692307693
6.133461538461538
5.875769230769231
5.614615384615385
5.647692307692308
5.143461538461538
5.499615384615385
6.337692307692308
6.6619230769230775
7.2469230769230775
6.799615384615384
6.006153846153846
6.0273076923076925
5.509230769230769
4.898461538461539
5.866923076923077
6.149615384615384
5.829615384615384
