pet
0.3707692307692308
0.3976923076923077
0.3861538461538462
0.3553846153846154
0.3942307692307692
0.48615384615384616
0.5107692307692308
0.38153846153846155
0.3823076923076923
0.49
0.49653846153846154
0.49038461538461536
0.43653846153846154
0.44384615384615383
0.5403846153846155
0.4157692307692308
0.3569230769230769
0.44307692307692303
0.3438461538461538
0.3123076923076923
0.40499999999999997
0.48653846153846153
0.47692307692307695
0.5169230769230769
0.49884615384615383
0.5719230769230769
0.5242307692307693
0.5342307692307693
0.3603846153846154
0.4330769230769231
0.5607692307692308
0.5253846153846153
0.5480769230769231
0.5396153846153846
0.5088461538461538
0.4476923076923077
0.4153846153846154
0.455
0.545
0.4623076923076923
0.41307692307692306
0.48384615384615387
0.5865384615384616
0.5376923076923077
0.6592307692307693
0.77
0.6853846153846154
0.6115384615384616
0.5865384615384616
0.7534615384615384
0.7123076923076923
0.7715384615384615
0.7342307692307692
0.7669230769230769
0.628076923076923
0.7823076923076923
0.6511538461538462
0.6484615384615384
0.6103846153846154
0.6107692307692307
0.6123076923076923
0.6096153846153846
0.6142307692307692
0.6473076923076923
0.8176923076923077
0.8999999999999999
0.9723076923076923
0.9465384615384616
0.9684615384615385
0.9450000000000001
0.9307692307692308
1.1426923076923077
1.2369230769230768
1.2592307692307694
1.2488461538461537
1.2784615384615385
1.1515384615384616
1.2430769230769232
1.2119230769230769
1.2757692307692308
1.2134615384615386
1.2073076923076924
1.3180769230769231
1.3634615384615385
1.3792307692307693
1.4619230769230769
1.386923076923077
1.4949999999999999
1.4357692307692307
1.5692307692307692
1.4
1.541923076923077
1.4726923076923077
1.551153846153846
1.7026923076923075
1.6023076923076922
1.4657692307692307
1.6984615384615382
1.7423076923076921
1.6526923076923077
1.5523076923076924
1.5546153846153847
1.7142307692307692
1.7776923076923077
1.8065384615384614
1.7307692307692308
1.6846153846153844
1.683846153846154
1.9173076923076924
2.0596153846153844
2.306153846153846
2.3076923076923075
2.2411538461538463
2.254230769230769
2.0565384615384614
1.856153846153846
1.938076923076923
2.0330769230769232
2.028076923076923
1.9473076923076924
2.1446153846153844
2.3226923076923076
2.336923076923077
2.5923076923076924
2.4084615384615384
2.3884615384615384
2.508076923076923
2.4661538461538464
2.58
2.5923076923076924
2.5138461538461536
2.4396153846153847
2.4257692307692307
2.5069230769230773
2.748846153846154
2.6853846153846153
2.7553846153846155
2.583076923076923
2.8592307692307695
2.7492307692307696
2.6984615384615385
2.64
2.6738461538461538
2.6703846153846156
2.8061538461538458
2.8346153846153848
2.6980769230769233
2.7403846153846154
2.8092307692307688
2.7953846153846156
3.0584615384615383
2.982307692307692
2.8103846153846157
2.5930769230769233
2.4403846153846156
2.4046153846153846
2.519615384615385
2.600769230769231
2.5303846153846155
2.596538461538462
2.7219230769230767
2.316923076923077
2.308076923076923
2.2915384615384613
2.2823076923076924
2.4534615384615384
2.5411538461538465
2.6934615384615386
2.5915384615384616
2.4153846153846152
2.617692307692308
2.423076923076923
2.5369230769230766
2.6092307692307695
2.3803846153846155
2.4688461538461537
2.581538461538462
2.496153846153846
2.5403846153846152
2.522692307692308
2.437692307692308
2.6546153846153846
2.582692307692308
2.6253846153846156
2.5788461538461536
2.509230769230769
2.4965384615384614
2.513076923076923
2.561923076923077
2.683076923076923
2.5973076923076923
2.571923076923077
2.349615384615385
2.3984615384615386
2.4453846153846155
2.5446153846153843
2.616153846153846
2.631153846153846
2.7315384615384612
2.667307692307692
2.5415384615384613
2.4642307692307694
2.696153846153846
2.643076923076923
2.5926923076923076
2.5553846153846154
2.5442307692307695
2.5015384615384613
2.365
2.295769230769231
2.2715384615384617
2.394230769230769
2.4896153846153846
2.4073076923076924
2.4184615384615387
2.3257692307692306
2.3873076923076924
2.2788461538461537
2.1346153846153846
2.348076923076923
2.2830769230769232
2.245
2.1076923076923078
2.1584615384615384
2.388076923076923
2.2884615384615383
2.0596153846153844
2.105
2.113076923076923
1.9211538461538462
2.0111538461538463
2.04
1.9276923076923076
1.9123076923076923
1.8876923076923076
1.8623076923076924
1.9326923076923077
1.6796153846153847
1.8015384615384618
1.7492307692307691
1.606923076923077
1.6442307692307692
1.7761538461538462
1.7157692307692307
1.9207692307692308
1.8003846153846155
1.8923076923076925
1.9526923076923075
1.709230769230769
1.7246153846153847
1.7773076923076923
1.5676923076923077
1.6926923076923077
1.7334615384615384
1.551153846153846
1.525
1.290769230769231
1.3292307692307692
1.2446153846153847
1.246923076923077
1.3353846153846154
1.2926923076923076
1.4938461538461536
1.5257692307692308
1.3553846153846154
1.1861538461538461
1.2896153846153846
1.2746153846153847
1.268846153846154
1.1438461538461537
1.3311538461538461
1.2638461538461538
1.2923076923076924
1.105
1.0911538461538461
0.9965384615384616
0.9288461538461538
0.9907692307692308
0.965
1.1365384615384615
1.0788461538461538
1.0446153846153847
0.9576923076923077
0.8680769230769231
0.9038461538461539
0.985
1.0276923076923077
0.821923076923077
0.8226923076923077
0.7930769230769231
0.8142307692307692
0.806923076923077
0.7446153846153846
0.8757692307692307
0.7596153846153846
0.8023076923076923
0.8803846153846154
0.801923076923077
0.8526923076923077
0.9253846153846154
0.7153846153846154
0.6761538461538461
0.7865384615384615
0.8453846153846154
0.6992307692307692
0.6265384615384615
0.6334615384615384
0.591923076923077
0.5626923076923076
0.5726923076923077
0.5834615384615385
0.5107692307692309
0.46
0.5534615384615384
0.5303846153846153
0.49115384615384616
0.4730769230769231
0.5753846153846154
0.7042307692307692
0.5257692307692308
0.5146153846153846
0.5196153846153846
0.46807692307692306
0.43769230769230766
0.41000000000000003
0.23923076923076922
0.4042307692307692
0.3873076923076923
0.3053846153846154
0.47423076923076923
0.4519230769230769
0.3811538461538462
0.38269230769230766
0.4165384615384615
0.3169230769230769
0.3934615384615385
0.2396153846153846
0.33692307692307694
0.42500000000000004
0.43423076923076925
0.39384615384615385
0.42
0.5088461538461538
0.4765384615384616
0.28384615384615386
0.33884615384615385
0.3826923076923077
0.38384615384615384
0.3942307692307692
0.4507692307692308
0.38653846153846155
0.3469230769230769
0.375
0.34500000000000003
0.42192307692307696
0.42461538461538456
0.5980769230769231
0.45423076923076927
0.30846153846153845
0.33192307692307693
0.315
0.30653846153846154
0.42076923076923073
0.4465384615384615
0.5338461538461539
