pet
0.5080769230769231
0.4257692307692308
0.4523076923076923
0.3765384615384615
0.39269230769230773
0.3976923076923077
0.5353846153846153
0.51
0.4773076923076923
0.4438461538461539
0.5342307692307692
0.533076923076923
0.5242307692307693
0.44
0.5257692307692308
0.47692307692307695
0.40499999999999997
0.5215384615384615
0.59
0.4573076923076923
0.36
0.42653846153846153
0.4523076923076923
0.3957692307692308
0.5015384615384615
0.48115384615384615
0.5384615384615384
0.6015384615384616
0.58
0.4857692307692308
0.5926923076923077
0.645
0.6392307692307693
0.568076923076923
0.7146153846153847
0.7303846153846153
0.5642307692307692
0.5796153846153846
0.5892307692307692
0.5607692307692308
0.5638461538461539
0.6684615384615384
0.6569230769230768
0.48923076923076925
0.6119230769230769
0.7692307692307693
0.7003846153846154
0.7996153846153846
0.6788461538461538
0.8280769230769232
0.8607692307692307
0.9638461538461538
0.87
0.9007692307692309
0.8334615384615385
0.8338461538461538
0.8053846153846153
0.8207692307692308
0.7580769230769231
0.7976923076923078
0.8476923076923076
0.825
0.715
0.7561538461538462
0.9846153846153847
1.108076923076923
1.1946153846153846
1.275
1.2792307692307692
1.2338461538461538
1.2557692307692307
1.0742307692307693
1.3769230769230771
1.5415384615384615
1.4384615384615385
1.3919230769230768
1.3219230769230768
1.2699999999999998
1.2707692307692307
1.3699999999999999
1.2957692307692308
1.395
1.4165384615384615
1.4696153846153845
1.4965384615384614
1.5196153846153846
1.6930769230769231
1.7226923076923077
1.7973076923076923
1.691153846153846
1.7415384615384615
1.8507692307692307
1.82
1.7223076923076923
1.8438461538461537
1.7207692307692308
1.5792307692307692
1.7076923076923076
1.919230769230769
1.826153846153846
1.7411538461538463
1.7961538461538462
1.8703846153846153
1.948076923076923
1.9903846153846154
1.9384615384615385
2.0026923076923078
1.9530769230769232
1.9634615384615384
2.1550000000000002
2.4734615384615384
2.483076923076923
2.4857692307692307
2.561923076923077
2.330769230769231
2.205769230769231
2.228076923076923
2.255
2.1196153846153845
2.27
2.3907692307692305
2.4253846153846155
2.4861538461538464
2.4292307692307693
2.4811538461538465
2.6726923076923077
2.8157692307692312
2.8019230769230767
2.8923076923076922
3.0415384615384613
2.8923076923076922
2.6876923076923074
2.711153846153846
2.5288461538461537
2.7446153846153845
2.878846153846154
2.832692307692308
2.795
2.813076923076923
2.8646153846153846
2.8888461538461536
2.854230769230769
2.924615384615385
2.938846153846154
3.0957692307692306
3.11
3.0676923076923077
2.968461538461538
3.0146153846153845
3.0665384615384617
3.0007692307692304
3.156538461538461
3.051153846153846
2.8734615384615383
2.7653846153846158
2.6923076923076925
2.671923076923077
2.6076923076923078
2.710769230769231
2.9253846153846155
2.805769230769231
2.8442307692307693
2.7176923076923076
2.855769230769231
2.935769230769231
2.873076923076923
3.0773076923076923
3.168846153846154
3.11
3.071153846153846
2.9784615384615383
2.927692307692308
2.8092307692307696
3.0142307692307693
2.985
3.0803846153846157
3.2026923076923075
3.1034615384615383
3.058846153846154
3.1357692307692306
3.085769230769231
3.2034615384615384
3.0834615384615387
3.022307692307692
2.985
3.1523076923076925
3.1723076923076925
3.0773076923076923
3.166923076923077
3.1996153846153845
3.116923076923077
3.043846153846154
2.9753846153846153
2.9896153846153846
3.1423076923076922
3.185
3.2911538461538465
3.2830769230769232
3.4103846153846153
3.5034615384615386
3.1538461538461537
3.1350000000000002
3.058076923076923
3.2523076923076926
3.254230769230769
3.3953846153846152
3.2219230769230767
3.1946153846153846
3.1315384615384616
3.0265384615384616
2.878076923076923
2.9511538461538462
3.061153846153846
2.895769230769231
2.9661538461538464
2.9134615384615383
2.924615384615384
2.9476923076923076
2.8634615384615385
3.0265384615384616
2.8746153846153844
2.825384615384615
2.9826923076923078
2.7761538461538464
2.8234615384615385
2.7192307692307693
2.5373076923076923
2.4507692307692306
2.5730769230769233
2.5730769230769233
2.451923076923077
2.393076923076923
2.4442307692307694
2.5515384615384615
2.4115384615384614
2.2757692307692308
2.5726923076923076
2.3153846153846156
2.1492307692307695
2.078076923076923
2.0665384615384617
1.9942307692307693
2.0134615384615384
1.955769230769231
2.2515384615384617
2.1946153846153846
2.249615384615385
2.246153846153846
2.184230769230769
2.0138461538461536
2.1265384615384617
1.9930769230769232
2.229230769230769
2.1015384615384614
1.8784615384615386
1.8126923076923078
1.7242307692307692
1.7511538461538463
1.7461538461538462
1.5853846153846154
1.7007692307692308
1.6780769230769232
1.7788461538461537
1.6938461538461538
1.5811538461538461
1.5911538461538461
1.536923076923077
1.4530769230769232
1.4549999999999998
1.5196153846153846
1.5457692307692308
1.5138461538461538
1.5803846153846155
1.496923076923077
1.3676923076923078
1.3138461538461539
1.2096153846153845
1.264230769230769
1.1365384615384615
1.09
1.246923076923077
1.2534615384615384
1.3996153846153847
1.0557692307692308
1.0896153846153847
1.1373076923076924
1.0073076923076925
1.0023076923076923
1.0634615384615385
0.8838461538461538
0.9788461538461538
0.9149999999999999
0.9715384615384615
1.03
0.89
1.0323076923076924
1.0473076923076923
1.0803846153846153
0.9769230769230769
1.0230769230769232
1.0307692307692309
0.9715384615384616
0.9607692307692308
0.9615384615384616
0.8311538461538461
0.8103846153846154
0.7142307692307692
0.6707692307692308
0.6934615384615385
0.6738461538461539
0.5834615384615385
0.6103846153846154
0.6180769230769231
0.6815384615384615
0.6880769230769231
0.6003846153846154
0.6246153846153846
0.5526923076923077
0.635
0.5176923076923077
0.5553846153846154
0.5507692307692308
0.46269230769230774
0.46
0.4819230769230769
0.42807692307692313
0.3680769230769231
0.48115384615384615
0.4807692307692308
0.4988461538461539
0.51
0.5342307692307693
0.4538461538461539
0.48384615384615387
0.44307692307692303
0.46384615384615385
0.3334615384615385
0.35884615384615387
0.4765384615384616
0.5642307692307692
0.43884615384615383
0.4603846153846154
0.365
0.3596153846153846
0.3303846153846154
0.46846153846153843
0.36230769230769233
0.42076923076923073
0.42500000000000004
0.41346153846153844
0.3688461538461538
0.3923076923076923
0.3646153846153846
0.4507692307692308
0.5823076923076923
0.6161538461538462
0.7238461538461538
0.6392307692307693
0.49076923076923074
0.46153846153846156
0.43653846153846154
0.31769230769230766
0.4876923076923077
0.5846153846153845
0.5392307692307692
