temperature
2.341153846153846
2.228846153846154
2.0765384615384614
2.5292307692307694
3.175769230769231
2.4784615384615383
2.545
3.0696153846153846
3.105769230769231
2.925
2.264615384615385
1.8292307692307692
2.204230769230769
2.7403846153846154
2.5992307692307692
2.1961538461538463
1.78
2.005
2.265
2.6580769230769232
3.0973076923076923
2.6515384615384616
2.571923076923077
2.5023076923076926
1.9246153846153846
1.8515384615384616
1.646923076923077
1.9765384615384616
2.2584615384615385
1.7565384615384616
1.873076923076923
2.2169230769230768
2.8134615384615387
2.9619230769230773
2.9046153846153846
3.3742307692307696
3.056923076923077
2.7057692307692305
2.2492307692307696
2.1203846153846153
1.6084615384615384
1.8153846153846156
1.8157692307692308
1.4715384615384615
1.136153846153846
1.071923076923077
1.334230769230769
1.9538461538461538
1.7884615384615385
1.6915384615384614
1.8111538461538461
2.1388461538461536
2.4503846153846154
2.7388461538461537
2.723076923076923
2.2746153846153847
2.4276923076923076
3.0553846153846154
2.728846153846154
3.0276923076923077
3.3103846153846153
3.165
3.4669230769230768
4.103076923076923
4.236538461538462
4.397307692307693
4.24923076923077
4.041538461538462
4.415
4.278846153846154
4.345
4.159230769230769
3.5307692307692307
3.5834615384615387
3.7007692307692306
3.9165384615384613
3.9376923076923074
3.894230769230769
3.723076923076923
3.7434615384615384
4.007307692307692
4.363076923076923
4.386923076923077
4.313076923076923
4.356923076923077
4.258076923076922
4.218461538461539
4.803846153846154
5.025384615384615
5.331538461538462
5.165
4.421153846153846
4.285769230769231
4.523461538461539
4.809230769230769
4.988076923076923
4.762307692307692
4.240384615384615
5.0503846153846155
5.847307692307693
6.244615384615385
6.0734615384615385
5.352307692307692
6.203846153846154
6.771923076923077
6.863461538461538
6.4057692307692315
7.107692307692308
6.678076923076923
6.666538461538461
7.091153846153846
7.517692307692308
6.862692307692308
6.713461538461539
6.578076923076923
7.018076923076923
6.937307692307693
6.7226923076923075
7.155384615384615
7.177307692307693
6.813461538461539
7.261153846153846
7.83576923076923
7.959615384615384
7.856153846153846
8.646538461538462
8.863461538461538
8.378846153846153
8.146153846153847
8.428461538461537
8.485384615384616
8.74576923076923
8.624230769230769
8.802692307692308
8.98
8.580769230769231
9.187692307692307
8.703076923076923
9.479615384615384
9.915384615384616
9.846923076923076
10.174615384615386
10.11076923076923
10.537692307692309
10.612307692307693
10.45346153846154
9.903846153846153
10.143846153846154
10.344999999999999
10.23653846153846
10.805769230769231
11.503076923076922
11.144615384615385
11.100769230769231
11.130384615384616
11.580384615384615
11.459615384615384
11.141153846153847
11.643076923076924
11.355
11.498461538461537
11.441538461538462
11.429615384615385
11.26923076923077
11.261923076923077
11.812307692307693
12.448076923076922
12.150384615384613
12.397307692307692
12.548461538461538
12.221923076923076
12.130384615384616
12.308461538461538
12.19846153846154
12.43153846153846
12.726923076923075
12.99923076923077
12.607307692307693
12.81076923076923
13.170384615384616
13.761153846153848
13.328846153846154
13.534230769230769
13.838076923076924
14.007692307692308
14.02
14.418076923076923
14.576538461538462
14.317307692307692
14.264615384615384
14.186538461538463
14.623461538461537
14.396538461538462
14.74923076923077
14.463846153846154
14.30923076923077
13.907307692307691
13.680769230769231
13.912307692307694
14.645384615384614
14.264999999999999
14.193461538461538
14.061923076923078
14.271923076923077
14.38423076923077
14.593846153846155
14.741153846153846
15.07846153846154
14.660769230769231
15.027692307692309
15.168461538461539
14.15576923076923
14.474230769230768
14.877307692307692
14.565384615384614
14.036153846153846
14.443076923076923
14.292692307692308
13.496153846153845
13.911923076923076
13.62423076923077
13.74923076923077
14.217692307692309
14.048076923076923
14.345
14.539230769230768
14.51
13.922307692307694
13.802307692307693
14.13846153846154
14.357307692307693
14.497307692307693
14.473076923076924
13.73576923076923
13.632692307692308
13.77730769230769
13.436538461538463
13.032307692307691
13.170384615384616
13.418076923076923
13.437692307692307
12.931153846153846
13.071153846153846
12.870000000000001
13.041153846153845
12.636923076923077
12.442307692307692
11.905384615384616
11.819615384615386
12.463461538461539
12.168461538461539
12.492307692307692
11.598846153846154
11.300384615384615
11.44076923076923
11.217692307692309
11.126153846153848
10.934615384615386
11.858076923076924
11.774230769230769
11.163461538461538
11.322692307692307
11.266923076923076
11.100384615384616
10.955769230769231
11.205384615384615
10.326923076923077
10.066153846153847
10.164615384615384
10.07423076923077
10.588846153846154
10.711153846153847
10.72653846153846
10.205769230769231
10.337307692307691
9.966923076923077
9.846153846153847
9.678461538461537
9.708461538461538
9.302692307692308
9.704615384615384
9.786538461538461
8.786538461538461
9.025384615384615
8.91576923076923
8.28076923076923
7.874615384615385
8.069230769230769
7.50076923076923
7.469615384615385
7.812692307692307
7.921538461538462
6.967692307692308
7.205384615384616
7.5649999999999995
7.951538461538462
8.028076923076922
7.764230769230769
7.426153846153847
7.17076923076923
6.962307692307693
7.045
7.669615384615384
7.1692307692307695
6.968461538461539
7.135
6.781923076923078
6.355769230769231
5.788461538461538
5.798461538461538
6.534230769230769
6.350384615384616
5.972307692307693
6.335384615384616
5.772307692307693
5.066538461538461
4.698076923076924
4.612307692307692
4.780384615384615
4.3476923076923075
4.32423076923077
4.554230769230769
3.920769230769231
3.8023076923076924
4.150769230769231
4.681923076923077
4.683461538461538
4.559230769230769
4.844230769230769
3.9815384615384612
3.6350000000000002
3.4311538461538458
3.115
3.338846153846154
3.9657692307692307
4.468076923076923
4.362307692307692
4.358461538461539
4.035384615384616
3.302692307692308
2.829230769230769
3.04
3.058846153846154
3.349615384615385
3.288846153846154
3.328461538461539
3.4569230769230765
3.4511538461538462
3.7946153846153843
3.415769230769231
3.130769230769231
3.245
3.251923076923077
3.395769230769231
3.226153846153846
3.0100000000000002
3.2473076923076922
3.395
3.3773076923076926
3.246153846153846
3.1926923076923077
3.465384615384615
2.8103846153846153
2.5
2.3015384615384615
