pet
0.4826923076923077
0.33269230769230773
0.28
0.4411538461538462
0.515
0.54
0.5215384615384615
0.5219230769230769
0.5003846153846154
0.536923076923077
0.5411538461538462
0.43423076923076925
0.535
0.5346153846153846
0.6142307692307692
0.4957692307692308
0.45769230769230773
0.5126923076923077
0.5534615384615384
0.5892307692307692
0.5776923076923077
0.5261538461538462
0.5042307692307693
0.5057692307692307
0.3469230769230769
0.41615384615384615
0.29230769230769227
0.43615384615384617
0.5696153846153846
0.4730769230769231
0.47576923076923083
0.49653846153846154
0.6319230769230769
0.6376923076923077
0.6453846153846154
0.8057692307692308
0.6642307692307692
0.46115384615384614
0.38153846153846155
0.4765384615384616
0.4042307692307692
0.40076923076923077
0.48653846153846153
0.4123076923076923
0.44576923076923075
0.4073076923076923
0.45884615384615385
0.5269230769230769
0.535
0.6130769230769231
0.6042307692307692
0.6838461538461539
0.7576923076923077
0.75
0.711923076923077
0.6515384615384616
0.6561538461538461
0.8388461538461539
0.7311538461538463
0.8073076923076924
0.8807692307692307
0.885
0.9626923076923077
1.1703846153846154
1.2234615384615384
1.3253846153846154
1.0996153846153847
1.043076923076923
1.1634615384615385
1.1515384615384616
1.1538461538461537
1.0096153846153846
0.913076923076923
0.8742307692307693
0.9546153846153846
1.0680769230769231
0.9092307692307693
0.8830769230769231
0.9153846153846155
0.9726923076923076
1.0742307692307693
1.0673076923076923
1.0153846153846153
1.0996153846153847
1.0696153846153846
1.1234615384615385
1.0757692307692308
1.2411538461538463
1.3003846153846155
1.3815384615384616
1.337307692307692
1.1480769230769232
1.073076923076923
1.316923076923077
1.3646153846153846
1.345
1.198846153846154
1.2634615384615384
1.484230769230769
1.7430769230769232
1.6707692307692308
1.4288461538461539
1.435
1.811923076923077
1.926153846153846
1.72
1.7692307692307692
1.793076923076923
1.716923076923077
1.728076923076923
1.856923076923077
1.768076923076923
1.7884615384615385
1.7950000000000002
1.7246153846153847
1.8469230769230767
1.8292307692307692
1.8226923076923076
1.9503846153846154
1.9249999999999998
2.041923076923077
1.9984615384615385
2.0384615384615383
2.1923076923076925
2.025384615384615
2.1665384615384613
2.301923076923077
2.3400000000000003
2.1596153846153845
2.2253846153846153
2.0715384615384616
2.3642307692307694
2.3184615384615386
2.4015384615384616
2.357307692307692
2.128076923076923
2.460384615384615
2.3796153846153847
2.4050000000000002
2.561923076923077
2.6319230769230773
2.4446153846153846
2.6346153846153846
2.637307692307693
2.7534615384615386
2.6984615384615385
2.5765384615384614
2.4784615384615383
2.5730769230769233
2.6353846153846154
2.8092307692307696
2.7396153846153846
2.5007692307692304
2.4446153846153846
2.297307692307692
2.4403846153846156
2.5534615384615384
2.515
2.507307692307692
2.4646153846153847
2.2834615384615384
2.430769230769231
2.3684615384615384
2.353846153846154
2.358076923076923
2.3665384615384615
2.463461538461538
2.4707692307692306
2.4753846153846153
2.6107692307692307
2.4930769230769227
2.3596153846153847
2.394230769230769
2.349615384615385
2.4511538461538462
2.5534615384615384
2.3946153846153844
2.3907692307692305
2.425
2.4619230769230773
2.4461538461538463
2.459230769230769
2.5023076923076926
2.5730769230769233
2.667307692307692
2.5596153846153844
2.742692307692308
2.7834615384615384
2.5776923076923075
2.4826923076923078
2.5973076923076923
2.648846153846154
2.4784615384615383
2.519615384615385
2.5107692307692306
2.331923076923077
2.007307692307692
2.3234615384615385
2.210769230769231
2.5984615384615384
2.438846153846154
2.246538461538462
2.2169230769230768
2.335384615384615
2.290769230769231
2.415
2.4811538461538465
2.496923076923077
2.6526923076923077
2.527307692307692
2.4038461538461537
2.2580769230769233
2.3346153846153848
2.3400000000000003
2.145769230769231
2.1784615384615384
2.1373076923076924
2.088461538461538
1.9723076923076923
2.021153846153846
2.0365384615384614
1.9946153846153847
2.184230769230769
2.0984615384615384
2.077692307692308
2.1534615384615385
2.203076923076923
1.9530769230769232
1.9761538461538461
1.9665384615384616
2.036923076923077
2.0934615384615385
2.001923076923077
1.7446153846153847
1.94
1.9176923076923076
1.7730769230769232
1.830769230769231
1.7042307692307692
1.8357692307692306
1.7134615384615384
1.6084615384615384
1.7815384615384615
1.7461538461538462
1.709230769230769
1.7807692307692307
1.6700000000000002
1.485769230769231
1.3915384615384616
1.633076923076923
1.6134615384615385
1.536153846153846
1.3765384615384615
1.294230769230769
1.3311538461538461
1.2761538461538462
1.3138461538461539
1.258076923076923
1.6426923076923077
1.5507692307692307
1.4253846153846155
1.4553846153846153
1.4903846153846154
1.4084615384615384
1.3280769230769232
1.2184615384615385
1.0573076923076923
1.0107692307692309
1.0865384615384615
1.0507692307692307
1.208846153846154
1.2742307692307693
1.275
1.2476923076923077
1.2523076923076923
1.1376923076923076
1.1603846153846153
1.143846153846154
1.095
1.01
1.1534615384615385
1.0761538461538462
0.9388461538461539
0.9553846153846154
0.8223076923076923
0.8396153846153845
0.9657692307692307
0.8392307692307692
0.8311538461538461
0.8207692307692308
0.8438461538461539
0.765
0.6203846153846153
0.7003846153846154
0.7065384615384616
0.8676923076923077
0.823076923076923
0.7365384615384615
0.8346153846153845
0.7165384615384615
0.7873076923076923
0.7923076923076924
0.8603846153846154
0.6815384615384615
0.7123076923076923
0.7100000000000001
0.7692307692307693
0.6211538461538463
0.5476923076923077
0.6946153846153845
0.8011538461538461
0.6646153846153846
0.7192307692307692
0.6861538461538461
0.5338461538461539
0.4603846153846154
0.48615384615384616
0.5484615384615384
0.5226923076923077
0.41615384615384615
0.4146153846153846
0.44846153846153847
0.32923076923076927
0.32076923076923075
0.6865384615384615
0.6857692307692307
0.6173076923076923
0.5253846153846153
0.5207692307692308
0.4580769230769231
0.5065384615384615
0.5188461538461538
0.3973076923076923
0.46076923076923076
0.4776923076923077
0.588076923076923
0.6546153846153846
0.5696153846153846
0.47961538461538467
0.3480769230769231
0.2938461538461538
0.32961538461538464
0.4296153846153846
0.535
0.4953846153846154
0.48846153846153845
0.46923076923076923
0.4703846153846154
0.4819230769230769
0.4330769230769231
0.40538461538461534
0.46115384615384614
0.37153846153846154
0.4296153846153846
0.42807692307692313
0.43961538461538463
0.45269230769230767
0.49
0.5388461538461539
0.45000000000000007
0.43346153846153845
0.4565384615384615
0.4461538461538461
0.4569230769230769
0.4719230769230769
