temperature
4.8392
4.6156
3.8695999999999997
4.0652
4.2916
4.2788
4.6644
4.343999999999999
4.2888
4.9024
4.9883999999999995
5.0648
4.6588
4.8872
5.1612
4.5648
4.3924
4.6436
4.5443999999999996
3.7324
3.9756
3.9476
3.8915999999999995
4.0596
4.5656
4.2988
4.5032
4.6784
4.1739999999999995
3.9536000000000002
4.4264
4.4368
4.4464
4.4444
4.988
4.754
3.9608
4.274
3.9852
3.5564
3.7948000000000004
4.396
4.7616000000000005
4.3616
4.8896
5.2668
4.8236
5.0760000000000005
4.9516
5.2456
5.314
5.445600000000001
5.3168
5.1080000000000005
4.7928
5.084
4.7524
4.2780000000000005
4.0408
4.0188
4.263999999999999
4.2908
3.8608
4.5344
4.9576
5.595599999999999
6.0296
6.5036000000000005
6.191599999999999
5.944399999999999
5.339600000000001
5.4936
6.4288
6.886
6.5363999999999995
6.542000000000001
5.8187999999999995
6.362
6.242000000000001
6.4912
6.444
6.8288
6.925599999999999
7.127999999999999
7.074400000000001
6.992000000000001
7.388400000000001
7.1624
7.558400000000001
7.6316
7.5476
7.5596000000000005
7.572
7.2676
7.5372
7.400399999999999
6.8044
7.5572
7.5728
7.3744000000000005
7.7052
7.4963999999999995
7.9
8.1396
8.0676
8.0936
8.315199999999999
7.9052
8.3112
9.2668
10.04653846153846
9.787692307692307
10.093461538461538
10.168076923076923
9.439615384615385
8.921538461538463
9.188846153846153
8.883461538461539
8.718076923076923
9.254999999999999
9.78346153846154
9.931153846153846
10.107692307692307
9.946153846153846
10.062307692307693
10.045769230769231
11.06423076923077
10.94923076923077
11.015384615384615
11.514999999999999
10.797307692307694
10.939615384615385
10.803461538461537
10.928461538461537
11.755384615384616
11.283076923076923
11.17576923076923
11.147307692307692
11.543076923076923
11.644615384615385
11.92653846153846
11.705
11.728076923076923
11.709999999999999
12.326153846153847
12.318076923076923
12.3
12.423076923076923
12.67153846153846
12.967692307692307
13.410769230769231
14.25
13.794615384615385
13.407692307692308
12.944615384615386
13.029230769230768
12.935
13.07346153846154
13.288846153846153
13.675
13.855
13.281538461538462
13.136538461538462
13.304615384615385
13.765384615384615
13.63846153846154
14.45
14.34153846153846
14.572692307692307
14.31
13.978076923076923
13.927307692307693
14.048461538461538
14.313461538461537
14.394615384615385
14.843461538461538
15.298461538461538
14.659615384615384
14.92576923076923
15.116153846153846
14.99923076923077
15.12423076923077
15.061923076923078
15.286923076923076
14.929615384615385
15.051153846153845
14.871923076923078
15.144615384615385
15.39423076923077
15.827692307692306
15.707692307692307
15.391153846153847
15.295384615384616
14.951153846153847
15.555
15.525000000000002
15.68923076923077
15.997692307692308
16.63153846153846
16.573076923076922
15.725384615384616
15.677692307692308
15.948846153846155
16.290384615384617
15.858076923076924
16.618846153846153
16.05153846153846
15.896923076923077
15.774615384615384
15.744615384615384
15.471538461538461
15.63076923076923
16.21076923076923
16.137307692307694
16.06153846153846
15.643461538461539
15.938076923076922
15.803076923076922
15.556923076923077
16.286153846153844
16.12346153846154
15.766538461538461
16.053846153846152
15.988461538461538
16.216153846153848
15.798846153846153
15.159230769230769
15.398076923076925
15.525769230769232
15.102692307692308
15.273076923076925
15.31
15.262307692307692
15.586153846153847
15.41576923076923
14.80923076923077
15.383076923076922
14.794615384615383
14.706538461538461
14.398846153846154
14.02346153846154
14.169615384615385
13.903461538461539
13.879615384615384
14.936538461538463
14.387307692307692
14.771538461538462
14.675
14.449615384615385
14.188846153846153
14.23423076923077
14.098461538461539
14.672692307692309
14.092307692307692
13.851153846153846
13.345384615384615
13.101153846153846
13.488076923076923
12.831538461538461
12.816923076923077
13.232692307692307
13.439615384615385
13.349230769230768
13.549615384615386
13.123076923076923
12.741923076923078
12.204615384615384
12.404615384615385
12.31
12.431153846153846
12.578846153846154
12.823846153846155
13.172307692307694
12.1292
11.5944
11.185599999999999
10.9284
11.5736
10.9176
11.1148
11.790799999999999
11.351199999999999
11.5472
10.708
10.8224
10.6808
10.3356
10.822799999999999
10.4484
9.9064
10.129199999999999
9.752
9.5956
9.7984
9.5488
9.729199999999999
9.700800000000001
9.698
9.637599999999999
9.6116
9.267999999999999
9.162
9.5692
9.167200000000001
8.7672
8.5876
8.103200000000001
8.0484
8.2836
7.9152
7.722799999999999
7.7992
7.706
8.316
7.994400000000001
7.5691999999999995
7.3588
7.41
7.6632
7.0152
7.4488
6.9136
6.6624
6.356
5.9576
5.532
5.777200000000001
6.206799999999999
5.900399999999999
6.2072
6.0252
6.0136
5.6624
5.412000000000001
4.9228
4.7784
5.0344
5.0376
5.699199999999999
5.8788
5.605600000000001
5.482
5.3751999999999995
5.4056
5.0488
5.3831999999999995
4.9992
5.2396
5.1876
4.7744
4.5684
4.505199999999999
4.1308
4.4632
5.401599999999999
5.6888
6.1815999999999995
5.7652
5.1712
5.215199999999999
4.5552
4.0612
5.083600000000001
5.2572
5.145599999999999
