temperature
3.8623076923076924
3.772692307692308
3.688846153846154
3.4253846153846155
3.6396153846153845
3.621923076923077
4.211923076923077
4.046153846153846
3.9480769230769233
4.265384615384615
4.408846153846154
4.5649999999999995
4.113846153846153
3.708076923076923
4.0661538461538465
3.458076923076923
3.2353846153846155
3.866153846153846
4.2226923076923075
3.3757692307692304
3.018076923076923
3.380769230769231
3.328076923076923
3.674615384615384
4.298846153846154
4.122307692307692
4.171923076923077
4.370384615384615
3.786923076923077
3.433076923076923
4.031923076923077
4.270384615384615
3.947307692307692
4.258076923076922
4.711538461538462
4.345
4.175
3.8446153846153845
4.0019230769230765
3.7734615384615386
3.4292307692307693
4.094230769230769
4.4034615384615385
4.221923076923077
4.53
5.123461538461539
4.599615384615385
4.853846153846154
4.698076923076924
4.811153846153847
5.287307692307692
5.658461538461538
5.247692307692308
5.594615384615385
4.952307692307692
5.194615384615385
4.91
4.671923076923077
4.295
3.9703846153846154
4.382692307692308
4.187307692307693
4.028076923076923
4.29576923076923
4.758846153846154
5.787307692307692
5.8246153846153845
6.511153846153846
6.220769230769231
6.115769230769231
5.756923076923077
6.038461538461538
6.734999999999999
7.115384615384615
7.173846153846155
7.141538461538461
6.405
6.313846153846153
6.272692307692308
6.4423076923076925
6.538076923076924
6.444615384615385
6.541153846153846
7.1523076923076925
6.893076923076923
6.9423076923076925
7.073846153846154
7.463846153846154
7.859615384615385
7.813076923076922
7.106538461538462
7.16
7.322692307692307
7.683461538461539
8.178846153846154
7.428076923076923
6.7553846153846155
7.311923076923076
7.7092307692307696
7.4338461538461535
7.140769230769231
6.991538461538462
7.273076923076923
7.486923076923077
7.457692307692308
7.87
7.851923076923077
7.667692307692308
7.658076923076924
8.258461538461539
9.186923076923076
9.685384615384615
9.745384615384616
9.76923076923077
9.085
8.826538461538462
9.206923076923077
8.73423076923077
8.527692307692307
8.727692307692307
9.276923076923076
9.332692307692309
9.46076923076923
9.71076923076923
9.88923076923077
9.79
10.028846153846153
10.361923076923079
10.853461538461538
10.930384615384614
10.423846153846153
10.266538461538461
10.147307692307692
9.997307692307693
11.011923076923077
11.257692307692308
11.350769230769231
11.611923076923079
11.856923076923076
11.732307692307693
11.853846153846153
11.866923076923078
12.208846153846155
11.732307692307693
12.124615384615385
12.185
12.327307692307691
11.920384615384616
12.169615384615385
12.13076923076923
12.338076923076924
13.420384615384616
13.13846153846154
12.626153846153848
12.068461538461538
12.416538461538462
12.322692307692307
12.812692307692307
13.20923076923077
13.711153846153847
13.491923076923078
13.417307692307693
13.15846153846154
13.817692307692308
13.401538461538461
13.776153846153846
14.606153846153846
14.768846153846154
14.835384615384616
14.331153846153846
14.431153846153846
14.243846153846153
14.441538461538462
14.673461538461538
14.869615384615384
14.136923076923077
14.09769230769231
14.759615384615385
14.723076923076924
14.891538461538461
14.57423076923077
15.19076923076923
15.410384615384617
15.187307692307693
15.666153846153845
15.831923076923077
15.548461538461538
15.48923076923077
15.531923076923077
15.332307692307692
15.77346153846154
15.422692307692309
15.23923076923077
15.231153846153846
15.435
15.871153846153845
16.436153846153847
16.563846153846153
16.64
17.02846153846154
16.263846153846153
15.909615384615384
16.262307692307694
16.625
16.537692307692307
16.361923076923077
16.561923076923076
16.645769230769233
16.49076923076923
16.37923076923077
16.057692307692307
16.281923076923075
16.818076923076923
16.681153846153844
16.926923076923075
16.418076923076924
16.576153846153847
16.855
16.466538461538462
16.427692307692308
15.889999999999999
15.794230769230769
16.538846153846155
16.078846153846154
16.655384615384616
16.58923076923077
16.314615384615387
15.765384615384615
16.161923076923078
16.196153846153848
16.195
15.90230769230769
15.956923076923077
15.836923076923076
15.655000000000001
15.318846153846154
15.544615384615385
14.794230769230769
14.860384615384616
15.120384615384616
14.548461538461538
14.339615384615383
14.152692307692309
14.603461538461538
15.489615384615385
15.039230769230768
14.839230769230769
14.99923076923077
14.905000000000001
14.589615384615383
14.659230769230769
14.593461538461538
14.707692307692307
14.616153846153846
14.133846153846154
13.798076923076923
13.745000000000001
13.171923076923077
12.938846153846155
12.754615384615384
13.256538461538462
13.464230769230769
13.19576923076923
13.201923076923077
13.405
12.905384615384616
12.656923076923077
12.590769230769231
12.420769230769231
12.765769230769232
13.123461538461537
12.358846153846153
12.840769230769231
11.970384615384615
11.56
11.628846153846155
10.946538461538463
11.441153846153847
10.661153846153846
11.049230769230768
11.50346153846154
11.32076923076923
11.091923076923077
11.00576923076923
10.798461538461538
11.174230769230768
10.68
10.281153846153845
10.330384615384615
9.757307692307693
9.733076923076924
9.517307692307693
9.624615384615385
10.100384615384616
9.527692307692307
9.681923076923077
9.608461538461539
9.858461538461539
9.39
9.489615384615384
9.082307692307692
8.417307692307691
8.784230769230769
9.026538461538461
8.739230769230769
8.586538461538462
8.063846153846153
7.568461538461539
7.509615384615385
7.291923076923077
7.548076923076923
7.186153846153847
7.066538461538461
7.124230769230769
7.218076923076922
7.190384615384615
6.635769230769231
6.909230769230769
7.518846153846154
6.801153846153847
6.757307692307692
6.246923076923077
5.917692307692307
5.5807692307692305
5.314230769230769
5.051923076923076
4.994230769230769
5.238461538461538
5.110384615384616
5.399230769230769
5.366153846153846
5.226153846153846
5.033461538461538
4.878076923076923
4.534230769230769
4.586538461538462
3.9484615384615385
4.088461538461538
4.924615384615384
4.606538461538461
4.292307692307693
4.195384615384615
3.9026923076923077
4.220384615384615
4.0200000000000005
4.366538461538462
4.241923076923078
4.119230769230769
4.408076923076923
3.8746153846153844
3.3019230769230767
3.164230769230769
3.4723076923076923
3.1780769230769232
3.5634615384615387
4.345384615384615
5.06923076923077
4.916153846153846
3.941923076923077
3.9426923076923077
3.569230769230769
2.753846153846154
3.088846153846154
4.054230769230769
3.9069230769230767
