temperature
2.6364
2.648
2.8424
3.8480000000000003
3.8604
2.7004
2.6788
2.9840000000000004
2.9256
2.5612
2.1719999999999997
1.5044
1.9163999999999999
2.7132
2.7392000000000003
2.2624
1.892
2.1396
2.6675999999999997
3.122
3.014
2.8004000000000002
2.8808
2.9892000000000003
2.4744
2.3348
2.3480000000000003
2.6268000000000002
2.4548
1.9788
2.3592
2.6404
2.8448
3.1324
3.0595999999999997
3.5292000000000003
3.418
2.8844
2.5272
2.3756
1.9980000000000002
2.3052
2.004
1.2084000000000001
0.8776
1.2384
1.7784
2.0947999999999998
1.7180000000000002
2.0472
1.8584
2.4616
3.0112
2.9492000000000003
2.5827999999999998
2.3628
2.9108
3.2864
3.448
3.5580000000000003
3.7524
3.5884000000000005
3.9619999999999997
4.6171999999999995
4.9324
4.6808
4.180400000000001
4.2871999999999995
5.0248
4.7672
4.814
4.7044
4.408
4.2544
4.05
3.9928000000000003
4.2783999999999995
3.6968
3.9507999999999996
4.03
4.348400000000001
4.8008
4.9168
4.8504000000000005
4.8556
4.6175999999999995
4.3412
4.832
5.176
5.599600000000001
4.9136
4.1464
3.8372
4.3508000000000004
4.6276
5.1392
5.0316
4.76
5.3372
5.9488
6.114400000000001
6.0664
5.5920000000000005
6.0120000000000005
6.845600000000001
6.9879999999999995
6.3108
6.7588
6.3148
6.2379999999999995
6.9224
7.2
6.8608
7.1188
6.900399999999999
7.1712
7.2948
7.4428
7.5028
7.73
6.9852
7.438846153846153
7.687692307692307
7.706153846153847
7.7784615384615385
7.996923076923077
8.352692307692307
8.006923076923076
7.7519230769230765
8.135
8.452307692307691
8.557307692307692
8.756923076923076
8.781153846153845
9.443846153846154
8.873846153846154
9.10576923076923
9.133076923076924
9.656153846153845
10.104615384615386
9.82423076923077
10.108076923076924
10.253846153846155
10.585769230769232
10.17576923076923
10.610000000000001
10.311923076923078
9.930384615384614
10.476923076923075
10.246153846153845
10.911923076923076
10.896153846153847
10.551923076923078
10.724230769230768
10.646153846153847
11.25923076923077
11.01076923076923
11.12076923076923
11.214230769230769
11.337692307692306
11.226923076923075
11.526153846153846
11.289615384615384
11.042307692307693
11.247307692307693
11.702307692307691
12.49576923076923
12.326538461538462
12.146153846153847
12.224615384615383
12.623846153846152
12.115
12.268846153846154
12.040384615384616
12.313461538461537
12.59423076923077
12.735384615384616
12.658846153846154
13.006923076923076
13.124615384615385
12.962692307692306
12.780384615384616
12.76346153846154
13.379999999999999
13.976923076923075
13.910384615384617
13.797307692307694
14.119615384615384
14.21923076923077
14.218076923076922
14.032692307692308
14.27076923076923
14.178076923076922
14.465384615384616
14.18576923076923
14.048076923076923
13.800799999999999
13.709200000000001
13.7808
14.3948
14.1744
13.963199999999999
13.8748
14.0852
13.7652
14.378
14.365599999999999
14.818
14.5056
14.6728
14.924000000000001
13.782
14.0252
14.446399999999999
14.1128
13.937999999999999
14.17
13.608799999999999
13.2476
13.874
13.3796
13.7376
14.1476
13.6932
13.9408
14.214
14.2252
13.6476
13.6432
13.8472
14.298
14.531200000000002
14.408
13.6732
13.184000000000001
13.484000000000002
13.5048
13.1756
13.021600000000001
13.2708
13.1396
12.9032
12.9024
12.5932
12.4952
12.0048
12.2292
11.628
11.912799999999999
12.5076
12.0596
12.1432
11.1676
11.276
11.213199999999999
10.9248
10.7252
10.7476
11.2708
11.3336
11.082
10.8872
10.88
10.777999999999999
10.5084
10.7996
10.392000000000001
10.303199999999999
10.1384
10.409600000000001
10.5428
10.2236
10.1832
9.76
9.936399999999999
9.7532
9.484
9.6144
9.538400000000001
9.553199999999999
9.9048
9.8444
8.802
8.9276
8.9824
8.432
8.5992
8.1092
7.587999999999999
7.49
7.8324
8.0672
7.936800000000001
7.2332
7.3508000000000004
7.8296
7.6324000000000005
8.1052
7.574
7.352799999999999
7.1184
7.3252
7.6743999999999994
7.3924
7.3032
7.2204
6.7232
6.4336
5.8652
6.436800000000001
7.364400000000001
6.570399999999999
6.524
6.506799999999999
5.975600000000001
5.1272
4.9856
5.0464
5.1160000000000005
4.6988
5.0336
5.2176
4.2048000000000005
3.9783999999999997
3.9676
4.4432
4.7824
4.6032
4.5172
3.772
3.3895999999999997
3.2539999999999996
3.4628
4.0931999999999995
4.3276
4.9132
4.6388
4.454
3.6836
3.3536
3.5556
2.6864
2.6384
3.1075999999999997
2.9004000000000003
3.4132
3.5136000000000003
3.622
3.7960000000000003
3.6824
2.994
3.0471999999999997
3.5544
3.6708
3.2895999999999996
3.0368
3.3364
3.5472
3.6132
3.6475999999999997
3.5107999999999997
3.7476
2.758
2.6336
2.8512
