pet
0.361764705882353
0.3635294117647059
0.3158823529411765
0.2664705882352941
0.5152941176470588
0.41352941176470587
0.5923529411764706
0.558235294117647
0.6229411764705882
0.5517647058823529
0.5005882352941177
0.5394117647058824
0.5882352941176471
0.5499999999999999
0.6176470588235294
0.5329411764705883
0.3770588235294118
0.3941176470588235
0.6405882352941177
0.6658823529411765
0.5664705882352942
0.398235294117647
0.41764705882352937
0.39294117647058824
0.3111764705882353
0.41
0.4505882352941177
0.4717647058823529
0.45529411764705885
0.5452941176470588
0.6423529411764706
0.5470588235294118
0.6823529411764706
0.8864705882352941
0.9729411764705882
0.9429411764705883
1.025294117647059
0.7564705882352941
0.6611764705882353
0.6811764705882353
0.6788235294117646
0.9358823529411765
0.7876470588235295
0.5741176470588235
0.6047058823529411
0.6611764705882353
0.5129411764705882
0.6747058823529412
0.7376470588235293
0.7141176470588235
0.6758823529411765
0.6605882352941177
0.7235294117647059
0.9058823529411765
0.6241176470588234
0.6570588235294118
0.6570588235294118
0.7482352941176471
0.6947058823529412
0.6164705882352941
0.6858823529411765
0.7947058823529412
0.9264705882352942
1.0652941176470587
1.14
1.3258823529411765
1.18
1.2000000000000002
1.3158823529411765
1.096470588235294
1.14
1.3023529411764707
1.3482352941176472
1.3870588235294117
1.595294117647059
1.796470588235294
1.3776470588235292
1.2670588235294118
1.3276470588235294
1.3182352941176472
1.4358823529411764
1.49
1.244705882352941
1.2311764705882353
1.0611764705882352
1.228235294117647
1.1811764705882355
1.4341176470588235
1.686470588235294
1.8711764705882352
1.8023529411764707
1.6423529411764708
1.4358823529411764
1.4158823529411766
1.5741176470588234
1.4711764705882353
1.2011764705882353
1.3023529411764707
1.7558823529411764
1.8494117647058825
1.84
1.633529411764706
1.3711764705882352
1.5411764705882351
1.444705882352941
1.6488235294117646
1.4635294117647057
1.5088235294117647
1.5623529411764705
1.6811764705882353
2.146470588235294
2.1911764705882355
2.172941176470588
2.286470588235294
2.21
2.1894117647058824
2.3323529411764703
2.255294117647059
2.2788235294117647
2.280588235294118
2.5358823529411763
2.63
2.572352941176471
2.5552941176470587
2.317647058823529
2.327058823529412
2.537058823529412
2.371176470588235
2.3776470588235297
2.3570588235294117
2.256470588235294
2.4329411764705884
2.374705882352941
2.552941176470588
2.864117647058823
2.699411764705882
2.5476470588235296
2.571764705882353
2.8976470588235292
2.9564705882352946
2.7911764705882356
2.8258823529411763
2.873529411764706
2.8517647058823528
2.8635294117647057
2.8676470588235294
2.815294117647059
2.9341176470588235
3.138235294117647
2.9370588235294117
2.986470588235294
2.9411764705882355
2.5405882352941176
2.405294117647059
2.2794117647058822
2.5629411764705883
2.7664705882352942
2.523529411764706
2.7070588235294117
2.8358823529411765
2.614705882352941
2.599411764705882
2.4205882352941175
2.7152941176470584
2.742941176470588
2.894705882352941
2.9382352941176473
3.0599999999999996
3.125294117647059
3.1294117647058823
2.8305882352941176
2.523529411764706
2.585294117647059
2.605882352941176
2.7788235294117647
2.6547058823529412
2.7600000000000002
2.6723529411764706
2.6335294117647057
2.7094117647058824
2.7252941176470586
2.595294117647059
2.7070588235294117
2.767058823529412
2.6841176470588235
2.6476470588235292
2.902941176470588
3.021176470588235
2.9041176470588232
2.6705882352941175
2.876470588235294
2.9058823529411764
2.912941176470588
2.791764705882353
2.9352941176470586
2.938823529411765
2.9352941176470586
2.8311764705882356
2.8905882352941177
3.1470588235294117
3.206470588235294
3.017058823529412
3.041764705882353
3.0294117647058822
2.7747058823529414
2.6870588235294117
2.864705882352941
3.047647058823529
3.135882352941177
3.4735294117647055
3.182352941176471
2.9647058823529413
3.0752941176470587
3.15
3.1241176470588234
2.9094117647058826
2.800588235294118
3.1152941176470588
2.777647058823529
2.838235294117647
2.9194117647058824
2.874705882352941
2.9041176470588232
2.6558823529411764
2.856470588235294
2.7323529411764707
2.7600000000000002
2.7694117647058825
2.6964705882352944
2.7570588235294116
2.7894117647058825
2.5952941176470588
2.7058823529411766
2.4988235294117644
2.474117647058823
2.3064705882352943
2.3158823529411765
2.048235294117647
1.9205882352941175
2.1405882352941177
2.0988235294117645
2.0470588235294116
1.9676470588235295
2.0711764705882354
2.2123529411764706
2.1341176470588237
1.9817647058823529
2.0452941176470585
2.059411764705882
2.054705882352941
1.8294117647058825
1.8835294117647061
1.9541176470588235
1.8329411764705883
1.8170588235294118
1.816470588235294
1.5276470588235294
1.54
1.4488235294117646
1.7358823529411767
1.8935294117647057
1.708235294117647
1.5658823529411765
1.7676470588235293
1.4776470588235295
1.4029411764705884
1.3294117647058825
1.3941176470588235
1.4076470588235295
1.3882352941176472
1.5535294117647058
1.5447058823529414
1.677058823529412
1.448235294117647
1.4264705882352942
1.2941176470588236
1.3625
1.29875
1.279375
1.16375
1.305294117647059
1.3805882352941177
1.1211764705882352
1.2288235294117646
1.2658823529411765
1.2805882352941176
1.101764705882353
1.071764705882353
1.0670588235294118
0.8523529411764706
0.7970588235294118
0.8847058823529411
0.7858823529411765
1.0035294117647058
0.9341176470588236
0.9652941176470589
1.0405882352941178
1.0411764705882351
0.7976470588235295
0.8011764705882353
0.78
0.7458823529411764
0.648235294117647
0.6611764705882353
0.6694117647058824
0.7052941176470588
0.6841176470588236
0.6358823529411765
0.6552941176470588
0.538235294117647
0.7458823529411764
0.5605882352941176
0.5047058823529412
0.5623529411764706
0.618235294117647
0.5852941176470587
0.49
0.4052941176470588
0.4035294117647059
0.45294117647058824
0.4358823529411765
0.46352941176470586
0.41764705882352937
0.22352941176470587
0.24294117647058822
0.28647058823529414
0.4676470588235294
0.44588235294117645
0.49352941176470594
0.49
0.39941176470588236
0.49764705882352944
0.5170588235294117
0.5988235294117646
0.5082352941176471
0.6047058823529411
0.4752941176470588
0.28941176470588237
0.45294117647058824
0.41705882352941176
0.2917647058823529
0.31000000000000005
0.3341176470588235
0.41764705882352937
0.5541176470588235
0.5617647058823529
0.3941176470588235
0.30176470588235293
0.3641176470588235
0.44470588235294123
0.4588235294117647
0.3876470588235294
0.3223529411764706
0.21294117647058824
0.3205882352941177
0.5188235294117647
0.5988235294117646
0.5970588235294118
0.41882352941176465
0.3911764705882353
0.33235294117647063
0.3552941176470588
0.28647058823529414
0.34176470588235297
0.3
