temperature
3.6500000000000004
3.6823076923076923
3.493846153846154
4.103461538461539
4.714615384615384
3.948846153846154
4.019230769230769
4.553076923076923
4.902692307692307
4.600384615384615
3.5580769230769227
3.113076923076923
3.3826923076923077
4.0273076923076925
4.186923076923077
3.744230769230769
2.8065384615384614
3.2446153846153845
3.6138461538461537
3.9796153846153848
4.69923076923077
4.533846153846154
4.597307692307693
4.20423076923077
3.980769230769231
3.5592307692307688
3.5065384615384616
3.786538461538462
3.8499999999999996
3.1076923076923078
3.5053846153846155
3.433846153846154
3.7800000000000002
4.186153846153847
4.116538461538462
4.814615384615385
4.860769230769231
4.208846153846154
3.879230769230769
3.4042307692307694
3.2392307692307694
3.483076923076923
3.0646153846153843
2.4680769230769233
2.316923076923077
2.352692307692308
2.7053846153846157
3.3642307692307694
3.196153846153846
2.938846153846154
3.1353846153846154
3.6107692307692307
3.9580769230769235
4.335384615384616
3.8803846153846155
3.786153846153846
3.895769230769231
4.582307692307692
4.638846153846154
4.951923076923077
5.3319230769230765
4.806923076923077
4.703846153846154
5.514615384615384
5.677692307692308
5.855769230769231
5.947307692307692
5.600769230769231
6.333846153846154
6.003846153846154
6.064230769230769
5.772692307692308
5.707307692307692
5.670384615384616
5.910769230769231
6.029230769230769
6.608076923076923
5.8234615384615385
5.948846153846153
6.107307692307692
5.876923076923077
6.900384615384615
6.958076923076923
6.610769230769231
6.411153846153846
6.07923076923077
6.250769230769231
6.139615384615384
6.387692307692307
7.5842307692307696
7.3380769230769225
6.651538461538461
6.053076923076923
5.826538461538462
6.571153846153846
6.936538461538461
7.056923076923076
6.141538461538461
6.920384615384616
7.917307692307692
7.8149999999999995
7.804230769230769
7.360384615384616
7.663461538461538
8.333076923076923
8.54076923076923
7.798461538461538
8.053846153846154
8.600384615384616
8.305
8.871923076923078
9.786153846153846
8.4
8.33576923076923
8.388846153846155
8.363846153846154
8.270384615384616
8.731153846153846
8.832307692307692
9.358846153846155
8.96
9.410384615384615
9.221923076923076
9.313461538461539
9.824615384615385
9.942692307692308
10.527692307692309
10.315
10.30923076923077
10.69076923076923
10.358461538461539
10.680769230769231
10.587307692307691
10.833846153846155
11.307307692307692
11.159999999999998
10.56576923076923
10.86923076923077
11.221538461538461
12.07346153846154
11.519615384615385
12.161153846153846
12.096923076923076
12.432692307692308
12.068846153846154
12.316923076923077
11.908846153846154
11.680769230769231
12.26
12.088076923076924
12.801923076923078
13.258461538461539
13.12076923076923
12.75576923076923
12.892692307692307
13.444230769230769
13.345769230769232
13.584999999999999
13.858461538461539
13.518846153846154
13.474230769230768
13.433461538461538
13.478076923076923
13.74423076923077
13.621153846153845
13.634615384615385
14.682307692307692
13.943846153846154
14.25
14.391923076923076
14.825384615384614
14.316538461538462
14.078846153846154
14.13076923076923
14.665384615384616
15.086538461538462
15.495384615384616
15.203846153846154
15.27730769230769
15.194615384615386
15.704615384615384
15.901153846153846
15.403461538461539
15.735384615384616
16.628846153846155
16.394615384615385
16.52730769230769
16.826923076923077
17.121538461538464
16.591153846153848
16.53923076923077
16.85153846153846
16.443846153846156
17.032307692307693
17.13769230769231
16.717692307692307
16.335384615384616
16.037692307692307
16.291153846153847
17.136153846153846
16.823461538461537
16.654999999999998
16.716923076923077
16.481153846153845
16.323076923076922
16.897692307692306
17.096923076923076
17.265
17.353461538461538
17.634999999999998
18.180384615384614
17.32923076923077
16.845769230769232
17.25423076923077
17.29576923076923
16.81923076923077
16.787307692307692
16.725384615384616
16.536153846153844
16.752692307692307
16.858076923076922
16.59923076923077
16.793076923076924
16.57576923076923
16.913076923076922
17.518076923076926
17.266538461538463
16.683846153846154
16.353846153846153
16.626538461538463
17.212692307692308
17.087307692307693
17.039615384615384
16.07846153846154
15.513076923076925
15.565
15.989615384615385
15.74423076923077
15.215769230769231
15.63423076923077
15.933846153846153
15.423076923076923
15.154615384615385
15.31423076923077
15.18423076923077
14.798461538461538
15.111153846153845
14.711923076923076
14.151923076923076
14.963846153846154
14.997307692307693
15.055
14.161538461538461
14.106153846153846
13.806923076923077
13.348846153846154
13.273076923076925
13.361538461538462
13.90846153846154
13.623846153846152
13.634615384615385
13.112692307692308
13.425
13.556923076923077
13.183461538461538
13.688846153846155
12.739615384615385
12.671153846153846
12.824615384615385
12.513076923076925
12.719615384615384
13.008461538461539
12.599615384615383
12.041538461538462
12.189615384615385
11.950384615384614
11.927307692307693
11.656153846153845
11.808846153846153
11.059615384615386
11.797692307692309
12.11923076923077
11.468076923076923
11.332692307692307
11.377307692307692
10.366538461538461
9.917692307692308
10.007692307692308
9.341153846153846
9.799615384615384
10.157307692307691
10.00923076923077
9.256153846153847
8.938076923076922
9.272692307692308
9.58
9.786923076923078
9.758846153846154
9.557307692307692
9.121923076923077
8.767692307692307
8.643076923076922
9.293846153846154
9.169615384615385
8.957692307692309
8.925384615384615
8.235384615384616
7.982692307692308
7.196923076923077
7.199999999999999
8.363461538461538
8.170384615384616
7.781538461538461
8.141538461538461
7.318076923076922
6.74
6.436153846153847
6.207307692307692
6.403076923076923
5.950769230769231
6.17
6.423846153846155
5.5842307692307696
5.253461538461538
5.390384615384615
5.887307692307692
6.244615384615385
6.03
6.093846153846154
5.165
4.843076923076923
4.2542307692307695
4.035
4.631153846153847
5.197692307692307
6.053846153846154
5.805384615384615
5.827307692307692
5.233461538461539
4.6365384615384615
4.701538461538461
4.241923076923077
3.813076923076923
4.078076923076923
4.102692307692307
4.335384615384616
4.405769230769231
4.524615384615385
5.007692307692308
4.771538461538461
4.82423076923077
4.599230769230769
4.876153846153846
5.122692307692308
5.033076923076923
4.57923076923077
4.471923076923077
4.645384615384615
4.5734615384615385
4.878846153846154
4.684230769230769
4.841538461538462
4.076923076923077
3.3196153846153846
3.4088461538461536
