pet
0.3554166666666667
0.2579166666666666
0.26499999999999996
0.3075
0.4066666666666667
0.43250000000000005
0.42416666666666664
0.3675
0.4070833333333333
0.43624999999999997
0.41625
0.3779166666666667
0.48
0.4566666666666667
0.53125
0.4141666666666666
0.39625
0.3975
0.46125
0.5225
0.5245833333333333
0.46416666666666667
0.41083333333333333
0.3958333333333333
0.24291666666666667
0.3325
0.29333333333333333
0.3670833333333334
0.52625
0.48666666666666664
0.4570833333333333
0.42375
0.48125
0.5441666666666667
0.5125000000000001
0.7174999999999999
0.5195833333333334
0.3383333333333334
0.42083333333333334
0.36666666666666664
0.32583333333333336
0.4154166666666667
0.5225
0.5095833333333334
0.5070833333333333
0.4079166666666667
0.3625
0.5070833333333333
0.47875
0.5133333333333333
0.43416666666666665
0.5208333333333334
0.6666666666666666
0.69125
0.6441666666666667
0.6633333333333333
0.6316666666666667
0.7937500000000001
0.6320833333333333
0.7016666666666667
0.7208333333333333
0.7525
0.8475
1.0154166666666666
1.1054166666666667
1.0766666666666667
0.9562499999999999
0.9516666666666667
1.0645833333333334
1.1129166666666668
1.1883333333333332
1.115
1.0091666666666665
0.8745833333333333
0.96625
0.9583333333333334
0.7741666666666666
0.80625
0.7316666666666666
0.82875
0.7820833333333334
0.8104166666666667
0.9108333333333333
1.0262499999999999
1.0254166666666666
1.0079166666666668
1.03375
1.2070833333333333
1.4054166666666665
1.4495833333333332
1.2925
1.0145833333333334
0.99375
1.2208333333333334
1.485
1.3891666666666664
1.2870833333333334
1.3925
1.58875
1.7041666666666666
1.5791666666666666
1.3633333333333333
1.3591666666666666
1.5241666666666667
1.6841666666666668
1.50125
1.4875
1.5112500000000002
1.6179166666666667
1.6170833333333334
1.8183333333333334
1.69125
1.7620833333333332
1.8216666666666665
1.7775
1.835
1.8883333333333334
1.9745833333333334
2.0425
1.9754166666666666
2.285416666666667
1.98375
1.97875
2.013333333333333
1.9291666666666665
1.99125
2.1300000000000003
2.1075
2.035
2.1195833333333334
2.089583333333333
2.35125
2.4383333333333335
2.6841666666666666
2.5704166666666666
2.2399999999999998
2.425217391304348
2.3156521739130436
2.1843478260869564
2.562173913043478
2.4895652173913043
2.4091304347826084
2.7117391304347827
2.582173913043478
2.550869565217391
2.5630434782608695
2.3365217391304345
2.3730434782608696
2.5556521739130433
2.69
2.8360869565217395
2.637826086956522
2.427391304347826
2.3330434782608696
2.2669565217391305
2.3343478260869563
2.2995652173913044
2.3082608695652174
2.215217391304348
2.1886956521739127
2.215217391304348
2.1165217391304347
2.185217391304348
2.238260869565217
1.9956521739130435
2.1617391304347824
2.245217391304348
2.256086956521739
2.1908695652173913
2.4278260869565216
2.4234782608695653
2.17
2.1
2.0791304347826087
2.245217391304348
2.221739130434783
2.176086956521739
2.2795652173913044
2.1847826086956523
2.2117391304347827
1.930869565217391
2.0256521739130435
2.220869565217391
2.36304347826087
2.4995652173913046
2.417826086956522
2.4991304347826087
2.5356521739130433
2.319130434782609
2.343913043478261
2.33
2.319130434782609
2.3134782608695654
2.2421739130434784
2.296521739130435
2.0213043478260873
1.8808695652173912
2.1134782608695653
1.998695652173913
2.327391304347826
2.183478260869565
1.9913043478260868
2.246521739130435
2.301304347826087
2.247391304347826
2.38695652173913
2.3660869565217393
2.3834782608695653
2.404347826086956
2.259130434782609
2.253913043478261
2.036521739130435
2.1221739130434782
2.1317391304347826
1.9352173913043478
1.94
1.9691304347826086
1.9539130434782608
1.8782608695652174
1.8508695652173912
1.8704347826086958
2.0673913043478263
2.232173913043478
2.0356521739130433
2.0204347826086955
2.0226086956521736
2.0878260869565217
1.9404347826086958
1.8921739130434785
2.098695652173913
2.1621739130434783
2.1430434782608696
1.9173913043478261
1.6526086956521737
1.6643478260869566
1.572608695652174
1.4817391304347824
1.5695652173913044
1.5834782608695652
1.77
1.682608695652174
1.5695652173913044
1.67
1.538695652173913
1.587391304347826
1.6860869565217391
1.5343478260869565
1.3491304347826087
1.2904347826086957
1.5043478260869565
1.4178260869565218
1.4465217391304346
1.3156521739130436
1.193913043478261
1.1195652173913044
1.117391304347826
1.1543478260869566
1.0591304347826087
1.2813043478260868
1.2530434782608695
1.2630434782608695
1.2656521739130435
1.352608695652174
1.3317391304347825
1.163478260869565
1.174782608695652
1.077391304347826
1.0895652173913042
1.0869565217391304
1.065217391304348
1.0578260869565217
1.121304347826087
1.157391304347826
1.0352173913043479
1.083913043478261
1.03
0.9973913043478262
0.9878260869565217
0.9260869565217391
0.8873913043478261
1.0121739130434784
0.8608695652173913
0.7769565217391304
0.8721739130434782
0.8034782608695652
0.7543478260869566
0.8534782608695651
0.7217391304347827
0.8156521739130436
0.6895652173913043
0.8295652173913043
0.6821739130434782
0.6121739130434782
0.7013043478260869
0.6030434782608696
0.6556521739130435
0.6717391304347826
0.6186956521739131
0.6326086956521739
0.6260869565217392
0.6291304347826088
0.5969565217391305
0.5734782608695652
0.468695652173913
0.5230434782608695
0.6004347826086956
0.5282608695652175
0.4826086956521739
0.46217391304347827
0.6247826086956522
0.59
0.4782608695652174
0.5865217391304348
0.4513043478260869
0.32782608695652177
0.3556521739130435
0.4265217391304348
0.4186956521739131
0.5308695652173914
0.4730434782608696
0.41130434782608694
0.40608695652173915
0.2573913043478261
0.34652173913043477
0.5765217391304348
0.5113043478260869
0.4256521739130435
0.4556521739130435
0.42391304347826086
0.388695652173913
0.48869565217391303
0.48434782608695653
0.36434782608695654
0.4547826086956521
0.51
0.6556521739130435
0.4847826086956522
0.3826086956521739
0.3660869565217391
0.1991304347826087
0.22434782608695653
0.3169565217391304
0.38
0.4995652173913044
0.5395652173913044
0.46913043478260874
0.4917391304347826
0.48347826086956525
0.34652173913043477
0.388695652173913
0.3591304347826087
0.29217391304347823
0.26782608695652177
0.27434782608695657
0.28739130434782606
0.2982608695652174
0.36347826086956525
0.46478260869565224
0.3982608695652174
0.2856521739130435
0.28043478260869564
0.3565217391304348
0.35782608695652174
0.4008695652173913
0.3791304347826087
