temperature
1.7516666666666667
1.27625
1.1179166666666667
1.6125
1.8754166666666665
1.8570833333333334
1.85875
1.4349999999999998
1.4195833333333334
1.8020833333333333
1.5629166666666665
1.3808333333333334
2.2720833333333332
2.3754166666666667
2.5887499999999997
1.8070833333333332
1.7575
2.0
2.0616666666666665
2.46875
2.77875
2.56375
2.1941666666666664
1.4604166666666665
0.4400000000000001
0.87875
0.9858333333333333
1.7179166666666665
2.4170833333333333
2.0170833333333333
1.9458333333333335
1.8104166666666668
2.02
2.1575
2.3554166666666667
3.3212499999999996
2.1220833333333333
1.3595833333333331
1.6783333333333335
1.4220833333333334
1.22375
1.4433333333333334
1.9725000000000001
2.1333333333333333
1.82875
1.2025
1.22375
2.0195833333333333
2.0241666666666664
2.174583333333333
1.87125
2.36875
2.942083333333333
2.9283333333333332
2.9279166666666665
3.0283333333333338
2.7025
3.1658333333333335
2.1662500000000002
2.567083333333333
2.8699999999999997
2.9375
3.3466666666666662
3.905416666666667
4.396249999999999
4.2425
3.842083333333333
3.94125
4.365833333333334
4.41
4.789166666666667
4.324166666666667
3.7062500000000003
3.2825
3.5833333333333335
3.6420833333333333
3.01
3.2075
2.61
3.03
3.002916666666667
3.0108333333333337
3.609583333333333
4.001666666666667
3.890416666666667
3.8354166666666667
3.67
4.449166666666667
5.2425
5.375416666666666
4.744583333333334
3.7079166666666663
3.6166666666666667
4.449583333333333
5.327083333333333
4.999583333333334
4.647916666666666
4.964583333333334
5.3625
5.835416666666667
5.5075
4.8620833333333335
4.5375000000000005
5.399166666666666
5.858750000000001
5.296666666666667
5.190833333333333
5.427916666666667
5.696666666666666
5.82
6.4316666666666675
5.94
6.127083333333334
6.362916666666667
6.229166666666667
6.505
6.644166666666667
7.034583333333334
7.399583333333333
7.060416666666666
7.490416666666667
6.659166666666667
6.787916666666667
6.865416666666667
6.692916666666666
6.977916666666666
7.42875
7.377083333333334
7.179166666666667
7.430833333333333
7.3725
8.1775
8.407083333333334
9.229583333333332
8.956249999999999
8.104166666666666
8.662173913043478
8.35608695652174
8.033913043478261
9.17608695652174
9.144782608695653
8.926521739130434
9.838695652173913
9.538260869565217
9.548695652173913
9.665217391304349
9.038695652173914
9.23304347826087
9.783913043478261
10.163913043478262
10.684347826086958
10.839565217391305
10.453913043478261
10.283043478260868
10.105652173913043
10.296956521739132
10.253043478260869
10.433478260869565
10.275217391304349
10.26
10.333478260869565
10.089565217391305
10.404347826086957
10.593913043478262
9.956521739130435
10.620869565217392
10.905652173913042
11.038695652173914
10.902608695652173
11.697391304347827
11.784347826086957
11.156956521739131
11.011304347826087
11.01391304347826
11.54304347826087
11.578695652173913
11.453478260869565
11.802173913043477
11.494782608695653
11.78086956521739
11.018260869565216
11.258695652173913
11.965217391304348
12.525217391304347
13.017826086956523
12.811304347826088
13.101304347826087
13.308695652173913
12.718260869565217
12.816086956521739
12.833913043478262
12.827826086956522
12.875217391304348
12.680869565217392
12.878260869565217
12.178260869565218
11.826521739130435
12.610434782608696
12.207826086956521
13.160434782608695
12.916086956521738
12.305652173913042
13.215217391304348
13.385217391304348
13.274347826086956
13.651304347826088
13.660869565217391
13.75
13.837826086956522
13.457391304347825
13.488695652173913
12.748695652173915
13.092608695652174
13.192608695652174
12.648260869565219
12.642608695652173
12.752608695652174
12.745217391304347
12.585217391304347
12.474347826086955
12.523913043478261
13.162608695652175
13.714782608695652
13.12782608695652
13.088695652173914
13.133478260869564
13.349565217391305
12.845217391304347
12.76608695652174
13.464347826086957
13.622608695652174
13.579999999999998
12.85478260869565
12.025652173913043
12.021739130434783
11.714347826086957
11.507391304347827
11.716086956521737
11.79304347826087
12.384347826086955
12.062608695652173
11.703478260869565
12.045652173913044
11.354782608695654
11.417826086956522
11.750434782608695
11.16695652173913
10.538260869565217
10.367826086956523
11.131304347826086
10.848260869565218
10.92608695652174
10.34608695652174
9.761739130434783
9.661739130434782
9.500434782608695
9.737826086956522
9.435652173913043
10.298260869565217
10.094782608695652
10.238260869565217
10.126086956521739
10.421304347826087
10.12
9.740869565217391
9.808260869565217
9.390869565217391
9.469565217391304
9.20695652173913
9.064782608695653
9.208260869565217
9.416956521739131
9.571304347826086
8.94
8.935217391304347
8.783478260869567
8.535652173913043
8.57913043478261
8.429130434782609
8.225652173913044
8.52304347826087
8.028260869565218
7.598260869565217
7.806956521739131
7.6982608695652175
7.432173913043478
7.7873913043478264
7.152608695652174
7.311739130434782
7.056521739130435
7.595217391304348
6.775652173913044
6.160434782608696
6.789565217391305
6.431739130434783
6.6573913043478266
6.641739130434782
6.397391304347826
6.432173913043478
6.384782608695652
6.224347826086956
5.829565217391304
5.734782608695652
5.47608695652174
5.5004347826086954
5.828260869565218
5.421739130434783
5.2986956521739135
5.028695652173913
5.61
5.358695652173913
4.891739130434782
5.175217391304348
4.623913043478261
4.019565217391304
4.061304347826087
4.366521739130435
4.377826086956522
4.683913043478261
4.119130434782608
3.8047826086956524
4.010434782608695
3.2113043478260868
3.282173913043478
4.139130434782609
3.8982608695652172
3.49695652173913
3.4517391304347824
3.758260869565217
3.2313043478260868
3.7613043478260866
3.5217391304347827
2.753478260869565
3.0856521739130436
3.5791304347826083
4.156521739130435
3.4773913043478264
3.042173913043478
2.9669565217391303
1.5339130434782609
1.645217391304348
2.508260869565217
2.756086956521739
3.3869565217391306
3.1591304347826084
2.9391304347826086
2.9613043478260868
2.8469565217391306
2.2021739130434783
2.742608695652174
2.599565217391304
2.1830434782608696
2.0069565217391307
1.7560869565217392
1.86
1.9943478260869567
1.7882608695652176
2.550869565217391
2.0565217391304347
1.3321739130434782
1.077391304347826
1.1395652173913042
0.9073913043478261
1.6691304347826088
1.6356521739130436
