temperature
2.8400000000000003
2.9765384615384614
2.659615384615385
2.418076923076923
2.757307692307692
2.7849999999999997
3.1526923076923077
2.670769230769231
2.5826923076923074
3.5142307692307693
3.645
3.789615384615385
3.3153846153846156
3.094615384615385
3.433846153846154
2.898076923076923
2.5349999999999997
3.0257692307692308
2.9630769230769234
2.348846153846154
2.4242307692307694
2.6584615384615384
2.696153846153846
3.271153846153846
3.439230769230769
3.5373076923076923
3.133846153846154
3.105
2.436923076923077
2.3534615384615383
2.8638461538461537
2.9930769230769227
2.7188461538461537
3.163846153846154
3.299615384615384
3.0707692307692307
2.662692307692308
2.4353846153846153
2.5311538461538463
2.4092307692307693
2.323076923076923
2.9734615384615384
3.3834615384615385
3.0084615384615385
3.5215384615384617
4.081538461538462
3.5
3.6765384615384615
3.4123076923076923
3.9892307692307694
3.815
4.111153846153846
3.7796153846153846
3.8815384615384616
3.3623076923076924
4.063076923076923
3.5342307692307693
3.150384615384615
2.735
2.475769230769231
2.9688461538461537
2.661923076923077
2.697307692307692
2.7746153846153847
3.673076923076923
4.071153846153846
4.3319230769230765
4.78
4.6680769230769235
4.554615384615385
4.043846153846154
4.296153846153846
5.339615384615385
5.6523076923076925
5.472307692307693
5.150384615384615
4.860384615384616
5.238461538461538
4.738076923076923
5.013076923076923
5.297692307692308
5.302692307692308
5.557307692307693
5.864615384615385
5.6765384615384615
5.916538461538461
5.881923076923077
6.022307692307693
6.215769230769231
6.275
5.666538461538462
6.158461538461538
6.186538461538461
6.163076923076924
6.217307692307693
6.102307692307692
5.256538461538461
6.131538461538461
6.271923076923077
6.071923076923077
5.859615384615385
5.842307692307693
6.174615384615384
6.401538461538461
6.495769230769231
6.569999999999999
6.625384615384615
6.368461538461539
6.863461538461538
7.623076923076923
8.122307692307693
8.444230769230769
8.548076923076923
8.426923076923076
7.703461538461538
7.292307692307692
7.251153846153846
7.281923076923077
7.368076923076923
7.551923076923076
7.842307692307693
7.997307692307692
8.34923076923077
8.537307692307692
8.06653846153846
8.19
9.238076923076923
9.078846153846154
9.387692307692307
9.69
9.25153846153846
9.311538461538461
9.486153846153847
9.056153846153846
10.052692307692308
9.803076923076922
10.178461538461537
9.716153846153846
10.381538461538462
9.964615384615383
10.398846153846154
10.038846153846153
10.163846153846153
10.261538461538462
10.916153846153845
10.808076923076923
10.78076923076923
10.778076923076924
11.202692307692306
11.033076923076923
11.68
12.580384615384617
11.806153846153846
11.74576923076923
11.037692307692309
11.006153846153845
11.568076923076923
12.01
11.903846153846153
12.291538461538462
12.442307692307692
11.756153846153845
11.643076923076924
11.579230769230769
11.638846153846155
12.103076923076923
13.021923076923077
13.268076923076924
13.150769230769232
12.571538461538463
12.696153846153846
12.437692307692307
12.783846153846154
13.011538461538462
12.935
12.880384615384616
13.21653846153846
13.217692307692309
13.142307692307693
13.524615384615384
13.338461538461539
13.761923076923077
14.047692307692309
13.945384615384615
14.05
14.019615384615385
13.899230769230769
13.644615384615385
13.861923076923079
14.057307692307692
14.214615384615383
14.07846153846154
13.436153846153845
13.47653846153846
13.623461538461537
13.979615384615384
14.378076923076922
14.628461538461538
15.181923076923077
15.144615384615385
14.555769230769231
14.07423076923077
14.83769230769231
14.887307692307692
14.55
14.803461538461537
14.631923076923076
14.70923076923077
14.411153846153846
14.486153846153845
14.373846153846152
14.654615384615385
14.813076923076922
14.581153846153846
14.743846153846153
14.628846153846155
14.470769230769232
14.424615384615386
13.78730769230769
14.383076923076922
14.52076923076923
14.149999999999999
14.503461538461538
14.588461538461539
14.757692307692308
14.435
13.835384615384616
14.152692307692309
14.061923076923078
13.960769230769232
14.24076923076923
13.838846153846154
13.475384615384616
13.658076923076923
13.874615384615385
13.363461538461538
13.63576923076923
12.791923076923077
13.170769230769231
13.133461538461539
12.457692307692307
12.57346153846154
12.65230769230769
12.678076923076922
13.633461538461539
12.994615384615384
13.291153846153845
13.477307692307694
12.73923076923077
12.827692307692306
12.987692307692308
12.405000000000001
12.849615384615387
12.923846153846153
12.195769230769232
11.827692307692306
11.470384615384615
11.584999999999999
11.011153846153848
11.070769230769232
11.474230769230768
11.721923076923076
11.686538461538463
11.866923076923078
11.494615384615384
10.957692307692307
10.94576923076923
11.081153846153846
10.756153846153847
10.923461538461538
11.465384615384616
10.903846153846153
11.191538461538462
10.26076923076923
9.855384615384615
9.860000000000001
9.30076923076923
9.526153846153846
9.239230769230769
9.848846153846154
9.998076923076923
9.571153846153846
9.61576923076923
9.17576923076923
9.26576923076923
9.499230769230769
9.149615384615386
8.848076923076924
8.883846153846154
8.26423076923077
8.412307692307692
8.097307692307693
8.133076923076924
8.492692307692307
8.286923076923078
8.228846153846153
8.385384615384615
8.31
8.172692307692309
8.366923076923076
7.5976923076923075
7.103461538461539
7.6680769230769235
7.866923076923077
7.4484615384615385
7.305769230769231
6.789615384615384
6.556538461538461
6.488076923076923
6.395384615384615
6.368076923076923
5.9338461538461535
5.737692307692308
6.235384615384616
6.2288461538461535
5.976538461538461
5.636923076923077
5.906153846153846
6.673076923076923
5.799230769230769
5.714230769230769
5.074999999999999
4.851538461538461
4.539615384615384
4.118461538461538
3.7565384615384616
4.260384615384615
4.6534615384615385
4.227307692307692
4.627307692307692
4.502692307692308
4.124615384615385
3.915
3.605769230769231
3.358461538461538
3.504230769230769
3.0761538461538462
3.245
3.701538461538462
3.800769230769231
3.858461538461538
3.6526923076923077
4.011153846153847
3.9273076923076924
3.4515384615384614
3.5357692307692306
3.4665384615384616
3.1846153846153844
3.5076923076923077
3.223076923076923
2.6723076923076925
2.705769230769231
2.7750000000000004
2.7203846153846154
3.146153846153846
3.8884615384615384
4.4569230769230765
3.7476923076923074
3.019230769230769
2.9726923076923075
2.4984615384615383
2.0761538461538462
2.6496153846153847
3.2796153846153846
3.2776923076923077
