temperature
3.1744
2.7292
2.1984
2.7396
3.0856
2.7972
2.5852
2.6856
2.4659999999999997
2.9256
2.8064
2.17
2.8472000000000004
3.3212
3.452
2.9172000000000002
2.4308
2.8684
3.2184
3.4551999999999996
3.5856
3.2563999999999997
2.912
2.6719999999999997
1.8064000000000002
2.0212
1.6948
2.6936
3.4364
2.5468
2.4496
2.329230769230769
2.799615384615385
2.8826923076923077
3.0734615384615385
3.8692307692307697
3.329615384615385
2.1338461538461537
1.8315384615384618
2.026153846153846
1.7442307692307693
1.636153846153846
2.059230769230769
1.5903846153846155
1.4115384615384616
1.3257692307692308
1.5953846153846152
2.289615384615385
1.9892307692307691
2.3638461538461537
2.6773076923076924
2.995769230769231
3.164230769230769
3.501923076923077
3.2284615384615383
2.821153846153846
2.5646153846153847
3.2838461538461536
3.0788461538461536
3.1223076923076927
3.727692307692308
3.4342307692307696
4.015
4.6838461538461535
4.74923076923077
5.233461538461539
4.453846153846154
4.116923076923078
4.690769230769231
4.571923076923077
4.41
3.9457692307692307
3.4688461538461537
3.3784615384615386
3.69
4.178461538461539
3.5546153846153845
3.412692307692308
3.381153846153846
3.9299999999999997
4.241153846153846
4.103076923076923
4.144230769230769
4.367692307692308
4.2519230769230765
4.351538461538461
4.118846153846154
4.800769230769231
4.930384615384615
5.254230769230769
5.147692307692308
4.555384615384615
4.250384615384616
4.906923076923077
5.022692307692308
5.282307692307692
4.697307692307692
4.731538461538461
5.42076923076923
6.2092307692307696
5.991153846153846
5.4157692307692304
5.199999999999999
6.475384615384616
6.813461538461539
6.258461538461538
6.2711538461538465
6.636923076923077
6.475769230769231
6.64
6.815769230769231
6.581538461538462
6.596923076923077
6.523846153846154
6.359615384615385
6.5576923076923075
6.589615384615384
6.579615384615384
7.042692307692308
7.032692307692307
6.985384615384616
7.0515384615384615
7.230384615384616
7.57923076923077
7.056538461538461
7.326153846153845
7.768076923076923
8.05846153846154
7.8792307692307695
7.92
7.427692307692308
8.131153846153847
8.070384615384615
8.121538461538462
8.170769230769231
7.927307692307693
8.591923076923077
8.491538461538461
8.645
9.001923076923077
9.418461538461539
9.264615384615384
9.577692307692308
9.533076923076923
9.863076923076923
9.856153846153846
9.59923076923077
9.343846153846155
9.824615384615385
10.076153846153847
10.460769230769232
10.873461538461537
10.359615384615385
10.341923076923077
10.079615384615384
10.746153846153845
10.932307692307692
10.989615384615385
11.164230769230768
10.939615384615385
10.565384615384614
11.210769230769232
10.978076923076923
10.983846153846153
11.205769230769231
11.137307692307692
11.313076923076922
11.568461538461538
11.689615384615385
12.001923076923077
11.821923076923078
11.477692307692308
11.782307692307691
11.803076923076922
11.961923076923076
12.708461538461538
12.192307692307692
12.049230769230771
12.162692307692309
12.235000000000001
12.733461538461539
12.677692307692308
12.64576923076923
12.981923076923078
13.186923076923078
12.975769230769231
13.521923076923077
13.503846153846155
13.15846153846154
12.888846153846155
13.303846153846154
13.580769230769231
13.211923076923076
13.327307692307691
13.510384615384615
13.128846153846155
12.251923076923077
13.034230769230769
12.859230769230768
13.698846153846155
13.623076923076923
12.98576923076923
12.813076923076922
13.196153846153846
12.991923076923078
13.614615384615385
13.81423076923077
13.825384615384614
14.521153846153847
14.348076923076924
13.667692307692308
13.52076923076923
13.710769230769232
14.008076923076922
13.62423076923077
13.619615384615384
13.433846153846154
13.563461538461537
13.176538461538463
13.290384615384616
13.262307692307692
13.215
13.624615384615385
13.537692307692309
13.66230769230769
13.843076923076923
14.154230769230768
13.09423076923077
13.33769230769231
13.101923076923075
13.436923076923078
13.522307692307692
13.393461538461539
12.611923076923075
13.01423076923077
13.137307692307692
12.792692307692308
12.853461538461538
12.326923076923077
12.790000000000001
12.58
12.179615384615385
12.460769230769232
12.333461538461538
12.143076923076922
12.093846153846155
11.826153846153847
11.107692307692307
10.738846153846152
11.61923076923077
11.499615384615385
11.24076923076923
10.842307692307692
10.632692307692308
10.697692307692307
10.461923076923076
10.748076923076923
10.401923076923076
11.557307692307692
11.318461538461538
11.006923076923076
10.88846153846154
10.979615384615384
10.652692307692309
10.533846153846154
10.319615384615386
9.294615384615385
9.24846153846154
9.385769230769231
9.096923076923076
9.911153846153846
10.24653846153846
9.941538461538462
10.078846153846154
10.187692307692307
9.90576923076923
9.436153846153847
9.656538461538462
9.625769230769231
9.430769230769231
9.588846153846154
9.415384615384616
8.677307692307693
8.472692307692308
7.981923076923077
7.87
8.393846153846154
8.12653846153846
7.746923076923077
7.5369230769230775
7.869230769230769
7.713846153846154
7.014615384615384
7.421153846153846
7.343846153846154
7.869615384615385
7.798461538461538
7.644615384615384
7.8465384615384615
7.2807692307692315
7.421923076923077
6.902692307692307
7.096153846153846
6.5515384615384615
6.654230769230769
6.837307692307693
7.041153846153846
6.365769230769231
5.921538461538462
6.204999999999999
6.746923076923077
6.005
5.947692307692307
5.961153846153847
5.3342307692307696
4.986923076923077
4.703076923076923
5.117692307692308
5.330384615384616
4.4265384615384615
4.358461538461539
4.602307692307692
3.873846153846154
3.6434615384615388
4.843846153846154
5.006923076923077
4.529230769230769
4.210384615384616
4.208461538461538
3.7199999999999998
3.7357692307692307
3.6334615384615385
3.1061538461538465
3.5484615384615386
4.014230769230769
4.8716
5.21
4.5612
4.1932
3.1912000000000003
2.8484
2.8256
3.0532
3.5568
3.4088
3.306
3.3528000000000002
3.5256
3.6408
3.56
3.1072
3.1860000000000004
2.9663999999999997
3.4548
3.472
3.1208
3.1772000000000005
3.5096000000000003
3.3528000000000002
2.8712
2.5356
2.6807999999999996
2.3095999999999997
2.8204000000000002
2.8739999999999997
