temperature
2.773846153846154
2.3888461538461536
2.3923076923076922
3.246153846153846
3.413846153846154
2.7157692307692307
2.968461538461538
3.237692307692308
3.043461538461538
2.894230769230769
2.4726923076923075
1.857307692307692
2.531538461538462
2.9123076923076923
2.8907692307692305
2.4242307692307694
2.041153846153846
2.4215384615384616
2.6234615384615387
3.0280769230769233
3.112692307692308
2.838076923076923
2.7523076923076926
2.7399999999999998
1.9611538461538462
1.8592307692307695
1.8326923076923076
2.253076923076923
2.232307692307692
1.7926923076923076
1.808846153846154
2.474615384615385
3.061153846153846
3.1703846153846156
3.0215384615384617
3.3796153846153847
2.9057692307692307
2.711153846153846
2.564230769230769
2.441538461538461
1.8434615384615385
1.956923076923077
2.1123076923076924
1.7511538461538463
1.6292307692307693
1.4311538461538462
1.5757692307692308
1.9926923076923078
2.0742307692307693
1.9653846153846155
2.0746153846153845
2.338461538461538
2.7607692307692306
3.042307692307692
2.931923076923077
2.8430769230769233
2.703461538461539
3.37
2.958076923076923
3.0134615384615384
3.101923076923077
2.9619230769230773
3.1438461538461535
3.849615384615385
4.09576923076923
4.4180769230769235
3.925769230769231
4.022692307692308
4.411153846153846
4.386923076923077
4.318461538461539
3.8642307692307694
3.178076923076923
3.346538461538462
3.465384615384615
3.831153846153846
3.666153846153846
3.6599999999999997
3.386923076923077
3.3965384615384617
3.7611538461538463
4.142307692307693
4.226153846153846
4.190769230769231
4.438846153846153
4.005
3.8603846153846155
4.618461538461538
4.948846153846153
5.266923076923077
4.943461538461539
3.951923076923077
4.1426923076923075
4.816923076923077
4.892307692307693
5.010384615384615
5.0588461538461535
4.211153846153846
4.840769230769231
5.677307692307692
5.681923076923076
5.752692307692308
5.321538461538462
5.94923076923077
6.482307692307692
6.398076923076923
6.126538461538461
6.7057692307692305
6.311538461538461
6.42076923076923
6.6219230769230775
7.187692307692307
6.913846153846153
6.940384615384615
6.562307692307693
6.7869230769230775
6.751153846153846
6.6280769230769225
6.845
7.021538461538461
7.083076923076923
7.591153846153846
7.946923076923077
8.046153846153846
7.915
8.59923076923077
8.626153846153846
7.9592307692307696
7.899230769230769
8.329230769230769
8.833846153846155
9.014999999999999
8.872307692307693
9.073846153846155
9.325
8.888461538461538
9.268461538461539
8.668461538461539
9.495384615384616
10.06846153846154
10.130384615384616
10.135
10.661153846153846
10.837307692307691
10.583461538461538
10.189615384615385
10.287307692307694
10.043461538461539
10.169615384615385
10.31423076923077
10.61576923076923
11.098461538461539
10.613076923076923
11.004999999999999
10.696153846153846
11.098846153846154
10.863846153846152
10.844615384615384
11.24423076923077
11.49923076923077
11.410769230769231
11.07846153846154
10.822307692307692
10.482307692307693
10.917692307692308
11.562307692307693
11.811153846153845
11.576538461538462
11.686923076923078
12.136538461538462
11.818461538461538
11.808461538461538
11.791923076923077
11.863076923076923
12.229615384615386
12.208846153846155
12.381153846153847
11.997307692307693
12.576923076923077
12.833461538461538
13.282307692307691
12.610000000000001
12.821538461538463
13.453076923076923
13.705384615384615
13.455384615384615
13.944230769230769
14.131923076923076
13.54076923076923
13.886538461538462
13.589615384615383
13.891923076923076
13.676538461538463
14.008846153846154
13.925
13.386153846153848
13.149615384615384
12.862307692307693
13.233846153846153
14.030384615384616
13.581923076923077
13.49923076923077
13.597307692307691
13.474615384615383
13.924615384615386
14.297307692307694
14.352307692307694
14.237307692307693
14.068846153846154
13.930384615384614
14.11923076923077
13.541538461538462
13.892307692307693
14.090384615384616
14.071153846153846
13.517307692307693
13.616153846153846
13.933076923076923
12.981923076923078
13.561153846153845
13.536153846153846
13.609230769230768
13.936923076923078
13.48576923076923
13.51923076923077
13.731153846153846
13.81076923076923
13.149230769230769
13.470769230769232
13.869615384615384
13.915000000000001
14.023076923076925
13.948461538461537
13.52076923076923
13.292307692307693
13.528846153846153
13.244615384615384
12.850000000000001
12.728076923076923
13.424230769230771
13.058461538461538
12.56576923076923
12.840384615384616
12.676923076923078
12.682692307692308
12.44923076923077
12.471538461538461
11.756538461538462
11.929615384615385
12.465769230769231
11.997692307692308
11.829615384615384
11.321153846153846
11.12153846153846
11.213076923076924
11.009615384615385
10.878846153846155
10.89846153846154
11.453076923076923
11.483076923076924
11.030384615384616
11.411153846153846
11.271923076923077
11.006923076923076
11.032692307692308
10.891538461538461
10.076153846153847
9.822307692307692
9.883076923076922
9.941153846153846
10.648846153846154
10.611153846153845
10.64576923076923
10.453846153846154
10.302307692307693
10.161153846153846
10.032307692307693
9.852692307692308
9.848076923076924
9.589615384615385
10.042692307692308
9.720769230769232
8.829230769230769
9.31576923076923
8.907692307692308
8.682307692307692
8.498076923076923
8.357692307692307
8.038076923076924
7.852307692307692
8.288846153846153
8.213076923076922
7.2092307692307696
7.509230769230769
7.971923076923077
8.154230769230768
7.9653846153846155
8.038076923076924
7.571538461538462
7.837692307692308
7.458461538461538
7.630384615384615
7.774230769230769
7.162692307692307
6.819615384615385
7.0734615384615385
7.142692307692308
6.453846153846154
6.066538461538461
6.3611538461538455
6.841153846153846
6.607307692307692
6.545384615384616
6.711923076923076
6.375
5.559615384615385
5.056923076923076
4.831538461538462
5.173076923076923
4.645769230769231
4.629615384615385
4.642692307692308
3.8615384615384616
3.8284615384615384
4.290384615384616
4.848461538461539
4.708461538461538
4.501153846153846
4.745384615384615
4.186538461538461
3.9265384615384615
3.9903846153846154
3.7615384615384615
3.831153846153846
4.437307692307693
4.67
4.423461538461539
4.450384615384615
4.137307692307692
3.4742307692307692
2.944230769230769
3.0688461538461542
3.583076923076923
3.628846153846154
3.5930769230769233
3.628076923076923
3.5126923076923076
3.667307692307692
4.14
3.811923076923077
3.226153846153846
3.4311538461538458
3.3146153846153847
3.4899999999999998
3.2242307692307692
3.1184615384615384
3.5696153846153846
3.7296153846153848
3.821923076923077
3.394615384615385
3.004230769230769
3.292692307692308
3.053076923076923
2.94
2.661538461538462
