pet
0.4003846153846154
0.42500000000000004
0.3984615384615384
0.5511538461538461
0.5842307692307692
0.3630769230769231
0.45038461538461544
0.5534615384615384
0.5288461538461539
0.5315384615384615
0.39692307692307693
0.35346153846153844
0.38346153846153846
0.4519230769230769
0.4026923076923076
0.39807692307692305
0.30692307692307697
0.36653846153846154
0.39807692307692305
0.4703846153846154
0.5915384615384616
0.5188461538461538
0.5384615384615384
0.5253846153846153
0.4880769230769231
0.5126923076923077
0.47269230769230774
0.49615384615384617
0.48000000000000004
0.4073076923076923
0.505
0.5153846153846154
0.568076923076923
0.5946153846153847
0.6765384615384615
0.745
0.7007692307692307
0.6507692307692309
0.6196153846153846
0.5399999999999999
0.5334615384615384
0.5526923076923077
0.49615384615384617
0.43653846153846154
0.4357692307692308
0.44423076923076926
0.4765384615384616
0.5642307692307692
0.5073076923076922
0.5565384615384615
0.5503846153846154
0.5119230769230769
0.6334615384615384
0.7207692307692308
0.6219230769230768
0.6119230769230769
0.7546153846153847
0.7907692307692307
0.7676923076923077
0.7996153846153846
0.9353846153846154
0.8553846153846154
0.8476923076923076
0.9576923076923076
0.9807692307692307
1.011923076923077
0.9873076923076923
1.0034615384615384
1.1088461538461538
1.0226923076923078
1.0084615384615385
1.0142307692307693
0.943076923076923
0.9857692307692307
0.9965384615384616
1.093846153846154
1.06
0.9888461538461539
1.0246153846153847
1.0030769230769232
1.0896153846153847
1.2850000000000001
1.298846153846154
1.2076923076923076
1.2076923076923076
1.2207692307692308
1.1684615384615384
1.2403846153846154
1.3111538461538461
1.4738461538461538
1.333846153846154
1.206923076923077
1.103076923076923
1.1907692307692308
1.2365384615384616
1.3803846153846153
1.4803846153846154
1.341923076923077
1.4903846153846154
1.6296153846153845
1.6538461538461537
1.7257692307692307
1.6046153846153846
1.6784615384615384
1.8996153846153847
1.8726923076923077
1.7780769230769229
1.915769230769231
1.853846153846154
1.7857692307692308
1.9534615384615384
2.0923076923076924
1.8884615384615384
1.9142307692307694
1.9030769230769229
1.8915384615384616
2.0334615384615384
1.966923076923077
2.0711538461538463
2.060769230769231
1.96
2.227307692307692
2.2684615384615383
2.2411538461538463
2.373076923076923
2.312307692307692
2.43
2.3319230769230765
2.373076923076923
2.3838461538461537
2.5246153846153847
2.403076923076923
2.4323076923076923
2.4538461538461536
2.574230769230769
2.4353846153846153
2.3946153846153844
2.438076923076923
2.602307692307692
2.7434615384615384
2.7249999999999996
2.8426923076923076
2.803076923076923
2.8803846153846155
2.810769230769231
2.754230769230769
2.671923076923077
2.5930769230769233
2.6784615384615384
2.5746153846153845
2.6876923076923074
2.5803846153846157
2.4711538461538463
2.4565384615384613
2.4023076923076925
2.5265384615384616
2.413076923076923
2.4323076923076923
2.5330769230769232
2.4953846153846153
2.371923076923077
2.414615384615385
2.4057692307692307
2.4080769230769232
2.453076923076923
2.490769230769231
2.7146153846153847
2.5565384615384614
2.5303846153846155
2.632307692307692
2.7496153846153844
2.601923076923077
2.5515384615384615
2.5288461538461537
2.547692307692308
2.670384615384615
2.763076923076923
2.662692307692308
2.7296153846153848
2.7357692307692307
2.751153846153846
2.6046153846153848
2.589230769230769
2.774230769230769
3.0380769230769227
2.9103846153846153
2.8469230769230767
2.8596153846153842
2.994230769230769
2.852692307692308
2.7853846153846153
2.8746153846153844
2.8042307692307693
2.9092307692307693
2.8430769230769233
2.755769230769231
2.6165384615384615
2.5930769230769233
2.618846153846154
2.8173076923076925
2.7826923076923076
2.6303846153846155
2.6303846153846155
2.7034615384615384
2.5384615384615383
2.7415384615384615
2.6580769230769232
2.8734615384615387
2.7642307692307693
2.8646153846153846
2.9484615384615385
2.54
2.517692307692308
2.6884615384615387
2.587307692307692
2.4976923076923074
2.525384615384615
2.3696153846153845
2.2415384615384615
2.4534615384615384
2.4292307692307693
2.298076923076923
2.413846153846154
2.3726923076923074
2.3592307692307695
2.4238461538461538
2.418461538461538
2.3415384615384616
2.273076923076923
2.3692307692307693
2.501153846153846
2.494230769230769
2.4469230769230768
2.206538461538462
2.066153846153846
2.183076923076923
2.153076923076923
2.121153846153846
2.0061538461538464
2.076923076923077
2.0307692307692307
1.9334615384615383
1.9496153846153845
1.876923076923077
1.8957692307692307
1.7546153846153847
1.781923076923077
1.6961538461538461
1.758846153846154
1.8873076923076924
1.8915384615384616
1.7834615384615384
1.5615384615384615
1.5515384615384613
1.5453846153846154
1.4223076923076923
1.4642307692307692
1.5065384615384616
1.555
1.511923076923077
1.4830769230769232
1.368846153846154
1.3934615384615383
1.3753846153846152
1.3134615384615385
1.368846153846154
1.316153846153846
1.2730769230769232
1.261153846153846
1.2238461538461538
1.3280769230769232
1.2546153846153845
1.2342307692307695
1.1765384615384615
1.251923076923077
1.1507692307692308
1.1523076923076923
1.0611538461538461
1.0757692307692308
1.0146153846153845
1.113076923076923
1.1857692307692307
1.06
1.0365384615384614
1.0638461538461539
0.8353846153846154
0.911923076923077
0.8630769230769231
0.7776923076923077
0.8119230769230769
0.8673076923076923
0.8565384615384615
0.7988461538461539
0.6865384615384615
0.7180769230769232
0.7899999999999999
0.7226923076923076
0.8034615384615384
0.7257692307692308
0.7865384615384615
0.7030769230769232
0.7930769230769231
0.8896153846153846
0.8161538461538461
0.8526923076923076
0.8134615384615385
0.6603846153846155
0.6469230769230769
0.5869230769230769
0.6442307692307693
0.7661538461538462
0.7034615384615385
0.7019230769230769
0.6961538461538462
0.5992307692307692
0.4888461538461538
0.5219230769230769
0.48192307692307695
0.5273076923076924
0.4676923076923077
0.5411538461538462
0.58
0.43615384615384617
0.42153846153846153
0.44461538461538463
0.505
0.6026923076923076
0.5057692307692307
0.5273076923076924
0.5026923076923077
0.38961538461538464
0.34769230769230774
0.41115384615384615
0.5111538461538461
0.5103846153846153
0.575
0.5088461538461538
0.4734615384615385
0.3523076923076923
0.3646153846153846
0.4153846153846154
0.265
0.29576923076923073
0.3676923076923077
0.38346153846153846
0.46653846153846157
0.43230769230769234
0.4288461538461539
0.4296153846153846
0.41807692307692307
0.43615384615384617
0.3688461538461538
0.4196153846153846
0.5126923076923077
0.4857692307692308
0.5
0.49346153846153845
0.5076923076923077
0.49153846153846154
0.571923076923077
0.5534615384615384
0.6038461538461538
0.4269230769230769
0.3469230769230769
0.4346153846153846
