temperature
3.9311538461538458
4.006923076923076
4.137692307692308
4.871153846153846
4.853076923076923
4.0346153846153845
4.373846153846154
4.803076923076923
4.659230769230769
4.146153846153846
3.3723076923076927
2.9711538461538463
3.3288461538461536
3.9346153846153844
3.9000000000000004
3.638076923076923
3.0003846153846156
3.453076923076923
3.969615384615385
4.177307692307692
4.540384615384616
4.410769230769231
4.379615384615385
4.258461538461538
3.7942307692307695
3.744230769230769
3.7361538461538464
3.8934615384615388
3.4384615384615382
2.8134615384615387
3.244230769230769
3.707692307692308
4.104615384615385
4.164615384615384
4.342692307692308
4.681923076923077
4.503076923076923
4.281538461538461
4.093076923076923
3.460384615384615
3.39
3.5919230769230768
3.2634615384615384
2.707692307692308
2.4326923076923075
2.4165384615384613
2.8846153846153846
3.316153846153846
3.0715384615384616
3.2796153846153846
3.1107692307692307
3.379230769230769
4.005
4.245
3.7311538461538465
3.564230769230769
4.266538461538461
4.473076923076923
4.619230769230769
4.62
4.970769230769231
4.638076923076923
4.620384615384615
5.1657692307692304
5.322692307692307
5.397692307692308
5.281538461538461
5.303846153846154
5.815384615384615
5.58576923076923
5.391923076923077
5.4715384615384615
5.178846153846154
5.383846153846154
5.091923076923076
5.4350000000000005
5.621538461538462
5.211153846153847
5.318076923076924
5.241538461538462
5.484230769230769
6.231923076923077
6.251153846153846
6.068846153846153
5.9799999999999995
5.853076923076923
5.571153846153846
5.978076923076923
6.230384615384616
6.7711538461538465
6.156923076923078
5.5138461538461545
5.163846153846153
5.312692307692307
5.561153846153847
6.118846153846154
6.401923076923077
5.885769230769231
6.319999999999999
6.7361538461538455
6.980769230769231
7.267692307692308
6.8403846153846155
7.038846153846153
7.8003846153846155
7.726153846153846
7.382307692307692
7.7942307692307695
7.5880769230769225
7.4253846153846155
8.028846153846153
8.458076923076923
7.833461538461538
7.796153846153846
7.768461538461538
7.602307692307692
8.221923076923078
8.122692307692308
8.475384615384614
8.555384615384614
7.988076923076923
8.581538461538461
8.814230769230768
8.788076923076924
9.24923076923077
9.151153846153846
9.511923076923077
9.28923076923077
9.430384615384614
9.545769230769231
9.932692307692308
9.671923076923077
9.845769230769232
9.975769230769231
10.330384615384615
9.98
9.886153846153848
10.108461538461539
10.57846153846154
11.026538461538461
11.111923076923075
11.474230769230768
11.428846153846154
11.678846153846154
11.535769230769231
11.437307692307693
11.297692307692309
11.181923076923077
11.468076923076923
11.241153846153846
11.613461538461538
11.924615384615386
11.907692307692308
11.895384615384614
11.858461538461539
12.243076923076924
11.993076923076924
12.149999999999999
12.51423076923077
12.445
12.18
12.376153846153844
12.42653846153846
12.420769230769231
12.579615384615384
12.848076923076924
13.623846153846156
13.239615384615385
13.200384615384614
13.538461538461538
13.946923076923078
13.566538461538462
13.507692307692308
13.484230769230768
13.603461538461538
14.05076923076923
14.341153846153846
14.087307692307691
14.366153846153846
14.454615384615384
14.53346153846154
14.199615384615385
14.207307692307692
14.778076923076924
15.561923076923078
15.278076923076924
15.108076923076924
15.19923076923077
15.635384615384615
15.282692307692308
15.167307692307693
15.48
15.32346153846154
15.658846153846154
15.52076923076923
15.350000000000001
15.018076923076924
14.993846153846153
15.129615384615384
15.693846153846154
15.63923076923077
15.251538461538463
15.256538461538462
15.502307692307692
15.086153846153847
15.690384615384614
15.52076923076923
16.099615384615387
15.857307692307693
16.159615384615385
16.455384615384613
15.340769230769231
15.305
15.803461538461537
15.536923076923076
15.376153846153844
15.506538461538462
15.073461538461537
14.741538461538461
15.362307692307693
15.343846153846155
14.968461538461538
15.343076923076923
15.231923076923078
15.27730769230769
15.471153846153847
15.469615384615384
15.289615384615384
15.066923076923077
15.37423076923077
15.776923076923076
15.794230769230769
15.663846153846153
14.917692307692308
14.541923076923077
14.891538461538461
14.854615384615384
14.778846153846153
14.37423076923077
14.663461538461538
14.53346153846154
14.257307692307693
14.280384615384616
13.946923076923078
13.980384615384615
13.50923076923077
13.61153846153846
13.298076923076923
13.466153846153846
13.915384615384616
13.944230769230769
13.622692307692308
12.942307692307692
12.865
12.818076923076923
12.45
12.552692307692308
12.642307692307693
12.792692307692308
12.632307692307693
12.711153846153847
12.312307692307693
12.393846153846154
12.142692307692307
12.014999999999999
12.250384615384615
12.070384615384615
11.92576923076923
11.80153846153846
11.673076923076923
11.956153846153846
11.692692307692308
11.642307692307693
11.241538461538463
11.398076923076925
11.036923076923076
10.991923076923078
10.693076923076923
10.776153846153846
10.446153846153846
10.791538461538462
11.096923076923076
10.503461538461538
10.457692307692307
10.35576923076923
9.41
9.839615384615383
9.607307692307693
9.00153846153846
9.106923076923078
9.472692307692308
9.435
9.170769230769231
8.64423076923077
8.877307692307692
9.0
8.893846153846154
9.173461538461538
8.817307692307692
8.791923076923077
8.56653846153846
8.695769230769232
9.161923076923078
8.786923076923078
8.788076923076924
8.565
7.748846153846154
7.6619230769230775
7.216538461538462
7.635384615384615
8.270384615384616
7.815769230769231
7.606538461538462
7.718461538461539
7.317692307692307
6.51
6.492692307692308
6.21
6.553461538461538
6.295384615384616
6.572307692307692
6.627307692307692
5.857307692307692
5.717692307692308
5.505769230769231
5.764615384615384
6.360769230769231
6.128846153846154
5.918461538461538
5.546923076923077
5.0407692307692304
4.823846153846154
5.113846153846154
5.531923076923078
5.548076923076923
6.05576923076923
5.753461538461538
5.732692307692308
5.216153846153846
5.161538461538461
5.253461538461538
4.1657692307692304
3.995769230769231
4.621153846153846
4.668461538461538
5.149615384615384
5.0273076923076925
5.0734615384615385
5.325384615384616
5.1996153846153845
4.716923076923077
4.531538461538461
4.948076923076924
5.3730769230769235
4.893076923076923
4.5734615384615385
4.924230769230769
4.846153846153846
4.897692307692308
5.026153846153846
4.5588461538461535
4.739230769230769
4.045
3.5973076923076923
3.9815384615384612
