pet
0.34923076923076923
0.3823076923076923
0.3423076923076923
0.29730769230769233
0.38576923076923075
0.40923076923076923
0.47269230769230763
0.3342307692307692
0.3261538461538462
0.44307692307692303
0.4730769230769231
0.4707692307692308
0.4042307692307692
0.39115384615384613
0.4642307692307692
0.3823076923076923
0.3030769230769231
0.39
0.40653846153846157
0.28846153846153844
0.31461538461538463
0.37423076923076926
0.3780769230769231
0.4826923076923077
0.4761538461538462
0.5169230769230769
0.49
0.5046153846153847
0.36961538461538457
0.4103846153846154
0.4973076923076923
0.5280769230769231
0.4919230769230769
0.5011538461538462
0.52
0.4676923076923077
0.41730769230769227
0.42346153846153844
0.5176923076923077
0.40923076923076923
0.39576923076923076
0.49615384615384617
0.5496153846153846
0.4719230769230769
0.5657692307692308
0.7061538461538461
0.6096153846153846
0.6119230769230769
0.5630769230769231
0.7353846153846154
0.6680769230769231
0.7507692307692307
0.7015384615384614
0.7284615384615385
0.6215384615384616
0.7565384615384615
0.6311538461538462
0.6123076923076923
0.6026923076923076
0.5307692307692308
0.6065384615384615
0.5173076923076922
0.5003846153846154
0.5873076923076923
0.7673076923076922
0.8342307692307693
0.9038461538461539
0.9550000000000001
0.9453846153846153
0.9519230769230769
0.8384615384615385
0.8976923076923077
1.1234615384615385
1.206923076923077
1.1742307692307692
1.135
1.066153846153846
1.1284615384615384
1.0565384615384614
1.128076923076923
1.1746153846153846
1.169230769230769
1.2303846153846154
1.3365384615384615
1.291153846153846
1.3553846153846154
1.3626923076923076
1.386923076923077
1.4357692307692307
1.4796153846153846
1.3334615384615385
1.478076923076923
1.5257692307692308
1.5038461538461538
1.555
1.5226923076923078
1.2730769230769232
1.52
1.6007692307692307
1.5253846153846153
1.4784615384615383
1.4603846153846154
1.5957692307692308
1.6957692307692307
1.7038461538461538
1.6826923076923077
1.7026923076923077
1.626923076923077
1.7707692307692307
1.9576923076923076
2.1407692307692305
2.2334615384615386
2.1996153846153845
2.1715384615384616
1.9757692307692307
1.8246153846153845
1.7876923076923075
1.837307692307692
1.8842307692307694
1.9046153846153848
2.0403846153846152
2.144230769230769
2.2361538461538464
2.323076923076923
2.1961538461538463
2.220769230769231
2.5380769230769227
2.4534615384615384
2.519615384615385
2.6403846153846158
2.456923076923077
2.4665384615384616
2.452692307692308
2.373076923076923
2.6569230769230767
2.5626923076923074
2.645
2.4526923076923075
2.7130769230769234
2.5303846153846155
2.626923076923077
2.546538461538461
2.5234615384615386
2.522307692307692
2.769230769230769
2.7365384615384616
2.6561538461538463
2.633846153846154
2.7615384615384615
2.671538461538461
2.873846153846154
2.895
2.5634615384615387
2.483076923076923
2.233846153846154
2.232307692307692
2.371153846153846
2.4719230769230767
2.418846153846154
2.508846153846154
2.5553846153846154
2.2657692307692305
2.242692307692308
2.141923076923077
2.183076923076923
2.316923076923077
2.5688461538461542
2.6296153846153847
2.5715384615384616
2.3853846153846154
2.419230769230769
2.316923076923077
2.353076923076923
2.4203846153846156
2.3407692307692307
2.3611538461538464
2.4553846153846157
2.395
2.404230769230769
2.457692307692308
2.4076923076923076
2.5076923076923077
2.5869230769230773
2.536153846153846
2.5353846153846153
2.4992307692307696
2.4692307692307693
2.3703846153846153
2.393846153846154
2.4811538461538465
2.4996153846153844
2.4403846153846156
2.2157692307692307
2.235
2.2361538461538464
2.3838461538461537
2.446923076923077
2.4892307692307694
2.691923076923077
2.6542307692307694
2.4284615384615384
2.309230769230769
2.536538461538462
2.508076923076923
2.3857692307692306
2.441153846153846
2.3576923076923078
2.356153846153846
2.245
2.2434615384615384
2.208076923076923
2.316153846153846
2.3453846153846154
2.2642307692307693
2.2853846153846153
2.2642307692307693
2.1834615384615383
2.1507692307692308
1.9434615384615386
2.1307692307692307
2.1723076923076925
2.0357692307692306
2.110384615384615
2.1507692307692308
2.2023076923076923
2.0746153846153845
1.8696153846153847
1.948076923076923
1.9065384615384615
1.8873076923076924
1.9792307692307693
1.859230769230769
1.7584615384615385
1.7773076923076923
1.8111538461538463
1.6926923076923077
1.7784615384615385
1.536153846153846
1.625
1.6023076923076922
1.4365384615384615
1.4773076923076922
1.5526923076923078
1.531923076923077
1.7888461538461538
1.625
1.7526923076923078
1.794230769230769
1.5773076923076923
1.6223076923076922
1.636153846153846
1.4565384615384613
1.5834615384615385
1.6057692307692308
1.433076923076923
1.3573076923076923
1.2323076923076923
1.2588461538461537
1.1923076923076923
1.1576923076923078
1.2238461538461538
1.2676923076923077
1.3026923076923076
1.3373076923076925
1.2888461538461538
1.128076923076923
1.1534615384615383
1.1696153846153847
1.128076923076923
1.1088461538461538
1.3234615384615382
1.1592307692307693
1.2246153846153847
1.0961538461538463
1.0238461538461539
0.9723076923076923
0.913076923076923
0.9184615384615384
0.878076923076923
0.9965384615384616
1.031153846153846
0.9273076923076923
0.9623076923076923
0.8434615384615385
0.8803846153846154
0.9746153846153847
0.8842307692307692
0.78
0.8461538461538461
0.7638461538461538
0.7615384615384616
0.7619230769230769
0.7542307692307693
0.84
0.7392307692307691
0.7976923076923076
0.8642307692307691
0.7688461538461537
0.7749999999999999
0.8896153846153846
0.7076923076923076
0.6876923076923076
0.7561538461538462
0.7692307692307693
0.6923076923076923
0.6384615384615385
0.5861538461538461
0.5903846153846154
0.5553846153846154
0.5242307692307692
0.5203846153846153
0.475
0.4807692307692308
0.5130769230769231
0.5342307692307693
0.46653846153846157
0.446923076923077
0.4926923076923077
0.6361538461538461
0.4957692307692308
0.5238461538461539
0.47423076923076923
0.4053846153846154
0.3719230769230769
0.38038461538461543
0.26692307692307693
0.32384615384615384
0.3538461538461538
0.3030769230769231
0.3873076923076923
0.40923076923076923
0.3988461538461538
0.40807692307692306
0.3984615384615384
0.3342307692307692
0.3465384615384615
0.215
0.2946153846153846
0.3903846153846154
0.40846153846153843
0.4019230769230769
0.3761538461538461
0.3926923076923077
0.41384615384615386
0.305
0.37423076923076926
0.3423076923076923
0.30846153846153845
0.3565384615384615
0.35807692307692307
0.30961538461538457
0.32807692307692304
0.3576923076923077
0.34730769230769226
0.4153846153846154
0.46
0.5834615384615385
0.46846153846153843
0.36230769230769233
0.34730769230769226
0.33
0.2711538461538462
0.3923076923076923
0.46384615384615385
0.51
