pet
0.493
0.3865
0.2725
0.35100000000000003
0.5245
0.4025
0.42700000000000005
0.446
0.538
0.542
0.508
0.6045
0.6115
0.544
0.5515000000000001
0.461
0.4095
0.512
0.5295
0.608
0.5589999999999999
0.42000000000000004
0.462
0.471
0.3795
0.4215
0.44699999999999995
0.504
0.567
0.623
0.5835
0.5905
0.662
0.7715
0.8615
0.8695
0.8505
0.7065
0.6475
0.591
0.601
0.7435
0.6345
0.5405
0.6125
0.616
0.45549999999999996
0.6479999999999999
0.669
0.69
0.6275000000000001
0.6525
0.7150000000000001
0.78
0.615
0.6125
0.675
0.8480000000000001
0.7285
0.7025
0.7205
0.7785
0.9035
1.081
1.127
1.2525
1.1869999999999998
1.124
1.2225
1.111
1.15
1.2145
1.165
1.1035
1.2395
1.315
1.114
1.101
1.1735
1.137
1.327
1.2814999999999999
1.144
1.0779999999999998
1.156842105263158
1.2110526315789472
1.1863157894736842
1.4173684210526316
1.5636842105263158
1.6389473684210527
1.5526315789473684
1.3747368421052633
1.3021052631578949
1.3057894736842104
1.3278947368421052
1.4078947368421053
1.2421052631578948
1.4157894736842105
1.6321052631578947
1.6221052631578947
1.6126315789473684
1.5210526315789472
1.2568421052631578
1.384736842105263
1.453157894736842
1.5910526315789475
1.5221052631578948
1.6426315789473684
1.6426315789473684
1.7447368421052631
2.0373684210526317
2.073157894736842
2.022105263157895
2.0910526315789473
1.8905263157894738
2.04
2.092631578947368
2.0084210526315793
2.1100000000000003
2.203157894736842
2.3578947368421055
2.4994736842105265
2.4110526315789476
2.305789473684211
2.251052631578947
2.3489473684210527
2.506315789473684
2.366842105263158
2.294736842105263
2.363684210526316
2.1626315789473685
2.3263157894736843
2.389473684210526
2.5321052631578946
2.671578947368421
2.5878947368421055
2.56
2.4026315789473682
2.5526315789473686
2.7294736842105265
2.561578947368421
2.688947368421053
2.7863157894736843
2.794736842105263
2.7736842105263158
2.7178947368421054
2.53
2.553684210526316
2.790526315789474
2.7115789473684213
2.875263157894737
2.783684210526316
2.4410526315789474
2.258421052631579
2.1857894736842107
2.3773684210526316
2.4373684210526316
2.2194736842105263
2.4542105263157894
2.4821052631578944
2.4615789473684213
2.3310526315789475
2.418421052631579
2.59
2.593684210526316
2.693157894736842
2.8810526315789473
2.9642105263157896
2.8936842105263154
3.0231578947368423
2.8242105263157895
2.593684210526316
2.5526315789473686
2.518421052631579
2.7142105263157896
2.745789473684211
2.9489473684210528
2.7647368421052634
2.916842105263158
2.871578947368421
2.818421052631579
2.548421052631579
2.838421052631579
2.911578947368421
2.8442105263157895
2.8505263157894736
3.033157894736842
3.093157894736842
2.877894736842105
2.7505263157894735
2.8547368421052632
2.916315789473684
2.87
2.944210526315789
2.8236842105263156
2.771578947368421
2.8394736842105264
2.5984210526315787
2.8226315789473686
3.004210526315789
3.0
2.8626315789473686
2.8705263157894736
2.971578947368421
2.8373684210526315
2.803684210526316
2.7505263157894735
3.0210526315789474
2.8547368421052632
3.0442105263157897
2.966842105263158
2.7621052631578946
2.8289473684210527
2.9989473684210526
2.6973684210526314
2.4021052631578947
2.451578947368421
2.7110526315789474
2.305263157894737
2.5094736842105263
2.4257894736842105
2.465263157894737
2.4789473684210526
2.3484210526315787
2.541578947368421
2.5294736842105263
2.3905263157894736
2.4636842105263157
2.4278947368421053
2.486842105263158
2.6447368421052633
2.5036842105263157
2.477894736842105
2.344736842105263
2.231578947368421
2.1521052631578947
2.07
1.881578947368421
1.9863157894736843
2.1121052631578947
2.082105263157895
1.9957894736842106
1.9452631578947368
1.922105263157895
2.1526315789473682
1.9463157894736844
1.7115789473684213
1.7094736842105263
1.7273684210526317
1.7957894736842104
1.7347368421052631
1.8126315789473684
1.786842105263158
1.7073684210526314
1.6926315789473683
1.5094736842105263
1.423157894736842
1.4005263157894736
1.4357894736842105
1.6431578947368422
1.471578947368421
1.545
1.5215
1.541
1.4255
1.5314999999999999
1.2705
1.294
1.4535
1.3885
1.6190000000000002
1.5265
1.591
1.4475
1.448
1.371
1.332
1.324
1.242
1.1515
1.201
1.322
1.0535
1.009
1.1225
1.2165
1.147
1.041
0.9465
0.8474999999999999
0.844
0.858
0.798
0.8664999999999999
0.9019999999999999
0.8255000000000001
0.8605
0.9025000000000001
0.8625
0.7989999999999999
0.688
0.74
0.733
0.7095
0.765
0.747
0.6725
0.627
0.6085
0.536
0.7190000000000001
0.564
0.5505
0.6675
0.6144999999999999
0.5860000000000001
0.5549999999999999
0.476
0.4795
0.46699999999999997
0.398
0.442
0.367
0.281
0.3465
0.362
0.5085
0.5655
0.6185
0.5295
0.5085
0.5235000000000001
0.514
0.613
0.6265
0.7015
0.599
0.46699999999999997
0.471
0.42700000000000005
0.3715
0.4485
0.375
0.46749999999999997
0.522
0.497
0.42300000000000004
0.368
0.398
0.5275000000000001
0.5435000000000001
0.45599999999999996
0.40700000000000003
0.43
0.4715
0.518
0.5195000000000001
0.6479999999999999
0.4915
0.5105
0.5675
0.6134999999999999
0.504
0.49000000000000005
0.43150000000000005
