pet
0.29115384615384615
0.24346153846153845
0.2673076923076923
0.2476923076923077
0.2969230769230769
0.28
0.39961538461538465
0.28500000000000003
0.2726923076923077
0.3557692307692308
0.4126923076923077
0.4076923076923077
0.3453846153846154
0.2996153846153846
0.3819230769230769
0.3334615384615385
0.2926923076923077
0.3811538461538462
0.4346153846153846
0.35192307692307695
0.22923076923076924
0.2846153846153846
0.31961538461538463
0.34615384615384615
0.38576923076923075
0.38346153846153846
0.4330769230769231
0.47923076923076924
0.39961538461538465
0.34730769230769226
0.45769230769230773
0.5030769230769231
0.46384615384615385
0.45692307692307693
0.5846153846153846
0.5446153846153846
0.39384615384615385
0.4073076923076923
0.5026923076923077
0.43076923076923074
0.3869230769230769
0.5515384615384615
0.5238461538461539
0.39807692307692305
0.4969230769230769
0.6473076923076923
0.551923076923077
0.6238461538461538
0.5353846153846153
0.6319230769230769
0.6692307692307692
0.7265384615384616
0.6596153846153846
0.755
0.6134615384615385
0.7107692307692308
0.6134615384615384
0.5965384615384616
0.6138461538461539
0.578076923076923
0.6265384615384615
0.5211538461538462
0.4507692307692308
0.5515384615384615
0.7107692307692308
0.8846153846153846
0.8919230769230769
1.0423076923076924
1.0023076923076923
1.0042307692307693
0.8830769230769231
0.8553846153846153
1.0957692307692306
1.1938461538461538
1.1611538461538462
1.1992307692307693
1.0507692307692307
1.0623076923076924
0.9742307692307691
1.0823076923076924
1.0711538461538461
1.1703846153846154
1.2073076923076924
1.326153846153846
1.315
1.25
1.4034615384615385
1.4130769230769231
1.4911538461538463
1.5492307692307692
1.4676923076923079
1.4026923076923077
1.501923076923077
1.4146153846153846
1.5569230769230769
1.54
1.2430769230769232
1.5826923076923076
1.6603846153846153
1.4426923076923077
1.4673076923076922
1.4426923076923077
1.613076923076923
1.7526923076923078
1.8023076923076924
1.7969230769230768
1.758076923076923
1.6807692307692308
1.6719230769230768
1.9580769230769233
2.17
2.2965384615384616
2.2546153846153847
2.2673076923076922
2.0111538461538463
1.8250000000000002
1.9596153846153848
1.8346153846153848
1.787692307692308
1.9561538461538461
2.1296153846153847
2.158846153846154
2.211923076923077
2.17
2.2734615384615386
2.276923076923077
2.571923076923077
2.453846153846154
2.5696153846153846
2.696153846153846
2.4
2.3419230769230768
2.314230769230769
2.26
2.5380769230769227
2.483846153846154
2.426153846153846
2.4507692307692306
2.638076923076923
2.5703846153846155
2.5503846153846155
2.520769230769231
2.6465384615384617
2.5357692307692306
2.606923076923077
2.5919230769230768
2.689230769230769
2.6284615384615386
2.7115384615384617
2.6773076923076924
2.9303846153846154
2.965384615384615
2.746153846153846
2.496923076923077
2.2584615384615385
2.3015384615384615
2.358076923076923
2.43
2.439230769230769
2.5730769230769233
2.4992307692307696
2.4203846153846156
2.332692307692308
2.4107692307692306
2.3915384615384614
2.4084615384615384
2.755769230769231
2.7296153846153848
2.7453846153846153
2.637307692307692
2.4426923076923077
2.3834615384615385
2.491153846153846
2.605
2.5323076923076924
2.5534615384615384
2.7199999999999998
2.4650000000000003
2.505
2.5923076923076924
2.4903846153846154
2.6692307692307695
2.729230769230769
2.563076923076923
2.6588461538461536
2.6876923076923074
2.6223076923076927
2.601923076923077
2.6061538461538465
2.629230769230769
2.6457692307692304
2.4953846153846153
2.483461538461538
2.374615384615385
2.4257692307692307
2.572307692307692
2.7203846153846154
2.7219230769230767
2.9596153846153848
2.9415384615384617
2.5850000000000004
2.3830769230769233
2.583846153846154
2.713461538461538
2.582307692307692
2.802692307692308
2.6388461538461536
2.5311538461538463
2.456923076923077
2.438846153846154
2.3376923076923077
2.3584615384615386
2.4692307692307693
2.4811538461538456
2.496153846153846
2.3642307692307694
2.3219230769230768
2.451923076923077
2.3257692307692306
2.404230769230769
2.42
2.2184615384615385
2.437307692307692
2.253846153846154
2.271153846153846
2.2823076923076924
2.1034615384615383
2.058846153846154
2.051153846153846
2.045
2.0761538461538462
1.9742307692307692
1.9926923076923078
2.12
2.0696153846153846
1.7765384615384614
1.8646153846153846
1.7034615384615384
1.6961538461538461
1.613076923076923
1.5050000000000001
1.5769230769230769
1.5315384615384615
1.5776923076923077
1.9165384615384615
1.6765384615384613
1.8473076923076923
1.8323076923076924
1.7011538461538462
1.6857692307692307
1.673846153846154
1.6538461538461537
1.7165384615384616
1.6488461538461539
1.4757692307692307
1.3738461538461537
1.3773076923076923
1.3819230769230768
1.3046153846153847
1.2157692307692307
1.2669230769230768
1.3457692307692308
1.3357692307692306
1.353846153846154
1.2876923076923075
1.2065384615384616
1.1634615384615385
1.2003846153846154
1.136923076923077
1.2215384615384615
1.3423076923076922
1.2650000000000001
1.245
1.1546153846153846
0.9969230769230768
0.955
0.9473076923076923
0.9592307692307693
0.8446153846153847
0.8834615384615384
1.060769230769231
0.9392307692307693
1.0423076923076924
0.8576923076923078
0.9065384615384615
0.9915384615384616
0.84
0.7926923076923077
0.8150000000000001
0.693076923076923
0.7426923076923077
0.7226923076923076
0.6534615384615385
0.7703846153846154
0.6896153846153846
0.7546153846153847
0.8150000000000001
0.7461538461538461
0.6776923076923077
0.8153846153846154
0.768076923076923
0.6992307692307692
0.7719230769230769
0.7003846153846154
0.7069230769230769
0.6007692307692308
0.5538461538461539
0.5257692307692308
0.5130769230769231
0.44269230769230766
0.42153846153846153
0.4123076923076923
0.42192307692307696
0.46
0.4423076923076923
0.4226923076923077
0.3942307692307692
0.4230769230769231
0.5815384615384616
0.4165384615384615
0.39269230769230773
0.3880769230769231
0.3380769230769231
0.28615384615384615
0.3092307692307692
0.22500000000000003
0.2476923076923077
0.27692307692307694
0.245
0.3511538461538462
0.36961538461538457
0.37307692307692303
0.3423076923076923
0.3680769230769231
0.29692307692307696
0.32538461538461544
0.20269230769230767
0.24000000000000002
0.3719230769230769
0.36961538461538457
0.28423076923076923
0.30653846153846154
0.24730769230769228
0.2919230769230769
0.2561538461538462
0.3523076923076923
0.28
0.2803846153846154
0.29384615384615387
0.3026923076923077
0.23846153846153847
0.24730769230769228
0.26884615384615385
0.23807692307692305
0.3511538461538461
0.41730769230769227
0.49461538461538457
0.43192307692307697
0.3453846153846154
0.31
0.28692307692307695
0.23038461538461538
0.35615384615384615
0.4276923076923077
0.4296153846153846
