pet
0.3796153846153846
0.3438461538461538
0.275
0.39923076923076917
0.5138461538461538
0.38461538461538464
0.42
0.46961538461538466
0.46961538461538466
0.5146153846153846
0.47692307692307695
0.4061538461538462
0.4603846153846154
0.4930769230769231
0.4826923076923077
0.38923076923076927
0.3538461538461538
0.4273076923076923
0.42923076923076925
0.4553846153846154
0.5238461538461539
0.39192307692307693
0.45038461538461544
0.45653846153846156
0.3638461538461538
0.3469230769230769
0.32384615384615384
0.4073076923076923
0.4534615384615384
0.4357692307692308
0.4730769230769231
0.48538461538461536
0.5573076923076923
0.5857692307692308
0.6061538461538462
0.6865384615384615
0.6219230769230768
0.5265384615384615
0.47423076923076923
0.5080769230769231
0.39115384615384613
0.4215384615384616
0.41230769230769226
0.37538461538461537
0.40884615384615386
0.37423076923076926
0.3553846153846154
0.4330769230769231
0.45576923076923076
0.43653846153846154
0.48730769230769233
0.5253846153846153
0.5876923076923076
0.6288461538461539
0.6061538461538462
0.5846153846153845
0.605
0.6992307692307692
0.6261538461538462
0.681923076923077
0.7203846153846154
0.715
0.7673076923076922
0.8865384615384616
0.9238461538461539
1.0011538461538463
0.8846153846153846
0.8965384615384615
0.9980769230769231
0.9903846153846154
0.9738461538461538
0.9103846153846153
0.7565384615384616
0.7976923076923076
0.838076923076923
0.9149999999999999
0.8765384615384615
0.8619230769230769
0.8357692307692308
0.8311538461538461
0.9096153846153846
0.9823076923076923
1.011153846153846
0.9488461538461538
1.0284615384615385
1.04
0.985
1.1276923076923078
1.208076923076923
1.3257692307692308
1.2742307692307693
1.0107692307692306
1.0688461538461538
1.2019230769230769
1.2430769230769232
1.2584615384615385
1.2957692307692308
1.1223076923076922
1.3084615384615386
1.570769230769231
1.5499999999999998
1.5707692307692307
1.408076923076923
1.5773076923076923
1.746923076923077
1.7484615384615385
1.6807692307692308
1.8507692307692307
1.7023076923076923
1.6630769230769231
1.7534615384615386
1.9219230769230768
1.8507692307692307
1.8853846153846152
1.7603846153846152
1.8576923076923075
1.8046153846153847
1.7880769230769231
1.8123076923076922
1.8488461538461538
1.9603846153846154
2.0496153846153846
2.2346153846153847
2.253846153846154
2.128076923076923
2.3596153846153847
2.376153846153846
2.198846153846154
2.176923076923077
2.279230769230769
2.3984615384615386
2.460769230769231
2.3365384615384617
2.392692307692308
2.4538461538461536
2.246153846153846
2.512307692307693
2.291923076923077
2.503076923076923
2.6984615384615385
2.753846153846154
2.7342307692307695
2.7465384615384614
2.8984615384615386
2.8338461538461535
2.6253846153846156
2.596538461538462
2.5023076923076926
2.581153846153846
2.587307692307692
2.6957692307692307
2.698846153846154
2.4534615384615384
2.462307692307692
2.3703846153846153
2.4696153846153845
2.4484615384615385
2.3773076923076926
2.455
2.4842307692307695
2.441538461538461
2.316923076923077
2.286153846153846
2.164230769230769
2.2357692307692307
2.431923076923077
2.474615384615385
2.400384615384615
2.426153846153846
2.581153846153846
2.3923076923076922
2.441153846153846
2.458846153846154
2.3576923076923078
2.435
2.3811538461538464
2.4326923076923075
2.337307692307692
2.463461538461538
2.5007692307692304
2.6284615384615386
2.4061538461538463
2.4503846153846154
2.5615384615384613
2.6319230769230773
2.590384615384615
2.721538461538462
2.777307692307692
2.5338461538461536
2.5949999999999998
2.5576923076923075
2.6103846153846155
2.5349999999999997
2.618846153846154
2.5261538461538464
2.3692307692307693
2.271153846153846
2.1553846153846155
2.245
2.5115384615384615
2.354230769230769
2.2584615384615385
2.298076923076923
2.2715384615384617
2.38
2.4303846153846154
2.52
2.464230769230769
2.3576923076923078
2.291153846153846
2.3484615384615384
2.131923076923077
2.2884615384615383
2.3611538461538464
2.3273076923076923
2.109230769230769
2.1711538461538464
2.2180769230769233
1.8757692307692309
2.0865384615384617
2.0865384615384617
2.068076923076923
2.1384615384615384
1.9892307692307691
2.038846153846154
2.0726923076923076
2.150384615384615
1.9142307692307694
1.9830769230769232
2.0726923076923076
2.082692307692308
2.129230769230769
2.1384615384615384
1.993846153846154
1.9746153846153847
1.9961538461538462
1.8473076923076923
1.758846153846154
1.764230769230769
1.9076923076923078
1.8053846153846154
1.6565384615384615
1.7376923076923076
1.6715384615384616
1.698846153846154
1.5861538461538462
1.6042307692307693
1.4046153846153844
1.426153846153846
1.5665384615384614
1.48
1.4746153846153844
1.3823076923076922
1.2065384615384616
1.2826923076923078
1.2403846153846154
1.2038461538461538
1.188076923076923
1.3303846153846155
1.366923076923077
1.2084615384615385
1.2976923076923077
1.3184615384615386
1.2953846153846154
1.241923076923077
1.2638461538461538
0.9888461538461539
0.9092307692307693
0.9857692307692308
0.9926923076923077
1.1942307692307692
1.1688461538461539
1.2307692307692308
1.1026923076923076
1.1511538461538462
1.1573076923076924
1.061923076923077
1.0326923076923078
1.0257692307692308
0.9423076923076923
1.0911538461538461
1.0007692307692309
0.823076923076923
0.9476923076923077
0.9115384615384615
0.8973076923076924
0.833076923076923
0.7838461538461539
0.713076923076923
0.6873076923076924
0.7142307692307692
0.7684615384615385
0.606923076923077
0.6034615384615385
0.7176923076923077
0.7823076923076923
0.7342307692307692
0.7326923076923078
0.6246153846153846
0.6653846153846155
0.6942307692307692
0.7380769230769231
0.8430769230769232
0.7119230769230769
0.6665384615384615
0.711923076923077
0.7684615384615385
0.5934615384615385
0.5392307692307692
0.5723076923076923
0.7069230769230769
0.643846153846154
0.6573076923076923
0.7288461538461538
0.6026923076923076
0.5165384615384615
0.47269230769230774
0.48538461538461536
0.4573076923076923
0.3453846153846154
0.3988461538461538
0.4269230769230769
0.31461538461538463
0.27192307692307693
0.43192307692307697
0.5253846153846153
0.5153846153846154
0.43653846153846154
0.5103846153846153
0.39961538461538465
0.3630769230769231
0.4061538461538462
0.37730769230769234
0.4084615384615385
0.4888461538461539
0.5407692307692308
0.48000000000000004
0.47230769230769226
0.3557692307692308
0.2773076923076923
0.24346153846153845
0.3303846153846154
0.32923076923076927
0.42346153846153844
0.4288461538461539
0.3923076923076923
0.40499999999999997
0.3792307692307692
0.4523076923076923
0.3707692307692308
0.34500000000000003
0.36692307692307696
0.33
0.4053846153846154
0.3761538461538461
0.3853846153846154
0.38
0.46153846153846156
0.48576923076923073
0.46615384615384614
0.49
0.5461538461538461
0.4730769230769231
0.40807692307692306
0.42076923076923073
