temperature
2.83
2.552692307692308
2.421923076923077
3.085384615384615
3.5276923076923077
2.876153846153846
3.1015384615384614
3.4026923076923077
3.2657692307692305
3.0911538461538464
2.715384615384615
2.0734615384615385
2.7226923076923075
3.227307692307692
3.0869230769230773
2.6092307692307695
2.31
2.6980769230769233
2.8430769230769233
3.1076923076923078
3.398076923076923
2.8611538461538464
2.9930769230769227
3.036153846153846
2.3180769230769234
2.0373076923076923
2.0726923076923076
2.4476923076923076
2.5380769230769227
2.210769230769231
2.170769230769231
2.776923076923077
3.3376923076923077
3.4007692307692308
3.3442307692307693
3.7526923076923078
3.2738461538461534
3.0115384615384615
2.7800000000000002
2.780384615384615
2.146153846153846
2.3211538461538463
2.2992307692307694
2.1134615384615385
1.9519230769230769
1.666923076923077
1.7507692307692309
2.305
2.273076923076923
2.1561538461538463
2.4696153846153845
2.665
3.022307692307692
3.1842307692307688
3.118846153846154
2.96
2.9476923076923076
3.5776923076923075
3.156538461538461
3.350769230769231
3.424615384615385
3.3757692307692304
3.576923076923077
4.223076923076923
4.50076923076923
4.753076923076923
4.355769230769231
4.314615384615385
4.707307692307692
4.7457692307692305
4.6753846153846155
4.337692307692308
3.601923076923077
3.8634615384615385
3.8723076923076927
4.088076923076923
4.093076923076923
4.080769230769231
3.8926923076923075
3.819230769230769
4.050769230769231
4.467692307692308
4.6692307692307695
4.462692307692308
4.7615384615384615
4.562307692307693
4.304230769230769
5.023076923076923
5.353461538461539
5.715
5.416923076923077
4.465
4.634230769230769
5.183461538461539
5.354230769230769
5.468461538461539
5.549230769230769
4.702307692307692
5.4192307692307695
6.346923076923077
6.281923076923078
6.471153846153846
5.781923076923078
6.532307692307692
7.172692307692308
7.144615384615384
6.893846153846154
7.437692307692307
7.033846153846154
6.892307692307692
7.164615384615384
7.7373076923076916
7.400384615384615
7.432307692307693
6.996153846153846
7.368076923076923
7.171923076923077
7.115
7.404230769230769
7.546538461538462
7.570769230769231
7.772692307692308
8.309615384615386
8.38923076923077
8.216923076923077
8.948461538461538
9.010384615384615
8.490384615384615
8.438076923076922
8.748076923076923
9.098846153846154
9.292307692307691
8.955
9.233846153846155
9.474230769230768
8.951538461538462
9.631923076923076
9.014615384615384
9.743846153846153
10.361923076923079
10.625384615384615
10.637307692307692
10.741538461538463
11.182307692307692
11.05923076923077
10.525384615384617
10.517307692307693
10.38076923076923
10.612307692307693
10.635384615384615
10.962307692307691
11.770384615384614
11.25576923076923
11.385769230769231
11.180769230769231
11.561538461538463
11.583846153846155
11.455
11.731153846153846
11.948846153846155
11.899230769230769
11.622307692307693
11.55423076923077
11.098461538461539
11.455384615384615
12.198076923076922
12.352307692307694
12.275384615384617
12.413076923076924
12.876153846153844
12.439615384615385
12.587307692307691
12.713846153846154
12.503846153846155
12.807307692307692
12.781538461538462
12.990384615384615
12.659615384615384
13.18576923076923
13.349615384615387
13.835769230769232
13.283846153846154
13.454230769230769
13.853846153846153
14.115
14.085384615384616
14.517692307692307
14.684615384615386
14.067692307692308
14.331153846153846
14.227307692307694
14.467692307692309
14.33
14.628846153846155
14.421923076923077
14.003076923076922
13.775769230769232
13.477692307692308
13.762692307692307
14.656153846153845
14.225769230769231
13.959615384615384
14.068461538461538
14.002692307692307
14.378076923076922
14.607307692307693
14.926153846153845
14.82
14.52730769230769
14.36923076923077
14.589230769230769
13.831538461538461
14.389615384615384
14.635384615384615
14.576153846153847
13.960384615384614
14.145
14.418846153846154
13.353846153846153
13.990384615384615
14.061153846153845
14.045384615384616
14.313461538461537
13.825384615384614
14.014999999999999
14.127307692307692
14.379999999999999
13.665000000000001
13.780384615384616
14.24
14.215
14.364615384615385
14.444615384615386
13.935
13.838846153846154
14.006538461538462
13.550384615384615
13.231538461538461
13.143076923076924
13.731153846153846
13.411538461538461
12.930769230769231
13.245384615384616
12.831538461538461
12.853076923076923
12.397692307692306
12.533076923076923
11.706538461538461
11.88846153846154
12.36076923076923
11.931923076923077
12.051923076923078
11.454615384615384
11.066538461538462
11.221923076923076
11.11153846153846
10.928076923076922
10.886923076923077
11.456538461538461
11.548461538461538
11.031923076923077
11.351923076923075
11.412307692307694
11.020384615384614
11.108076923076924
11.093461538461538
10.186153846153847
9.774615384615384
9.891538461538461
9.76576923076923
10.609615384615385
10.562307692307693
10.706153846153846
10.246923076923078
10.252307692307692
10.19846153846154
9.919615384615385
9.849230769230768
9.873461538461537
9.417692307692308
10.006923076923076
9.757307692307693
8.77
9.058076923076923
8.846923076923078
8.570384615384615
8.327692307692308
8.371153846153847
7.936538461538461
7.595769230769231
7.983076923076923
8.186923076923078
7.053846153846154
7.42
7.796538461538462
8.042307692307691
7.973076923076923
7.931538461538461
7.450769230769231
7.490769230769231
7.303461538461538
7.481153846153846
7.839230769230769
7.252307692307692
6.979230769230769
7.122692307692308
7.1911538461538465
6.522307692307692
6.120384615384615
6.2130769230769225
6.870384615384615
6.786538461538461
6.304615384615384
6.761923076923077
6.276153846153846
5.578461538461538
4.977692307692307
4.856923076923077
5.184230769230769
4.454615384615384
4.556923076923077
4.741923076923078
4.028076923076923
3.7565384615384616
4.368846153846154
4.785769230769231
4.623461538461539
4.575769230769231
4.809615384615385
4.018076923076923
3.836153846153846
3.9292307692307693
3.6423076923076922
3.8903846153846158
4.4023076923076925
4.757307692307692
4.551153846153846
4.544615384615384
4.23
3.602307692307692
3.1599999999999997
3.308076923076923
3.4626923076923077
3.8126923076923074
3.79
3.775384615384615
3.8938461538461535
3.731538461538462
4.296538461538462
3.900384615384615
3.3469230769230767
3.5250000000000004
3.558846153846154
3.583846153846154
3.4257692307692307
3.398076923076923
3.6826923076923075
3.828076923076923
3.8953846153846152
3.4796153846153848
3.3203846153846155
3.7046153846153844
3.3076923076923075
3.1142307692307694
2.8176923076923077
