pet
0.39807692307692305
0.435
0.35500000000000004
0.46538461538461545
0.6023076923076923
0.37307692307692303
0.43076923076923074
0.5453846153846154
0.536923076923077
0.5984615384615385
0.4496153846153846
0.40807692307692306
0.4492307692307692
0.5288461538461539
0.5169230769230769
0.4423076923076923
0.3457692307692308
0.39807692307692305
0.4103846153846154
0.46499999999999997
0.5846153846153845
0.5265384615384615
0.5546153846153846
0.5492307692307692
0.5053846153846154
0.49615384615384617
0.4746153846153846
0.48423076923076924
0.518076923076923
0.485
0.5180769230769231
0.46499999999999997
0.5196153846153846
0.6084615384615385
0.5888461538461539
0.7426923076923078
0.713076923076923
0.6242307692307693
0.5646153846153846
0.6042307692307692
0.5261538461538462
0.5365384615384616
0.5134615384615384
0.4392307692307692
0.4061538461538462
0.44307692307692303
0.46115384615384614
0.5626923076923077
0.5196153846153846
0.5273076923076924
0.5480769230769231
0.6011538461538461
0.6761538461538461
0.7100000000000001
0.6107692307692307
0.6076923076923078
0.7326923076923078
0.7957692307692308
0.7738461538461539
0.7757692307692309
0.9265384615384615
0.88
0.8999999999999999
1.0357692307692308
1.0603846153846155
1.0646153846153845
1.0657692307692308
1.0173076923076922
1.2176923076923076
1.0742307692307693
1.1015384615384616
1.1015384615384616
1.0207692307692307
1.0165384615384616
1.0753846153846154
1.1407692307692308
1.1765384615384615
1.0615384615384615
1.0776923076923077
1.0915384615384616
1.1342307692307692
1.3111538461538463
1.2776923076923077
1.2542307692307693
1.2403846153846154
1.2269230769230768
1.2207692307692308
1.3315384615384613
1.3461538461538463
1.5034615384615386
1.4626923076923077
1.2596153846153846
1.2011538461538462
1.2761538461538462
1.353846153846154
1.4223076923076923
1.433846153846154
1.2969230769230768
1.49
1.7165384615384616
1.771153846153846
1.7449999999999999
1.5746153846153845
1.683076923076923
1.9215384615384616
1.9076923076923078
1.7303846153846154
1.965
1.8692307692307693
1.8296153846153846
2.0596153846153844
2.15
1.8857692307692309
1.926923076923077
1.941153846153846
1.9703846153846152
1.9542307692307692
1.962307692307692
2.063846153846154
2.0892307692307694
2.0115384615384615
2.151153846153846
2.1696153846153847
2.2684615384615383
2.3284615384615384
2.4057692307692307
2.569230769230769
2.4673076923076924
2.3476923076923075
2.4965384615384614
2.5330769230769232
2.566923076923077
2.5488461538461538
2.5603846153846153
2.675
2.4861538461538464
2.480384615384615
2.4446153846153846
2.706153846153846
2.8288461538461536
2.685
2.903461538461538
2.815
2.9630769230769234
2.8023076923076924
2.855384615384615
2.6680769230769235
2.685769230769231
2.777307692307692
2.6180769230769227
2.8346153846153848
2.766538461538462
2.5584615384615383
2.5573076923076923
2.478846153846154
2.6853846153846153
2.6265384615384617
2.649230769230769
2.678846153846154
2.6149999999999998
2.5761538461538462
2.5534615384615384
2.465384615384615
2.5565384615384614
2.485
2.566923076923077
2.7946153846153843
2.6507692307692308
2.6946153846153846
2.723846153846154
2.7715384615384617
2.581538461538462
2.618846153846154
2.561923076923077
2.659615384615385
2.7434615384615384
2.7734615384615386
2.685769230769231
2.745769230769231
2.7357692307692307
2.865769230769231
2.793461538461538
2.765
2.8746153846153844
3.0503846153846155
2.955
2.9523076923076923
3.1111538461538464
3.053076923076923
3.0023076923076926
2.9826923076923078
3.011923076923077
2.918461538461538
3.041923076923077
3.021153846153846
2.917307692307692
2.7353846153846155
2.67
2.7365384615384616
3.0023076923076926
2.855769230769231
2.8126923076923074
2.8176923076923077
2.7946153846153843
2.6742307692307694
2.957692307692308
2.8926923076923075
2.921923076923077
2.928076923076923
2.9507692307692306
3.081153846153846
2.7096153846153848
2.668846153846154
2.8203846153846155
2.7023076923076923
2.612692307692308
2.634230769230769
2.5415384615384613
2.357307692307692
2.5592307692307688
2.4515384615384614
2.5126923076923076
2.5565384615384614
2.480769230769231
2.542692307692308
2.6065384615384612
2.545769230769231
2.3657692307692306
2.3211538461538463
2.4196153846153843
2.5330769230769232
2.5900000000000003
2.5219230769230765
2.3207692307692307
2.1703846153846156
2.2384615384615385
2.203076923076923
2.0815384615384613
2.0496153846153846
2.141923076923077
2.1592307692307693
2.016153846153846
2.0257692307692308
1.9769230769230768
2.041153846153846
1.8688461538461536
1.9315384615384614
1.7950000000000002
1.7623076923076924
1.9942307692307693
1.8473076923076923
1.911153846153846
1.6857692307692307
1.6584615384615384
1.5953846153846152
1.531923076923077
1.491923076923077
1.4849999999999999
1.6780769230769232
1.5646153846153845
1.4903846153846154
1.4288461538461539
1.4915384615384615
1.4796153846153846
1.3788461538461538
1.4796153846153846
1.2926923076923076
1.2523076923076923
1.2803846153846155
1.2384615384615385
1.393846153846154
1.3073076923076923
1.3173076923076923
1.2453846153846155
1.2996153846153846
1.2546153846153845
1.1753846153846155
1.155
1.1792307692307693
1.0307692307692309
1.198076923076923
1.2665384615384616
0.9915384615384616
1.0776923076923077
1.0653846153846154
0.8473076923076923
0.8296153846153846
0.8073076923076924
0.7492307692307693
0.7753846153846153
0.8473076923076923
0.8650000000000001
0.7507692307692307
0.6846153846153846
0.716923076923077
0.8223076923076923
0.7969230769230768
0.825
0.7192307692307692
0.7061538461538461
0.6873076923076924
0.7419230769230769
0.8696153846153846
0.8061538461538462
0.8184615384615385
0.8142307692307693
0.7046153846153846
0.6742307692307693
0.5434615384615384
0.5288461538461539
0.7573076923076922
0.6815384615384615
0.6715384615384615
0.7038461538461539
0.5788461538461539
0.4815384615384615
0.4846153846153846
0.48730769230769233
0.46384615384615385
0.3880769230769231
0.4476923076923077
0.5223076923076924
0.375
0.36115384615384616
0.41000000000000003
0.5515384615384615
0.655
0.5042307692307693
0.5476923076923077
0.4253846153846154
0.3853846153846154
0.35615384615384615
0.32769230769230767
0.4257692307692308
0.4846153846153846
0.6123076923076923
0.5411538461538462
0.5023076923076923
0.37307692307692303
0.3480769230769231
0.32230769230769235
0.3046153846153846
0.27884615384615385
0.36653846153846154
0.40230769230769237
0.4357692307692308
0.3892307692307692
0.42192307692307696
0.41384615384615386
0.3719230769230769
0.42230769230769233
0.38346153846153846
0.4226923076923077
0.4876923076923077
0.4465384615384615
0.44307692307692303
0.4580769230769231
0.48846153846153845
0.46846153846153843
0.5380769230769231
0.5642307692307692
0.6265384615384615
0.4653846153846154
0.3638461538461539
0.43076923076923074
