temperature
4.169615384615384
4.382692307692308
4.440769230769231
5.113461538461538
5.385384615384615
4.555000000000001
4.833846153846154
5.12
5.158846153846154
4.9096153846153845
3.803846153846154
3.4180769230769235
3.707307692307692
4.46
4.419615384615384
4.164230769230769
3.456538461538462
3.9119230769230766
4.463461538461538
4.724230769230769
5.179230769230769
5.109615384615385
5.108076923076923
4.683461538461538
4.426923076923076
4.236153846153846
4.324230769230769
4.585384615384616
3.994230769230769
3.2953846153846156
3.879230769230769
4.13
4.4592307692307696
4.773846153846154
4.897692307692308
5.380769230769231
5.234615384615385
4.790384615384616
4.588076923076923
3.9023076923076925
3.8803846153846155
4.0600000000000005
3.8561538461538465
3.265
2.7942307692307695
3.0092307692307694
3.355
3.960769230769231
3.5592307692307696
3.7930769230769235
3.77
3.8888461538461536
4.5503846153846155
4.719230769230769
4.048846153846154
3.7234615384615384
4.664615384615384
5.021923076923077
5.351538461538462
5.100769230769231
5.406923076923077
5.121538461538462
4.958461538461538
5.507692307692308
5.728076923076923
5.802692307692308
5.7288461538461535
5.59923076923077
6.2930769230769235
6.014615384615384
5.868461538461539
6.005
5.907307692307692
5.958461538461538
5.634615384615385
6.052307692307693
6.455
5.927307692307693
5.912307692307692
6.015769230769231
5.975769230769231
6.891538461538461
6.966538461538462
6.812307692307693
6.649615384615384
6.5053846153846155
6.321923076923077
6.3465384615384615
6.635384615384615
7.381538461538461
6.953461538461538
6.275384615384615
5.908846153846154
6.0307692307692315
6.157692307692307
6.793461538461538
7.258076923076923
6.529615384615385
6.888076923076923
7.503846153846154
7.6173076923076914
7.897307692307693
7.636923076923077
7.577307692307692
8.491538461538461
8.431153846153846
7.935384615384615
8.346538461538461
8.277692307692307
8.05846153846154
8.902307692307692
9.355384615384615
8.735384615384616
8.544230769230769
8.573846153846153
8.197692307692307
8.985
8.776923076923076
9.139999999999999
9.231923076923078
8.741153846153846
9.361153846153845
9.469615384615384
9.439230769230768
9.86923076923077
9.73
10.079615384615384
10.044615384615385
10.112692307692308
10.436923076923078
10.632307692307693
10.375384615384615
10.389999999999999
10.556153846153846
11.091923076923077
10.823461538461537
10.37923076923077
10.928076923076922
11.403461538461539
11.73
11.670384615384616
12.266153846153847
12.136153846153848
12.489615384615385
12.27730769230769
12.310384615384615
12.06423076923077
11.851153846153846
12.231923076923078
11.954615384615384
12.430769230769231
12.797307692307694
12.596153846153847
12.584999999999999
12.436538461538463
13.110000000000001
12.980384615384615
13.092307692307692
13.318076923076923
13.362307692307693
13.07846153846154
13.294615384615385
13.08423076923077
13.261923076923077
13.496538461538462
13.662307692307694
14.458076923076923
13.88576923076923
14.032692307692308
14.283076923076923
14.664230769230768
14.361153846153845
14.375384615384615
14.331153846153846
14.691923076923077
14.879999999999999
15.267692307692307
14.935384615384615
15.190384615384614
15.292692307692308
15.446153846153846
15.305384615384614
14.943461538461538
15.686538461538463
16.661923076923078
16.20423076923077
16.16653846153846
16.126538461538463
16.679615384615385
16.307692307692307
16.183846153846154
16.299615384615386
16.33
16.520384615384614
16.606153846153845
16.203846153846154
15.946923076923078
15.899230769230769
16.218846153846155
16.589615384615385
16.528076923076924
16.069615384615386
16.322692307692307
16.243846153846157
15.858461538461539
16.599999999999998
16.693076923076923
16.923846153846153
16.557692307692307
16.98384615384615
17.34
16.37423076923077
16.338076923076922
16.878846153846155
16.46076923076923
16.325
16.40076923076923
16.044615384615383
15.647307692307692
16.304615384615385
16.488076923076925
16.016923076923078
16.323846153846155
16.021538461538462
16.166923076923077
16.381153846153847
16.395
16.148076923076925
15.883461538461537
16.11769230769231
16.546153846153846
16.50346153846154
16.501923076923077
15.792692307692308
15.206153846153846
15.551153846153845
15.613846153846156
15.578076923076923
15.084999999999999
15.285769230769231
15.375384615384615
14.996538461538462
14.97269230769231
14.80923076923077
14.737307692307693
14.306153846153846
14.470384615384615
13.962307692307691
14.093076923076923
14.507307692307693
14.623461538461537
14.414615384615384
13.751538461538463
13.757692307692308
13.548461538461538
13.177692307692308
13.190384615384614
13.27
13.398846153846154
13.343076923076923
13.577307692307691
13.039615384615384
12.938076923076922
12.764615384615384
12.795384615384616
12.914615384615384
12.765384615384615
12.535769230769231
12.55076923076923
12.285384615384617
12.452307692307691
12.305769230769231
12.354615384615384
11.878846153846155
11.933846153846154
11.954230769230769
11.830769230769231
11.287692307692309
11.338461538461539
11.09769230769231
11.414230769230768
11.752307692307692
11.28076923076923
11.089230769230769
11.096153846153847
10.151538461538461
10.270384615384614
10.237692307692308
9.408076923076923
9.75153846153846
10.091923076923077
9.89423076923077
9.849615384615383
9.06076923076923
9.353846153846153
9.478461538461538
9.594615384615384
9.838461538461537
9.492692307692307
9.227307692307692
8.801153846153847
9.144615384615385
9.545769230769231
9.391153846153847
9.298461538461538
9.038461538461538
8.210384615384616
7.980384615384616
7.351923076923077
7.905
8.705384615384615
8.565
8.182307692307692
8.188076923076922
7.811153846153847
7.124615384615385
6.759615384615385
6.4484615384615385
6.708076923076923
6.665384615384616
6.968076923076922
6.92
6.063076923076924
5.894615384615384
5.865769230769231
6.007692307692308
6.585
6.442692307692307
6.252307692307692
5.82423076923077
5.213461538461539
5.028846153846154
5.113846153846154
5.659230769230769
5.9192307692307695
6.6388461538461545
6.289230769230769
6.083461538461538
5.659230769230769
5.631923076923077
5.884615384615385
4.654615384615385
4.201153846153846
4.786538461538462
4.866923076923078
5.350769230769231
5.329615384615384
5.34
5.680000000000001
5.677692307692308
5.508461538461538
4.911923076923077
5.33
5.810769230769231
5.553076923076923
5.018076923076923
5.3719230769230775
5.108076923076923
5.0273076923076925
5.361923076923077
5.055384615384615
5.235769230769231
4.516538461538461
4.072307692307692
4.329615384615384
