temperature
3.5984615384615384
3.644615384615385
3.3853846153846154
3.644615384615385
4.401153846153846
3.674615384615384
3.7646153846153845
4.424615384615384
4.679230769230769
4.501153846153846
3.5984615384615384
3.2830769230769232
3.397692307692308
4.005769230769231
4.2215384615384615
3.676153846153846
2.7007692307692306
3.2180769230769233
3.3876923076923076
3.7434615384615384
4.626538461538462
4.305769230769231
4.389615384615384
3.9711538461538463
3.8053846153846154
3.358846153846154
3.2807692307692307
3.571153846153846
3.822307692307692
3.1573076923076924
3.480769230769231
3.3646153846153846
3.5596153846153844
4.028076923076923
3.962307692307692
4.758846153846154
4.828846153846154
4.21076923076923
3.746923076923077
3.477692307692308
3.2596153846153846
3.4646153846153847
3.0742307692307693
2.621153846153846
2.371538461538462
2.5453846153846156
2.677692307692308
3.3611538461538464
3.32
2.848076923076923
3.1665384615384613
3.575384615384616
3.7988461538461538
4.287307692307692
4.133461538461538
3.8061538461538458
3.9165384615384613
4.572307692307692
4.472307692307693
4.7457692307692305
5.167692307692308
4.771153846153846
4.6269230769230765
5.368846153846154
5.5407692307692304
5.854230769230769
5.991153846153846
5.729615384615385
6.436153846153847
5.994615384615385
6.0407692307692304
5.688461538461539
5.617307692307692
5.5965384615384615
5.845384615384615
6.098076923076923
6.587692307692308
5.729230769230769
6.069999999999999
6.133076923076923
5.869615384615385
6.798076923076923
6.809615384615385
6.726538461538461
6.538076923076924
6.088846153846154
5.986153846153846
6.134615384615385
6.33576923076923
7.655384615384615
7.461923076923076
6.894230769230769
6.216538461538462
5.772692307692308
6.686538461538461
7.055000000000001
7.016153846153846
6.236538461538462
7.018846153846154
7.903846153846154
7.934615384615385
7.741153846153846
7.359615384615385
7.616153846153846
8.239230769230769
8.508076923076924
7.886153846153846
8.022692307692308
8.836538461538462
8.376153846153846
8.945
9.611923076923077
8.623076923076923
8.381538461538462
8.475384615384616
8.45923076923077
8.25923076923077
8.761538461538462
8.881923076923076
9.47923076923077
9.091923076923077
9.479615384615384
9.312692307692307
9.318076923076923
9.802692307692308
10.11923076923077
10.664230769230768
10.663076923076924
10.48576923076923
10.558846153846153
10.321153846153846
10.931153846153846
10.840769230769231
10.965
11.454230769230769
11.353846153846153
10.876153846153844
11.141153846153847
11.491923076923078
12.348076923076924
11.688461538461537
12.197692307692307
12.274999999999999
12.545769230769231
12.181923076923077
12.52346153846154
11.936923076923078
11.868846153846153
12.563076923076922
12.379615384615384
13.045769230769231
13.438846153846155
13.171153846153846
13.021153846153847
13.175384615384615
13.610000000000001
13.685
13.794615384615385
13.933846153846153
13.721923076923076
13.561923076923078
13.667692307692308
13.685384615384615
13.97923076923077
13.692692307692308
13.608461538461539
14.422692307692309
14.030000000000001
14.38846153846154
14.70346153846154
14.711538461538462
14.437692307692307
14.267692307692307
14.321153846153846
14.718076923076923
15.209999999999999
15.409615384615384
15.319230769230769
15.349615384615383
15.158076923076923
15.714615384615383
15.845769230769232
15.605384615384615
15.573846153846155
16.521153846153847
16.362692307692306
16.57923076923077
16.656153846153845
17.22769230769231
16.45423076923077
16.659615384615385
16.888461538461538
16.393846153846155
17.04269230769231
17.270384615384614
16.71423076923077
16.163846153846155
16.21846153846154
16.165384615384617
17.08923076923077
16.74346153846154
16.67269230769231
16.60653846153846
16.571153846153848
16.318461538461538
16.833846153846153
17.00653846153846
17.49076923076923
17.435
17.86
18.201538461538462
17.560769230769232
16.88153846153846
17.326538461538462
17.414615384615384
17.037307692307692
16.794615384615387
16.93076923076923
16.764615384615386
16.87192307692308
16.915769230769232
16.64115384615385
16.877692307692307
16.73923076923077
17.08923076923077
17.746538461538464
17.570384615384615
16.836923076923078
16.387307692307694
16.873076923076923
17.163076923076922
17.08076923076923
17.228076923076923
16.106153846153845
15.72269230769231
15.651923076923076
15.967307692307694
15.57
15.326923076923077
15.791538461538462
16.038846153846155
15.417307692307691
15.308076923076923
15.284615384615384
15.301923076923078
14.863846153846152
15.131538461538462
14.71653846153846
14.149615384615384
14.99
14.975000000000001
15.225000000000001
14.38076923076923
14.119615384615384
13.98
13.455
13.503846153846155
13.405
14.075
13.746923076923078
13.730384615384615
13.183461538461538
13.673076923076923
13.72269230769231
13.275384615384617
13.677692307692308
12.729615384615386
12.774615384615384
12.927692307692308
12.571538461538463
12.887307692307692
13.170384615384616
12.76346153846154
12.266153846153847
12.274615384615384
12.039230769230768
12.071538461538463
12.004999999999999
12.092692307692309
11.274615384615384
12.009615384615385
12.16
11.671153846153846
11.506923076923076
11.530384615384616
10.645
10.106153846153846
10.166153846153845
9.639999999999999
10.077307692307691
10.276923076923076
10.100000000000001
9.214230769230769
9.046153846153846
9.320384615384615
9.71653846153846
10.011538461538462
9.717692307692307
9.510384615384616
9.277692307692307
8.952307692307691
8.71576923076923
9.39576923076923
9.24
8.888461538461538
8.89423076923077
8.222692307692308
7.9592307692307696
7.338461538461539
7.258846153846154
8.386153846153846
8.092307692307692
7.8442307692307685
8.26576923076923
7.317692307692307
6.656923076923077
6.410769230769231
6.181153846153847
6.37423076923077
5.935769230769231
6.24
6.516153846153846
5.653846153846154
5.128846153846154
5.478461538461539
5.811153846153847
6.189615384615385
5.931538461538461
6.1753846153846155
5.316538461538461
4.921538461538462
4.235384615384616
4.002307692307692
4.730769230769231
5.213461538461539
5.908076923076923
5.803461538461538
5.924615384615384
5.281538461538461
4.561153846153847
4.7384615384615385
4.394615384615385
3.9107692307692306
4.084615384615384
4.077692307692308
4.322307692307692
4.391538461538461
4.406153846153846
4.853076923076923
4.593076923076923
4.72076923076923
4.5880769230769225
4.867307692307692
5.049230769230769
5.179230769230769
4.665
4.5019230769230765
4.593461538461539
4.41423076923077
4.9096153846153845
4.729230769230769
4.7457692307692305
4.184615384615385
3.37
3.376923076923077
