pet
0.37730769230769234
0.40384615384615385
0.32384615384615384
0.43076923076923074
0.5903846153846154
0.41846153846153844
0.46807692307692306
0.5476923076923077
0.5311538461538462
0.5807692307692307
0.45884615384615385
0.4380769230769231
0.4346153846153846
0.47384615384615386
0.5169230769230769
0.4215384615384616
0.3596153846153846
0.3738461538461539
0.39
0.4773076923076923
0.5915384615384616
0.49538461538461537
0.5023076923076923
0.5196153846153846
0.445
0.40076923076923077
0.3780769230769231
0.4626923076923077
0.5319230769230769
0.4938461538461538
0.4984615384615385
0.47961538461538467
0.5380769230769231
0.5769230769230769
0.5807692307692307
0.7069230769230769
0.7046153846153846
0.6207692307692307
0.5265384615384615
0.5246153846153846
0.44423076923076926
0.4523076923076923
0.41884615384615387
0.36692307692307696
0.3865384615384615
0.3992307692307693
0.3873076923076923
0.48615384615384616
0.4703846153846154
0.4688461538461538
0.4642307692307692
0.541923076923077
0.6069230769230769
0.658076923076923
0.6461538461538462
0.5619230769230769
0.6269230769230769
0.7534615384615384
0.6900000000000001
0.7473076923076923
0.8526923076923077
0.8346153846153845
0.8792307692307693
1.0746153846153847
1.0657692307692308
1.1053846153846154
1.080769230769231
1.0230769230769232
1.2203846153846154
1.103846153846154
1.0853846153846154
1.0703846153846153
0.9299999999999999
0.8757692307692307
0.9746153846153847
1.0753846153846154
1.0711538461538461
0.9900000000000001
1.0157692307692308
1.0038461538461538
1.0892307692307692
1.1746153846153846
1.1503846153846153
1.1357692307692309
1.1242307692307691
1.1488461538461539
1.133076923076923
1.231923076923077
1.2965384615384616
1.433076923076923
1.4500000000000002
1.2630769230769232
1.1684615384615384
1.1992307692307693
1.2915384615384615
1.3211538461538461
1.2669230769230768
1.1919230769230769
1.429230769230769
1.6257692307692306
1.7826923076923078
1.6823076923076923
1.4834615384615384
1.6642307692307694
1.8626923076923076
1.9196153846153845
1.7488461538461537
1.9376923076923078
1.8219230769230768
1.7915384615384615
2.005
2.1153846153846154
1.8580769230769232
1.8376923076923077
1.865
1.931923076923077
1.8676923076923078
1.8584615384615384
1.9334615384615386
1.9303846153846154
1.9311538461538462
2.0319230769230767
2.2126923076923077
2.2611538461538463
2.2526923076923078
2.4492307692307693
2.5742307692307693
2.411153846153846
2.29
2.4092307692307693
2.3996153846153847
2.448076923076923
2.4061538461538463
2.461153846153846
2.520769230769231
2.367692307692308
2.5250000000000004
2.363076923076923
2.678076923076923
2.7746153846153847
2.621153846153846
2.8215384615384616
2.7219230769230767
2.8380769230769234
2.838461538461538
2.8284615384615384
2.616923076923077
2.678846153846154
2.6757692307692307
2.655384615384615
2.8423076923076924
2.8234615384615385
2.5707692307692307
2.584230769230769
2.600769230769231
2.723846153846154
2.6203846153846153
2.534615384615385
2.6938461538461533
2.496923076923077
2.5338461538461536
2.5096153846153846
2.458076923076923
2.5126923076923076
2.4534615384615384
2.4984615384615383
2.7026923076923075
2.6465384615384617
2.6815384615384614
2.814230769230769
2.6634615384615383
2.563076923076923
2.605
2.538846153846154
2.5657692307692304
2.6773076923076924
2.768076923076923
2.6584615384615384
2.665769230769231
2.703076923076923
2.878076923076923
2.718461538461539
2.758846153846154
2.9123076923076923
2.9753846153846153
2.938076923076923
3.003846153846154
3.1257692307692304
3.0023076923076926
2.9296153846153845
2.852692307692308
3.0584615384615383
2.9076923076923076
3.056923076923077
2.954230769230769
2.849615384615385
2.727307692307692
2.6246153846153844
2.6407692307692305
2.8696153846153845
2.7157692307692307
2.6946153846153846
2.724615384615385
2.7615384615384615
2.6938461538461542
2.793461538461538
2.8400000000000003
3.0430769230769235
2.8457692307692306
2.9857692307692307
3.0265384615384616
2.6353846153846154
2.7165384615384616
2.862692307692308
2.7203846153846154
2.598846153846154
2.6273076923076926
2.5411538461538465
2.2815384615384615
2.393846153846154
2.318076923076923
2.383846153846154
2.5907692307692307
2.4619230769230773
2.575384615384615
2.6242307692307696
2.583846153846154
2.4092307692307693
2.3653846153846154
2.463846153846154
2.6107692307692307
2.612692307692308
2.5519230769230767
2.301153846153846
2.172307692307692
2.1896153846153847
2.1561538461538463
2.051153846153846
2.105769230769231
2.1734615384615386
2.1834615384615383
1.988846153846154
2.020769230769231
2.0057692307692307
2.0553846153846154
1.9492307692307693
1.865
1.7326923076923075
1.7507692307692309
1.963076923076923
1.860769230769231
1.9753846153846153
1.7023076923076923
1.583076923076923
1.5834615384615385
1.5246153846153847
1.4796153846153846
1.4346153846153844
1.7703846153846154
1.6973076923076924
1.4807692307692308
1.4696153846153845
1.5226923076923076
1.558846153846154
1.401923076923077
1.5184615384615385
1.2665384615384616
1.25
1.2838461538461539
1.2838461538461539
1.3996153846153847
1.3788461538461538
1.4019230769230768
1.2653846153846153
1.3738461538461537
1.24
1.161923076923077
1.1723076923076923
1.1319230769230768
1.035
1.1892307692307693
1.2007692307692308
1.0053846153846153
1.0446153846153847
1.0976923076923077
0.8903846153846153
0.8338461538461538
0.8292307692307692
0.7076923076923076
0.7638461538461538
0.8057692307692308
0.8473076923076923
0.6649999999999999
0.6584615384615385
0.7734615384615384
0.8461538461538461
0.825
0.8196153846153845
0.731153846153846
0.7607692307692309
0.7188461538461539
0.7376923076923076
0.9288461538461538
0.8307692307692308
0.7853846153846155
0.838076923076923
0.7573076923076923
0.7176923076923077
0.5846153846153845
0.5403846153846155
0.7765384615384616
0.655
0.6649999999999999
0.7611538461538461
0.6
0.5007692307692307
0.5153846153846154
0.5353846153846153
0.4942307692307692
0.4165384615384615
0.45000000000000007
0.5696153846153846
0.41500000000000004
0.35307692307692307
0.46961538461538466
0.6499999999999999
0.6715384615384615
0.5473076923076923
0.6538461538461539
0.4757692307692307
0.40384615384615385
0.40230769230769237
0.37269230769230766
0.4238461538461538
0.5219230769230769
0.6157692307692308
0.5903846153846154
0.5542307692307692
0.41423076923076924
0.3303846153846154
0.2976923076923077
0.3776923076923077
0.3607692307692308
0.44
0.4715384615384615
0.4603846153846154
0.43653846153846154
0.43615384615384617
0.47692307692307695
0.37038461538461537
0.4407692307692308
0.40269230769230774
0.428076923076923
0.47000000000000003
0.47692307692307695
0.44307692307692303
0.4646153846153846
0.5234615384615385
0.5161538461538462
0.5573076923076923
0.5903846153846154
0.6453846153846154
0.5273076923076923
0.40269230769230774
0.43846153846153846
