pet
0.4019230769230769
0.2646153846153846
0.19192307692307692
0.38923076923076927
0.4719230769230769
0.41846153846153844
0.43038461538461537
0.4330769230769231
0.4165384615384615
0.4688461538461538
0.43884615384615383
0.3553846153846154
0.44461538461538463
0.44461538461538463
0.4623076923076923
0.3719230769230769
0.2853846153846154
0.34769230769230774
0.4269230769230769
0.45576923076923076
0.5238461538461539
0.40807692307692306
0.4276923076923077
0.4180769230769231
0.3123076923076923
0.365
0.275
0.37000000000000005
0.455
0.39692307692307693
0.4284615384615384
0.45615384615384613
0.5573076923076923
0.5576923076923077
0.5592307692307692
0.6776923076923077
0.61
0.4423076923076923
0.3915384615384615
0.4407692307692308
0.34307692307692306
0.3211538461538461
0.3976923076923077
0.32653846153846156
0.35384615384615387
0.3438461538461538
0.375
0.41307692307692306
0.4230769230769231
0.4746153846153846
0.4926923076923077
0.48846153846153845
0.6026923076923076
0.6634615384615384
0.578076923076923
0.5861538461538461
0.6003846153846154
0.6965384615384616
0.6203846153846153
0.6488461538461539
0.7180769230769232
0.6784615384615384
0.7665384615384615
0.9457692307692308
1.0207692307692307
1.0865384615384615
0.8934615384615385
0.8880769230769231
0.9765384615384616
1.01
1.0257692307692308
0.9103846153846155
0.7646153846153846
0.7738461538461539
0.8203846153846155
0.8942307692307693
0.7707692307692308
0.7442307692307693
0.7569230769230769
0.8176923076923077
0.9157692307692309
0.9253846153846154
0.9815384615384615
0.9396153846153846
0.9492307692307692
0.963076923076923
0.9611538461538461
1.0942307692307691
1.1784615384615384
1.3076923076923077
1.2542307692307693
1.0353846153846153
1.005
1.2038461538461538
1.2061538461538461
1.225
1.2230769230769232
1.1765384615384615
1.3326923076923076
1.563076923076923
1.5465384615384616
1.4046153846153844
1.3896153846153845
1.6380769230769232
1.734230769230769
1.6776923076923076
1.7096153846153848
1.8465384615384615
1.6923076923076923
1.7430769230769232
1.883846153846154
1.8003846153846155
1.8034615384615384
1.8796153846153845
1.771923076923077
1.8765384615384615
1.8461538461538463
1.8476923076923077
1.866923076923077
1.868846153846154
1.9542307692307692
2.0276923076923077
2.1376923076923076
2.2342307692307695
2.0488461538461538
2.3803846153846155
2.44
2.188846153846154
2.23
2.293076923076923
2.2988461538461538
2.433846153846154
2.401153846153846
2.437692307692308
2.519230769230769
2.266153846153846
2.4992307692307696
2.4215384615384616
2.4346153846153844
2.688076923076923
2.6138461538461537
2.5373076923076923
2.8607692307692307
2.8042307692307693
2.766923076923077
2.6107692307692307
2.6826923076923075
2.641153846153846
2.645
2.805
2.8134615384615387
2.675
2.4723076923076923
2.4423076923076925
2.411153846153846
2.4749999999999996
2.4015384615384616
2.438076923076923
2.5126923076923076
2.438076923076923
2.454230769230769
2.3073076923076923
2.1765384615384615
2.2384615384615385
2.2742307692307695
2.358846153846154
2.411153846153846
2.418076923076923
2.411538461538462
2.696923076923077
2.3503846153846153
2.3057692307692306
2.353076923076923
2.1853846153846153
2.393076923076923
2.463846153846154
2.3611538461538464
2.2846153846153845
2.3842307692307694
2.5357692307692306
2.538846153846154
2.24
2.3242307692307693
2.5519230769230767
2.6246153846153844
2.4915384615384615
2.7807692307692307
2.802692307692308
2.546923076923077
2.4296153846153845
2.460769230769231
2.5596153846153844
2.401153846153846
2.583076923076923
2.4946153846153845
2.147692307692308
2.051153846153846
2.1169230769230767
2.2757692307692308
2.536538461538462
2.360384615384615
2.326923076923077
2.2423076923076923
2.207307692307692
2.391923076923077
2.4696153846153845
2.4953846153846153
2.4184615384615387
2.3646153846153846
2.323076923076923
2.338846153846154
2.139615384615385
2.2684615384615383
2.205
2.0846153846153848
2.0276923076923077
2.050384615384615
2.113076923076923
1.885
1.9892307692307691
1.9303846153846154
1.9234615384615383
2.0523076923076924
1.9915384615384615
1.956923076923077
1.9907692307692306
2.0215384615384617
1.7857692307692308
1.863076923076923
1.865
1.981153846153846
2.019230769230769
1.9226923076923077
1.805
1.860769230769231
1.8776923076923078
1.7726923076923076
1.71
1.7430769230769232
1.9061538461538463
1.701153846153846
1.5446153846153845
1.6453846153846154
1.5911538461538461
1.6126923076923076
1.5892307692307692
1.59
1.333846153846154
1.4584615384615385
1.481153846153846
1.396153846153846
1.363076923076923
1.3034615384615384
1.2215384615384617
1.253076923076923
1.1476923076923078
1.1176923076923075
1.1765384615384615
1.35
1.3788461538461538
1.2234615384615384
1.2184615384615385
1.2761538461538462
1.2692307692307692
1.135
1.1992307692307693
0.9738461538461538
0.8453846153846154
0.9750000000000001
1.0023076923076923
1.1376923076923078
1.1746153846153846
1.2238461538461538
1.0965384615384615
1.1357692307692309
1.1453846153846154
1.0734615384615385
0.9934615384615385
0.9753846153846154
0.8696153846153846
1.0234615384615384
0.9634615384615385
0.8280769230769232
0.9257692307692308
0.7965384615384615
0.8492307692307691
0.8238461538461539
0.7592307692307693
0.7473076923076923
0.7092307692307693
0.6757692307692308
0.6499999999999999
0.5969230769230769
0.6011538461538461
0.7269230769230769
0.8119230769230769
0.7076923076923076
0.6707692307692308
0.6546153846153846
0.6288461538461539
0.7026923076923077
0.7307692307692307
0.8126923076923076
0.6492307692307692
0.6226923076923078
0.6892307692307692
0.7046153846153846
0.5596153846153846
0.46499999999999997
0.6042307692307692
0.7038461538461539
0.5784615384615385
0.6484615384615384
0.6307692307692307
0.541923076923077
0.43346153846153845
0.41307692307692306
0.46307692307692305
0.4015384615384615
0.33192307692307693
0.3811538461538462
0.37576923076923074
0.22807692307692307
0.24384615384615385
0.5023076923076922
0.5473076923076923
0.5130769230769231
0.45884615384615385
0.51
0.35807692307692307
0.37538461538461537
0.38961538461538464
0.39961538461538465
0.4346153846153846
0.4596153846153846
0.5488461538461539
0.5146153846153846
0.4876923076923077
0.3453846153846154
0.22807692307692307
0.23153846153846153
0.25115384615384617
0.34192307692307694
0.43
0.44576923076923075
0.4107692307692308
0.37884615384615383
0.4211538461538461
0.4465384615384615
0.3523076923076923
0.3469230769230769
0.3723076923076923
0.29615384615384616
0.38423076923076926
0.36346153846153845
0.3376923076923077
0.40846153846153843
0.47269230769230774
0.4715384615384615
0.42499999999999993
0.4165384615384615
0.46
0.4169230769230769
0.39538461538461545
0.41346153846153844
