pet
0.4407692307692308
0.4715384615384615
0.4492307692307692
0.6646153846153846
0.6688461538461539
0.44576923076923075
0.533076923076923
0.6173076923076923
0.5976923076923076
0.605
0.4642307692307692
0.39653846153846156
0.4284615384615385
0.4942307692307692
0.4473076923076923
0.46615384615384614
0.37
0.4330769230769231
0.45269230769230767
0.5284615384615384
0.666923076923077
0.6130769230769231
0.6246153846153846
0.5796153846153846
0.5734615384615385
0.5742307692307692
0.5765384615384616
0.5696153846153846
0.5115384615384616
0.46692307692307694
0.5942307692307692
0.591923076923077
0.6284615384615384
0.6565384615384615
0.7676923076923077
0.8226923076923077
0.7884615384615384
0.7853846153846155
0.7719230769230769
0.5803846153846154
0.6161538461538462
0.6365384615384616
0.5892307692307692
0.5019230769230769
0.5376923076923077
0.5292307692307692
0.5438461538461539
0.6342307692307692
0.5738461538461539
0.6303846153846154
0.5980769230769231
0.6303846153846154
0.7715384615384615
0.7765384615384614
0.7003846153846154
0.7715384615384615
0.8715384615384616
0.8769230769230769
0.8519230769230769
0.8999999999999999
0.9973076923076923
0.9088461538461539
0.9196153846153846
0.9930769230769231
1.033076923076923
1.0176923076923077
1.0665384615384617
1.060769230769231
1.1784615384615384
1.0842307692307693
1.1192307692307693
1.1403846153846153
0.9519230769230769
1.07
1.075
1.1773076923076924
1.1
1.0903846153846155
1.053076923076923
1.1188461538461538
1.1438461538461537
1.3680769230769232
1.3699999999999999
1.3611538461538462
1.3761538461538463
1.2842307692307693
1.195
1.2992307692307692
1.3815384615384616
1.5673076923076923
1.378076923076923
1.1953846153846153
1.1076923076923078
1.2211538461538463
1.2261538461538461
1.41
1.591923076923077
1.4484615384615387
1.5011538461538463
1.7011538461538462
1.7019230769230769
1.7334615384615384
1.8046153846153847
1.6934615384615386
1.8976923076923078
1.9707692307692308
1.7811538461538463
1.958846153846154
1.918076923076923
1.8576923076923075
2.0353846153846153
2.172307692307692
2.025384615384615
1.9623076923076925
1.9580769230769233
1.9146153846153846
2.106923076923077
2.0876923076923077
2.1592307692307693
2.1084615384615386
2.0496153846153846
2.4023076923076925
2.443846153846154
2.486923076923077
2.5219230769230774
2.448076923076923
2.6303846153846155
2.4903846153846154
2.4553846153846157
2.4292307692307693
2.6903846153846156
2.71
2.5007692307692304
2.6326923076923077
2.7403846153846154
2.633076923076923
2.599615384615385
2.6361538461538463
2.7911538461538465
2.9403846153846156
2.9323076923076923
3.063846153846154
2.9846153846153842
3.090384615384615
2.9723076923076923
2.8969230769230765
2.8442307692307693
2.7053846153846157
2.799615384615384
2.7838461538461536
2.828461538461539
2.581538461538462
2.5023076923076926
2.5188461538461535
2.395769230769231
2.5288461538461537
2.381923076923077
2.379230769230769
2.5292307692307694
2.5134615384615384
2.397692307692308
2.4153846153846152
2.376153846153846
2.3434615384615385
2.4288461538461537
2.5761538461538462
2.6592307692307693
2.5969230769230767
2.5403846153846152
2.6573076923076924
2.808846153846154
2.6846153846153844
2.5319230769230767
2.503076923076923
2.486923076923077
2.575
2.7538461538461543
2.597692307692308
2.7515384615384613
2.7607692307692306
2.741923076923077
2.608076923076923
2.5476923076923077
2.651923076923077
2.9476923076923076
2.8015384615384615
2.8380769230769234
2.81
2.9749999999999996
2.852307692307692
2.8
2.868846153846154
2.801153846153846
2.8484615384615384
2.787692307692308
2.686153846153846
2.6061538461538465
2.569230769230769
2.579230769230769
2.7800000000000002
2.821153846153846
2.6826923076923075
2.5949999999999998
2.651153846153846
2.480769230769231
2.7180769230769233
2.578461538461539
2.713076923076923
2.676153846153846
2.773846153846154
2.8473076923076923
2.5300000000000002
2.5069230769230773
2.613846153846154
2.5915384615384616
2.480384615384615
2.479230769230769
2.336923076923077
2.1934615384615386
2.4203846153846156
2.3257692307692306
2.331153846153846
2.3065384615384614
2.332307692307692
2.3038461538461537
2.3646153846153846
2.3642307692307694
2.255
2.254230769230769
2.3838461538461537
2.430769230769231
2.4503846153846154
2.536538461538462
2.205
2.091153846153846
2.193846153846154
2.120769230769231
2.2015384615384614
2.0653846153846156
2.065769230769231
2.1096153846153847
1.933076923076923
2.0353846153846153
1.911153846153846
1.9276923076923076
1.758846153846154
1.8315384615384613
1.8138461538461539
1.8584615384615384
1.9596153846153848
1.9257692307692307
1.8426923076923076
1.5692307692307692
1.5503846153846155
1.5934615384615385
1.4403846153846156
1.5465384615384616
1.5357692307692308
1.5426923076923076
1.6546153846153848
1.5284615384615385
1.3842307692307694
1.4026923076923077
1.3842307692307694
1.3292307692307692
1.4530769230769232
1.4
1.3330769230769233
1.3326923076923076
1.3280769230769232
1.4130769230769231
1.333076923076923
1.3507692307692307
1.3142307692307693
1.366923076923077
1.2884615384615385
1.305
1.166923076923077
1.2061538461538461
1.1453846153846154
1.2334615384615384
1.2615384615384615
1.1238461538461537
1.1588461538461539
1.1861538461538461
0.9965384615384616
1.05
1.0053846153846153
0.8938461538461537
0.9023076923076924
0.9865384615384616
0.9665384615384615
0.9276923076923077
0.8042307692307692
0.8207692307692308
0.8461538461538461
0.7838461538461539
0.9046153846153846
0.893076923076923
0.8988461538461539
0.8623076923076922
0.9596153846153845
1.02
0.9596153846153845
0.9234615384615383
0.8857692307692309
0.7334615384615385
0.7430769230769231
0.6588461538461539
0.7865384615384615
0.8846153846153846
0.8150000000000001
0.8200000000000001
0.841923076923077
0.7180769230769232
0.6261538461538462
0.6469230769230769
0.5634615384615385
0.64
0.5796153846153846
0.6476923076923077
0.698076923076923
0.5103846153846153
0.5315384615384615
0.5484615384615384
0.6073076923076923
0.7069230769230769
0.5857692307692308
0.5907692307692307
0.5826923076923077
0.49807692307692303
0.4380769230769231
0.5223076923076924
0.6661538461538462
0.62
0.6523076923076924
0.5765384615384616
0.5688461538461538
0.46153846153846156
0.5019230769230769
0.5192307692307693
0.33115384615384613
0.3819230769230769
0.4765384615384616
0.4788461538461538
0.5673076923076923
0.5453846153846154
0.52
0.5265384615384615
0.5157692307692308
0.5261538461538462
0.5053846153846154
0.5842307692307692
0.643846153846154
0.5853846153846154
0.5738461538461539
0.5892307692307692
0.58
0.568076923076923
0.6615384615384615
0.6515384615384616
0.6773076923076923
0.4984615384615384
0.43538461538461537
0.5242307692307692
