pet
0.3161538461538462
0.36115384615384616
0.2723076923076923
0.36846153846153845
0.5146153846153846
0.3223076923076923
0.38423076923076926
0.46692307692307694
0.4511538461538462
0.5119230769230769
0.3892307692307692
0.3603846153846154
0.38384615384615384
0.42230769230769233
0.43846153846153846
0.3738461538461539
0.29346153846153844
0.32653846153846156
0.32653846153846156
0.37538461538461537
0.5092307692307693
0.4230769230769231
0.4496153846153846
0.44884615384615384
0.40923076923076923
0.4019230769230769
0.37884615384615383
0.4030769230769231
0.43115384615384617
0.42346153846153844
0.42769230769230765
0.4076923076923077
0.43
0.5019230769230769
0.4969230769230769
0.6192307692307693
0.6203846153846153
0.5373076923076924
0.4653846153846154
0.4973076923076923
0.4173076923076924
0.4226923076923077
0.41807692307692307
0.3515384615384616
0.3538461538461538
0.38846153846153847
0.39
0.47846153846153844
0.4373076923076923
0.41423076923076924
0.4465384615384615
0.4884615384615385
0.5573076923076923
0.621923076923077
0.5711538461538461
0.5261538461538462
0.6403846153846153
0.7138461538461538
0.6530769230769231
0.6653846153846155
0.8053846153846155
0.7688461538461537
0.7992307692307693
0.9588461538461538
0.9292307692307692
0.9557692307692308
0.9615384615384616
0.9219230769230768
1.0776923076923077
0.9638461538461538
0.9896153846153847
0.9715384615384616
0.8403846153846154
0.855
0.9265384615384615
1.0165384615384616
1.0307692307692309
0.958076923076923
0.9553846153846154
0.9515384615384614
1.0061538461538462
1.1457692307692307
1.1115384615384616
1.0973076923076923
1.1192307692307693
1.0938461538461537
1.0746153846153847
1.1888461538461539
1.1988461538461537
1.3680769230769232
1.3188461538461538
1.143076923076923
1.13
1.1719230769230768
1.2415384615384615
1.2880769230769231
1.2753846153846153
1.166153846153846
1.3515384615384616
1.5465384615384616
1.6288461538461538
1.6019230769230768
1.4215384615384616
1.5207692307692307
1.758076923076923
1.786923076923077
1.6092307692307695
1.7888461538461538
1.7188461538461537
1.7053846153846153
1.916923076923077
1.991923076923077
1.7715384615384617
1.801153846153846
1.7965384615384616
1.8900000000000001
1.8157692307692308
1.8453846153846152
1.9053846153846155
1.9265384615384613
1.8726923076923077
2.025
2.1111538461538464
2.1653846153846152
2.188846153846154
2.306153846153846
2.4396153846153847
2.289230769230769
2.1546153846153846
2.3134615384615382
2.3534615384615383
2.3934615384615388
2.3776923076923078
2.4265384615384615
2.472692307692308
2.3534615384615383
2.401923076923077
2.296923076923077
2.572307692307692
2.628846153846154
2.539230769230769
2.6996153846153845
2.621153846153846
2.746923076923077
2.681923076923077
2.6692307692307695
2.5003846153846156
2.5115384615384615
2.571923076923077
2.523846153846154
2.6696153846153843
2.605769230769231
2.4046153846153846
2.435769230769231
2.374615384615385
2.486923076923077
2.401923076923077
2.393846153846154
2.4892307692307694
2.3669230769230767
2.363076923076923
2.3234615384615385
2.2611538461538463
2.3242307692307693
2.2976923076923077
2.3703846153846153
2.5296153846153846
2.4446153846153846
2.476153846153846
2.523076923076923
2.4853846153846155
2.3953846153846152
2.400384615384615
2.308846153846154
2.3461538461538463
2.4842307692307695
2.5319230769230767
2.438846153846154
2.5403846153846152
2.5492307692307694
2.6346153846153846
2.4796153846153848
2.555769230769231
2.662692307692308
2.7684615384615388
2.712307692307692
2.6734615384615386
2.838846153846154
2.8065384615384614
2.700384615384615
2.677692307692308
2.8015384615384615
2.6773076923076924
2.7988461538461538
2.7326923076923078
2.601923076923077
2.503846153846154
2.421923076923077
2.43
2.693076923076923
2.579230769230769
2.5373076923076923
2.545769230769231
2.588076923076923
2.511923076923077
2.6769230769230767
2.601923076923077
2.694230769230769
2.600769230769231
2.748846153846154
2.8019230769230767
2.4669230769230768
2.5096153846153846
2.62
2.566923076923077
2.3992307692307695
2.4107692307692306
2.3346153846153848
2.12
2.2757692307692308
2.2303846153846156
2.2988461538461538
2.3473076923076923
2.2373076923076924
2.3503846153846153
2.3861538461538463
2.3223076923076924
2.191153846153846
2.171923076923077
2.246153846153846
2.3407692307692307
2.3915384615384614
2.3153846153846156
2.151153846153846
2.0157692307692305
2.069230769230769
1.9800000000000002
1.8796153846153847
1.889230769230769
1.9549999999999998
1.9323076923076923
1.8142307692307693
1.8546153846153846
1.7734615384615384
1.8299999999999998
1.706923076923077
1.7457692307692307
1.6134615384615385
1.6080769230769232
1.793076923076923
1.6780769230769232
1.7234615384615386
1.5161538461538462
1.4807692307692308
1.4438461538461538
1.3526923076923079
1.3492307692307692
1.3046153846153847
1.573846153846154
1.4507692307692308
1.3488461538461538
1.2926923076923076
1.318076923076923
1.3092307692307692
1.2203846153846154
1.3184615384615386
1.1238461538461537
1.1007692307692307
1.1315384615384616
1.0942307692307691
1.2438461538461536
1.2003846153846154
1.2096153846153845
1.1642307692307692
1.23
1.1830769230769231
1.0876923076923077
1.085
1.073076923076923
0.9765384615384616
1.1057692307692308
1.1346153846153846
0.9261538461538461
1.0092307692307692
1.0150000000000001
0.823076923076923
0.8238461538461539
0.8157692307692308
0.7165384615384615
0.7353846153846154
0.7857692307692308
0.8138461538461539
0.6603846153846153
0.6257692307692307
0.6942307692307692
0.7673076923076922
0.7434615384615385
0.7307692307692307
0.6519230769230769
0.6642307692307692
0.6296153846153847
0.6723076923076923
0.7930769230769231
0.7511538461538462
0.7365384615384615
0.76
0.6592307692307693
0.6019230769230769
0.49615384615384617
0.46615384615384614
0.661923076923077
0.5742307692307692
0.6065384615384615
0.6419230769230769
0.5046153846153846
0.4346153846153846
0.4126923076923077
0.4253846153846154
0.3988461538461539
0.3323076923076923
0.37730769230769234
0.4676923076923077
0.335
0.31
0.36346153846153845
0.5065384615384615
0.5515384615384615
0.43615384615384617
0.5019230769230769
0.3861538461538462
0.31923076923076926
0.32384615384615384
0.2915384615384615
0.3607692307692308
0.41307692307692306
0.5473076923076923
0.48653846153846153
0.4230769230769231
0.3203846153846154
0.2873076923076923
0.25153846153846154
0.2715384615384615
0.2519230769230769
0.34615384615384615
0.36846153846153845
0.3976923076923077
0.36153846153846153
0.3765384615384615
0.3765384615384615
0.3088461538461538
0.385
0.34769230769230763
0.3703846153846154
0.4376923076923077
0.4046153846153846
0.38269230769230766
0.41307692307692306
0.4392307692307692
0.41730769230769227
0.45615384615384613
0.4819230769230769
0.5484615384615384
0.4215384615384616
0.3019230769230769
0.3642307692307692
