pet
0.3873076923076923
0.2784615384615385
0.20423076923076922
0.3923076923076923
0.4642307692307692
0.41384615384615386
0.4238461538461538
0.42653846153846153
0.41384615384615386
0.4584615384615385
0.415
0.3538461538461538
0.4392307692307692
0.4226923076923077
0.4346153846153846
0.34923076923076923
0.28384615384615386
0.3396153846153846
0.42038461538461536
0.4392307692307692
0.5046153846153847
0.4019230769230769
0.41884615384615387
0.41192307692307695
0.31346153846153846
0.36346153846153845
0.25153846153846154
0.3630769230769231
0.4476923076923077
0.38884615384615384
0.42038461538461536
0.4553846153846154
0.5407692307692308
0.5346153846153846
0.5488461538461539
0.6446153846153847
0.5776923076923077
0.435
0.39538461538461533
0.4242307692307692
0.34192307692307694
0.31923076923076926
0.38269230769230766
0.29846153846153844
0.35346153846153844
0.34153846153846157
0.38384615384615384
0.39653846153846156
0.40884615384615386
0.4376923076923077
0.46192307692307694
0.4646153846153846
0.5934615384615385
0.6419230769230769
0.5665384615384615
0.5692307692307692
0.5946153846153847
0.6815384615384615
0.6203846153846153
0.661923076923077
0.7011538461538461
0.6661538461538462
0.7292307692307692
0.9173076923076924
0.961923076923077
1.0376923076923077
0.8546153846153846
0.8542307692307692
0.9411538461538461
0.9676923076923077
0.9726923076923076
0.8384615384615385
0.7107692307692308
0.7196153846153847
0.7623076923076924
0.8303846153846154
0.7400000000000001
0.7042307692307692
0.7346153846153847
0.7676923076923077
0.8753846153846153
0.8796153846153847
0.9373076923076924
0.9038461538461539
0.9176923076923077
0.9173076923076924
0.9303846153846155
1.0315384615384615
1.1515384615384616
1.2523076923076923
1.1588461538461539
0.9303846153846155
0.9357692307692307
1.1738461538461538
1.1584615384615384
1.158076923076923
1.1623076923076923
1.1465384615384615
1.2596153846153846
1.436923076923077
1.4542307692307692
1.315
1.3123076923076922
1.56
1.6630769230769231
1.6423076923076922
1.6807692307692308
1.8038461538461539
1.5992307692307692
1.6296153846153845
1.776923076923077
1.7434615384615384
1.741923076923077
1.790769230769231
1.7423076923076926
1.8434615384615385
1.8257692307692308
1.7853846153846153
1.7976923076923077
1.7453846153846153
1.8823076923076922
1.9792307692307693
2.0926923076923076
2.126153846153846
1.991923076923077
2.3442307692307693
2.4134615384615383
2.1173076923076923
2.154230769230769
2.1973076923076924
2.2684615384615383
2.435
2.374615384615385
2.415769230769231
2.4619230769230773
2.227307692307692
2.4165384615384613
2.31
2.4242307692307694
2.650384615384615
2.5653846153846156
2.516538461538462
2.8096153846153844
2.772692307692308
2.7173076923076924
2.5323076923076924
2.623846153846154
2.542692307692308
2.564230769230769
2.712307692307692
2.7403846153846154
2.579230769230769
2.3873076923076924
2.4050000000000002
2.3434615384615385
2.3953846153846152
2.338076923076923
2.3634615384615385
2.4280769230769232
2.3888461538461536
2.3446153846153845
2.238076923076923
2.102307692307692
2.128461538461538
2.169230769230769
2.272692307692308
2.3196153846153846
2.3076923076923075
2.2953846153846156
2.573846153846154
2.272307692307692
2.253076923076923
2.271923076923077
2.1134615384615385
2.256153846153846
2.3184615384615386
2.226153846153846
2.1753846153846155
2.268076923076923
2.3965384615384617
2.445
2.1134615384615385
2.1969230769230768
2.4673076923076924
2.513076923076923
2.4123076923076923
2.6500000000000004
2.710384615384615
2.418846153846154
2.2834615384615384
2.351923076923077
2.426153846153846
2.2788461538461537
2.411538461538462
2.3173076923076925
2.003846153846154
1.9353846153846155
1.9703846153846156
2.132307692307692
2.3834615384615385
2.1623076923076923
2.165
2.124615384615385
2.124615384615385
2.271923076923077
2.286923076923077
2.3392307692307694
2.267692307692308
2.2246153846153844
2.1550000000000002
2.1788461538461537
2.022692307692308
2.1234615384615383
2.1107692307692307
1.981923076923077
1.9357692307692307
1.9646153846153847
1.9769230769230768
1.7896153846153846
1.8896153846153847
1.8273076923076923
1.8403846153846155
1.9665384615384616
1.8846153846153846
1.8542307692307693
1.883846153846154
1.9096153846153845
1.7065384615384613
1.8057692307692308
1.820769230769231
1.9057692307692307
1.9530769230769232
1.8303846153846155
1.7615384615384615
1.7707692307692307
1.7923076923076924
1.6811538461538462
1.6419230769230768
1.646153846153846
1.8415384615384616
1.6211538461538462
1.4796153846153846
1.5596153846153844
1.521923076923077
1.5523076923076924
1.5234615384615384
1.5334615384615384
1.3123076923076922
1.3980769230769232
1.4280769230769232
1.3407692307692307
1.293076923076923
1.2215384615384617
1.1434615384615385
1.16
1.0792307692307692
1.0576923076923077
1.1273076923076923
1.2873076923076923
1.2826923076923078
1.1176923076923078
1.1538461538461537
1.2146153846153847
1.2034615384615384
1.0769230769230769
1.1123076923076924
0.9400000000000001
0.8065384615384615
0.9176923076923077
0.9419230769230769
1.113846153846154
1.113076923076923
1.1542307692307694
1.0796153846153846
1.0873076923076923
1.1134615384615385
1.0223076923076921
0.9653846153846154
0.9384615384615386
0.8592307692307692
1.0061538461538462
0.9238461538461539
0.8107692307692308
0.8980769230769231
0.7842307692307693
0.8773076923076922
0.8238461538461538
0.7403846153846154
0.7453846153846153
0.7211538461538461
0.6988461538461539
0.6373076923076924
0.5723076923076923
0.5907692307692307
0.7084615384615385
0.8011538461538461
0.6734615384615386
0.6799999999999999
0.6484615384615384
0.6611538461538462
0.6976923076923077
0.7361538461538462
0.821923076923077
0.6365384615384616
0.6319230769230769
0.7023076923076924
0.7042307692307692
0.5769230769230769
0.49
0.6042307692307692
0.7065384615384616
0.5792307692307692
0.6746153846153846
0.6396153846153846
0.5619230769230769
0.45461538461538464
0.4338461538461538
0.4788461538461538
0.43846153846153846
0.3557692307692308
0.40692307692307694
0.38884615384615384
0.22692307692307695
0.27307692307692305
0.5138461538461538
0.5346153846153846
0.52
0.4673076923076923
0.5076923076923077
0.3823076923076923
0.3723076923076923
0.41115384615384615
0.4165384615384615
0.4357692307692308
0.46807692307692306
0.556923076923077
0.5088461538461538
0.49461538461538457
0.3353846153846154
0.22576923076923078
0.23500000000000001
0.25384615384615383
0.36153846153846153
0.44153846153846155
0.44423076923076926
0.43538461538461537
0.3869230769230769
0.42038461538461536
0.4519230769230769
0.3526923076923077
0.3484615384615385
0.375
0.28192307692307694
0.37307692307692303
0.34153846153846157
0.32346153846153847
0.40115384615384614
0.4719230769230769
0.47846153846153844
0.42
0.42500000000000004
0.4326923076923077
0.4169230769230769
0.3738461538461539
0.39538461538461533
