pet
0.43846153846153846
0.3780769230769231
0.39
0.3480769230769231
0.37538461538461537
0.4196153846153846
0.5076923076923077
0.4307692307692308
0.42769230769230765
0.43
0.536923076923077
0.5465384615384615
0.4930769230769231
0.4553846153846154
0.573076923076923
0.49346153846153845
0.41307692307692306
0.5653846153846154
0.5923076923076923
0.44307692307692303
0.43038461538461537
0.38961538461538464
0.4196153846153846
0.44423076923076926
0.475
0.44576923076923075
0.5376923076923077
0.5707692307692308
0.5376923076923077
0.5226923076923077
0.5811538461538461
0.5850000000000001
0.6080769230769231
0.5596153846153846
0.6315384615384615
0.6523076923076924
0.5507692307692308
0.5869230769230769
0.5711538461538461
0.5211538461538462
0.5496153846153846
0.6611538461538462
0.6349999999999999
0.5138461538461538
0.6726923076923076
0.753076923076923
0.6950000000000001
0.7542307692307693
0.6715384615384615
0.8146153846153846
0.836923076923077
0.8769230769230769
0.8530769230769231
0.8223076923076923
0.7788461538461539
0.7853846153846153
0.7434615384615384
0.7457692307692307
0.7207692307692307
0.7576923076923077
0.7803846153846153
0.6976923076923077
0.6423076923076922
0.73
0.9450000000000001
1.0611538461538461
1.1630769230769231
1.2053846153846153
1.2065384615384616
1.1576923076923078
1.0634615384615385
1.0323076923076924
1.271923076923077
1.4092307692307693
1.2992307692307692
1.3203846153846153
1.198076923076923
1.253076923076923
1.2484615384615385
1.3269230769230769
1.308846153846154
1.3673076923076921
1.333846153846154
1.4623076923076925
1.468076923076923
1.521923076923077
1.6196153846153847
1.5626923076923078
1.6134615384615385
1.6419230769230768
1.6496153846153847
1.6976923076923076
1.6615384615384616
1.6811538461538462
1.7623076923076924
1.6965384615384616
1.4838461538461538
1.695769230769231
1.7773076923076923
1.6853846153846155
1.7084615384615385
1.8115384615384615
1.8246153846153845
1.9
1.9026923076923077
1.8715384615384614
1.9388461538461539
1.8588461538461538
1.9015384615384614
2.1403846153846153
2.3634615384615385
2.3065384615384614
2.404230769230769
2.469615384615385
2.272692307692308
2.0576923076923075
2.1157692307692306
2.1192307692307693
1.9257692307692307
2.0646153846153847
2.2546153846153847
2.3215384615384616
2.4615384615384617
2.356923076923077
2.4711538461538463
2.4523076923076923
2.661538461538462
2.6980769230769233
2.73
2.852692307692308
2.722692307692308
2.6184615384615384
2.496923076923077
2.4953846153846153
2.706538461538462
2.61
2.612692307692307
2.553846153846154
2.6465384615384617
2.608461538461538
2.756153846153846
2.689230769230769
2.7150000000000003
2.7819230769230767
2.832692307692308
2.873076923076923
2.8453846153846154
2.8188461538461542
2.8857692307692306
2.9923076923076923
2.9073076923076924
3.1734615384615386
2.8073076923076923
2.7750000000000004
2.5865384615384617
2.660769230769231
2.605769230769231
2.545
2.6134615384615385
2.7961538461538464
2.7884615384615383
2.7311538461538465
2.6392307692307693
2.733846153846154
2.6903846153846156
2.705
2.927692307692308
3.0142307692307693
2.957307692307692
2.9076923076923076
2.8019230769230767
2.731923076923077
2.663846153846154
2.787692307692308
2.7826923076923076
2.9242307692307694
2.9026923076923077
2.886923076923077
2.9069230769230767
2.9165384615384613
2.93
2.894615384615385
2.829230769230769
2.901923076923077
2.7634615384615384
2.796538461538461
2.9226923076923077
2.912692307692308
2.9403846153846156
3.0923076923076924
2.9407692307692304
2.8850000000000002
2.858846153846154
2.713461538461538
2.9130769230769227
2.911538461538462
2.983461538461538
3.046923076923077
3.1315384615384616
3.185769230769231
2.897307692307692
2.8276923076923075
2.787692307692308
2.866923076923077
2.902307692307692
3.0446153846153843
2.9107692307692306
2.7626923076923076
2.729230769230769
2.6573076923076924
2.5961538461538463
2.6034615384615383
2.7219230769230767
2.73
2.742692307692308
2.561923076923077
2.5911538461538464
2.5961538461538463
2.5207692307692304
2.6692307692307695
2.5565384615384614
2.572307692307692
2.6353846153846154
2.5373076923076923
2.6334615384615385
2.4657692307692307
2.3996153846153847
2.2780769230769233
2.2603846153846154
2.231153846153846
2.249230769230769
2.228076923076923
2.2784615384615385
2.3373076923076925
2.2576923076923077
2.081923076923077
2.2684615384615383
2.126923076923077
2.0065384615384616
1.9053846153846155
1.9084615384615384
1.926923076923077
1.7842307692307693
1.859230769230769
2.0165384615384614
2.0334615384615384
2.0434615384615387
2.0484615384615386
1.996923076923077
1.9176923076923076
1.9034615384615385
1.8634615384615383
1.9826923076923078
1.8903846153846153
1.7676923076923077
1.6284615384615384
1.566153846153846
1.6403846153846153
1.5746153846153845
1.5134615384615384
1.5023076923076923
1.6353846153846154
1.5973076923076923
1.5753846153846154
1.5565384615384614
1.4846153846153847
1.3423076923076922
1.3484615384615386
1.3826923076923079
1.3523076923076922
1.3684615384615384
1.4803846153846154
1.5176923076923077
1.333076923076923
1.2676923076923077
1.2661538461538462
1.1665384615384615
1.2161538461538461
1.083076923076923
1.1142307692307691
1.2984615384615383
1.1700000000000002
1.2665384615384616
1.0680769230769231
1.0361538461538462
1.15
1.005
1.0503846153846155
0.9773076923076923
0.8673076923076923
0.9373076923076924
0.8230769230769232
0.9146153846153846
0.9542307692307692
0.8530769230769231
1.0150000000000001
1.0161538461538462
1.0392307692307692
0.9780769230769231
0.9503846153846154
1.0415384615384615
0.9484615384615385
0.9923076923076923
0.8957692307692308
0.8200000000000001
0.7661538461538462
0.6934615384615385
0.7115384615384616
0.7246153846153847
0.6530769230769231
0.5846153846153845
0.6457692307692308
0.6646153846153846
0.6984615384615385
0.6488461538461539
0.5838461538461538
0.5534615384615384
0.5576923076923077
0.6315384615384616
0.5088461538461538
0.5984615384615385
0.5538461538461539
0.515
0.5130769230769231
0.4688461538461538
0.4296153846153846
0.4269230769230769
0.44423076923076926
0.48615384615384616
0.48384615384615387
0.49461538461538457
0.49807692307692303
0.48230769230769227
0.5015384615384616
0.4107692307692308
0.43538461538461537
0.3169230769230769
0.3630769230769231
0.4715384615384615
0.5165384615384615
0.4061538461538462
0.4153846153846154
0.39115384615384613
0.4165384615384615
0.39192307692307693
0.4511538461538462
0.3984615384615384
0.4230769230769231
0.3988461538461538
0.4073076923076923
0.3396153846153846
0.4096153846153846
0.3553846153846154
0.435
0.5561538461538462
0.551923076923077
0.6592307692307693
0.5515384615384615
0.44
0.46192307692307694
0.41807692307692307
0.3303846153846154
0.5134615384615384
0.5311538461538461
0.49653846153846154
