temperature
3.463461538461538
3.585
3.4534615384615384
4.105384615384615
4.718076923076923
3.7446153846153845
4.007307692307692
4.360384615384616
4.4253846153846155
4.296538461538462
3.2792307692307694
2.8084615384615383
3.084230769230769
3.801153846153846
4.008846153846154
3.561923076923077
2.7465384615384614
3.161923076923077
3.476923076923077
3.9050000000000002
4.310769230769231
4.156923076923077
4.211538461538462
3.980384615384615
3.7603846153846154
3.3265384615384614
3.276923076923077
3.4796153846153848
3.5323076923076924
2.9865384615384616
3.2207692307692306
3.4269230769230767
3.9365384615384613
4.211153846153846
4.017307692307693
4.698846153846154
4.583846153846154
4.133846153846154
3.671538461538461
3.588846153846154
3.2853846153846153
3.243846153846154
3.1496153846153847
2.5153846153846158
2.181923076923077
2.1803846153846154
2.588846153846154
3.3834615384615385
3.0573076923076923
3.015
3.042307692307692
3.662692307692308
3.9934615384615384
4.173076923076923
3.688846153846154
3.54
4.189230769230769
4.510384615384615
4.5503846153846155
4.590769230769231
5.124230769230769
4.7519230769230765
4.894615384615385
5.4715384615384615
5.611538461538462
5.776153846153846
5.723461538461539
5.376153846153846
6.302307692307693
5.775
5.734230769230769
5.743461538461539
5.375384615384615
5.486923076923077
5.493076923076923
5.687307692307693
6.132307692307692
5.611538461538462
5.626153846153846
5.6996153846153845
5.6596153846153845
6.531538461538461
6.458076923076923
6.349615384615385
6.206538461538462
6.0673076923076925
6.040384615384616
6.361923076923077
6.351923076923077
7.19423076923077
7.0
6.207692307692308
5.769615384615384
5.948076923076924
6.485384615384616
6.76
6.631923076923077
5.993461538461539
6.871153846153846
7.630769230769231
7.881153846153846
7.786153846153846
7.112307692307693
7.638076923076923
8.490384615384615
8.577307692307691
7.920384615384616
8.575
8.328846153846154
8.186538461538461
8.999230769230769
9.418076923076923
8.264999999999999
8.34153846153846
8.452692307692308
8.548461538461538
8.38076923076923
8.714230769230769
9.069230769230769
9.245000000000001
8.736923076923077
9.110000000000001
9.173076923076923
9.55076923076923
9.886153846153848
10.180769230769231
10.71923076923077
10.394615384615385
10.018076923076924
10.524230769230769
10.635
10.619615384615384
10.733076923076924
10.776923076923076
11.243846153846153
10.768461538461539
10.519615384615385
10.616923076923078
11.426923076923078
11.952307692307691
11.516923076923076
12.213846153846154
11.975000000000001
12.411153846153846
12.129615384615384
12.299615384615386
11.710769230769232
11.927692307692308
12.259615384615385
11.813846153846155
12.712692307692306
13.014615384615384
12.622307692307693
12.728076923076923
12.575769230769232
13.289230769230768
13.100384615384616
13.49
13.601153846153846
13.251538461538463
13.325
13.239615384615385
12.950769230769232
13.535769230769231
13.349230769230768
13.612692307692308
14.44
14.101923076923075
14.171923076923076
14.406538461538462
14.584999999999999
13.960384615384616
14.19846153846154
13.998076923076923
14.50923076923077
14.915384615384616
15.135
14.944615384615386
15.046923076923076
15.135769230769231
15.687692307692307
15.47
15.381538461538462
15.785
16.424230769230768
16.180384615384614
16.263461538461538
16.689230769230768
16.621153846153845
16.423846153846153
16.279230769230768
16.626923076923077
16.219615384615388
16.915
16.736923076923077
16.529615384615383
16.033461538461538
15.883846153846154
16.125
16.91346153846154
16.446923076923078
16.349999999999998
16.521538461538462
16.34653846153846
16.098076923076924
16.95846153846154
16.933461538461536
17.13076923076923
17.158846153846152
17.23576923076923
17.85576923076923
16.637307692307694
16.330384615384617
16.873076923076923
16.638076923076923
16.251923076923077
16.39
16.034230769230767
15.766538461538461
16.126923076923077
16.02846153846154
16.145
16.401153846153846
16.261153846153846
16.407692307692308
16.75423076923077
16.554615384615385
16.09423076923077
15.904230769230768
16.118846153846153
16.618846153846153
16.845384615384617
16.61076923076923
15.785
15.294615384615385
15.544230769230769
15.480384615384615
15.253461538461538
15.053846153846154
15.367692307692307
15.396153846153847
14.978846153846153
14.992692307692307
15.006923076923076
14.901538461538461
14.253846153846155
14.567692307692308
14.09153846153846
13.956923076923077
14.691538461538462
14.29076923076923
14.483076923076924
13.604615384615384
13.563846153846155
13.413076923076924
13.194230769230769
12.957307692307692
12.834999999999999
13.596538461538461
13.232307692307693
13.01
12.725769230769231
13.026923076923076
12.89423076923077
12.609230769230768
12.928461538461537
12.275769230769232
12.088846153846154
12.115
11.835769230769232
12.368846153846155
12.182692307692308
12.206153846153846
11.837307692307691
11.853846153846153
11.568076923076923
11.321153846153846
11.28346153846154
11.428846153846154
10.625
11.393076923076924
11.705769230769231
10.541153846153845
10.73923076923077
10.63576923076923
9.595769230769232
9.636923076923077
9.495000000000001
9.043461538461539
9.163846153846153
9.543076923076923
9.623846153846154
9.003076923076922
8.671153846153846
8.868846153846153
9.329615384615384
9.418461538461539
9.40846153846154
9.205384615384615
8.592692307692307
8.479615384615384
8.487307692307693
9.056923076923077
8.87346153846154
8.79923076923077
8.606923076923078
7.996923076923077
7.897692307692308
7.025384615384615
7.125769230769231
8.092692307692307
7.879615384615385
7.593461538461539
7.782307692307692
7.312692307692307
6.5211538461538465
6.258461538461538
6.0807692307692305
6.183076923076923
5.57923076923077
5.823076923076924
6.27576923076923
5.4119230769230775
5.17
5.353076923076923
5.743846153846154
6.2153846153846155
6.0307692307692315
6.068846153846153
5.193846153846153
4.835769230769231
4.271923076923077
4.019230769230769
4.619230769230769
5.186153846153847
6.066923076923077
5.888076923076923
5.796923076923077
5.129615384615385
4.676153846153846
4.510384615384615
4.038076923076923
3.6826923076923075
4.120384615384615
4.185384615384615
4.3803846153846155
4.3730769230769235
4.690384615384615
5.180000000000001
4.866538461538462
4.588846153846154
4.34576923076923
4.7553846153846155
4.968076923076922
4.657307692307692
4.252307692307692
4.369230769230769
4.63
4.4884615384615385
4.632307692307692
4.476923076923077
4.86
4.0965384615384615
3.493846153846154
3.677692307692308
