pet
0.42038461538461536
0.27692307692307694
0.2023076923076923
0.36653846153846154
0.44999999999999996
0.4342307692307692
0.43884615384615383
0.44307692307692303
0.42192307692307696
0.45423076923076927
0.47538461538461535
0.3707692307692308
0.44269230769230766
0.4507692307692308
0.5165384615384615
0.4176923076923077
0.37961538461538463
0.43038461538461537
0.4803846153846154
0.505
0.49038461538461536
0.4226923076923077
0.41615384615384615
0.42
0.2857692307692308
0.34500000000000003
0.22923076923076924
0.37115384615384617
0.5146153846153847
0.4157692307692308
0.4238461538461538
0.43615384615384617
0.553076923076923
0.5684615384615385
0.5853846153846154
0.7588461538461538
0.6230769230769231
0.4076923076923077
0.3076923076923077
0.40115384615384614
0.3480769230769231
0.33692307692307694
0.4226923076923077
0.3346153846153846
0.37730769230769234
0.3626923076923077
0.4096153846153846
0.46076923076923076
0.4584615384615385
0.5134615384615384
0.5257692307692308
0.5969230769230769
0.6603846153846153
0.6869230769230769
0.6307692307692309
0.5711538461538461
0.553076923076923
0.7461538461538461
0.6426923076923077
0.7153846153846154
0.7961538461538461
0.7742307692307692
0.8873076923076924
1.081923076923077
1.1088461538461538
1.2049999999999998
0.9907692307692308
0.9246153846153846
1.0623076923076924
1.05
1.0484615384615386
0.8926923076923077
0.8169230769230769
0.77
0.8507692307692308
0.9761538461538461
0.8161538461538461
0.78
0.8096153846153846
0.9084615384615385
1.0
0.9996153846153846
0.9515384615384614
1.0230769230769232
0.981923076923077
1.0357692307692308
0.9930769230769231
1.1684615384615387
1.2
1.2676923076923077
1.2746153846153847
1.0746153846153847
1.0150000000000001
1.2292307692307693
1.2323076923076923
1.265769230769231
1.1099999999999999
1.189230769230769
1.3699999999999999
1.6484615384615384
1.5865384615384615
1.363076923076923
1.3257692307692308
1.6934615384615386
1.8192307692307692
1.6276923076923078
1.698846153846154
1.7238461538461538
1.6273076923076923
1.669230769230769
1.7811538461538463
1.6703846153846154
1.7196153846153845
1.698076923076923
1.6534615384615385
1.7553846153846153
1.7573076923076922
1.7234615384615386
1.8234615384615382
1.8165384615384614
1.8915384615384616
1.886923076923077
1.9861538461538462
2.1092307692307695
1.9146153846153846
2.066153846153846
2.191153846153846
2.203076923076923
2.0876923076923077
2.123076923076923
1.99
2.2215384615384615
2.206153846153846
2.226923076923077
2.185
1.9646153846153847
2.290769230769231
2.264615384615385
2.273846153846154
2.436153846153846
2.504230769230769
2.3576923076923078
2.5300000000000002
2.5246153846153847
2.644230769230769
2.5773076923076923
2.4846153846153842
2.3684615384615384
2.4461538461538463
2.525384615384615
2.6876923076923074
2.5819230769230765
2.338846153846154
2.29
2.1534615384615385
2.335769230769231
2.414230769230769
2.3765384615384617
2.4234615384615386
2.314230769230769
2.1815384615384614
2.3249999999999997
2.2442307692307693
2.25
2.289230769230769
2.2492307692307696
2.3438461538461537
2.375
2.365
2.4846153846153842
2.3503846153846153
2.233076923076923
2.2807692307692307
2.2819230769230767
2.3407692307692307
2.468461538461538
2.311923076923077
2.2834615384615384
2.3346153846153848
2.3403846153846155
2.3726923076923074
2.38
2.4126923076923075
2.4865384615384616
2.5519230769230767
2.452692307692308
2.6546153846153846
2.6734615384615386
2.464230769230769
2.393846153846154
2.5096153846153846
2.579230769230769
2.3996153846153847
2.4196153846153843
2.4196153846153843
2.290769230769231
1.9469230769230768
2.233846153846154
2.144230769230769
2.5507692307692307
2.3784615384615386
2.193846153846154
2.131153846153846
2.2373076923076924
2.188846153846154
2.356153846153846
2.4080769230769232
2.395
2.558846153846154
2.457307692307692
2.293076923076923
2.1780769230769232
2.224615384615385
2.2484615384615383
2.0753846153846154
2.0896153846153847
2.086923076923077
2.0346153846153845
1.9053846153846155
1.941923076923077
1.9626923076923077
1.9207692307692308
2.063076923076923
1.9965384615384614
1.975
2.05
2.124615384615385
1.866153846153846
1.9273076923076924
1.8842307692307694
1.94
2.005
1.9153846153846152
1.6907692307692308
1.8446153846153845
1.845
1.705769230769231
1.7834615384615384
1.6615384615384616
1.7769230769230768
1.6188461538461536
1.5534615384615384
1.610769230769231
1.6226923076923077
1.5815384615384613
1.65
1.5653846153846156
1.363076923076923
1.2746153846153847
1.4965384615384614
1.4753846153846153
1.3699999999999999
1.285
1.2123076923076923
1.23
1.1730769230769231
1.231153846153846
1.156923076923077
1.5057692307692307
1.4403846153846156
1.291153846153846
1.315
1.338076923076923
1.2784615384615385
1.213076923076923
1.1261538461538463
0.9369230769230769
0.8888461538461538
0.9749999999999999
0.9742307692307693
1.096923076923077
1.1715384615384616
1.16
1.13
1.1326923076923077
1.055
1.0476923076923077
1.0553846153846154
0.9803846153846153
0.9096153846153846
1.0453846153846154
0.9938461538461538
0.825
0.8411538461538461
0.7311538461538463
0.7400000000000001
0.8669230769230769
0.7426923076923077
0.7703846153846154
0.7280769230769231
0.731153846153846
0.6730769230769231
0.5507692307692308
0.6057692307692307
0.6092307692307692
0.7842307692307693
0.7223076923076923
0.6646153846153846
0.7415384615384616
0.6273076923076922
0.7042307692307692
0.6923076923076923
0.7984615384615386
0.5823076923076923
0.6188461538461538
0.6003846153846154
0.6753846153846154
0.5257692307692308
0.4757692307692307
0.5930769230769231
0.7011538461538461
0.5807692307692307
0.6334615384615384
0.6015384615384616
0.4815384615384615
0.39499999999999996
0.41923076923076924
0.47384615384615386
0.46076923076923076
0.34423076923076923
0.3353846153846154
0.3976923076923077
0.27884615384615385
0.2542307692307692
0.5865384615384616
0.5934615384615385
0.5384615384615384
0.44884615384615384
0.4411538461538462
0.39115384615384613
0.41807692307692307
0.43846153846153846
0.33615384615384614
0.3984615384615384
0.4242307692307693
0.5192307692307693
0.5961538461538461
0.4984615384615385
0.3923076923076923
0.27692307692307694
0.25230769230769234
0.26692307692307693
0.34423076923076923
0.45884615384615385
0.44
0.4084615384615385
0.38384615384615384
0.41346153846153844
0.42461538461538456
0.3823076923076923
0.3384615384615385
0.3946153846153846
0.3246153846153846
0.39499999999999996
0.3873076923076923
0.38384615384615384
0.3988461538461539
0.43153846153846154
0.45999999999999996
0.3819230769230769
0.38384615384615384
0.39961538461538465
0.37961538461538463
0.4061538461538462
0.42230769230769233
