temperature
3.8540909090909095
4.038636363636363
4.033181818181818
4.672727272727273
4.789090909090909
3.661818181818182
3.503181818181818
3.901818181818182
4.083636363636364
3.6722727272727274
2.9718181818181817
2.775
2.9568181818181816
3.5281818181818183
3.8295454545454546
3.561818181818182
3.126818181818182
3.608181818181818
3.6599999999999997
3.680454545454545
4.2263636363636365
3.8836363636363633
3.6040909090909086
3.5472727272727274
3.4736363636363636
2.7354545454545454
3.2468181818181816
4.066363636363636
4.120454545454546
3.475
3.8904545454545456
3.6643478260869564
3.7060869565217396
4.31695652173913
4.565217391304348
5.136956521739131
4.856521739130435
3.8839130434782607
3.6308695652173917
3.0865217391304345
2.7939130434782613
3.3117391304347827
3.0678260869565217
2.483478260869565
2.323913043478261
2.971304347826087
2.922608695652174
3.460869565217391
3.382608695652174
3.1952173913043476
3.109565217391304
3.1956521739130435
3.6647826086956523
4.294347826086956
3.738695652173913
3.664782608695652
4.316086956521739
5.144782608695652
5.107826086956522
5.119999999999999
5.29
4.7791304347826085
4.583913043478261
5.348260869565218
6.1234782608695655
6.024347826086957
5.868260869565217
5.650434782608696
6.737391304347827
6.320434782608696
6.306956521739131
6.2
6.412173913043477
5.880434782608695
5.9452173913043485
6.216956521739131
6.451739130434782
5.43304347826087
5.778260869565218
5.860869565217392
5.910869565217391
6.8539130434782605
6.938260869565218
6.750869565217392
6.198695652173913
6.535217391304348
6.776521739130434
6.71391304347826
6.6726086956521735
7.318260869565217
6.894347826086956
6.67695652173913
6.235652173913043
6.084782608695652
6.296086956521739
6.63304347826087
6.927391304347827
6.867391304347826
7.673478260869565
7.634782608695652
7.0773913043478265
7.1039130434782605
6.712608695652174
6.969565217391305
7.600869565217391
7.861304347826087
7.29304347826087
7.623913043478261
8.160434782608695
7.662608695652175
8.74
9.352608695652174
8.721304347826088
8.658260869565217
8.708695652173914
8.929565217391303
9.061739130434784
9.61
9.652608695652173
9.961304347826088
9.630434782608695
9.896521739130435
9.740434782608697
9.541304347826086
9.910434782608695
9.979565217391304
10.467391304347826
10.545652173913044
10.29304347826087
10.790000000000001
10.92
10.842608695652174
11.587391304347825
11.722608695652173
11.978695652173913
11.980869565217391
11.335652173913045
11.052173913043477
11.697826086956523
11.966956521739132
11.350434782608696
11.843478260869563
12.291739130434781
12.183478260869567
12.21391304347826
12.413478260869566
11.907826086956522
11.623913043478263
12.65
12.854347826086956
13.178260869565218
13.815217391304348
13.318636363636363
12.957272727272727
13.011363636363637
13.68409090909091
13.41909090909091
13.40090909090909
13.490454545454547
13.22181818181818
13.497272727272728
13.245454545454544
12.867727272727272
13.56590909090909
13.605454545454545
13.773636363636363
14.530909090909091
14.227272727272727
14.179545454545455
14.611818181818181
15.093181818181819
14.166363636363638
13.976818181818182
13.921363636363635
14.219545454545454
14.62
15.269545454545455
14.822272727272725
15.437727272727273
14.963636363636363
15.352727272727272
15.02727272727273
14.780454545454546
15.128636363636362
15.914090909090909
15.854545454545455
16.203636363636363
16.099545454545453
16.937272727272727
16.163181818181815
16.38681818181818
16.708636363636366
16.581818181818182
17.063181818181818
16.793636363636363
16.52136363636364
15.961818181818183
15.909545454545453
16.26909090909091
16.575454545454548
16.930909090909093
16.225454545454543
16.472272727272728
16.700454545454544
16.532272727272726
17.14590909090909
16.84090909090909
17.247272727272726
17.26181818181818
17.523636363636363
17.541363636363638
16.77318181818182
16.902272727272727
17.002727272727274
16.78181818181818
16.764545454545456
16.664545454545454
16.649545454545457
16.29090909090909
17.025454545454547
17.14272727272727
16.845909090909092
16.690454545454546
16.280454545454546
16.23409090909091
16.634090909090908
16.407727272727275
16.252727272727274
16.076363636363638
16.212727272727275
17.162272727272725
16.904999999999998
16.943181818181817
16.108636363636364
15.247272727272728
15.248636363636363
15.610909090909091
14.983181818181817
14.685
15.284545454545453
15.29681818181818
15.204545454545455
15.049545454545456
15.013181818181817
14.97909090909091
14.579545454545455
14.672727272727274
14.192272727272728
14.155454545454546
14.721363636363636
14.764999999999999
14.376363636363637
14.378636363636362
14.182727272727272
13.348636363636365
13.05181818181818
12.980454545454545
13.275
13.643636363636364
13.969999999999999
14.309545454545455
13.384090909090908
13.261818181818182
13.365000000000002
13.041818181818183
13.45
12.982727272727272
12.816818181818183
13.205
12.537727272727272
12.698636363636364
12.864999999999998
12.833181818181817
12.26909090909091
11.620909090909091
11.717272727272729
11.386818181818182
11.08909090909091
11.31090909090909
11.075454545454546
11.83
12.02681818181818
11.42909090909091
10.876818181818182
11.377272727272727
10.68
10.54409090909091
10.28590909090909
9.81090909090909
9.512272727272729
9.428181818181818
10.002272727272727
9.710909090909091
9.310454545454546
9.251818181818182
9.120454545454546
9.195
9.733181818181817
9.320454545454545
9.238636363636363
8.472272727272726
8.794545454545455
8.805454545454545
9.103636363636364
8.860454545454546
8.32090909090909
8.07318181818182
7.809545454545455
7.16090909090909
7.445909090909091
8.564545454545454
8.104090909090909
7.970909090909092
7.924545454545455
7.6031818181818185
6.829090909090909
6.415454545454546
6.088636363636365
6.591818181818183
6.439545454545455
6.583636363636364
6.639545454545455
5.795
5.3136363636363635
5.405
5.54
5.906818181818181
6.457272727272727
6.322727272727272
5.78
5.0
4.752272727272727
4.832272727272727
5.4368181818181816
5.498636363636364
6.0577272727272735
5.48590909090909
5.289545454545455
4.583636363636364
4.494090909090909
4.820909090909091
4.704545454545454
4.443181818181818
4.431818181818182
4.576363636363637
4.582272727272727
4.722272727272728
4.6890909090909085
4.777272727272727
4.972727272727273
4.997272727272727
4.412727272727273
4.374090909090909
4.5195454545454545
4.569545454545454
4.236818181818181
4.612272727272727
5.049545454545455
4.701818181818182
4.843181818181818
4.244545454545454
4.210909090909091
4.156818181818182
3.972272727272727
3.8268181818181817
