pet
0.44846153846153847
0.4153846153846154
0.34115384615384614
0.35461538461538467
0.4184615384615385
0.4553846153846154
0.5392307692307692
0.4180769230769231
0.39115384615384613
0.5107692307692308
0.5638461538461539
0.5503846153846154
0.4803846153846154
0.4857692307692308
0.5442307692307693
0.47307692307692306
0.4373076923076923
0.505
0.5523076923076923
0.39499999999999996
0.3273076923076923
0.3984615384615384
0.4165384615384615
0.5188461538461538
0.5273076923076923
0.5219230769230769
0.5673076923076923
0.5792307692307692
0.48115384615384615
0.5153846153846154
0.6073076923076923
0.5876923076923077
0.5969230769230769
0.5573076923076923
0.6253846153846153
0.5869230769230769
0.47115384615384615
0.5549999999999999
0.583076923076923
0.5015384615384616
0.4819230769230769
0.6196153846153846
0.661923076923077
0.4803846153846154
0.6226923076923078
0.7388461538461539
0.6269230769230769
0.6553846153846153
0.6476923076923077
0.7573076923076923
0.7630769230769231
0.8119230769230769
0.7984615384615383
0.7511538461538462
0.6457692307692308
0.7584615384615384
0.6661538461538462
0.6415384615384615
0.6384615384615385
0.6284615384615384
0.6523076923076924
0.5753846153846154
0.4888461538461538
0.6561538461538462
0.8238461538461539
0.9234615384615386
0.9938461538461538
1.0546153846153847
1.058846153846154
1.0142307692307693
0.908076923076923
0.948076923076923
1.123076923076923
1.2669230769230768
1.1919230769230769
1.2238461538461538
1.084230769230769
1.1611538461538462
1.1084615384615384
1.0996153846153847
1.1607692307692308
1.2473076923076922
1.3026923076923076
1.3692307692307693
1.3765384615384615
1.298846153846154
1.4392307692307693
1.4184615384615387
1.4957692307692307
1.5815384615384613
1.5423076923076924
1.5007692307692306
1.5396153846153846
1.4634615384615384
1.5926923076923076
1.5315384615384615
1.3196153846153846
1.5973076923076923
1.6465384615384617
1.525
1.6423076923076925
1.5138461538461538
1.7076923076923076
1.7976923076923077
1.7769230769230768
1.7742307692307693
1.7934615384615387
1.695
1.7003846153846154
1.9519230769230769
2.2773076923076925
2.2423076923076923
2.243076923076923
2.2826923076923076
2.0534615384615384
1.923846153846154
1.9549999999999998
1.8776923076923078
1.9115384615384616
1.9992307692307691
2.1599999999999997
2.2173076923076924
2.301923076923077
2.2626923076923076
2.2365384615384616
2.1696153846153847
2.5523076923076924
2.4461538461538463
2.5034615384615386
2.597692307692308
2.3496153846153844
2.4423076923076925
2.414230769230769
2.3646153846153846
2.581538461538462
2.4753846153846153
2.441153846153846
2.395
2.4346153846153844
2.4511538461538462
2.523846153846154
2.4273076923076924
2.4596153846153848
2.3876923076923076
2.663846153846154
2.6003846153846153
2.668461538461538
2.623076923076923
2.7342307692307695
2.727307692307692
2.9026923076923077
2.9630769230769234
2.7126923076923077
2.4784615384615383
2.3669230769230767
2.3623076923076924
2.332307692307692
2.4084615384615384
2.4073076923076924
2.4669230769230768
2.518076923076923
2.3534615384615383
2.3003846153846155
2.236923076923077
2.375384615384615
2.3396153846153847
2.6165384615384615
2.5069230769230773
2.641153846153846
2.4873076923076924
2.3546153846153848
2.291153846153846
2.3576923076923078
2.4446153846153846
2.460384615384615
2.5819230769230765
2.7615384615384615
2.455769230769231
2.4861538461538464
2.556923076923077
2.4711538461538463
2.5323076923076924
2.563846153846154
2.5330769230769232
2.4465384615384616
2.541153846153846
2.4107692307692306
2.419230769230769
2.461153846153846
2.588461538461538
2.5615384615384613
2.434230769230769
2.3203846153846155
2.2084615384615387
2.4103846153846153
2.4046153846153846
2.437307692307692
2.4673076923076924
2.7715384615384617
2.737692307692308
2.4057692307692307
2.2903846153846152
2.459230769230769
2.5261538461538464
2.3626923076923076
2.6030769230769226
2.3423076923076924
2.3546153846153848
2.2657692307692305
2.248076923076923
2.13
2.161538461538462
2.306923076923077
2.351153846153846
2.250384615384615
2.1826923076923075
2.2146153846153847
2.2242307692307692
2.0834615384615387
2.253846153846154
2.253846153846154
2.0796153846153844
2.205
2.1776923076923076
2.161153846153846
2.1165384615384615
1.8703846153846155
1.9765384615384616
1.9215384615384616
1.8673076923076921
1.9496153846153845
1.8757692307692309
1.8665384615384615
1.9653846153846155
1.8623076923076924
1.669230769230769
1.8311538461538461
1.6480769230769232
1.6203846153846155
1.5823076923076924
1.4876923076923076
1.551923076923077
1.4869230769230768
1.4726923076923077
1.7103846153846154
1.5084615384615385
1.7326923076923075
1.6488461538461539
1.5869230769230769
1.5584615384615386
1.5642307692307693
1.5034615384615386
1.6276923076923078
1.5434615384615387
1.4242307692307692
1.3296153846153846
1.2138461538461538
1.3484615384615386
1.1596153846153845
1.2184615384615385
1.2538461538461538
1.2811538461538463
1.2384615384615385
1.323846153846154
1.2546153846153847
1.169230769230769
1.0815384615384616
1.1357692307692309
1.0865384615384615
1.1665384615384615
1.275
1.216923076923077
1.356153846153846
1.1342307692307694
1.0296153846153846
0.9953846153846153
0.9526923076923077
0.9673076923076922
0.8653846153846154
0.9803846153846154
1.1223076923076922
0.9561538461538461
1.0484615384615386
0.8561538461538463
0.9473076923076923
1.0146153846153845
0.9138461538461538
0.8988461538461539
0.8730769230769231
0.7042307692307692
0.795
0.7826923076923078
0.7165384615384615
0.8273076923076922
0.7296153846153846
0.821923076923077
0.8838461538461538
0.8580769230769231
0.8484615384615384
0.9246153846153846
0.7923076923076924
0.8007692307692308
0.8826923076923077
0.7692307692307693
0.7365384615384615
0.7234615384615384
0.6084615384615385
0.6107692307692308
0.6403846153846153
0.6053846153846154
0.5223076923076924
0.5392307692307692
0.5269230769230769
0.59
0.5553846153846154
0.5230769230769231
0.49038461538461536
0.5496153846153846
0.6461538461538462
0.5203846153846154
0.5692307692307692
0.4938461538461538
0.43884615384615383
0.40692307692307694
0.4115384615384616
0.3215384615384615
0.3676923076923077
0.3973076923076923
0.3892307692307692
0.5026923076923077
0.4603846153846154
0.4911538461538462
0.48307692307692307
0.4642307692307692
0.41461538461538466
0.4073076923076923
0.3511538461538462
0.3903846153846154
0.51
0.5238461538461539
0.47000000000000003
0.4603846153846154
0.3930769230769231
0.4288461538461539
0.41000000000000003
0.4661538461538462
0.3573076923076923
0.35384615384615387
0.3819230769230769
0.4157692307692308
0.3469230769230769
0.37
0.36615384615384616
0.4273076923076923
0.5692307692307692
0.5553846153846154
0.6492307692307692
0.5565384615384615
0.4592307692307692
0.4592307692307692
0.40538461538461534
0.33692307692307694
0.5073076923076922
0.5788461538461539
0.5957692307692308
