temperature
3.935769230769231
3.8530769230769235
3.146153846153846
3.3638461538461537
3.617692307692308
3.7546153846153847
4.04576923076923
3.6903846153846156
3.542692307692308
4.466538461538462
4.652692307692307
4.773846153846154
4.339230769230769
4.412307692307692
4.586153846153846
4.148076923076923
3.9792307692307696
4.181153846153846
4.028076923076923
3.1753846153846155
3.2992307692307694
3.42
3.4615384615384617
3.8215384615384616
4.233076923076923
4.090769230769231
4.2215384615384615
4.09576923076923
3.5896153846153847
3.336153846153846
3.853846153846154
3.991153846153846
3.9796153846153848
4.047307692307692
4.538846153846154
4.292307692307692
3.6015384615384614
3.7719230769230765
3.540769230769231
3.230769230769231
3.3488461538461536
4.131153846153846
4.49923076923077
3.706538461538462
4.302692307692308
4.810769230769231
4.282307692307692
4.416153846153846
4.462692307692308
4.761923076923077
4.8173076923076925
5.031153846153846
4.839615384615384
4.64
4.24
4.71
4.133846153846154
3.8023076923076924
3.5138461538461536
3.5188461538461535
3.6134615384615385
3.623076923076923
3.159615384615385
3.878846153846154
4.4338461538461535
4.96
5.407307692307692
5.733846153846153
5.618461538461539
5.382692307692308
5.005769230769231
5.07423076923077
5.92576923076923
6.439615384615385
6.144230769230769
6.083076923076923
5.423846153846155
5.890384615384615
5.586923076923076
5.599615384615385
5.839230769230769
6.193461538461539
6.405
6.605769230769231
6.609615384615385
6.264615384615384
6.703461538461538
6.651923076923077
6.834615384615384
7.090769230769231
6.937307692307693
6.802307692307693
6.916923076923077
6.552307692307692
7.0515384615384615
6.826538461538462
6.122692307692308
6.991153846153846
7.126538461538461
6.766538461538461
7.167692307692308
6.698076923076924
7.335384615384616
7.549230769230769
7.497307692307692
7.553846153846154
7.662692307692307
7.310384615384615
7.412307692307692
8.233076923076924
9.388846153846155
9.345384615384615
9.418461538461539
9.571538461538463
8.783076923076923
8.371923076923077
8.491538461538461
8.28423076923077
8.291153846153845
8.621923076923077
9.057307692307692
9.19
9.477307692307692
9.34923076923077
9.277692307692307
9.016153846153845
10.311538461538463
10.055384615384614
10.285769230769231
10.632692307692308
9.96653846153846
10.192692307692308
10.319615384615386
10.138846153846155
10.848846153846154
10.515384615384615
10.543076923076923
10.566538461538462
10.706923076923077
10.839230769230769
11.081538461538461
10.792692307692308
10.995384615384616
10.773076923076925
11.652692307692309
11.477692307692308
11.636923076923077
11.596153846153847
11.895
12.03076923076923
12.673461538461538
13.563461538461537
13.12153846153846
12.524230769230769
12.211538461538462
12.288076923076924
12.262307692307692
12.556923076923077
12.666153846153845
12.92653846153846
13.041923076923078
12.521153846153847
12.521538461538462
12.46923076923077
12.891153846153847
12.89576923076923
13.705769230769231
13.447692307692307
13.882692307692308
13.39846153846154
13.095384615384615
12.975769230769231
13.290384615384616
13.653846153846153
13.738461538461538
14.051923076923078
14.686153846153845
13.865
14.016153846153847
14.256153846153847
14.068076923076923
14.26076923076923
14.385384615384615
14.397307692307692
14.156923076923077
14.51923076923077
14.145
14.32346153846154
14.471923076923076
14.822307692307692
14.85423076923077
14.538461538461538
14.21653846153846
13.866538461538463
14.610384615384616
14.598461538461539
14.814615384615385
14.937692307692307
15.821538461538463
15.776153846153846
14.86076923076923
14.551923076923078
15.177692307692308
15.456538461538461
14.940384615384614
15.704230769230769
14.994615384615384
15.158076923076923
14.958461538461538
14.86923076923077
14.543846153846154
14.743461538461538
15.232307692307693
15.373461538461537
15.173461538461538
14.98076923076923
15.100000000000001
15.17923076923077
14.775384615384613
15.311153846153845
15.31423076923077
14.865384615384615
15.284230769230769
15.22923076923077
15.233846153846153
15.116153846153846
14.343846153846155
14.746923076923078
14.625384615384615
14.418076923076923
14.566923076923077
14.434615384615386
14.422692307692309
14.781153846153845
14.519615384615385
13.822307692307692
14.444230769230769
13.840000000000002
13.84769230769231
13.649615384615384
13.192692307692308
13.31423076923077
13.04076923076923
12.998076923076923
13.910769230769231
13.278846153846153
13.988846153846156
13.747692307692308
13.385
13.220769230769232
13.296153846153846
13.126153846153844
13.598461538461539
13.330769230769231
12.873461538461537
12.488461538461538
12.073846153846155
12.615
11.686923076923078
11.94076923076923
12.282692307692308
12.349230769230768
12.155
12.428846153846154
12.150769230769232
11.668846153846154
11.311923076923078
11.572307692307692
11.275769230769232
11.620000000000001
11.892692307692307
11.870000000000001
12.335769230769232
11.149615384615384
10.504615384615384
10.512307692307692
10.180384615384614
10.58
9.972307692307691
10.418076923076923
10.931923076923077
10.318846153846154
10.540000000000001
9.736923076923077
10.149230769230769
10.106538461538461
9.813846153846153
9.930384615384614
9.578461538461537
8.768461538461539
9.143846153846154
9.036923076923078
8.686538461538461
9.158846153846154
8.895
8.869615384615384
9.077692307692306
9.081538461538461
8.916923076923077
9.076538461538462
8.411153846153846
8.308846153846154
8.715384615384615
8.492307692307692
8.24423076923077
8.185769230769232
7.544615384615384
7.429230769230769
7.616538461538462
7.4192307692307695
7.029230769230769
6.856153846153846
6.786538461538461
7.3623076923076916
7.111538461538462
6.876923076923077
6.5042307692307695
6.803461538461538
7.193076923076924
6.522692307692308
6.770384615384615
5.968461538461539
5.793461538461538
5.488461538461538
5.127307692307692
4.671153846153846
5.0
5.499230769230769
5.310769230769231
5.6765384615384615
5.337692307692308
5.199999999999999
5.092307692307693
4.868076923076924
4.537307692307692
4.484615384615385
4.628076923076923
4.62576923076923
5.214615384615385
5.177307692307692
5.0211538461538465
4.833076923076923
4.843076923076923
4.7480769230769235
4.4399999999999995
4.6303846153846155
4.0988461538461545
4.0515384615384615
4.461153846153846
4.306923076923077
3.9292307692307693
3.9226923076923077
3.81
3.9084615384615384
4.733846153846153
4.9496153846153845
5.435384615384615
4.914230769230769
4.294615384615384
4.340769230769231
3.737692307692308
3.2638461538461536
4.053846153846154
4.555384615384615
4.463461538461538
