pet
0.5666666666666667
0.6133333333333334
0.525
0.5070833333333333
0.7016666666666667
0.52625
0.49291666666666667
0.5620833333333334
0.6854166666666667
0.6437499999999999
0.47041666666666665
0.47
0.55625
0.5495833333333333
0.58625
0.5420833333333334
0.39875
0.4370833333333333
0.5454166666666667
0.57125
0.7133333333333334
0.65125
0.5916666666666667
0.6258333333333334
0.6375000000000001
0.4845833333333333
0.61625
0.6145833333333334
0.5829166666666666
0.49124999999999996
0.6525
0.6229166666666667
0.5475
0.7066666666666667
0.7999999999999999
0.94375
1.0066666666666666
0.74125
0.6333333333333333
0.69625
0.6491666666666667
0.6895833333333333
0.6195833333333333
0.5358333333333333
0.5075
0.54875
0.5441666666666667
0.68
0.7133333333333334
0.6779166666666666
0.7483333333333334
0.7229166666666668
0.7141666666666667
0.9304166666666666
0.8379166666666666
0.7712500000000001
0.8608333333333333
0.965
0.9608333333333334
1.0945833333333332
1.2070833333333333
1.0670833333333334
0.9208333333333334
1.1491666666666667
1.2716666666666667
1.27875
1.2562499999999999
1.1045833333333335
1.43375
1.3095833333333333
1.3966666666666667
1.3033333333333335
1.33875
1.2754166666666666
1.3170833333333334
1.4745833333333334
1.4745833333333334
1.2020833333333334
1.30875
1.2491666666666668
1.3016666666666665
1.4658333333333333
1.4666666666666668
1.5183333333333333
1.4495833333333332
1.4745833333333334
1.5470833333333334
1.6033333333333333
1.5975000000000001
1.88
1.797826086956522
1.6865217391304348
1.4713043478260872
1.371304347826087
1.567391304347826
1.6760869565217391
1.7091304347826088
1.5734782608695652
1.7669565217391305
2.0252173913043476
1.8669565217391304
1.982608695652174
1.856521739130435
1.819130434782609
2.009130434782609
2.1443478260869564
1.8704347826086956
1.7986956521739133
2.1995652173913043
2.037391304347826
2.3156521739130436
2.555217391304348
2.2682608695652173
2.1582608695652175
2.284782608695652
2.233913043478261
2.130434782608696
2.3060869565217392
2.3691304347826088
2.4956521739130433
2.435217391304348
2.683478260869565
2.4547826086956523
2.426086956521739
2.5943478260869566
2.6056521739130436
2.8095652173913046
2.85
2.766086956521739
2.764782608695652
2.789130434782609
2.9099999999999997
2.8773913043478263
2.967391304347826
3.1256521739130436
3.139130434782609
2.9369565217391305
2.8395652173913044
3.00304347826087
3.1217391304347823
2.7882608695652173
3.039565217391304
3.032608695652174
3.150434782608696
3.1582608695652175
3.137826086956522
2.7886956521739132
2.7756521739130435
3.135217391304348
3.14
3.385652173913044
3.3178260869565217
3.0273913043478258
2.92
3.0030434782608695
3.063913043478261
3.1869565217391305
3.1291304347826085
3.0504347826086957
2.9617391304347827
2.989130434782609
2.795217391304348
2.725217391304348
2.9778260869565214
2.9108695652173915
2.8313043478260873
2.9208695652173917
2.763478260869565
2.990869565217391
3.1252173913043477
3.1282608695652177
2.9378260869565214
2.816956521739131
2.89
2.926086956521739
2.9456521739130435
3.101304347826087
3.1286956521739127
3.1769565217391302
3.0804347826086955
3.1669565217391304
3.137391304347826
3.039565217391304
3.0878260869565217
3.3865217391304347
3.385652173913044
3.5139130434782606
3.4743478260869565
3.598695652173913
3.3282608695652174
3.322608695652174
3.4878260869565216
3.4078260869565216
3.5817391304347823
3.4773913043478264
3.4182608695652177
3.258260869565217
3.216086956521739
3.1621739130434783
3.2617391304347825
3.38304347826087
3.245217391304348
3.2930434782608695
3.4669565217391303
3.281739130434783
3.361739130434782
3.3395652173913044
3.5243478260869567
3.5786956521739133
3.635217391304348
3.5678260869565217
3.39
3.173478260869565
3.2956521739130435
3.3447826086956525
3.284347826086957
3.1534782608695653
3.239130434782609
3.1639130434782605
3.2991304347826085
3.2600000000000002
3.2882608695652173
3.1999999999999997
3.1230434782608696
3.149130434782609
3.286521739130435
3.3099999999999996
3.1617391304347824
3.0069565217391303
2.9895652173913048
3.183478260869565
3.252608695652174
3.423478260869565
2.9213043478260867
2.7086956521739127
2.6221739130434782
2.7039130434782606
2.5630434782608695
2.373913043478261
2.5356521739130433
2.6165217391304347
2.535217391304348
2.4417391304347826
2.4621739130434785
2.395217391304348
2.344782608695652
2.3965217391304345
2.236086956521739
2.17304347826087
2.406086956521739
2.356086956521739
2.393478260869565
2.292173913043478
2.166086956521739
1.9760869565217392
1.7752173913043479
1.8817391304347826
1.943913043478261
1.98
2.05
2.174782608695652
1.8491304347826087
1.9565217391304348
2.0478260869565217
1.836086956521739
1.9591304347826088
1.771304347826087
1.8217391304347825
1.9386956521739132
1.8082608695652171
1.8673913043478263
1.9482608695652175
1.8617391304347826
1.7145833333333333
1.5920833333333333
1.56125
1.5654166666666667
1.5070833333333333
1.5254166666666666
1.3633333333333333
1.5345833333333332
1.6137499999999998
1.4833333333333334
1.3549999999999998
1.425
1.2383333333333333
1.1845833333333333
1.21
1.10875
1.1583333333333334
1.0625
1.2554166666666666
1.1500000000000001
1.0425
1.0483333333333333
1.0625
1.07875
1.10875
1.0270833333333333
1.0954166666666667
0.9458333333333333
0.96625
0.935
0.9291666666666667
0.9366666666666666
0.9441666666666667
0.8191666666666667
0.7870833333333334
0.77
0.71125
0.96375
0.9016666666666667
0.8654166666666666
0.8995833333333333
0.7233333333333333
0.5995833333333334
0.53
0.55
0.6095833333333334
0.5916666666666667
0.5970833333333333
0.6954166666666667
0.54875
0.41333333333333333
0.46541666666666665
0.5833333333333334
0.6683333333333333
0.5316666666666666
0.65625
0.5825
0.4975
0.41250000000000003
0.41625
0.5283333333333333
0.56625
0.6437499999999999
0.5541666666666666
0.5325
0.43083333333333335
0.3475
0.39208333333333334
0.545
0.47125
0.4945833333333334
0.4741666666666667
0.5320833333333334
0.42416666666666664
0.4708333333333334
0.47500000000000003
0.4366666666666667
0.5025000000000001
0.4983333333333333
0.49541666666666667
0.52125
0.5458333333333333
0.5275
0.6366666666666666
0.69125
0.6166666666666667
0.62
0.5920833333333333
0.5575
0.5583333333333333
0.5445833333333333
0.5095833333333334
