pet
0.5103846153846153
0.39192307692307693
0.4
0.3538461538461538
0.3438461538461538
0.3526923076923077
0.51
0.4896153846153846
0.44730769230769235
0.4034615384615385
0.48846153846153845
0.48115384615384615
0.4715384615384615
0.3992307692307693
0.4653846153846154
0.40076923076923077
0.36153846153846153
0.49461538461538457
0.5742307692307692
0.4707692307692308
0.2846153846153846
0.4030769230769231
0.4146153846153846
0.36576923076923074
0.42038461538461536
0.44384615384615383
0.5111538461538461
0.5765384615384616
0.5342307692307693
0.4496153846153846
0.5619230769230769
0.6234615384615385
0.6219230769230768
0.5592307692307692
0.7250000000000001
0.7523076923076922
0.5526923076923077
0.543076923076923
0.5584615384615385
0.5553846153846154
0.5134615384615384
0.6588461538461539
0.5926923076923077
0.4573076923076923
0.5653846153846154
0.7376923076923076
0.6519230769230769
0.7376923076923076
0.6423076923076922
0.7630769230769231
0.8084615384615385
0.8923076923076922
0.841923076923077
0.8707692307692307
0.8303846153846154
0.803076923076923
0.7688461538461537
0.7961538461538461
0.7453846153846153
0.7442307692307693
0.8026923076923077
0.7623076923076924
0.6738461538461539
0.7657692307692308
0.9253846153846154
1.0461538461538462
1.1307692307692307
1.2003846153846154
1.215
1.1611538461538462
1.2249999999999999
1.0003846153846154
1.3176923076923077
1.4626923076923077
1.4365384615384615
1.3376923076923077
1.290769230769231
1.196923076923077
1.1707692307692308
1.2684615384615383
1.1803846153846154
1.2926923076923076
1.3511538461538461
1.3800000000000001
1.3446153846153845
1.3915384615384616
1.5365384615384616
1.636923076923077
1.791153846153846
1.6726923076923077
1.6238461538461537
1.8115384615384615
1.764230769230769
1.6365384615384615
1.771923076923077
1.6307692307692307
1.5146153846153847
1.6076923076923075
1.8030769230769232
1.7257692307692307
1.6199999999999999
1.7284615384615383
1.7765384615384614
1.885
1.8953846153846154
1.8123076923076922
1.8803846153846153
1.865
1.9038461538461537
1.981153846153846
2.3123076923076926
2.4103846153846153
2.3842307692307694
2.4996153846153844
2.2857692307692306
2.0284615384615385
2.1138461538461537
2.183846153846154
2.0461538461538464
2.176153846153846
2.3392307692307694
2.3246153846153845
2.351153846153846
2.308076923076923
2.365
2.5957692307692306
2.733076923076923
2.77
2.8623076923076924
2.962307692307692
2.7903846153846152
2.5615384615384613
2.6203846153846153
2.4211538461538464
2.5838461538461535
2.852692307692308
2.726923076923077
2.705
2.7792307692307694
2.823846153846154
2.79
2.7676923076923075
2.825384615384615
2.884230769230769
3.0153846153846158
3.0215384615384617
3.004230769230769
2.850769230769231
2.8596153846153842
2.9265384615384615
2.8396153846153847
3.012307692307692
2.943076923076923
2.722692307692308
2.6196153846153845
2.538846153846154
2.5773076923076923
2.5184615384615388
2.6296153846153847
2.79
2.6773076923076924
2.7126923076923077
2.676153846153846
2.743076923076923
2.899230769230769
2.8307692307692305
2.9861538461538464
3.1003846153846153
3.0215384615384617
2.9888461538461537
2.9203846153846156
2.8684615384615384
2.7315384615384612
2.917307692307692
2.974615384615385
2.925769230769231
3.087307692307692
3.0065384615384616
2.870769230769231
3.079230769230769
2.9511538461538462
3.099615384615385
3.1107692307692307
2.9242307692307694
3.075
3.230769230769231
3.1065384615384612
3.0115384615384615
3.0746153846153845
3.0892307692307694
3.04
2.9538461538461536
2.891538461538462
2.941153846153846
3.0076923076923077
3.119230769230769
3.2326923076923078
3.2096153846153848
3.3603846153846155
3.536153846153846
3.162692307692308
3.023846153846154
3.0250000000000004
3.2796153846153846
3.27
3.318076923076923
3.23
3.0946153846153845
3.0900000000000003
2.9903846153846154
2.870769230769231
2.887307692307692
3.0796153846153844
2.8742307692307696
2.927692307692308
2.831153846153846
2.89
2.998846153846154
2.8853846153846154
3.040769230769231
2.852307692307692
2.8153846153846156
3.0003846153846156
2.7311538461538465
2.8499999999999996
2.7157692307692307
2.5473076923076925
2.381923076923077
2.6123076923076924
2.5900000000000003
2.4865384615384616
2.3846153846153846
2.4626923076923077
2.5084615384615385
2.3846153846153846
2.253846153846154
2.558846153846154
2.312307692307692
2.081923076923077
2.0403846153846152
2.0196153846153844
1.9
1.8788461538461538
1.834230769230769
2.102692307692308
2.079230769230769
2.1357692307692306
2.208846153846154
2.025384615384615
1.959230769230769
2.05
1.9384615384615385
2.1157692307692306
2.061153846153846
1.7726923076923078
1.7153846153846155
1.6419230769230768
1.676153846153846
1.679230769230769
1.4742307692307692
1.643846153846154
1.6338461538461537
1.679230769230769
1.5815384615384613
1.4930769230769232
1.5115384615384615
1.4057692307692307
1.363076923076923
1.3484615384615386
1.4273076923076924
1.463846153846154
1.4200000000000002
1.4984615384615385
1.4615384615384615
1.2965384615384616
1.2026923076923077
1.1099999999999999
1.1484615384615384
1.0569230769230769
0.9892307692307691
1.108076923076923
1.1811538461538462
1.3003846153846155
1.0
1.0284615384615385
1.1011538461538461
0.9838461538461539
0.8984615384615384
0.9353846153846154
0.801923076923077
0.9069230769230769
0.8588461538461538
0.9015384615384616
0.9980769230769231
0.8223076923076923
0.9473076923076923
0.9988461538461538
1.025
0.8388461538461538
0.9561538461538461
0.9415384615384615
0.8888461538461538
0.8876923076923078
0.8661538461538462
0.7584615384615384
0.768076923076923
0.6849999999999999
0.5842307692307692
0.6388461538461538
0.6042307692307692
0.5626923076923077
0.5546153846153846
0.5496153846153846
0.6353846153846153
0.6176923076923077
0.5326923076923077
0.5711538461538461
0.4938461538461538
0.595
0.4815384615384615
0.4419230769230769
0.47961538461538467
0.3988461538461539
0.39807692307692305
0.4492307692307692
0.42807692307692313
0.3496153846153846
0.44692307692307687
0.4157692307692308
0.4553846153846154
0.44884615384615384
0.5046153846153846
0.42653846153846153
0.4473076923076923
0.4165384615384615
0.4273076923076923
0.3080769230769231
0.31153846153846154
0.4346153846153846
0.495
0.3607692307692308
0.43
0.3088461538461538
0.3226923076923077
0.34153846153846157
0.40576923076923077
0.31769230769230766
0.3469230769230769
0.3873076923076923
0.3453846153846154
0.33
0.3242307692307692
0.32807692307692304
0.3646153846153846
0.5373076923076923
0.6007692307692308
0.696923076923077
0.625
0.44269230769230766
0.435
0.36692307692307696
0.26076923076923075
0.4438461538461539
0.5530769230769231
0.48653846153846153
