temperature
5.146923076923077
4.378846153846154
4.312307692307693
4.072307692307692
4.092692307692308
4.048461538461539
4.710769230769231
4.622307692307692
4.166538461538462
4.448846153846154
4.796153846153846
5.123846153846154
4.868076923076924
4.543461538461539
4.468846153846154
4.025
3.983076923076923
4.274615384615385
4.464615384615384
3.7684615384615388
3.334230769230769
4.033076923076923
3.726923076923077
3.6184615384615384
4.045
4.135769230769231
4.547692307692308
4.680000000000001
4.481538461538461
3.813846153846154
4.184230769230769
4.387692307692308
4.338461538461538
4.4423076923076925
5.339230769230769
5.325769230769231
4.424230769230769
4.054615384615385
4.073846153846154
4.109615384615385
3.7796153846153846
4.545384615384616
4.492307692307692
3.808846153846154
4.502307692307692
5.267307692307692
4.858461538461539
5.295384615384616
4.874615384615384
5.32423076923077
5.465
5.9557692307692305
5.627307692307692
5.633461538461538
5.385384615384615
5.228076923076923
5.235384615384616
4.950769230769231
4.65
4.717692307692308
4.906153846153846
4.828846153846154
4.477692307692307
5.047307692307692
5.494230769230769
6.006153846153846
6.531153846153846
6.8100000000000005
6.8673076923076914
6.483461538461539
6.808461538461539
5.973076923076923
7.227692307692307
7.793461538461538
7.6680769230769235
7.116923076923077
6.770769230769231
6.528846153846154
6.390769230769231
6.8403846153846155
6.547692307692308
6.8173076923076925
7.0430769230769235
7.1692307692307695
6.9873076923076916
7.196923076923077
7.600384615384616
8.051153846153847
8.513846153846155
8.090769230769231
7.833076923076923
8.475
8.325
7.854230769230769
8.31653846153846
7.738461538461538
7.28
7.502692307692308
8.334615384615384
8.108846153846155
7.619230769230769
8.041538461538462
8.122692307692308
8.468076923076923
8.488846153846154
8.272307692307693
8.590384615384615
8.57576923076923
8.742307692307692
8.967692307692307
10.135
10.482692307692307
10.417692307692308
10.85153846153846
10.171923076923077
9.242307692307692
9.565384615384614
9.876923076923077
9.403461538461539
9.843461538461538
10.223461538461539
10.07
10.200769230769232
10.18423076923077
10.38576923076923
10.941538461538462
11.560384615384615
11.713461538461539
11.981153846153846
12.329230769230769
11.84769230769231
11.279230769230768
11.514615384615384
11.034230769230769
11.501538461538463
12.336923076923076
12.068461538461538
12.120384615384616
12.328846153846154
12.51346153846154
12.50423076923077
12.483461538461539
12.67576923076923
12.912692307692309
13.35423076923077
13.399615384615384
13.39846153846154
12.925
13.049615384615386
13.407692307692308
13.136153846153848
14.435384615384615
14.467692307692307
13.90230769230769
13.704230769230769
13.48923076923077
13.661538461538461
13.548461538461538
13.947307692307692
14.536153846153846
14.223846153846154
14.336538461538462
14.360384615384616
14.587307692307691
15.085769230769232
14.930384615384614
15.450769230769232
15.796153846153846
15.616538461538461
15.538846153846153
15.399230769230769
15.21923076923077
14.936538461538463
15.56
15.801153846153845
15.653076923076924
16.09423076923077
15.945384615384615
15.653846153846153
16.28576923076923
15.941923076923077
16.344615384615384
16.45730769230769
15.958461538461538
16.428076923076922
16.904999999999998
16.623461538461537
16.35230769230769
16.59653846153846
16.69423076923077
16.56923076923077
16.38423076923077
16.23153846153846
16.406153846153845
16.64076923076923
17.04769230769231
17.33576923076923
17.36346153846154
17.847307692307695
18.36576923076923
17.361153846153847
17.016923076923078
17.12
17.856153846153845
17.88076923076923
18.02576923076923
17.861923076923077
17.512307692307694
17.57423076923077
17.334230769230768
17.02346153846154
17.10153846153846
17.75653846153846
17.281153846153845
17.48384615384615
17.243076923076924
17.463846153846156
17.776923076923076
17.490384615384617
17.99653846153846
17.42192307692308
17.39730769230769
18.024615384615384
17.208076923076923
17.625384615384615
17.263461538461538
16.828461538461536
16.357307692307693
17.109615384615385
17.06230769230769
16.725
16.491153846153846
16.75730769230769
16.942307692307693
16.629615384615384
16.19423076923077
17.10153846153846
16.384999999999998
15.72269230769231
15.603076923076923
15.583846153846155
15.134615384615385
15.063461538461537
14.736923076923075
15.59153846153846
15.56
15.722307692307691
15.948076923076922
15.373846153846156
15.11076923076923
15.450769230769232
15.062692307692307
15.684615384615386
15.51923076923077
14.506923076923076
14.390769230769232
14.094615384615384
14.248076923076923
14.03
13.49423076923077
14.212307692307691
14.18423076923077
14.336538461538462
13.876153846153844
13.623846153846156
13.615
13.225384615384616
13.163461538461538
13.146153846153847
13.318846153846154
13.340384615384616
13.289615384615384
13.715384615384616
13.220384615384615
12.260384615384615
12.038846153846153
11.485000000000001
11.884615384615385
11.599230769230768
11.425
11.924615384615386
12.086923076923076
12.386153846153848
11.261153846153848
11.30423076923077
11.508076923076922
10.97269230769231
10.82846153846154
11.041153846153845
10.170384615384616
10.433846153846154
10.232307692307693
10.332692307692307
10.508461538461539
10.080769230769231
10.556923076923077
10.57
10.700769230769232
10.120384615384616
10.168461538461539
9.901538461538461
9.755384615384616
9.652307692307692
9.806923076923077
9.220769230769232
9.112307692307692
8.768076923076922
8.102307692307692
8.366538461538461
8.27076923076923
8.105384615384615
7.891923076923077
7.668461538461538
8.245000000000001
8.175
7.623846153846154
7.753461538461538
7.12
7.458846153846154
7.03923076923077
6.745
6.944999999999999
6.244615384615385
6.118461538461539
6.183076923076923
6.3088461538461535
5.6765384615384615
6.260769230769231
6.158461538461538
6.3950000000000005
6.063846153846153
6.250769230769231
5.890769230769231
5.673076923076923
5.518076923076923
5.139230769230769
5.142692307692308
4.977692307692307
5.231153846153846
5.600769230769231
5.238461538461538
5.263846153846154
4.733076923076923
4.906153846153846
4.664230769230769
5.049230769230769
4.584615384615384
4.835769230769231
4.798461538461539
4.415384615384616
4.441538461538462
4.296153846153846
4.031538461538461
4.280384615384616
5.301923076923076
5.680384615384615
6.4861538461538455
6.375
5.140384615384615
5.000384615384615
4.381153846153846
3.703461538461539
4.358461538461539
5.076538461538462
4.662307692307692
