pet
0.4876923076923077
0.5007692307692307
0.4030769230769231
0.6126923076923076
0.6615384615384615
0.4284615384615385
0.5126923076923077
0.6126923076923076
0.591923076923077
0.6092307692307692
0.48192307692307695
0.38384615384615384
0.4165384615384615
0.5373076923076924
0.47923076923076924
0.43230769230769234
0.38961538461538464
0.42923076923076925
0.46076923076923076
0.5565384615384615
0.6080769230769231
0.5769230769230769
0.578076923076923
0.565
0.5211538461538462
0.5584615384615386
0.4942307692307692
0.5169230769230769
0.49615384615384617
0.45307692307692304
0.5576923076923077
0.5761538461538461
0.6488461538461539
0.6865384615384615
0.7196153846153847
0.803076923076923
0.7569230769230769
0.7065384615384616
0.628076923076923
0.5869230769230769
0.5311538461538462
0.6292307692307693
0.5376923076923077
0.44153846153846155
0.4511538461538462
0.4634615384615385
0.5065384615384615
0.6046153846153847
0.533076923076923
0.5723076923076923
0.575
0.6319230769230769
0.7576923076923077
0.7511538461538462
0.6973076923076923
0.6861538461538461
0.8392307692307692
0.8265384615384614
0.7753846153846153
0.8376923076923077
0.9173076923076923
0.8680769230769231
0.9234615384615383
1.0415384615384615
1.116153846153846
1.0634615384615385
1.0603846153846155
1.0657692307692308
1.1719230769230768
1.0965384615384615
1.1015384615384616
1.15
1.0261538461538462
1.0338461538461539
1.0257692307692308
1.0965384615384617
1.1099999999999999
1.0276923076923077
1.0276923076923077
1.031153846153846
1.1053846153846154
1.2165384615384616
1.3134615384615385
1.26
1.3073076923076923
1.2503846153846152
1.1596153846153845
1.3061538461538462
1.3246153846153845
1.5403846153846152
1.4030769230769229
1.1703846153846154
1.1434615384615385
1.2880769230769231
1.3246153846153845
1.4838461538461538
1.4873076923076924
1.3807692307692307
1.5403846153846152
1.7215384615384615
1.7707692307692307
1.8153846153846156
1.66
1.695769230769231
1.9619230769230769
1.968076923076923
1.8576923076923075
2.0569230769230766
1.9392307692307693
1.9823076923076923
2.053076923076923
2.1915384615384617
2.0353846153846153
2.0626923076923074
1.9834615384615384
2.0919230769230768
2.0584615384615383
2.0723076923076924
2.229230769230769
2.1134615384615385
2.0323076923076924
2.3226923076923076
2.2961538461538464
2.404230769230769
2.455769230769231
2.490769230769231
2.6034615384615383
2.4861538461538464
2.341153846153846
2.4065384615384615
2.6015384615384614
2.7250000000000005
2.664615384615385
2.6315384615384616
2.700384615384616
2.6169230769230767
2.659615384615385
2.644230769230769
2.911538461538462
2.9953846153846153
2.933846153846154
3.0034615384615386
3.0034615384615386
3.1469230769230774
2.866153846153846
2.980769230769231
2.8296153846153844
2.693076923076923
2.8019230769230767
2.7342307692307695
2.971538461538462
2.7203846153846154
2.588846153846154
2.5380769230769227
2.411923076923077
2.6111538461538464
2.4457692307692307
2.476923076923077
2.4738461538461536
2.5250000000000004
2.3596153846153847
2.3984615384615386
2.345769230769231
2.327692307692308
2.3176923076923077
2.5219230769230765
2.671923076923077
2.5819230769230765
2.5553846153846154
2.5869230769230773
2.770769230769231
2.520769230769231
2.587307692307692
2.5219230769230765
2.5203846153846152
2.598846153846154
2.6630769230769227
2.5261538461538464
2.698846153846154
2.734615384615385
2.6992307692307693
2.538846153846154
2.621923076923077
2.7899999999999996
2.921923076923077
2.8407692307692307
2.811153846153846
2.950384615384615
2.870769230769231
2.9257692307692307
2.835384615384615
2.854230769230769
2.8003846153846155
2.8257692307692306
2.700384615384615
2.6115384615384616
2.4865384615384616
2.4865384615384616
2.5373076923076923
2.7534615384615386
2.6992307692307693
2.5846153846153848
2.4973076923076927
2.601923076923077
2.4699999999999998
2.675769230769231
2.6276923076923073
2.724615384615385
2.6215384615384614
2.680769230769231
2.7853846153846153
2.373846153846154
2.476923076923077
2.575384615384616
2.4930769230769227
2.3507692307692305
2.4426923076923077
2.2126923076923077
2.0280769230769233
2.332307692307692
2.1607692307692306
2.245769230769231
2.313846153846154
2.204230769230769
2.1976923076923076
2.257307692307692
2.2284615384615383
2.0707692307692307
2.146923076923077
2.1973076923076924
2.353846153846154
2.3953846153846152
2.4434615384615386
2.1496153846153847
2.017692307692308
2.1580769230769232
2.0538461538461537
2.006923076923077
1.9526923076923075
2.003461538461538
1.9438461538461538
1.8703846153846155
1.9207692307692308
1.8423076923076922
1.9542307692307692
1.7173076923076922
1.7673076923076925
1.6780769230769232
1.7980769230769231
1.9415384615384614
1.8180769230769231
1.816923076923077
1.5253846153846156
1.5207692307692307
1.5096153846153846
1.4423076923076923
1.4023076923076923
1.478076923076923
1.4707692307692308
1.587307692307692
1.3976923076923078
1.3796153846153845
1.375
1.4553846153846153
1.3784615384615386
1.48
1.323846153846154
1.2507692307692309
1.248076923076923
1.3707692307692307
1.4892307692307691
1.3880769230769232
1.3534615384615383
1.2576923076923074
1.3934615384615383
1.334230769230769
1.2965384615384616
1.1861538461538461
1.1665384615384615
1.1653846153846155
1.326153846153846
1.2880769230769231
1.0799999999999998
1.1738461538461538
1.1826923076923077
0.9888461538461539
1.0015384615384615
0.9211538461538461
0.9003846153846153
0.8738461538461538
0.9311538461538462
0.8792307692307693
0.8788461538461539
0.7873076923076923
0.7592307692307692
0.8661538461538462
0.8265384615384614
0.9311538461538462
0.7792307692307693
0.8680769230769231
0.7526923076923077
0.8915384615384615
1.0215384615384615
0.8592307692307692
0.9530769230769232
0.8715384615384616
0.7826923076923078
0.7276923076923076
0.5961538461538461
0.7073076923076923
0.8792307692307693
0.7676923076923077
0.8223076923076923
0.7984615384615386
0.6392307692307693
0.5573076923076923
0.5630769230769231
0.573076923076923
0.5342307692307693
0.48423076923076924
0.6142307692307692
0.6069230769230769
0.4073076923076923
0.40884615384615386
0.47000000000000003
0.6226923076923078
0.6907692307692308
0.5846153846153845
0.5953846153846154
0.5423076923076923
0.44423076923076926
0.3930769230769231
0.39807692307692305
0.5596153846153846
0.5503846153846154
0.6649999999999999
0.5896153846153847
0.5157692307692308
0.4157692307692308
0.3973076923076923
0.4453846153846154
0.32923076923076927
0.3607692307692308
0.4534615384615384
0.4715384615384615
0.5765384615384616
0.5003846153846154
0.5292307692307692
0.5026923076923077
0.5323076923076923
0.4715384615384615
0.4580769230769231
0.5019230769230769
0.5815384615384616
0.5003846153846154
0.5388461538461539
0.5142307692307693
0.583076923076923
0.5980769230769231
0.6519230769230769
0.6607692307692308
0.6823076923076923
0.5084615384615385
0.45576923076923076
0.5376923076923077
