temperature
1.1295454545454546
0.4527272727272727
0.1763636363636364
-0.04227272727272728
0.41272727272727283
0.21454545454545462
0.0059090909090909445
-0.026363636363636346
0.09863636363636365
0.4163636363636364
0.3681818181818182
-0.08863636363636372
0.7190909090909091
0.9522727272727273
1.0999999999999999
0.9990909090909091
0.6009090909090908
0.9231818181818183
0.9209090909090908
1.4554545454545453
1.4777272727272726
0.9345454545454545
0.8168181818181818
-0.02454545454545456
-1.2727272727272727
-0.34545454545454546
-0.1845454545454546
0.9836363636363636
1.4536363636363636
0.9149999999999999
0.9145454545454546
0.9745454545454546
1.3104545454545453
1.3977272727272727
1.7454545454545454
2.6763636363636363
1.1072727272727272
0.04590909090909086
0.205
0.6531818181818181
0.46818181818181814
0.8840909090909093
1.155
0.7718181818181818
0.855
0.2472727272727272
0.03636363636363627
1.105
1.1904545454545454
1.2113636363636362
1.0518181818181818
1.2636363636363637
1.6036363636363637
1.6413636363636364
1.3654545454545455
1.3977272727272727
1.1327272727272726
1.7286363636363637
0.8977272727272727
0.9990909090909091
1.0477272727272728
1.2877272727272726
2.05
2.4913636363636367
3.219090909090909
3.261818181818182
2.8786363636363634
3.022272727272728
3.026818181818182
3.35
3.941363636363636
3.4318181818181817
2.5377272727272726
2.144090909090909
2.908181818181818
2.7095454545454545
1.4381818181818182
1.9045454545454545
1.805
1.9595454545454545
1.8318181818181818
1.8286363636363634
2.180909090909091
2.81
2.799090909090909
2.7654545454545456
2.2813636363636363
3.4404545454545454
4.3963636363636365
4.263181818181819
4.0622727272727275
2.7172727272727273
2.1559090909090908
3.1040909090909095
3.683181818181818
3.841818181818182
3.419545454545455
3.9604545454545454
4.159545454545455
4.901818181818182
4.295909090909091
3.535217391304348
3.106956521739131
4.284782608695652
4.6039130434782605
4.385217391304348
4.2095652173913045
4.438695652173913
4.111739130434783
4.656521739130435
4.99304347826087
4.724347826086956
4.9799999999999995
5.129565217391304
4.840434782608695
5.191304347826088
5.989130434782608
6.547391304347826
6.686521739130434
6.525217391304347
6.71304347826087
6.115652173913043
6.561304347826087
6.336086956521739
5.9173913043478255
6.884782608695652
7.078260869565218
6.880434782608695
6.63391304347826
7.08
6.610434782608695
7.7156521739130435
8.397391304347826
8.861739130434783
8.23
7.609565217391305
8.157391304347826
7.5373913043478264
7.6295652173913036
8.564347826086957
8.038695652173912
7.738260869565217
8.52608695652174
8.902173913043478
8.85391304347826
8.681739130434783
8.459999999999999
8.586086956521738
9.108695652173912
9.653478260869566
10.033043478260868
10.296086956521739
9.990869565217391
9.904782608695653
9.830434782608695
9.549565217391304
9.579565217391304
9.82304347826087
9.428695652173914
9.92
9.452608695652174
9.42695652173913
9.609130434782609
9.928260869565218
9.746086956521738
10.405217391304348
10.689565217391303
11.182173913043478
11.273913043478261
11.894782608695651
11.614347826086956
10.523478260869565
10.172173913043478
10.34304347826087
10.573478260869566
10.84608695652174
10.928695652173914
11.28608695652174
11.207391304347825
11.314782608695653
10.439130434782609
10.639565217391304
11.046956521739132
11.678260869565218
12.17478260869565
11.795652173913044
12.273478260869567
12.764090909090909
12.507727272727273
12.401363636363635
12.466363636363637
12.838181818181818
12.464090909090908
12.481363636363636
12.268636363636364
11.760454545454547
11.406363636363636
12.188181818181818
12.095
13.201818181818181
13.102727272727272
12.176363636363636
12.635454545454547
13.040454545454544
13.07090909090909
13.069545454545453
13.450454545454546
13.546818181818184
13.501363636363635
12.909999999999998
13.340909090909092
12.715454545454547
12.826363636363636
13.329545454545455
12.745
12.68909090909091
12.62409090909091
12.37
11.960454545454546
12.024545454545455
11.965000000000002
12.185454545454546
12.70409090909091
12.361818181818181
12.512727272727272
12.208181818181817
12.423181818181819
11.838636363636363
12.31590909090909
12.710909090909091
12.640454545454544
12.495
11.980454545454545
10.907727272727273
11.24409090909091
10.999545454545455
10.720454545454546
11.011363636363637
10.989090909090908
12.02
11.359545454545454
11.408181818181818
11.577272727272726
10.889545454545454
10.967727272727272
11.25590909090909
10.748181818181818
10.135
9.591363636363637
10.321363636363635
10.495000000000001
10.525
9.92681818181818
9.195
8.984545454545454
8.691363636363636
8.736818181818181
8.952727272727273
9.897727272727273
9.841818181818182
9.685454545454546
9.901363636363635
9.913636363636364
9.606363636363637
9.182727272727274
9.18
8.335909090909091
8.533636363636363
8.40318181818182
8.038181818181819
8.990454545454545
9.048636363636364
8.938636363636364
8.175454545454544
8.082727272727272
7.836363636363637
7.744545454545454
7.8127272727272725
7.458636363636364
7.244090909090909
7.6886363636363635
7.847272727272727
6.824090909090909
6.898636363636364
6.566363636363636
6.985454545454545
6.985
6.065
6.053636363636364
5.874545454545455
6.291363636363636
5.63
4.554090909090909
5.433181818181819
5.465909090909091
5.835
5.529545454545454
5.349090909090909
5.235454545454545
5.349545454545455
5.217727272727273
4.716363636363636
5.056363636363636
5.0631818181818184
4.824545454545454
4.638636363636364
4.842272727272728
4.447727272727273
4.080454545454545
4.387727272727273
4.671363636363636
4.073636363636364
4.303636363636364
3.7822727272727277
3.47
3.045
3.3709090909090906
3.3613636363636363
3.8150000000000004
3.2804545454545457
3.0336363636363632
2.8022727272727272
2.01
2.4204545454545454
3.369090909090909
2.9427272727272724
2.9495454545454547
2.4004545454545454
2.8322727272727275
2.328181818181818
2.941818181818182
2.2800000000000002
1.561363636363636
2.6495454545454544
2.6954545454545458
3.338636363636364
2.5463636363636364
1.8236363636363635
1.8645454545454543
0.8327272727272728
0.7536363636363638
1.4127272727272726
1.565
2.123181818181818
1.885909090909091
1.4686363636363637
1.4272727272727272
1.413181818181818
1.1099999999999999
1.5645454545454547
1.0827272727272728
0.8672727272727272
0.3263636363636363
0.07863636363636367
0.56
0.6909090909090909
0.9363636363636363
1.7486363636363635
1.0918181818181818
0.2163636363636364
-0.36681818181818193
-0.05954545454545445
-0.03590909090909089
0.570909090909091
0.6509090909090909
