pet
0.435
0.4757692307692307
0.39961538461538465
0.533076923076923
0.658076923076923
0.42615384615384616
0.4715384615384615
0.5842307692307692
0.6123076923076923
0.6476923076923077
0.4534615384615384
0.43884615384615383
0.4596153846153846
0.5269230769230769
0.4880769230769231
0.4553846153846154
0.33884615384615385
0.3923076923076923
0.4326923076923077
0.5119230769230769
0.63
0.6084615384615385
0.6219230769230768
0.5692307692307692
0.5365384615384616
0.533076923076923
0.5273076923076923
0.5238461538461539
0.5180769230769231
0.495
0.5488461538461539
0.5280769230769231
0.5615384615384615
0.6557692307692308
0.6849999999999999
0.8065384615384615
0.7665384615384615
0.6957692307692308
0.6373076923076924
0.6203846153846153
0.5542307692307692
0.5776923076923077
0.518076923076923
0.44346153846153846
0.40807692307692306
0.4565384615384615
0.4834615384615385
0.595
0.5161538461538462
0.5642307692307692
0.5873076923076923
0.6030769230769231
0.6788461538461538
0.7473076923076923
0.6234615384615385
0.5957692307692308
0.7634615384615385
0.8246153846153846
0.8711538461538461
0.8761538461538462
0.996923076923077
0.9238461538461539
0.9230769230769231
1.058846153846154
1.1096153846153847
1.1403846153846153
1.1011538461538461
1.0292307692307694
1.2430769230769232
1.106923076923077
1.1311538461538462
1.1307692307692307
1.0942307692307691
1.0915384615384616
1.1296153846153847
1.221923076923077
1.2415384615384615
1.1157692307692306
1.1576923076923078
1.1419230769230768
1.1557692307692309
1.3846153846153846
1.4242307692307692
1.345
1.3250000000000002
1.3192307692307692
1.3142307692307693
1.3515384615384616
1.4096153846153845
1.6346153846153846
1.5546153846153847
1.375
1.2523076923076923
1.3550000000000002
1.4219230769230768
1.5496153846153846
1.5723076923076924
1.46
1.605
1.8973076923076921
1.9073076923076924
1.9273076923076924
1.7119230769230769
1.8434615384615385
2.124615384615385
2.103076923076923
1.8996153846153847
2.128846153846154
2.016153846153846
1.9746153846153847
2.1526923076923077
2.352692307692308
2.043076923076923
2.0719230769230768
2.0534615384615384
2.06
2.1361538461538463
2.109230769230769
2.2007692307692306
2.275
2.1565384615384615
2.3965384615384617
2.391153846153846
2.425384615384615
2.5484615384615386
2.565
2.755
2.6438461538461535
2.571923076923077
2.7169230769230768
2.731923076923077
2.6584615384615384
2.683846153846154
2.725769230769231
2.897692307692308
2.6765384615384615
2.5319230769230767
2.6511538461538464
2.906538461538462
3.0357692307692306
2.883846153846154
3.1303846153846155
3.0596153846153844
3.1926923076923077
3.022307692307692
3.055
2.8815384615384616
2.805
2.9857692307692307
2.775384615384615
3.023846153846154
2.941153846153846
2.6823076923076923
2.6696153846153843
2.608076923076923
2.831538461538462
2.7211538461538463
2.8634615384615385
2.8642307692307694
2.772307692307692
2.7034615384615384
2.6884615384615387
2.5492307692307694
2.6680769230769235
2.6734615384615386
2.771153846153846
3.0938461538461537
2.795769230769231
2.8449999999999998
2.868076923076923
2.988076923076923
2.754230769230769
2.8176923076923077
2.7419230769230767
2.8649999999999998
2.977692307692308
3.0219230769230765
2.887307692307693
2.959230769230769
2.9538461538461536
3.083076923076923
3.0573076923076923
2.9584615384615387
3.1561538461538463
3.4046153846153846
3.233846153846154
3.1815384615384614
3.289615384615385
3.3534615384615383
3.2423076923076923
3.163846153846154
3.2430769230769227
3.121923076923077
3.2719230769230765
3.1865384615384613
3.078076923076923
2.918846153846154
2.913846153846154
2.953461538461539
3.194230769230769
3.0773076923076923
2.9738461538461536
3.0215384615384617
3.003846153846154
2.8638461538461537
3.145
3.144615384615385
3.1915384615384617
3.1326923076923077
3.2015384615384614
3.3796153846153847
2.9311538461538458
2.9057692307692307
3.088846153846154
2.933846153846154
2.8234615384615385
2.882307692307692
2.705
2.6453846153846152
2.8376923076923077
2.7546153846153847
2.677692307692308
2.813846153846154
2.694230769230769
2.7915384615384613
2.8457692307692306
2.831538461538462
2.697307692307692
2.633846153846154
2.619230769230769
2.796923076923077
2.866153846153846
2.7811538461538463
2.58
2.3449999999999998
2.4426923076923077
2.488076923076923
2.3953846153846152
2.243076923076923
2.4323076923076923
2.4153846153846152
2.2526923076923078
2.194230769230769
2.2126923076923077
2.1792307692307693
2.0542307692307693
2.14
2.0023076923076926
2.0057692307692307
2.1726923076923077
2.146923076923077
2.106153846153846
1.816923076923077
1.8284615384615384
1.7953846153846154
1.65
1.6719230769230768
1.6811538461538462
1.7880769230769231
1.723076923076923
1.7726923076923076
1.5476923076923077
1.6411538461538462
1.6300000000000001
1.5834615384615385
1.6257692307692309
1.4815384615384617
1.4696153846153845
1.4849999999999999
1.4346153846153844
1.5476923076923077
1.4696153846153845
1.468076923076923
1.3596153846153847
1.3788461538461538
1.3603846153846153
1.3165384615384614
1.2223076923076923
1.2349999999999999
1.1465384615384615
1.2753846153846156
1.4311538461538462
1.2161538461538461
1.195
1.185
0.9623076923076923
0.926923076923077
0.8688461538461538
0.7926923076923077
0.8857692307692309
0.95
0.9384615384615385
0.8665384615384616
0.7438461538461538
0.7803846153846153
0.9165384615384615
0.8646153846153847
0.9538461538461539
0.8784615384615384
0.8496153846153847
0.7684615384615385
0.8323076923076923
0.9923076923076923
0.9388461538461539
0.9711538461538461
0.9388461538461539
0.7973076923076923
0.753076923076923
0.6292307692307693
0.6226923076923078
0.8542307692307692
0.7973076923076923
0.7723076923076923
0.7826923076923078
0.663076923076923
0.5384615384615384
0.551923076923077
0.5426923076923077
0.546923076923077
0.46846153846153843
0.5557692307692308
0.6169230769230769
0.4226923076923077
0.4257692307692308
0.48423076923076924
0.5792307692307692
0.715
0.5796153846153846
0.6103846153846154
0.5365384615384615
0.4480769230769231
0.3926923076923077
0.35923076923076924
0.5088461538461538
0.5684615384615385
0.6911538461538461
0.6238461538461538
0.566923076923077
0.41500000000000004
0.41384615384615386
0.43884615384615383
0.3569230769230769
0.30615384615384617
0.3992307692307693
0.44576923076923075
0.47423076923076923
0.45576923076923076
0.49461538461538457
0.4776923076923077
0.45615384615384613
0.4988461538461539
0.4184615384615385
0.4676923076923077
0.541923076923077
0.5211538461538462
0.5523076923076923
0.5069230769230769
0.573076923076923
0.55
0.6003846153846154
0.6411538461538461
0.7026923076923077
0.49076923076923074
0.3946153846153846
0.4707692307692308
