temperature
3.380769230769231
3.5353846153846153
3.4353846153846153
4.305384615384615
4.660384615384616
3.8023076923076924
3.9919230769230767
4.303076923076923
4.438076923076923
4.1680769230769235
3.194230769230769
2.6696153846153843
2.9092307692307693
3.6403846153846158
3.769230769230769
3.4223076923076925
2.7869230769230766
3.1061538461538465
3.5850000000000004
3.9269230769230767
4.330384615384616
4.3403846153846155
4.152692307692307
3.9203846153846156
3.6573076923076924
3.376153846153846
3.3184615384615386
3.541923076923077
3.2615384615384615
2.6630769230769227
3.0373076923076923
3.3423076923076924
3.7430769230769227
4.1061538461538465
4.068076923076923
4.5976923076923075
4.298076923076923
3.9507692307692306
3.721538461538462
3.2973076923076925
3.001153846153846
3.1346153846153846
2.996153846153846
2.296923076923077
1.9576923076923076
2.146153846153846
2.5976923076923075
3.183846153846154
2.754230769230769
2.9896153846153846
3.028461538461538
3.36
3.7142307692307694
3.959230769230769
3.328076923076923
3.1950000000000003
3.983846153846154
4.306153846153846
4.670384615384615
4.557307692307692
4.833846153846154
4.558076923076923
4.5019230769230765
5.049230769230769
5.33576923076923
5.498076923076923
5.305384615384615
4.988461538461538
5.846923076923077
5.472307692307693
5.386153846153846
5.355769230769231
5.326153846153845
5.35
5.135384615384615
5.445384615384616
5.826153846153845
5.346923076923077
5.399615384615384
5.434615384615385
5.415
6.281923076923077
6.364615384615385
6.196153846153846
6.068076923076924
5.8161538461538465
5.79576923076923
6.047692307692308
6.207307692307692
6.986538461538462
6.5369230769230775
5.81076923076923
5.383846153846154
5.632692307692308
5.923846153846155
6.420384615384616
6.419615384615384
6.029615384615385
6.469615384615385
7.288846153846153
7.504615384615385
7.581153846153845
6.922692307692308
7.3173076923076925
8.251153846153846
8.182307692307692
7.541923076923077
8.197307692307692
7.896538461538461
7.806923076923076
8.441923076923077
9.055769230769231
8.127692307692307
8.098846153846154
8.06576923076923
8.028846153846153
8.368461538461538
8.459615384615384
8.736153846153845
9.08
8.382692307692308
8.910384615384617
9.001153846153846
9.18
9.590384615384615
9.74423076923077
10.248461538461537
9.971923076923076
9.782692307692308
10.257692307692308
10.310384615384615
10.197307692307692
10.35423076923077
10.544230769230769
11.041153846153845
10.518461538461539
10.153076923076924
10.511538461538462
11.20346153846154
11.621923076923078
11.321153846153846
11.982307692307693
11.903461538461539
12.28
11.875384615384615
12.03076923076923
11.666923076923077
11.553076923076922
12.09423076923077
11.571923076923078
12.33
12.725769230769231
12.389999999999999
12.385384615384615
12.309230769230767
12.975769230769231
12.727692307692308
13.178461538461537
13.282307692307691
13.09153846153846
12.991153846153846
13.003461538461538
12.673846153846153
13.036153846153846
13.056153846153846
13.48423076923077
14.450384615384614
13.72923076923077
13.921923076923077
14.02
14.427692307692308
13.826153846153847
14.071153846153846
13.903076923076924
14.323076923076922
14.740384615384615
14.863076923076923
14.599615384615383
14.832692307692307
14.920769230769231
15.308076923076923
15.269615384615385
15.037307692307694
15.617692307692307
16.35
15.985384615384616
15.905
16.17423076923077
16.43730769230769
16.212692307692308
16.072307692307692
16.375384615384615
16.083076923076923
16.535
16.38307692307692
16.10923076923077
15.714230769230769
15.713461538461539
15.868461538461538
16.537307692307692
16.279999999999998
16.02653846153846
16.18730769230769
16.127692307692307
15.830769230769231
16.589615384615385
16.634999999999998
16.801538461538463
16.68076923076923
16.856923076923074
17.36576923076923
16.15576923076923
16.15269230769231
16.655384615384612
16.293076923076924
16.026153846153846
16.242307692307694
15.753076923076922
15.622692307692308
16.145
15.94576923076923
15.753076923076922
16.167307692307695
15.857692307692307
16.17269230769231
16.35653846153846
16.244615384615386
15.941923076923077
15.805
15.774999999999999
16.32
16.52346153846154
16.29153846153846
15.661923076923076
15.011538461538462
15.251923076923077
15.460769230769232
15.188076923076922
14.743461538461538
15.286153846153846
15.260384615384615
14.826153846153847
14.640384615384615
14.633846153846154
14.44576923076923
14.015384615384615
14.275384615384617
13.826153846153847
13.832692307692307
14.416153846153845
14.298461538461538
14.191538461538462
13.286923076923076
13.364615384615385
13.247307692307693
12.834999999999999
12.731153846153846
12.76
13.143846153846154
12.92576923076923
13.17923076923077
12.505384615384616
12.776538461538461
12.557307692307692
12.530384615384616
12.616538461538461
12.204230769230769
12.141153846153847
12.154230769230768
11.932307692307692
12.223461538461539
11.991923076923078
11.954230769230769
11.482307692307693
11.47923076923077
11.414230769230768
11.223076923076924
10.88576923076923
11.006153846153847
10.63423076923077
11.068076923076923
11.520384615384614
10.67576923076923
10.555
10.451923076923077
9.546923076923077
9.508076923076924
9.272307692307692
8.803076923076922
9.046923076923077
9.379615384615384
9.386153846153846
8.983076923076924
8.381923076923076
8.675
9.09
9.015384615384615
9.280384615384616
9.056153846153846
8.626153846153846
8.311923076923078
8.382307692307693
8.944230769230769
8.741153846153846
8.758846153846154
8.520384615384616
7.805000000000001
7.619615384615385
6.908461538461538
7.057307692307693
8.125769230769231
7.775
7.476538461538461
7.6680769230769235
7.242692307692308
6.3950000000000005
6.096153846153846
5.928461538461538
6.008076923076923
5.5842307692307696
5.9692307692307685
6.252307692307692
5.279230769230769
5.106153846153846
5.171538461538462
5.464230769230769
5.989230769230769
5.927307692307693
5.813846153846153
5.185769230769231
4.653846153846154
4.385769230769231
4.134230769230769
4.624615384615384
5.136923076923077
5.937307692307693
5.661153846153846
5.586923076923076
4.8730769230769235
4.570769230769231
4.625
3.811923076923077
3.4669230769230768
3.962307692307692
3.9673076923076924
4.138461538461538
4.466923076923077
4.586923076923077
4.961153846153847
4.877692307692308
4.5819230769230765
4.233461538461539
4.607692307692307
4.866153846153846
4.582307692307692
4.276538461538461
4.315384615384615
4.463461538461538
4.506153846153846
4.669615384615384
4.505
4.648461538461539
3.778461538461538
3.2180769230769233
3.433846153846154
