pet
0.42923076923076925
0.4184615384615385
0.4338461538461538
0.3426923076923077
0.4123076923076923
0.4757692307692307
0.4896153846153846
0.38423076923076926
0.42769230769230765
0.5019230769230769
0.5319230769230769
0.5646153846153846
0.455
0.43615384615384617
0.5692307692307692
0.4776923076923077
0.37153846153846154
0.40115384615384614
0.33807692307692305
0.33115384615384613
0.4765384615384616
0.5646153846153846
0.5280769230769231
0.5803846153846154
0.5826923076923077
0.6292307692307693
0.5511538461538461
0.5853846153846154
0.4269230769230769
0.5173076923076924
0.5615384615384615
0.5196153846153846
0.5415384615384615
0.6242307692307693
0.5069230769230769
0.5223076923076924
0.44884615384615384
0.5038461538461538
0.6030769230769231
0.5715384615384616
0.4826923076923077
0.561923076923077
0.5765384615384614
0.6296153846153847
0.7438461538461538
0.8257692307692307
0.7880769230769231
0.8119230769230769
0.7057692307692307
0.7765384615384616
0.8473076923076923
0.821923076923077
0.8184615384615385
0.9115384615384615
0.7584615384615384
0.8623076923076922
0.77
0.7653846153846153
0.755
0.7473076923076923
0.6961538461538462
0.7519230769230769
0.6526923076923077
0.7334615384615385
0.98
1.0811538461538461
1.0638461538461539
1.0076923076923077
1.0773076923076923
1.1465384615384615
1.1415384615384616
1.3211538461538461
1.3703846153846155
1.3453846153846152
1.441153846153846
1.4492307692307693
1.32
1.3407692307692307
1.3446153846153845
1.3742307692307691
1.2880769230769231
1.2542307692307693
1.323076923076923
1.4753846153846153
1.5053846153846153
1.5323076923076924
1.491923076923077
1.5530769230769232
1.5280769230769229
1.5323076923076924
1.4376923076923078
1.554230769230769
1.4634615384615384
1.5165384615384616
1.6884615384615385
1.679230769230769
1.5503846153846155
1.7811538461538463
1.7984615384615383
1.873076923076923
1.6473076923076921
1.57
1.6734615384615383
1.7215384615384615
1.8557692307692308
1.837307692307692
1.603846153846154
1.7219230769230767
1.7950000000000002
2.0742307692307693
2.2434615384615384
2.3003846153846155
2.1992307692307693
2.1946153846153846
2.038846153846154
1.9530769230769232
1.8773076923076923
2.0265384615384616
1.9038461538461537
1.963076923076923
2.099615384615385
2.1126923076923076
2.221923076923077
2.479230769230769
2.4403846153846156
2.4569230769230765
2.3826923076923077
2.4749999999999996
2.5938461538461537
2.5446153846153843
2.4257692307692307
2.416153846153846
2.444230769230769
2.541923076923077
2.7496153846153844
2.575384615384615
2.7584615384615385
2.6846153846153844
2.900384615384615
2.7757692307692308
2.6592307692307693
2.6096153846153842
2.7484615384615383
2.7719230769230765
2.7546153846153847
2.688846153846154
2.7126923076923077
2.7746153846153847
2.7557692307692303
2.7
2.9665384615384616
2.9515384615384614
2.7192307692307693
2.436153846153846
2.400384615384615
2.301923076923077
2.3857692307692306
2.5142307692307693
2.505
2.5023076923076926
2.5973076923076923
2.3715384615384614
2.2634615384615384
2.2846153846153845
2.267692307692308
2.4511538461538462
2.5942307692307693
2.6507692307692308
2.553846153846154
2.371153846153846
2.5326923076923076
2.3857692307692306
2.4865384615384616
2.626153846153846
2.358846153846154
2.3226923076923076
2.389615384615385
2.5626923076923074
2.6580769230769232
2.560769230769231
2.540769230769231
2.645
2.566153846153846
2.620769230769231
2.5757692307692306
2.4992307692307696
2.495
2.436153846153846
2.4765384615384614
2.5896153846153847
2.4796153846153848
2.4650000000000003
2.191153846153846
2.2780769230769233
2.418076923076923
2.5546153846153845
2.728846153846154
2.641153846153846
2.5138461538461536
2.561153846153846
2.4796153846153848
2.4069230769230767
2.5549999999999997
2.6815384615384614
2.545
2.457307692307692
2.522307692307692
2.5446153846153843
2.394230769230769
2.316923076923077
2.242692307692308
2.3257692307692306
2.36
2.3834615384615385
2.4669230769230768
2.394230769230769
2.3834615384615385
2.335
2.2069230769230765
2.158846153846154
2.0803846153846157
2.1557692307692307
2.0896153846153847
2.2153846153846155
2.332307692307692
2.176923076923077
1.9542307692307692
2.059230769230769
2.168846153846154
1.988076923076923
2.0534615384615384
2.0476923076923077
2.001923076923077
1.9134615384615385
1.8526923076923079
1.7957692307692308
1.698076923076923
1.666153846153846
1.691153846153846
1.7946153846153845
1.6419230769230768
1.7061538461538461
1.7196153846153845
1.7903846153846152
2.0542307692307693
1.863076923076923
1.9753846153846153
1.9953846153846155
1.9342307692307692
1.8092307692307692
1.8646153846153846
1.6826923076923077
1.7569230769230768
1.838076923076923
1.7084615384615385
1.6400000000000001
1.4200000000000002
1.4142307692307694
1.3823076923076922
1.323846153846154
1.3596153846153847
1.3407692307692307
1.6303846153846153
1.728846153846154
1.463076923076923
1.3265384615384617
1.3988461538461539
1.4188461538461539
1.3415384615384616
1.3696153846153847
1.3919230769230768
1.2011538461538462
1.2511538461538463
1.1411538461538462
1.21
1.123076923076923
1.0188461538461537
1.1188461538461538
1.0526923076923078
1.1492307692307693
1.2
1.1561538461538463
1.0638461538461539
0.9315384615384615
1.036923076923077
1.1196153846153847
1.1088461538461538
0.946923076923077
0.8346153846153845
0.7899999999999999
0.8042307692307692
0.7980769230769231
0.8923076923076922
0.943076923076923
0.8484615384615384
0.9215384615384615
0.8780769230769232
0.8734615384615385
0.9015384615384616
0.9257692307692308
0.8103846153846154
0.7007692307692307
0.8411538461538461
0.928076923076923
0.755
0.7369230769230769
0.7219230769230769
0.5957692307692308
0.5838461538461538
0.6653846153846155
0.5976923076923076
0.5930769230769231
0.5342307692307693
0.5134615384615384
0.5926923076923077
0.5380769230769231
0.551923076923077
0.7334615384615385
0.785
0.5873076923076923
0.5638461538461539
0.6153846153846154
0.518076923076923
0.5434615384615384
0.4676923076923077
0.29423076923076924
0.4380769230769231
0.4088461538461538
0.3619230769230769
0.5888461538461538
0.5630769230769231
0.4284615384615385
0.39
0.4734615384615385
0.3303846153846154
0.44307692307692303
0.3019230769230769
0.39115384615384613
0.5103846153846153
0.43961538461538463
0.43
0.5303846153846153
0.5934615384615385
0.5407692307692308
0.3646153846153846
0.3834615384615384
0.46076923076923076
0.5646153846153846
0.46192307692307694
0.4503846153846153
0.3819230769230769
0.4015384615384615
0.4053846153846154
0.3819230769230769
0.4026923076923076
0.44884615384615384
0.5842307692307692
0.4465384615384615
0.31192307692307697
0.36115384615384616
0.30653846153846154
0.32384615384615384
0.4465384615384615
0.5034615384615384
0.5253846153846153
