pet
0.475
0.48384615384615387
0.4119230769230769
0.6238461538461538
0.6142307692307692
0.42230769230769233
0.5119230769230769
0.6069230769230769
0.5700000000000001
0.5853846153846154
0.4553846153846154
0.3692307692307692
0.39538461538461533
0.5161538461538462
0.4573076923076923
0.40653846153846157
0.37038461538461537
0.42653846153846153
0.4676923076923077
0.5492307692307692
0.5892307692307692
0.5634615384615385
0.5792307692307692
0.5596153846153846
0.5234615384615384
0.5473076923076923
0.48923076923076925
0.5173076923076922
0.4957692307692308
0.45884615384615385
0.5711538461538461
0.578076923076923
0.6357692307692309
0.6526923076923077
0.715
0.7457692307692307
0.73
0.6649999999999999
0.6134615384615384
0.5492307692307692
0.5123076923076924
0.6003846153846154
0.5092307692307693
0.4273076923076923
0.41807692307692307
0.4369230769230769
0.4888461538461539
0.5423076923076923
0.4953846153846154
0.5457692307692308
0.5392307692307692
0.5911538461538461
0.6880769230769231
0.7123076923076923
0.6665384615384615
0.6584615384615385
0.8226923076923077
0.7769230769230769
0.7426923076923077
0.8034615384615384
0.8807692307692307
0.7961538461538461
0.8846153846153846
1.0073076923076925
1.0257692307692308
1.0026923076923078
1.025
0.9892307692307691
1.0834615384615385
1.0073076923076925
1.021153846153846
1.0826923076923078
0.9534615384615385
0.9373076923076924
0.9780769230769231
1.0407692307692307
1.0276923076923077
0.9715384615384615
0.9392307692307693
0.9723076923076923
1.0492307692307692
1.1746153846153846
1.2453846153846155
1.2
1.2353846153846153
1.1923076923076923
1.083846153846154
1.2796153846153848
1.2596153846153846
1.462307692307692
1.3519230769230768
1.1096153846153847
1.1153846153846154
1.2284615384615385
1.2726923076923078
1.445
1.4346153846153844
1.3103846153846155
1.4926923076923078
1.6411538461538462
1.6923076923076923
1.7165384615384616
1.6126923076923076
1.6319230769230768
1.8257692307692308
1.8623076923076924
1.7634615384615384
1.9711538461538463
1.8680769230769232
1.9138461538461538
1.9573076923076924
2.0907692307692307
1.9207692307692308
1.9376923076923078
1.8857692307692309
1.9930769230769232
1.9576923076923076
1.9949999999999999
2.13
2.0303846153846155
1.956923076923077
2.2473076923076922
2.1953846153846155
2.31
2.2623076923076924
2.3284615384615384
2.4465384615384616
2.3407692307692307
2.1853846153846153
2.275384615384615
2.486923076923077
2.560769230769231
2.4946153846153845
2.473846153846154
2.538846153846154
2.4584615384615387
2.553846153846154
2.4765384615384614
2.726153846153846
2.808846153846154
2.7492307692307696
2.8307692307692305
2.866153846153846
2.9903846153846154
2.7146153846153847
2.8053846153846154
2.7126923076923077
2.6196153846153845
2.634230769230769
2.6396153846153845
2.7849999999999997
2.495769230769231
2.4896153846153846
2.444230769230769
2.268846153846154
2.4534615384615384
2.318846153846154
2.2815384615384615
2.396153846153846
2.4276923076923076
2.3065384615384614
2.293076923076923
2.2215384615384615
2.2
2.223076923076923
2.4203846153846156
2.5246153846153847
2.4353846153846153
2.4650000000000003
2.481923076923077
2.680769230769231
2.4038461538461537
2.4515384615384614
2.359230769230769
2.3946153846153844
2.4473076923076924
2.543461538461538
2.4080769230769232
2.602692307692308
2.616153846153846
2.612692307692308
2.451923076923077
2.5184615384615388
2.668846153846154
2.793846153846154
2.768076923076923
2.696153846153846
2.7803846153846155
2.726923076923077
2.8126923076923074
2.7600000000000002
2.7453846153846153
2.7173076923076924
2.7161538461538464
2.6284615384615386
2.52
2.3934615384615383
2.460769230769231
2.503076923076923
2.666153846153846
2.6465384615384617
2.4619230769230764
2.417692307692308
2.4915384615384615
2.411538461538462
2.579230769230769
2.506923076923077
2.566923076923077
2.539230769230769
2.539230769230769
2.6576923076923076
2.2442307692307693
2.388076923076923
2.48
2.403076923076923
2.2596153846153846
2.309230769230769
2.0926923076923076
1.9523076923076923
2.2546153846153847
2.083076923076923
2.2188461538461537
2.183846153846154
2.121153846153846
2.115
2.2046153846153844
2.1561538461538463
1.9884615384615385
2.0934615384615385
2.1523076923076925
2.2596153846153846
2.3053846153846154
2.36
2.066153846153846
1.9115384615384616
2.0907692307692307
1.9642307692307692
1.9038461538461537
1.8992307692307693
1.9323076923076923
1.871923076923077
1.7842307692307693
1.790769230769231
1.7776923076923077
1.9092307692307693
1.708076923076923
1.753076923076923
1.6507692307692308
1.7496153846153848
1.8657692307692306
1.7723076923076921
1.7511538461538463
1.4684615384615385
1.4676923076923079
1.4273076923076924
1.4134615384615385
1.3634615384615385
1.4492307692307693
1.3923076923076925
1.5246153846153847
1.3273076923076923
1.3280769230769232
1.3065384615384614
1.3576923076923075
1.2807692307692307
1.415769230769231
1.2565384615384616
1.218076923076923
1.1946153846153846
1.2973076923076923
1.4034615384615385
1.3292307692307692
1.29
1.2430769230769232
1.334230769230769
1.2588461538461537
1.2461538461538462
1.113846153846154
1.161923076923077
1.113076923076923
1.2661538461538462
1.21
1.0165384615384616
1.1242307692307691
1.141923076923077
0.9780769230769231
0.9361538461538461
0.8742307692307693
0.8819230769230769
0.8496153846153847
0.9123076923076923
0.8507692307692308
0.8315384615384616
0.745
0.7184615384615385
0.8523076923076923
0.791923076923077
0.8953846153846154
0.7834615384615385
0.823076923076923
0.7434615384615384
0.8573076923076923
0.9738461538461538
0.8138461538461539
0.943076923076923
0.87
0.7915384615384616
0.7446153846153846
0.5984615384615385
0.7388461538461539
0.8907692307692308
0.7565384615384616
0.8215384615384616
0.8184615384615385
0.6434615384615385
0.551923076923077
0.5596153846153846
0.5734615384615385
0.556923076923077
0.5107692307692308
0.615
0.6169230769230769
0.42923076923076925
0.42500000000000004
0.5011538461538462
0.6546153846153846
0.6823076923076924
0.5873076923076923
0.6126923076923076
0.5280769230769231
0.47846153846153844
0.41615384615384615
0.4061538461538462
0.5723076923076923
0.5576923076923077
0.658076923076923
0.5857692307692308
0.5280769230769231
0.3988461538461538
0.38653846153846155
0.4284615384615385
0.31846153846153846
0.34192307692307694
0.42461538461538456
0.4603846153846154
0.578076923076923
0.4938461538461538
0.5169230769230769
0.4676923076923077
0.5019230769230769
0.44576923076923075
0.44692307692307687
0.47846153846153844
0.5684615384615385
0.49115384615384616
0.52
0.5046153846153847
0.5738461538461539
0.5911538461538461
0.6373076923076924
0.6338461538461538
0.6684615384615384
0.49653846153846154
0.45461538461538464
0.51
