pet
0.3007692307692308
0.2980769230769231
0.27115384615384613
0.2623076923076923
0.2826923076923077
0.3676923076923077
0.37
0.26692307692307693
0.2915384615384615
0.3792307692307692
0.40692307692307694
0.41115384615384615
0.3334615384615385
0.3203846153846154
0.3796153846153846
0.3330769230769231
0.2726923076923077
0.34115384615384614
0.26346153846153847
0.24076923076923076
0.32653846153846156
0.4061538461538462
0.3823076923076923
0.42461538461538456
0.40499999999999997
0.4642307692307692
0.41192307692307695
0.43884615384615383
0.25423076923076926
0.3565384615384615
0.4734615384615385
0.43615384615384617
0.44269230769230766
0.44076923076923075
0.4030769230769231
0.34500000000000003
0.30730769230769234
0.36615384615384616
0.43769230769230766
0.41730769230769227
0.3676923076923077
0.41923076923076924
0.4634615384615384
0.45269230769230767
0.5530769230769231
0.6065384615384615
0.5642307692307692
0.5380769230769231
0.4653846153846154
0.5938461538461538
0.5911538461538461
0.6196153846153846
0.5896153846153847
0.6334615384615384
0.5076923076923077
0.6307692307692307
0.5388461538461539
0.551923076923077
0.4953846153846154
0.4776923076923077
0.47884615384615387
0.4826923076923077
0.48384615384615387
0.5357692307692308
0.6592307692307693
0.7165384615384615
0.76
0.696923076923077
0.7211538461538461
0.7946153846153846
0.7584615384615384
0.9996153846153846
0.9869230769230769
1.0292307692307694
1.07
1.093076923076923
0.9884615384615384
1.0338461538461539
1.016923076923077
1.0811538461538461
0.9915384615384616
0.9861538461538462
1.0011538461538463
1.1326923076923077
1.206923076923077
1.2465384615384616
1.1573076923076924
1.2038461538461538
1.1957692307692307
1.293076923076923
1.1492307692307693
1.2807692307692307
1.2630769230769232
1.261923076923077
1.4484615384615382
1.3353846153846154
1.283076923076923
1.521923076923077
1.4646153846153847
1.5176923076923077
1.3357692307692306
1.3434615384615385
1.4238461538461538
1.5365384615384616
1.5976923076923077
1.5323076923076924
1.3988461538461539
1.4892307692307691
1.6492307692307693
1.8073076923076923
1.963076923076923
2.06
1.9030769230769229
1.915769230769231
1.706923076923077
1.613076923076923
1.6607692307692308
1.8353846153846154
1.7323076923076923
1.6603846153846153
1.9042307692307694
1.9461538461538461
2.0276923076923077
2.2361538461538464
2.1003846153846153
2.198076923076923
2.205
2.2384615384615385
2.312692307692308
2.2773076923076925
2.286923076923077
2.2053846153846157
2.2800000000000002
2.323846153846154
2.4365384615384618
2.308461538461539
2.4315384615384614
2.291923076923077
2.5688461538461542
2.398076923076923
2.2988461538461538
2.268076923076923
2.323846153846154
2.394230769230769
2.4426923076923077
2.3846153846153846
2.4315384615384614
2.4753846153846153
2.475769230769231
2.4888461538461537
2.7930769230769235
2.678076923076923
2.520769230769231
2.297307692307692
2.2
2.1388461538461536
2.2815384615384615
2.416923076923077
2.285
2.3407692307692307
2.391153846153846
1.99
1.9561538461538461
1.8942307692307692
1.93
2.073846153846154
2.1884615384615382
2.3407692307692307
2.189230769230769
2.036923076923077
2.2199999999999998
2.05
2.201923076923077
2.2857692307692306
2.1046153846153848
2.1015384615384614
2.2423076923076923
2.2265384615384614
2.2800000000000002
2.227307692307692
2.136923076923077
2.2800000000000002
2.235384615384615
2.335769230769231
2.3223076923076924
2.2257692307692305
2.1373076923076924
2.191538461538461
2.166153846153846
2.313076923076923
2.258846153846154
2.1815384615384614
1.9757692307692307
2.018076923076923
2.0323076923076924
2.1576923076923076
2.230769230769231
2.2788461538461537
2.2842307692307693
2.271923076923077
2.1603846153846153
2.0969230769230767
2.3669230769230767
2.2819230769230767
2.253461538461538
2.125
2.2296153846153848
2.161538461538462
2.0323076923076924
1.9626923076923077
1.9107692307692308
1.9688461538461537
2.1076923076923078
2.040769230769231
2.061923076923077
1.9546153846153846
2.0749999999999997
1.956923076923077
1.8519230769230768
1.9426923076923077
1.8599999999999999
1.8573076923076923
1.7857692307692308
1.8665384615384615
1.995
1.8896153846153847
1.7196153846153845
1.7026923076923077
1.7123076923076925
1.6396153846153847
1.6253846153846152
1.6907692307692308
1.5923076923076922
1.5957692307692308
1.558076923076923
1.536923076923077
1.5473076923076923
1.3580769230769232
1.458846153846154
1.4211538461538462
1.2996153846153846
1.3507692307692307
1.3842307692307694
1.375
1.5050000000000001
1.4353846153846155
1.5403846153846152
1.5607692307692307
1.4446153846153846
1.406923076923077
1.4803846153846154
1.248076923076923
1.361923076923077
1.3592307692307695
1.2826923076923078
1.24
1.0538461538461539
1.0965384615384617
1.0142307692307693
0.9576923076923076
1.0353846153846153
1.0315384615384615
1.2615384615384615
1.2999999999999998
1.1180769230769232
0.9411538461538461
1.018846153846154
1.0684615384615386
1.0173076923076922
0.9746153846153847
1.0857692307692308
0.9526923076923077
1.0203846153846154
0.8942307692307693
0.8280769230769232
0.755
0.72
0.7776923076923077
0.7465384615384616
0.8876923076923077
0.8488461538461538
0.8469230769230769
0.7542307692307693
0.6853846153846154
0.7342307692307692
0.8476923076923076
0.8388461538461538
0.6592307692307693
0.625
0.6180769230769231
0.6
0.6
0.6330769230769231
0.6746153846153846
0.6257692307692307
0.6661538461538462
0.6661538461538462
0.6138461538461538
0.6153846153846154
0.7261538461538463
0.6003846153846154
0.5407692307692308
0.6561538461538461
0.7134615384615385
0.5557692307692308
0.5169230769230769
0.49230769230769234
0.4230769230769231
0.44884615384615384
0.4592307692307692
0.45961538461538465
0.39692307692307693
0.35615384615384615
0.39076923076923076
0.4
0.3403846153846154
0.3507692307692307
0.5173076923076922
0.58
0.42769230769230765
0.39538461538461533
0.44307692307692303
0.39384615384615385
0.37730769230769234
0.33999999999999997
0.17884615384615385
0.3342307692307693
0.2976923076923077
0.24884615384615383
0.4253846153846154
0.3873076923076923
0.28692307692307695
0.28384615384615386
0.35500000000000004
0.2561538461538462
0.32769230769230767
0.1896153846153846
0.2761538461538462
0.38769230769230767
0.3469230769230769
0.33653846153846156
0.3765384615384615
0.4676923076923077
0.43230769230769234
0.28076923076923077
0.2846153846153846
0.32500000000000007
0.3734615384615385
0.33999999999999997
0.3761538461538461
0.3026923076923077
0.29615384615384616
0.31769230769230766
0.2796153846153846
0.3438461538461538
0.37730769230769234
0.48230769230769227
0.36230769230769233
0.26807692307692305
0.2692307692307692
0.2323076923076923
0.24538461538461537
0.36538461538461536
0.3792307692307692
0.41923076923076924
