pet
0.33384615384615385
0.31153846153846154
0.275
0.2630769230769231
0.33576923076923076
0.34307692307692306
0.4284615384615385
0.3173076923076923
0.3173076923076923
0.38884615384615384
0.4573076923076923
0.4380769230769231
0.3988461538461538
0.35923076923076924
0.4326923076923077
0.3861538461538461
0.3403846153846154
0.42461538461538456
0.4653846153846154
0.34769230769230774
0.25153846153846154
0.3223076923076923
0.33615384615384614
0.4073076923076923
0.4153846153846154
0.40538461538461534
0.45461538461538464
0.4665384615384615
0.3946153846153846
0.42230769230769233
0.5161538461538462
0.5030769230769231
0.49923076923076926
0.45615384615384613
0.5438461538461539
0.5057692307692307
0.3988461538461538
0.4623076923076923
0.46653846153846157
0.4115384615384615
0.40923076923076923
0.5399999999999999
0.5323076923076923
0.4015384615384615
0.5399999999999999
0.6465384615384615
0.5511538461538461
0.5907692307692307
0.551923076923077
0.6496153846153846
0.6665384615384616
0.7057692307692308
0.6992307692307692
0.6569230769230768
0.5473076923076923
0.6357692307692309
0.571923076923077
0.5592307692307692
0.5823076923076923
0.5688461538461538
0.5857692307692308
0.49769230769230766
0.4573076923076923
0.5923076923076923
0.7561538461538462
0.8446153846153847
0.9019230769230769
0.9969230769230768
0.9623076923076923
0.9238461538461539
0.7973076923076923
0.825
1.0184615384615385
1.1315384615384614
1.05
1.111923076923077
0.9707692307692307
1.0365384615384614
1.005
1.0003846153846154
1.0326923076923078
1.1407692307692308
1.1596153846153845
1.218076923076923
1.2296153846153846
1.1711538461538462
1.3030769230769232
1.28
1.376923076923077
1.4296153846153847
1.3776923076923078
1.3838461538461537
1.3926923076923077
1.3276923076923075
1.4457692307692307
1.4038461538461537
1.163846153846154
1.4334615384615386
1.496923076923077
1.3803846153846153
1.4753846153846153
1.3753846153846152
1.558076923076923
1.6719230769230768
1.613076923076923
1.603076923076923
1.6242307692307691
1.5284615384615385
1.5492307692307692
1.8023076923076924
2.061923076923077
2.0542307692307693
2.0930769230769233
2.123846153846154
1.916923076923077
1.7438461538461536
1.7950000000000002
1.7084615384615385
1.6896153846153845
1.8396153846153847
1.9826923076923075
2.0123076923076924
2.0976923076923075
2.0384615384615383
2.083076923076923
2.0523076923076924
2.3984615384615386
2.2819230769230767
2.3265384615384614
2.414230769230769
2.1819230769230766
2.270769230769231
2.191153846153846
2.205
2.425
2.2934615384615387
2.2265384615384614
2.1915384615384617
2.255
2.271923076923077
2.349615384615385
2.2403846153846154
2.2884615384615383
2.249615384615385
2.4476923076923076
2.3953846153846152
2.4888461538461537
2.4430769230769234
2.5034615384615386
2.5311538461538463
2.668846153846154
2.7734615384615386
2.5250000000000004
2.31
2.2084615384615387
2.190769230769231
2.1726923076923077
2.213846153846154
2.2326923076923078
2.330769230769231
2.355384615384615
2.198846153846154
2.126923076923077
2.148076923076923
2.2257692307692305
2.1996153846153845
2.4742307692307692
2.38
2.5034615384615386
2.3853846153846154
2.230384615384615
2.210769230769231
2.2023076923076923
2.319230769230769
2.3003846153846155
2.426153846153846
2.5969230769230767
2.3246153846153845
2.4026923076923077
2.453076923076923
2.3515384615384614
2.460384615384615
2.3953846153846152
2.404230769230769
2.3253846153846154
2.3607692307692307
2.2830769230769232
2.294230769230769
2.360384615384615
2.4896153846153846
2.4134615384615383
2.297307692307692
2.2615384615384615
2.1276923076923078
2.3096153846153844
2.3315384615384613
2.326923076923077
2.3953846153846152
2.6253846153846156
2.6107692307692307
2.291153846153846
2.2326923076923078
2.308846153846154
2.426153846153846
2.250769230769231
2.481923076923077
2.288076923076923
2.23
2.171923076923077
2.161538461538462
2.059230769230769
2.0684615384615386
2.2703846153846152
2.2315384615384617
2.204230769230769
2.0696153846153846
2.0984615384615384
2.1203846153846153
1.9930769230769232
2.1815384615384614
2.151153846153846
1.9757692307692307
2.1303846153846155
2.081153846153846
2.0953846153846154
2.0057692307692307
1.8061538461538462
1.8507692307692307
1.8565384615384615
1.7607692307692309
1.8407692307692307
1.78
1.7746153846153847
1.865
1.7661538461538462
1.5957692307692308
1.7492307692307691
1.548846153846154
1.5230769230769232
1.4334615384615386
1.3976923076923076
1.4734615384615386
1.418076923076923
1.4073076923076924
1.6688461538461539
1.4765384615384616
1.6246153846153848
1.5734615384615387
1.5503846153846155
1.4984615384615385
1.4792307692307693
1.4707692307692308
1.6057692307692308
1.4696153846153845
1.4026923076923077
1.286923076923077
1.231153846153846
1.3023076923076924
1.1700000000000002
1.1776923076923078
1.2042307692307692
1.2515384615384615
1.211153846153846
1.2734615384615384
1.195
1.155
1.0334615384615384
1.0811538461538461
1.036923076923077
1.0988461538461538
1.2042307692307692
1.1603846153846153
1.2492307692307691
1.0296153846153846
0.9588461538461538
0.9073076923076923
0.8565384615384615
0.8857692307692309
0.7926923076923077
0.8969230769230769
1.055
0.8746153846153847
0.9750000000000001
0.7742307692307692
0.8584615384615385
0.913076923076923
0.8150000000000001
0.8038461538461538
0.7780769230769231
0.6676923076923077
0.7442307692307693
0.6726923076923078
0.6461538461538462
0.7219230769230769
0.6192307692307693
0.7461538461538461
0.7861538461538462
0.7446153846153846
0.7234615384615384
0.8042307692307692
0.7288461538461538
0.713076923076923
0.7961538461538461
0.6846153846153846
0.6411538461538461
0.6319230769230769
0.5511538461538461
0.5615384615384615
0.5576923076923077
0.533076923076923
0.4238461538461538
0.46153846153846156
0.46653846153846157
0.5180769230769231
0.4665384615384615
0.4215384615384616
0.4269230769230769
0.4626923076923077
0.5784615384615385
0.4342307692307692
0.4823076923076923
0.4330769230769231
0.37730769230769234
0.3457692307692308
0.34500000000000003
0.25038461538461537
0.28615384615384615
0.3069230769230769
0.3226923076923077
0.41384615384615386
0.39807692307692305
0.4157692307692308
0.38461538461538464
0.39115384615384613
0.35307692307692307
0.3353846153846154
0.2784615384615385
0.30692307692307697
0.4053846153846154
0.43653846153846154
0.35461538461538467
0.37846153846153846
0.30692307692307697
0.34769230769230763
0.32076923076923075
0.40884615384615386
0.2988461538461539
0.3126923076923077
0.3203846153846154
0.3426923076923077
0.2811538461538462
0.3
0.29230769230769227
0.33999999999999997
0.48000000000000004
0.47423076923076923
0.5638461538461539
0.4673076923076923
0.37884615384615383
0.36692307692307696
0.33692307692307694
0.2676923076923077
0.43153846153846154
0.4757692307692307
0.4926923076923077
