pet
0.48888888888888893
0.3466666666666667
0.22444444444444445
0.26611111111111113
0.2977777777777778
0.30166666666666664
0.38833333333333336
0.36666666666666664
0.43555555555555553
0.3566666666666667
0.4172222222222222
0.5227777777777778
0.5944444444444444
0.5610526315789474
0.5357894736842105
0.5284210526315789
0.4515789473684211
0.4784210526315789
0.5284210526315789
0.5652631578947368
0.5642105263157895
0.4515789473684211
0.42894736842105263
0.3684210526315789
0.25315789473684214
0.428421052631579
0.33210526315789474
0.3957894736842105
0.4931578947368421
0.4473684210526316
0.46578947368421053
0.5178947368421053
0.6231578947368421
0.7331578947368421
0.7615789473684211
0.8705263157894736
0.7094736842105264
0.4957894736842105
0.5610526315789474
0.5199999999999999
0.45894736842105266
0.5957894736842105
0.5310526315789473
0.4947368421052632
0.6236842105263157
0.6089473684210527
0.5510526315789473
0.6031578947368421
0.6373684210526316
0.6452631578947369
0.6115789473684211
0.6473684210526315
0.7594736842105263
0.758421052631579
0.6136842105263158
0.58
0.5463157894736842
0.711578947368421
0.5847368421052631
0.5631578947368421
0.5552631578947369
0.7468421052631579
0.9189473684210526
0.9215789473684209
1.1021052631578947
1.0978947368421053
1.0242105263157895
1.06
1.071578947368421
1.1542105263157894
1.1436842105263159
1.1389473684210527
1.1494736842105262
1.011578947368421
1.2231578947368422
1.2736842105263158
1.0010526315789474
0.9431578947368422
1.0826315789473684
1.1831578947368422
1.1042105263157895
1.0521052631578947
1.0421052631578949
1.0063157894736843
1.1626315789473685
1.1068421052631578
1.0726315789473684
1.3942105263157893
1.536315789473684
1.6621052631578948
1.6405263157894738
1.216842105263158
1.1226315789473684
1.2042105263157894
1.433684210526316
1.315263157894737
1.2957894736842106
1.5210526315789472
1.5421052631578949
1.66
1.5252631578947369
1.2573684210526317
1.2389473684210526
1.3078947368421054
1.3989473684210525
1.496842105263158
1.4436842105263157
1.4010526315789473
1.313157894736842
1.6021052631578947
1.7231578947368422
1.5694736842105264
1.7157894736842105
1.7289473684210528
1.6531578947368422
1.7326315789473685
1.8468421052631576
1.923157894736842
1.9705263157894735
2.0726315789473686
2.3173684210526315
2.1357894736842105
2.245789473684211
2.142105263157895
1.9021052631578947
2.184736842105263
2.3836842105263156
2.1905263157894734
2.0594736842105266
2.090526315789474
1.892105263157895
2.1189473684210527
2.218947368421053
2.3926315789473684
2.273157894736842
2.1721052631578948
2.22
2.14421052631579
2.1457894736842102
2.41
2.3000000000000003
2.4342105263157894
2.5889473684210524
2.432105263157895
2.52
2.5431578947368423
2.446842105263158
2.555789473684211
2.47
2.62
2.7789473684210524
2.504736842105263
2.2578947368421054
1.9742105263157894
1.898421052631579
2.064736842105263
2.0721052631578947
2.1478947368421055
2.196315789473684
2.2805263157894737
2.153684210526316
2.1
2.1457894736842102
2.424736842105263
2.303157894736842
2.3815789473684212
2.4278947368421053
2.4368421052631577
2.4626315789473683
2.5136842105263155
2.4563157894736842
2.2626315789473685
2.0473684210526315
2.38
2.4015789473684213
2.588421052631579
2.4989473684210526
2.409473684210526
2.4926315789473685
2.506842105263158
2.203157894736842
2.234736842105263
2.371052631578947
2.571578947368421
2.621578947368421
2.3826315789473687
2.446315789473684
2.466842105263158
2.301578947368421
2.24
2.284736842105263
2.3626315789473686
2.078421052631579
2.211578947368421
2.2957894736842106
2.3505263157894736
2.166315789473684
2.1826315789473685
2.215263157894737
2.563684210526316
2.423157894736842
2.196842105263158
2.2578947368421054
2.3663157894736844
2.345263157894737
2.304736842105263
2.291578947368421
2.3021052631578947
2.527368421052632
2.332105263157895
2.2494736842105265
2.217368421052632
2.3257894736842104
2.392105263157895
2.247894736842105
2.1389473684210527
2.195263157894737
2.201578947368421
2.1473684210526316
2.122105263157895
2.0736842105263156
1.9826315789473685
1.9657894736842105
2.099473684210526
2.1052631578947367
2.0489473684210524
2.0463157894736845
1.9505263157894739
2.0363157894736843
2.0031578947368422
1.922105263157895
1.989473684210526
1.8510526315789475
1.6231578947368421
1.5347368421052632
1.6531578947368422
1.5589473684210526
1.5578947368421054
1.5742105263157895
1.7826315789473683
1.5863157894736843
1.571578947368421
1.4773684210526317
1.6089473684210527
1.6957894736842105
1.5457894736842104
1.5063157894736843
1.411578947368421
1.2778947368421054
1.3452631578947367
1.4494736842105262
1.3905263157894738
1.4173684210526316
1.423157894736842
1.2947368421052632
1.1321052631578947
1.1147368421052632
1.0905263157894736
1.19
1.226842105263158
1.2626315789473685
1.3026315789473684
1.4221052631578948
1.4263157894736842
1.2305263157894737
1.2268421052631577
1.0657894736842106
1.055263157894737
0.9347368421052632
1.0005263157894737
1.2721052631578948
1.31
1.308421052631579
1.2205263157894735
1.1878947368421053
1.1194736842105264
1.1210526315789473
1.0763157894736841
0.9721052631578947
0.9757894736842104
1.0868421052631578
1.17
0.8494736842105264
0.9142105263157895
0.8963157894736843
1.0621052631578947
1.08
0.8252631578947368
0.9505263157894737
0.7373684210526316
0.6252631578947369
0.6289473684210527
0.6042105263157895
0.6805263157894736
0.6642105263157895
0.7394736842105264
0.7352631578947368
0.748421052631579
0.6094736842105263
0.6078947368421053
0.6021052631578947
0.48578947368421055
0.4863157894736842
0.5347368421052632
0.5052631578947369
0.5047368421052632
0.5842105263157894
0.5531578947368421
0.5268421052631579
0.5873684210526315
0.6331578947368421
0.49105263157894735
0.48736842105263156
0.49526315789473685
0.39789473684210525
0.4163157894736842
0.4947368421052632
0.45789473684210524
0.5378947368421052
0.48157894736842105
0.41947368421052633
0.3952631578947368
0.3057894736842105
0.31842105263157894
0.42894736842105263
0.3910526315789474
0.6122222222222222
0.5244444444444444
0.40222222222222226
0.4061111111111111
0.4961111111111111
0.43555555555555553
0.4305555555555556
0.6233333333333333
0.5
0.6144444444444445
0.5122222222222222
0.29
0.3661111111111111
0.3672222222222222
0.30888888888888894
0.3794444444444445
0.3983333333333333
0.3922222222222222
0.44999999999999996
0.38
0.3488888888888889
0.4366666666666667
0.4205555555555555
0.5011111111111111
0.36444444444444446
0.33055555555555555
0.2222222222222222
0.26555555555555554
0.35833333333333334
0.38222222222222224
0.4116666666666667
0.5066666666666667
0.36000000000000004
0.2777777777777778
0.21944444444444444
0.37
0.32611111111111113
0.32
0.2922222222222222
