temperature
2.401111111111111
1.3683333333333332
0.9633333333333334
1.01
1.3099999999999998
1.3138888888888889
1.4194444444444445
1.6322222222222222
1.8455555555555554
1.5883333333333334
1.8411111111111111
2.3116666666666665
2.7605555555555554
2.7636842105263155
2.6368421052631574
2.4589473684210525
2.1642105263157894
2.2573684210526315
2.491578947368421
2.5657894736842106
2.506842105263158
2.017894736842105
1.928421052631579
1.2521052631578946
0.36526315789473685
1.1473684210526314
1.0878947368421052
1.5515789473684212
1.7536842105263157
1.4057894736842105
1.5836842105263158
2.1752631578947366
2.462105263157895
2.9573684210526316
2.909473684210526
3.452105263157895
2.5773684210526313
1.5552631578947367
1.6973684210526316
1.4926315789473683
1.5210526315789474
2.06
1.8505263157894738
1.4242105263157894
1.8394736842105264
1.8931578947368422
1.3736842105263158
1.9557894736842103
2.1973684210526314
2.241052631578947
2.1405263157894736
2.3157894736842106
2.5873684210526315
2.544736842105263
2.107894736842105
1.7884210526315787
1.5263157894736843
2.113157894736842
1.2531578947368422
0.83
1.3236842105263158
2.2026315789473685
3.0921052631578947
2.937894736842105
3.8173684210526315
3.741578947368421
3.5968421052631583
3.8415789473684208
3.835263157894737
4.122105263157894
4.077894736842105
3.891578947368421
3.5310526315789477
3.196315789473684
4.0815789473684205
4.286315789473684
3.3326315789473684
3.1257894736842107
3.4584210526315795
4.09578947368421
3.7957894736842106
3.5878947368421055
3.617894736842105
3.4705263157894737
4.067368421052632
3.7947368421052627
3.4826315789473683
4.78578947368421
5.3978947368421055
5.86421052631579
5.553684210526316
4.046842105263158
3.5078947368421054
3.9321052631578945
4.830526315789474
4.482631578947369
4.38578947368421
5.12
5.049473684210526
5.616315789473684
5.138947368421053
4.285263157894737
3.630526315789474
4.3510526315789475
4.637368421052631
5.118421052631579
4.861052631578947
4.900526315789474
4.53578947368421
5.760526315789474
6.127894736842106
5.571578947368421
5.9389473684210525
6.1626315789473685
5.8921052631578945
6.253684210526315
6.4731578947368416
6.807894736842105
7.193684210526317
7.565263157894736
7.981578947368422
7.314210526315789
7.7563157894736845
7.518947368421052
6.645789473684211
7.56842105263158
8.233157894736843
7.741578947368422
7.32842105263158
7.415789473684211
6.784736842105263
7.548421052631579
7.798421052631579
8.42
8.06421052631579
7.815263157894737
8.047368421052632
7.7368421052631575
7.822105263157895
8.682105263157895
8.455789473684211
8.900526315789474
9.438421052631579
9.045263157894738
9.305263157894737
9.455789473684211
9.196315789473683
9.589473684210526
9.375789473684211
9.872105263157895
10.266315789473685
10.173684210526316
9.51157894736842
8.876842105263158
8.657368421052633
9.190000000000001
9.216842105263158
9.553684210526317
9.940000000000001
10.230526315789474
9.761052631578949
9.728947368421052
9.991052631578947
10.83578947368421
10.515263157894736
10.887368421052633
11.110526315789473
11.14578947368421
11.39578947368421
11.656315789473684
11.54
11.04
10.47
11.563684210526317
11.621578947368421
12.222631578947368
12.122631578947368
11.93421052631579
12.183684210526316
12.347894736842106
11.615263157894736
11.684736842105263
12.106842105263159
12.907368421052633
13.140526315789472
12.504736842105263
12.778421052631579
12.92157894736842
12.458421052631579
12.32421052631579
12.533684210526316
12.809999999999999
11.996315789473684
12.427894736842106
12.734736842105264
12.906315789473684
12.480526315789474
12.58421052631579
12.81421052631579
13.846315789473683
13.514736842105261
12.88578947368421
13.172105263157896
13.506315789473684
13.437368421052632
13.270526315789475
13.382631578947368
13.442631578947369
14.150526315789474
13.61
13.372631578947368
13.287368421052632
13.712105263157893
13.920000000000002
13.455263157894738
13.08
13.332631578947368
13.367368421052632
13.150526315789474
13.123684210526315
12.947894736842105
12.73578947368421
12.67157894736842
13.178947368421053
13.187894736842106
13.100526315789473
13.12
12.772105263157895
13.020526315789473
12.990526315789474
12.723684210526315
12.854736842105263
12.471052631578948
11.773157894736842
11.446315789473683
11.841052631578947
11.614736842105264
11.56578947368421
11.646315789473684
12.398421052631578
11.753157894736843
11.626315789473685
11.34
11.67421052631579
11.858421052631579
11.238947368421051
11.152105263157894
10.81578947368421
10.368421052631579
10.643684210526315
10.946842105263158
10.822105263157894
10.866842105263158
10.687368421052632
10.328947368421053
9.727368421052631
9.69
9.572105263157894
9.838947368421053
10.055263157894737
10.302105263157895
10.277368421052632
10.713684210526315
10.66263157894737
9.98
9.984736842105264
9.234736842105264
9.292105263157895
8.76842105263158
8.628421052631579
9.88421052631579
9.935263157894738
9.890526315789474
9.450526315789475
9.31421052631579
8.813684210526317
8.666315789473684
8.649473684210527
8.33842105263158
8.214210526315789
8.570526315789474
8.971578947368421
7.59578947368421
7.689473684210526
7.628947368421052
8.148947368421053
8.183157894736842
7.105263157894737
7.422631578947368
6.6957894736842105
6.224736842105263
6.131052631578947
5.872105263157894
6.256842105263158
6.075263157894736
6.32
6.38421052631579
6.399473684210527
5.806842105263158
5.869473684210527
5.712105263157895
4.862105263157894
4.953157894736842
5.24421052631579
5.016842105263158
4.9457894736842105
5.220000000000001
4.99421052631579
4.955263157894737
5.2357894736842105
5.498421052631579
4.362631578947369
4.3521052631578945
4.636842105263159
4.223157894736842
3.9731578947368424
4.258947368421053
4.323684210526316
4.6478947368421055
4.035263157894737
3.4294736842105262
3.556842105263158
2.9926315789473685
3.0278947368421054
3.318947368421053
2.945263157894737
4.092777777777778
3.6205555555555557
3.233888888888889
3.2105555555555556
3.6999999999999997
3.408888888888889
3.052222222222222
4.276666666666667
3.7133333333333334
4.139444444444445
3.5144444444444445
2.357222222222222
2.567222222222222
2.318888888888889
1.8233333333333333
2.4922222222222223
2.835
2.6983333333333333
2.9005555555555556
2.5011111111111113
1.8327777777777778
2.2572222222222225
2.661111111111111
3.1366666666666667
2.2622222222222224
1.913333333333333
1.366111111111111
1.1
1.7844444444444443
2.3655555555555554
2.3183333333333334
2.917777777777778
1.7627777777777778
0.6638888888888889
0.18055555555555547
0.7594444444444446
0.4644444444444443
0.9733333333333333
1.0016666666666667
