pet
0.4015384615384615
0.46153846153846156
0.34346153846153843
0.4046153846153846
0.5988461538461538
0.40884615384615386
0.43730769230769234
0.5392307692307692
0.6042307692307692
0.6392307692307693
0.4846153846153846
0.455
0.4888461538461539
0.5446153846153846
0.5707692307692308
0.4776923076923077
0.30115384615384616
0.3807692307692308
0.40115384615384614
0.4523076923076923
0.6453846153846154
0.5892307692307692
0.6034615384615385
0.5711538461538461
0.5319230769230769
0.45038461538461544
0.485
0.4815384615384615
0.5576923076923077
0.5142307692307692
0.5396153846153846
0.5142307692307692
0.49230769230769234
0.5746153846153846
0.5726923076923077
0.7492307692307693
0.786923076923077
0.6588461538461539
0.5784615384615385
0.5965384615384616
0.5426923076923077
0.5603846153846154
0.4584615384615385
0.4123076923076923
0.3988461538461538
0.4423076923076923
0.4284615384615385
0.5530769230769231
0.5334615384615384
0.5126923076923077
0.5473076923076923
0.6319230769230769
0.6723076923076923
0.7796153846153846
0.6492307692307692
0.6384615384615385
0.678076923076923
0.8080769230769231
0.7673076923076922
0.8273076923076924
0.9776923076923077
0.9396153846153846
0.931923076923077
1.0584615384615383
1.115
1.156153846153846
1.1642307692307692
1.091923076923077
1.3265384615384617
1.1930769230769231
1.2
1.1726923076923077
1.1242307692307691
1.0865384615384615
1.2026923076923077
1.3146153846153845
1.3673076923076921
1.1303846153846153
1.2630769230769232
1.25
1.1938461538461538
1.4476923076923076
1.4392307692307693
1.390769230769231
1.3576923076923075
1.3188461538461538
1.3007692307692307
1.2884615384615385
1.3680769230769232
1.698846153846154
1.6815384615384614
1.511923076923077
1.32
1.275
1.4926923076923078
1.541153846153846
1.5334615384615384
1.3457692307692308
1.5792307692307692
1.873076923076923
1.8857692307692309
1.8030769230769232
1.6465384615384617
1.7669230769230768
1.9249999999999998
1.9773076923076924
1.8084615384615386
1.9092307692307693
2.0615384615384618
1.9203846153846154
2.044230769230769
2.3007692307692307
1.9361538461538461
1.926923076923077
1.9942307692307693
1.9265384615384618
1.8661538461538463
1.9619230769230769
1.9992307692307691
2.1373076923076924
2.141923076923077
2.2584615384615385
2.2015384615384614
2.256153846153846
2.3434615384615385
2.358846153846154
2.572307692307692
2.536538461538462
2.503076923076923
2.565
2.458846153846154
2.578461538461539
2.549615384615385
2.545769230769231
2.6496153846153847
2.6076923076923078
2.433076923076923
2.5215384615384617
2.6599999999999997
2.92
2.709230769230769
2.891153846153846
2.848076923076923
2.921923076923077
2.821153846153846
2.8861538461538463
2.6515384615384616
2.6076923076923078
2.769615384615385
2.6903846153846156
2.9084615384615384
2.9007692307692308
2.6792307692307693
2.5696153846153846
2.581153846153846
2.7476923076923074
2.700384615384615
2.713076923076923
2.793846153846154
2.6680769230769235
2.625
2.628076923076923
2.590384615384615
2.68
2.6076923076923078
2.565
2.840384615384615
2.6346153846153846
2.683846153846154
2.781538461538461
2.835
2.6515384615384616
2.5626923076923074
2.5473076923076925
2.718461538461539
2.8573076923076925
2.9403846153846156
2.835769230769231
2.8242307692307693
2.7915384615384613
2.9857692307692307
2.9465384615384616
2.8146153846153847
2.9165384615384613
3.1592307692307693
3.0523076923076924
3.1123076923076924
3.2346153846153842
3.2734615384615386
3.085769230769231
3.045769230769231
3.1149999999999998
2.9865384615384616
3.1811538461538458
3.165769230769231
3.038846153846154
2.8776923076923073
2.811923076923077
2.835384615384615
3.1723076923076925
3.024230769230769
2.921923076923077
2.9842307692307695
2.8784615384615386
2.818076923076923
3.0069230769230773
3.081153846153846
3.148846153846154
3.1265384615384617
3.2096153846153848
3.3984615384615386
3.1215384615384614
2.965384615384615
3.0761538461538462
3.023076923076923
2.8776923076923078
2.8684615384615384
2.826923076923077
2.7576923076923077
2.8092307692307696
2.852307692307692
2.7553846153846155
2.8430769230769233
2.7757692307692308
2.835384615384615
3.043461538461538
2.950384615384615
2.746923076923077
2.6134615384615385
2.787692307692308
2.891153846153846
2.873076923076923
2.855
2.5203846153846152
2.379230769230769
2.3888461538461536
2.4815384615384612
2.3584615384615386
2.2823076923076924
2.361923076923077
2.505
2.3053846153846154
2.2146153846153847
2.2965384615384616
2.2800000000000002
2.183076923076923
2.2673076923076922
2.1326923076923077
1.9830769230769232
2.21
2.1623076923076923
2.272692307692308
2.0242307692307695
1.9561538461538461
1.878076923076923
1.7511538461538463
1.7326923076923075
1.7157692307692307
1.876923076923077
1.8107692307692307
1.7984615384615383
1.6080769230769232
1.7373076923076924
1.8138461538461537
1.655
1.8146153846153845
1.5096153846153846
1.5373076923076923
1.5638461538461537
1.4515384615384617
1.5496153846153846
1.6111538461538462
1.551923076923077
1.4280769230769232
1.44
1.3807692307692307
1.4038461538461537
1.3273076923076923
1.3757692307692306
1.1626923076923077
1.3503846153846153
1.4415384615384614
1.2953846153846154
1.3103846153846155
1.2403846153846154
1.0403846153846155
0.9257692307692308
0.9523076923076922
0.8523076923076923
0.955
1.0061538461538462
0.98
0.8242307692307692
0.7523076923076922
0.8311538461538461
0.9584615384615385
0.981923076923077
0.9230769230769231
0.8703846153846153
0.8442307692307692
0.8138461538461539
0.7807692307692308
0.9765384615384616
0.95
0.8896153846153846
0.905
0.788076923076923
0.7461538461538461
0.6157692307692308
0.5742307692307692
0.833076923076923
0.7403846153846154
0.7003846153846154
0.7953846153846154
0.5869230769230769
0.5142307692307693
0.5292307692307692
0.5307692307692308
0.5234615384615384
0.4230769230769231
0.4942307692307692
0.6011538461538461
0.39384615384615385
0.3384615384615385
0.44576923076923075
0.5634615384615385
0.6884615384615386
0.51
0.575
0.4703846153846154
0.41615384615384615
0.37730769230769234
0.3376923076923077
0.46076923076923076
0.5265384615384615
0.6500000000000001
0.6215384615384616
0.5588461538461539
0.4226923076923077
0.38846153846153847
0.39538461538461533
0.38923076923076927
0.3038461538461539
0.3823076923076923
0.4015384615384615
0.4273076923076923
0.3669230769230769
0.4257692307692308
0.41923076923076924
0.3792307692307692
0.4423076923076923
0.38961538461538464
0.4453846153846154
0.5161538461538462
0.5492307692307693
0.5180769230769231
0.5134615384615384
0.5269230769230769
0.5088461538461538
0.5530769230769231
0.5965384615384616
0.6684615384615384
0.5076923076923077
0.3807692307692308
0.42230769230769233
