pet
0.3376923076923077
0.3307692307692308
0.32076923076923075
0.3269230769230769
0.336923076923077
0.40846153846153843
0.39076923076923076
0.2969230769230769
0.3376923076923077
0.31153846153846154
0.33076923076923076
0.3392307692307692
0.26
0.24769230769230768
0.3776923076923077
0.3638461538461539
0.30615384615384617
0.2469230769230769
0.1992307692307692
0.21461538461538462
0.3169230769230769
0.48307692307692307
0.4238461538461538
0.6053846153846154
0.5515384615384615
0.36615384615384616
0.2723076923076923
0.37692307692307697
0.23153846153846155
0.21846153846153846
0.3261538461538462
0.26153846153846155
0.38846153846153847
0.30538461538461537
0.2853846153846154
0.3676923076923077
0.2653846153846154
0.24923076923076926
0.3707692307692308
0.3676923076923077
0.19307692307692306
0.17538461538461542
0.3584615384615385
0.3853846153846154
0.5792307692307692
0.6761538461538461
0.6092307692307692
0.5653846153846154
0.5484615384615384
0.6530769230769231
0.7123076923076923
0.7207692307692308
0.7246153846153847
0.6992307692307692
0.6630769230769231
0.7338461538461538
0.66
0.6992307692307692
0.6661538461538462
0.6923076923076923
0.5723076923076923
0.5707692307692308
0.40384615384615385
0.6546153846153846
0.7346153846153846
0.7453846153846155
0.74
0.6661538461538462
0.7961538461538461
0.8715384615384616
0.9246153846153846
1.0284615384615383
1.0753846153846154
1.0623076923076924
0.9461538461538461
0.9007692307692307
1.0146153846153845
1.2346153846153847
1.1115384615384616
1.2546153846153845
1.1815384615384614
1.0592307692307692
1.1392307692307693
1.3053846153846154
1.1292307692307693
1.24
1.293076923076923
1.1023076923076922
1.0515384615384615
0.9015384615384616
0.9761538461538461
1.1153846153846154
1.1315384615384616
1.06
1.359230769230769
1.669230769230769
1.4723076923076923
1.59
1.4538461538461538
1.5615384615384615
1.3907692307692305
1.3984615384615384
1.43
1.5623076923076922
1.756153846153846
1.6984615384615382
1.6092307692307695
1.8492307692307692
2.0415384615384613
1.9721428571428572
1.9135714285714285
2.06
1.8678571428571427
1.6792857142857145
1.6964285714285714
1.5885714285714285
1.4242857142857144
1.5842857142857143
1.5214285714285716
1.5357142857142858
1.5471428571428572
1.532857142857143
1.6207142857142856
2.0421428571428573
2.1735714285714285
1.9428571428571428
1.792142857142857
2.1485714285714286
2.042857142857143
2.0571428571428574
1.9035714285714285
1.9914285714285715
1.9321428571428572
2.1014285714285714
2.2407142857142857
2.1035714285714286
2.2664285714285715
2.2714285714285714
2.6392857142857147
2.567857142857143
2.505714285714286
2.302857142857143
2.369285714285714
2.5221428571428572
2.415714285714286
2.36
2.3299999999999996
2.3592857142857144
2.448571428571429
2.3007142857142857
2.6285714285714286
2.532857142857143
2.3957142857142855
2.1342857142857143
1.8628571428571428
1.905
1.84
2.0
2.0785714285714287
2.0949999999999998
2.209285714285714
2.0021428571428572
2.0092857142857143
2.077142857142857
2.0414285714285714
2.21
2.4285714285714284
2.2885714285714287
2.11
1.8785714285714283
2.0814285714285714
2.2014285714285715
2.312142857142857
2.312142857142857
2.1135714285714284
2.0492857142857144
2.2528571428571427
2.597142857142857
2.419285714285714
2.358571428571429
2.2792857142857144
2.457142857142857
2.177857142857143
2.4285714285714284
2.1614285714285715
2.295714285714286
2.2135714285714285
2.197142857142857
2.1085714285714285
1.945714285714286
2.132857142857143
2.2135714285714285
2.0185714285714282
2.0742857142857143
2.2199999999999998
2.1592857142857143
2.59
2.3885714285714283
2.392857142857143
2.3442857142857143
2.189285714285714
2.072857142857143
2.250714285714286
2.4457142857142857
2.1878571428571427
2.2085714285714286
2.407857142857143
2.2871428571428574
2.0364285714285715
1.9600000000000002
1.7514285714285713
1.8985714285714284
2.059285714285714
2.162857142857143
2.132142857142857
2.017142857142857
1.9292857142857145
1.8949999999999998
1.8985714285714284
1.9314285714285713
1.7328571428571427
1.707142857142857
1.667142857142857
1.8157142857142858
1.9321428571428572
1.865
1.667142857142857
1.7328571428571427
1.772857142857143
1.637857142857143
1.7750000000000001
1.8435714285714284
1.897857142857143
1.8807142857142856
1.717142857142857
1.49
1.3699999999999999
1.407142857142857
1.3414285714285714
1.4185714285714286
1.3450000000000002
1.3135714285714286
1.1685714285714286
1.4928571428571427
1.8164285714285715
1.7228571428571429
1.6885714285714286
1.532142857142857
1.55
1.5999999999999999
1.6585714285714286
1.5192857142857144
1.5285714285714285
1.397142857142857
1.2835714285714286
1.1885714285714286
1.1528571428571428
1.217142857142857
1.2342857142857144
1.0185714285714285
1.0121428571428572
1.0564285714285713
1.32
1.3178571428571428
1.1442857142857144
1.0657142857142856
1.17
1.28
1.0935714285714286
1.075
1.2264285714285716
1.0457142857142858
0.8607142857142858
0.8430769230769232
0.9446153846153845
0.8615384615384615
0.8484615384615384
0.9576923076923076
0.9530769230769232
0.9607692307692308
1.0799999999999998
0.8530769230769231
0.8415384615384615
0.5807692307692307
0.7215384615384616
0.8692307692307693
0.9115384615384615
0.7307692307692307
0.5192307692307693
0.6369230769230769
0.7646153846153846
0.6476923076923077
0.7861538461538462
0.7692307692307693
0.8015384615384615
0.8438461538461539
0.6661538461538462
0.5399999999999999
0.6692307692307692
0.7023076923076924
0.6384615384615385
0.5007692307692307
0.7107692307692308
0.7969230769230768
0.59
0.5007692307692307
0.4938461538461538
0.28076923076923077
0.34076923076923077
0.4715384615384615
0.25230769230769234
0.44153846153846155
0.4376923076923077
0.34076923076923077
0.48846153846153845
0.4661538461538462
0.5153846153846154
0.6353846153846153
0.7292307692307692
0.5007692307692307
0.46
0.606923076923077
0.38384615384615384
0.3723076923076923
0.40384615384615385
0.28923076923076924
0.28846153846153844
0.22153846153846157
0.2276923076923077
0.4676923076923077
0.29
0.31
0.16999999999999998
0.1930769230769231
0.19307692307692306
0.30692307692307697
0.14076923076923076
0.23692307692307693
0.28923076923076924
0.25461538461538463
0.28153846153846157
0.37153846153846154
0.4138461538461539
0.4169230769230769
0.3823076923076923
0.36
0.24615384615384614
0.40230769230769237
0.4276923076923077
0.3669230769230769
0.3892307692307692
0.53
0.5507692307692308
0.43153846153846154
0.4030769230769231
0.3669230769230769
0.3707692307692308
0.2630769230769231
0.3169230769230769
0.4276923076923077
0.35307692307692307
0.38923076923076927
0.5807692307692307
0.5638461538461539
0.6230769230769231
