temperature
3.177692307692308
2.891538461538462
3.026923076923077
2.689230769230769
2.6484615384615386
2.5492307692307694
2.3776923076923078
2.0323076923076924
2.632307692307692
2.993846153846154
2.920769230769231
3.126153846153846
2.123846153846154
2.4107692307692306
2.8638461538461537
2.526923076923077
2.5707692307692307
2.0430769230769235
1.3123076923076922
1.8761538461538463
2.6723076923076925
3.2515384615384613
2.8084615384615383
4.2299999999999995
4.08
3.0646153846153847
2.4092307692307693
2.736923076923077
1.9869230769230768
2.036153846153846
2.3146153846153847
1.816153846153846
2.396153846153846
2.2899999999999996
2.5353846153846153
3.11
2.4092307692307693
2.394615384615385
2.784615384615385
2.496923076923077
1.133076923076923
1.606923076923077
2.7023076923076923
2.9723076923076923
3.9884615384615385
4.352307692307692
3.9515384615384614
3.6569230769230767
3.2492307692307696
3.882307692307692
4.095384615384615
3.9915384615384615
3.9784615384615383
3.63
3.825384615384616
4.273076923076923
3.8646153846153846
3.8576923076923078
3.5953846153846154
3.7515384615384617
3.293846153846154
3.3400000000000003
2.8076923076923075
3.660769230769231
4.088461538461538
3.9976923076923074
4.116153846153846
3.8346153846153848
4.243846153846154
4.58
4.8
5.271538461538461
5.483846153846153
5.396923076923077
4.812307692307693
4.626153846153846
4.802307692307692
5.924615384615384
5.385384615384615
5.931538461538461
5.5600000000000005
5.202307692307692
5.443076923076924
6.158461538461538
5.222307692307693
5.71076923076923
5.842307692307693
4.967692307692308
4.703846153846154
3.879230769230769
4.406923076923077
5.136153846153846
5.006923076923077
4.736923076923077
5.725384615384614
6.755384615384615
6.16
6.594615384615385
5.97
6.42076923076923
5.802307692307693
5.887692307692307
6.022307692307693
6.418461538461538
7.096923076923076
6.89
6.416923076923077
7.32923076923077
7.989230769230769
7.856428571428572
7.691428571428572
8.183571428571428
7.545
6.75
6.993571428571428
6.5528571428571425
5.864285714285714
6.349285714285714
6.237857142857143
6.346428571428571
6.051428571428572
6.090714285714285
6.472857142857143
7.839285714285714
8.135
7.279285714285714
6.993571428571428
8.167142857142858
7.924285714285714
7.890000000000001
7.274285714285715
7.831428571428572
7.555000000000001
8.342142857142857
8.766428571428571
8.380714285714285
8.944285714285714
9.06
10.177142857142856
10.032142857142857
9.843571428571428
9.312142857142858
9.637857142857143
10.099285714285713
9.833571428571428
9.76142857142857
9.711428571428572
9.873571428571427
10.27
9.906428571428572
11.006428571428572
11.484285714285715
11.293571428571429
10.542857142857143
9.722857142857142
9.944999999999999
9.759285714285713
10.252857142857142
10.565
10.785
11.257857142857143
10.709285714285715
10.866428571428571
11.059285714285712
11.065714285714284
11.744285714285713
12.502857142857142
12.124285714285715
11.633571428571429
10.955714285714285
11.680000000000001
12.045714285714284
12.560714285714285
12.59
11.964285714285714
11.787142857142857
12.665000000000001
13.767142857142858
13.271428571428572
13.142857142857142
12.952857142857143
13.49642857142857
12.598571428571429
13.605714285714285
12.819999999999999
13.319999999999999
13.0
12.990714285714287
12.812857142857142
12.405000000000001
13.034285714285714
13.301428571428572
12.685714285714285
13.010714285714286
13.513571428571428
13.379999999999999
14.76
14.167857142857143
14.230714285714285
14.111428571428572
13.67
13.36
13.933571428571428
14.632857142857144
13.744285714285715
13.929285714285713
14.65
14.332857142857142
13.542142857142858
13.319285714285714
12.691428571428572
13.215
13.754999999999999
14.0
14.087142857142856
13.71642857142857
13.442857142857141
13.435
13.467857142857142
13.602857142857143
12.898571428571428
12.677857142857144
12.713571428571429
13.267142857142858
13.759285714285713
13.579285714285714
12.828571428571427
13.117857142857144
13.322142857142856
12.857142857142858
13.328571428571427
13.612142857142857
13.760000000000002
13.754999999999999
13.12857142857143
12.183571428571428
11.85
12.104285714285714
11.92357142857143
12.170714285714284
12.057857142857143
11.842142857142857
11.14857142857143
12.345714285714285
13.484285714285715
13.082857142857142
13.075714285714286
12.502142857142857
12.551428571428572
12.642857142857142
12.958571428571428
12.500714285714285
12.557857142857143
12.120714285714286
11.687142857142858
11.358571428571429
11.307142857142859
11.491428571428571
11.53357142857143
10.685
10.402142857142858
10.888571428571428
11.825000000000001
11.551428571428572
11.129285714285714
10.814285714285715
11.027857142857142
11.358571428571429
10.655714285714286
10.645
11.245714285714286
10.51
9.805000000000001
9.297692307692309
9.743076923076924
9.543846153846154
9.165384615384616
9.867692307692307
9.930769230769231
9.720769230769232
10.028461538461539
9.34153846153846
8.886153846153846
8.133076923076924
8.580769230769231
9.30923076923077
9.477692307692308
8.616153846153846
7.846153846153846
8.055384615384614
8.39076923076923
7.66
8.532307692307693
8.333846153846155
8.499230769230769
8.875384615384615
7.8015384615384615
7.552307692307693
7.906923076923077
7.8707692307692305
7.573846153846154
6.785384615384616
7.685384615384615
8.232307692307693
7.260769230769231
6.9192307692307695
6.616923076923077
5.747692307692308
5.343846153846154
6.455384615384616
5.470769230769231
6.105384615384616
5.968461538461539
5.5307692307692315
6.4569230769230765
6.138461538461538
6.281538461538461
6.924615384615384
7.420000000000001
6.26
5.956153846153847
6.01
5.2784615384615385
4.901538461538461
5.033076923076924
4.854615384615385
4.729230769230769
3.9723076923076923
4.108461538461539
4.946153846153846
3.8861538461538463
3.9346153846153844
3.037692307692308
2.8592307692307695
2.7207692307692306
3.689230769230769
2.6246153846153844
2.920769230769231
2.63
2.4284615384615384
3.259230769230769
3.882307692307692
3.808461538461539
3.706153846153846
3.7684615384615388
3.223846153846154
2.713846153846154
3.9546153846153844
3.9323076923076923
3.303846153846154
3.13
4.014615384615384
4.225384615384615
3.736923076923077
2.833076923076923
2.433076923076923
2.8153846153846156
2.132307692307692
2.382307692307692
3.4676923076923076
2.936923076923077
2.4538461538461536
4.128461538461538
4.424615384615384
4.576153846153846
