pet
0.375
0.41615384615384615
0.28846153846153844
0.35423076923076924
0.5565384615384615
0.36846153846153845
0.41846153846153844
0.5269230769230769
0.5630769230769231
0.5942307692307692
0.47576923076923083
0.4826923076923077
0.4507692307692308
0.5265384615384615
0.5623076923076924
0.49
0.3096153846153846
0.37538461538461537
0.3992307692307693
0.42076923076923073
0.6480769230769231
0.5615384615384615
0.5496153846153846
0.5126923076923077
0.49115384615384616
0.3869230769230769
0.42615384615384616
0.4642307692307692
0.5361538461538461
0.5307692307692308
0.5230769230769231
0.4834615384615385
0.4773076923076923
0.583076923076923
0.5869230769230769
0.7207692307692307
0.8126923076923076
0.6950000000000001
0.551923076923077
0.5715384615384616
0.5069230769230769
0.5280769230769231
0.4534615384615384
0.3869230769230769
0.38269230769230766
0.42653846153846153
0.44384615384615383
0.5457692307692308
0.5176923076923077
0.5115384615384615
0.551923076923077
0.5869230769230769
0.6492307692307692
0.7253846153846154
0.6680769230769231
0.5942307692307692
0.6503846153846153
0.7873076923076923
0.7373076923076922
0.7980769230769231
0.9073076923076923
0.9007692307692307
0.9053846153846153
1.0365384615384614
1.0603846153846155
1.165
1.1411538461538462
1.041153846153846
1.261923076923077
1.1557692307692309
1.113076923076923
1.1042307692307693
1.0303846153846155
1.0007692307692309
1.101923076923077
1.2053846153846153
1.1961538461538461
1.0496153846153846
1.1634615384615385
1.1346153846153846
1.1523076923076923
1.3096153846153844
1.2796153846153848
1.2523076923076923
1.2092307692307693
1.215
1.1188461538461538
1.2203846153846154
1.3288461538461538
1.6034615384615383
1.5938461538461537
1.3842307692307694
1.2126923076923075
1.1757692307692307
1.3507692307692307
1.4019230769230768
1.3242307692307693
1.2007692307692308
1.4853846153846153
1.7049999999999998
1.8461538461538463
1.7465384615384614
1.5496153846153846
1.6753846153846155
1.8442307692307693
1.9234615384615383
1.7457692307692307
1.915769230769231
2.118846153846154
1.9246153846153846
2.0569230769230766
2.1788461538461537
1.856923076923077
1.786923076923077
1.845
1.794230769230769
1.8369230769230769
1.8576923076923075
1.9584615384615383
2.041923076923077
2.0023076923076926
2.1361538461538463
2.220769230769231
2.2388461538461537
2.220769230769231
2.4076923076923076
2.563846153846154
2.5623076923076926
2.4215384615384616
2.472692307692308
2.3723076923076922
2.612692307692307
2.448076923076923
2.425
2.4865384615384616
2.463846153846154
2.4992307692307696
2.4823076923076925
2.647307692307692
2.943076923076923
2.6334615384615385
2.8834615384615385
2.7584615384615385
2.8715384615384614
2.773076923076923
2.873076923076923
2.585769230769231
2.6815384615384614
2.83
2.7150000000000003
2.9342307692307696
2.871153846153846
2.6296153846153847
2.566153846153846
2.536153846153846
2.8307692307692305
2.8007692307692307
2.619230769230769
2.7580769230769233
2.5942307692307693
2.5523076923076924
2.593461538461538
2.57
2.6526923076923077
2.5026923076923078
2.4657692307692307
2.724615384615385
2.6469230769230774
2.6723076923076925
2.8053846153846154
2.6623076923076923
2.483076923076923
2.5103846153846154
2.513076923076923
2.6407692307692305
2.882307692307692
2.858076923076923
2.755769230769231
2.704230769230769
2.62
2.8757692307692304
2.9153846153846152
2.8646153846153846
2.7976923076923077
3.0476923076923077
2.8861538461538463
3.008076923076923
3.129230769230769
3.0676923076923077
2.9326923076923075
2.9226923076923077
3.1076923076923078
2.8446153846153845
3.1538461538461537
3.1396153846153845
3.0219230769230765
2.745769230769231
2.7553846153846155
2.7126923076923077
3.0326923076923076
2.879230769230769
2.7688461538461535
2.863076923076923
2.833846153846154
2.6765384615384615
2.8430769230769233
2.936153846153846
3.1134615384615385
3.0834615384615387
3.1226923076923074
3.206153846153846
2.9099999999999997
2.8649999999999998
2.9892307692307694
2.833076923076923
2.831538461538462
2.7811538461538463
2.755769230769231
2.5126923076923076
2.5926923076923076
2.546923076923077
2.585769230769231
2.7249999999999996
2.661538461538462
2.7199999999999998
2.910769230769231
2.8876923076923076
2.5746153846153845
2.423076923076923
2.5876923076923077
2.691923076923077
2.666923076923077
2.73
2.3273076923076923
2.2315384615384617
2.3403846153846155
2.319230769230769
2.0434615384615387
2.13
2.2734615384615386
2.3473076923076923
2.1492307692307695
2.081153846153846
2.1665384615384613
2.235
2.1215384615384614
2.1092307692307695
1.9315384615384614
1.8688461538461536
2.0723076923076924
2.05
2.1623076923076923
1.9949999999999999
1.7734615384615384
1.7884615384615385
1.7361538461538462
1.6923076923076923
1.6542307692307692
1.8965384615384617
1.7980769230769231
1.7207692307692308
1.6203846153846155
1.6623076923076923
1.768846153846154
1.5915384615384616
1.7338461538461538
1.4280769230769232
1.415769230769231
1.4846153846153847
1.4246153846153846
1.4907692307692306
1.5565384615384614
1.5115384615384615
1.393846153846154
1.4073076923076924
1.3661538461538463
1.3073076923076923
1.2653846153846153
1.293076923076923
1.1426923076923077
1.3073076923076923
1.315
1.128076923076923
1.2003846153846154
1.2353846153846153
0.9692307692307692
0.8926923076923077
0.9603846153846154
0.8065384615384615
0.8592307692307692
0.893076923076923
0.9276923076923077
0.7492307692307693
0.713076923076923
0.8061538461538462
0.9207692307692308
0.95
0.8461538461538461
0.8092307692307692
0.8103846153846154
0.7796153846153846
0.77
0.9623076923076923
0.893076923076923
0.8373076923076923
0.8973076923076924
0.8107692307692307
0.7546153846153847
0.6080769230769231
0.5323076923076923
0.8107692307692308
0.7157692307692307
0.6826923076923077
0.7857692307692308
0.5769230769230769
0.4846153846153846
0.4876923076923077
0.5346153846153846
0.49
0.37846153846153846
0.44269230769230766
0.595
0.42461538461538456
0.3057692307692308
0.43846153846153846
0.5980769230769231
0.6738461538461539
0.5361538461538461
0.6230769230769231
0.49230769230769234
0.40269230769230774
0.38346153846153846
0.33499999999999996
0.44999999999999996
0.5146153846153846
0.6126923076923076
0.5938461538461539
0.5607692307692308
0.415
0.28923076923076924
0.32230769230769235
0.3807692307692308
0.28615384615384615
0.37307692307692314
0.39538461538461545
0.3934615384615385
0.35461538461538467
0.3830769230769231
0.40884615384615386
0.3226923076923077
0.39384615384615385
0.3392307692307692
0.4273076923076923
0.4930769230769231
0.5365384615384615
0.46576923076923077
0.47269230769230763
0.5103846153846153
0.4734615384615385
0.5076923076923077
0.5750000000000001
0.6484615384615384
0.5034615384615384
0.36538461538461536
0.41346153846153844
