temperature
2.981923076923077
2.9673076923076924
2.6153846153846154
2.993846153846154
3.7930769230769235
3.0146153846153845
3.3288461538461536
3.912692307692308
4.068846153846153
3.8815384615384616
3.1203846153846153
2.950384615384616
2.9326923076923075
3.495769230769231
3.5515384615384615
3.2038461538461536
2.292307692307692
2.7284615384615383
2.8850000000000002
3.1446153846153844
4.001153846153846
3.566153846153846
3.5907692307692307
3.1811538461538458
2.948846153846154
2.5111538461538463
2.5380769230769227
2.7476923076923074
3.141153846153846
2.694230769230769
2.647307692307692
2.730769230769231
3.1403846153846158
3.5653846153846156
3.574230769230769
4.101538461538461
4.305769230769231
3.8084615384615383
3.1980769230769233
3.0915384615384616
2.755769230769231
2.892692307692308
2.581538461538462
2.1823076923076923
1.893076923076923
2.0576923076923075
2.3319230769230765
2.8853846153846154
2.6507692307692308
2.5584615384615383
2.6034615384615383
2.9496153846153845
3.392692307692308
3.617692307692308
3.661538461538462
3.1903846153846156
3.542692307692308
4.023461538461539
3.876923076923077
4.052692307692308
4.431538461538461
4.27
4.30076923076923
4.871923076923077
5.025384615384615
5.47
5.394230769230769
5.041923076923077
5.781538461538461
5.390769230769231
5.268076923076923
5.21076923076923
4.928846153846154
4.823846153846154
5.056153846153847
5.238461538461538
5.464615384615385
5.014615384615384
5.322307692307692
5.303846153846154
5.231153846153846
5.9180769230769235
5.817692307692307
5.723076923076923
5.593461538461539
5.370384615384615
5.051923076923076
5.481923076923077
5.85
6.810384615384615
6.6
5.7942307692307695
5.21
5.012307692307692
5.748076923076923
5.982692307692308
5.759615384615385
5.108846153846154
6.125384615384615
6.7700000000000005
7.301923076923076
6.947692307692307
6.371923076923077
6.83576923076923
7.464615384615385
7.682307692307693
7.144230769230769
7.586923076923076
8.264999999999999
7.755769230769231
8.21
8.475384615384616
7.450384615384616
7.2153846153846155
7.189615384615385
7.352307692307692
7.502307692307692
7.623076923076923
8.031923076923077
8.345384615384615
7.7907692307692304
8.182692307692308
8.48576923076923
8.528076923076922
8.613461538461538
9.223461538461539
9.659230769230769
9.685769230769232
9.26923076923077
9.43423076923077
9.282307692307693
9.93576923076923
9.507692307692308
9.573461538461538
9.794615384615385
9.798076923076923
9.88076923076923
9.88423076923077
10.350384615384616
11.167307692307693
10.498461538461537
11.157307692307691
10.923846153846153
11.22923076923077
11.028461538461539
11.352307692307694
10.683846153846154
11.049615384615386
11.493846153846155
11.144615384615385
11.909999999999998
12.313846153846155
12.036923076923076
11.788846153846153
11.917307692307691
12.845384615384615
12.808846153846154
12.331153846153846
12.802307692307693
12.458076923076923
12.427692307692308
12.592307692307692
12.613461538461538
12.80653846153846
12.412692307692309
12.460769230769232
13.305
13.196153846153846
13.34153846153846
13.662692307692309
13.418461538461539
13.002692307692307
13.127692307692307
13.142692307692307
13.582692307692307
14.34769230769231
14.31576923076923
14.084615384615384
14.021538461538462
13.870384615384616
14.610384615384616
14.801923076923078
14.688846153846155
14.553846153846154
15.312307692307693
14.935384615384615
15.312307692307693
15.629999999999999
15.572307692307692
15.248846153846156
15.268846153846154
15.816923076923077
15.176923076923078
16.07807692307692
16.085384615384616
15.842692307692309
15.093461538461538
15.136538461538462
15.100384615384616
15.972307692307691
15.603846153846153
15.399999999999999
15.621153846153845
15.565
15.24
15.702692307692306
15.999615384615385
16.498076923076923
16.46769230769231
16.585384615384616
16.822307692307692
16.067692307692308
15.956153846153846
16.355384615384615
16.031923076923075
16.033846153846152
15.89846153846154
15.787692307692309
15.256538461538462
15.425
15.283846153846154
15.485384615384616
15.928846153846154
15.74653846153846
15.957692307692307
16.510384615384616
16.387307692307694
15.571153846153846
15.18576923076923
15.669615384615385
15.959615384615384
15.893076923076924
16.079615384615384
14.92653846153846
14.690384615384614
14.928076923076922
14.905384615384616
14.150384615384617
14.351153846153846
14.798076923076923
15.005384615384616
14.43423076923077
14.286923076923076
14.404615384615385
14.52346153846154
14.13846153846154
14.121153846153845
13.59769230769231
13.365
14.00923076923077
13.88576923076923
14.226923076923075
13.548076923076923
13.025384615384617
13.070384615384615
12.984615384615385
12.763846153846155
12.590384615384616
13.360000000000001
13.095769230769232
12.891538461538461
12.613076923076923
12.714615384615383
12.796153846153846
12.383846153846154
12.82846153846154
11.88846153846154
11.831923076923077
11.978461538461538
11.757307692307693
11.878461538461538
12.190384615384614
12.039230769230768
11.485384615384616
11.543846153846154
11.295
11.127692307692307
11.04076923076923
11.174615384615386
10.576923076923077
11.115
11.12153846153846
10.30076923076923
10.494615384615384
10.748076923076923
9.674615384615384
9.23
9.464615384615383
8.888461538461538
8.948846153846153
9.256153846153847
9.24923076923077
8.373846153846154
8.417307692307691
8.784230769230769
9.108461538461539
9.186153846153847
8.919230769230769
8.74846153846154
8.510384615384616
8.156923076923077
8.086923076923076
8.779615384615385
8.509615384615385
8.181538461538462
8.281153846153845
7.828846153846154
7.559615384615385
6.822307692307692
6.6
7.671538461538462
7.375769230769231
7.029615384615385
7.340769230769231
6.663076923076924
6.009230769230769
5.772307692307692
5.695769230769231
5.7638461538461545
5.129230769230769
5.373846153846154
5.823076923076924
5.0442307692307695
4.586923076923077
5.0369230769230775
5.400384615384615
5.576923076923077
5.3342307692307696
5.733846153846154
4.860384615384616
4.429615384615385
4.041538461538462
3.5053846153846155
4.281538461538461
4.690769230769231
5.207307692307692
5.418461538461538
5.394230769230769
4.755769230769231
3.9515384615384614
3.896153846153846
3.9253846153846155
3.462307692307692
3.8803846153846155
3.7303846153846156
3.8007692307692307
3.906538461538461
3.8653846153846154
4.405769230769231
4.112307692307692
4.099615384615385
3.8215384615384616
4.218846153846154
4.310769230769231
4.411538461538462
3.9723076923076923
3.855
4.008846153846154
3.8015384615384615
4.009230769230769
3.9661538461538464
4.171538461538462
3.6046153846153848
3.0015384615384613
2.93
