temperature
3.2239999999999998
3.4576
3.4492000000000003
4.3924
4.7032
3.5792
3.4544
3.7644
3.9516000000000004
3.7015999999999996
3.0183999999999997
2.342
2.7064
3.5648
3.4868
3.0984
2.5224
2.8624
3.5468
3.862
4.1436
4.0944
3.926
3.7392000000000003
3.592
3.1028
3.2039999999999997
3.5744
3.4352
2.9016
3.2815999999999996
3.331538461538462
3.5592307692307688
3.9123076923076923
3.971538461538462
4.512692307692308
4.498461538461538
3.9015384615384616
3.6946153846153846
3.3226923076923076
2.978846153846154
3.202307692307692
2.975769230769231
2.2342307692307695
1.8303846153846153
2.3423076923076924
2.7157692307692307
3.2169230769230768
2.7507692307692304
2.977692307692308
2.974615384615385
3.4092307692307693
3.8338461538461535
4.0261538461538455
3.5003846153846156
3.2834615384615384
4.030769230769231
4.4569230769230765
4.843076923076923
4.7688461538461535
4.936153846153847
4.700769230769231
4.65
5.154615384615385
5.616538461538462
5.518076923076923
5.282692307692307
4.921538461538462
5.827692307692308
5.571153846153846
5.371923076923077
5.440384615384615
5.401153846153846
5.525
5.114230769230769
5.450769230769231
5.829615384615384
5.2846153846153845
5.320769230769231
5.315769230769231
5.606538461538462
6.385769230769231
6.223076923076923
6.2773076923076925
6.064230769230769
5.785769230769231
5.701153846153845
5.801923076923076
5.888461538461538
6.943076923076924
6.563076923076922
5.971153846153846
5.430384615384615
5.601153846153846
5.863461538461538
6.261538461538462
6.446538461538462
6.05576923076923
6.563076923076922
7.183076923076923
7.167692307692307
7.301923076923076
7.020384615384615
7.183461538461539
7.816923076923077
8.131538461538462
7.298846153846155
7.891923076923077
7.6826923076923075
7.208461538461538
8.141153846153845
8.777307692307692
7.995384615384615
8.072692307692309
8.076153846153845
8.095
8.608846153846153
8.566923076923077
8.621153846153847
9.166538461538462
8.507692307692308
9.001923076923077
9.219615384615384
8.905384615384616
9.16
9.00576923076923
9.765384615384615
9.504615384615384
9.444230769230769
9.973846153846154
9.838461538461539
9.775384615384615
9.936538461538463
10.200769230769232
10.906538461538462
10.574615384615385
10.215
10.466153846153846
10.963076923076924
11.405
10.961153846153847
11.572692307692307
11.541153846153845
11.772692307692306
11.871923076923078
12.058461538461538
11.577692307692306
11.160769230769231
11.938461538461537
11.531923076923077
12.304615384615385
12.4544
12.044
12.1084
12.125599999999999
12.92
12.572000000000001
13.091199999999999
13.0808
13.076400000000001
12.9296
12.9944
12.6492
12.9
13.177999999999999
13.357999999999999
14.449200000000001
13.560799999999999
13.7216
13.810799999999999
14.238800000000001
13.735199999999999
13.8424
13.677200000000001
14.0396
14.6008
14.934800000000001
14.6624
14.7412
14.8532
15.0656
14.9488
14.523599999999998
15.225999999999999
16.2704
15.8348
15.764800000000001
15.8432
16.116
15.753599999999999
15.724400000000001
15.816399999999998
15.985999999999999
16.4496
16.254
15.782
15.614
15.531200000000002
15.756400000000001
16.2864
16.126
15.861199999999998
16.1424
15.7864
15.471200000000001
16.2668
16.3108
16.6988
16.2984
16.6728
17.1716
16.0116
15.974400000000001
16.4848
16.1356
16.025199999999998
16.0564
15.6316
15.3456
16.0452
15.9116
15.564400000000001
16.130399999999998
15.5968
15.9616
16.2872
16.326800000000002
15.9572
15.57
15.4672
16.250799999999998
16.290399999999998
16.218
15.446
14.648400000000002
14.9252
15.2072
14.9156
14.4648
14.9004
15.0924
14.621199999999998
14.3544
14.4408
14.0832
13.8608
14.081600000000002
13.5464
13.398399999999999
14.1976
14.1316
13.92
13.0948
13.2608
12.920399999999999
12.54
12.554
12.7268
12.972000000000001
12.788800000000002
13.1128
12.4476
12.4224
12.3992
12.218799999999998
12.415999999999999
11.9448
11.9288
12.054400000000001
11.837200000000001
11.8784
11.761600000000001
11.662799999999999
10.9872
11.1988
11.2236
10.914000000000001
10.7164
10.8996
10.6
11.171600000000002
11.4028
10.533199999999999
10.086
10.368
9.742799999999999
9.7112
9.49
8.677200000000001
8.8104
9.0144
9.3848
9.1784
8.368
8.525599999999999
9.0
8.937999999999999
9.546800000000001
9.1388
8.677999999999999
8.202
8.2936
8.708400000000001
8.4576
8.5216
8.3516
7.814
7.4079999999999995
6.9036
7.234400000000001
8.298
7.8448
7.572
7.7148
6.9636000000000005
6.219600000000001
6.002000000000001
5.8224
5.8660000000000005
5.493200000000001
5.7808
5.936800000000001
5.1624
4.9492
5.056
5.2208000000000006
5.6212
5.594399999999999
5.361599999999999
4.7752
4.1564
4.03
4.0812
4.8124
5.2976
5.9012
5.612
5.4204
4.488
4.2748
4.8256
3.9944
3.428
3.6527999999999996
3.6015999999999995
3.9304
4.4232
4.3244
4.5176
4.6815999999999995
4.4308000000000005
3.926
4.4892
4.7208000000000006
4.4796000000000005
4.0212
4.3296
4.2707999999999995
4.2388
4.5804
4.5
4.672
3.7232
3.1536
3.412
