pet
0.38666666666666666
0.4438888888888889
0.49444444444444446
0.4466666666666666
0.44166666666666665
0.555
0.5688888888888889
0.41055555555555556
0.39444444444444443
0.5738888888888889
0.5383333333333333
0.4722222222222222
0.39111111111111113
0.425
0.6727777777777777
0.44
0.36833333333333335
0.41444444444444445
0.30722222222222223
0.25055555555555553
0.35888888888888887
0.49166666666666664
0.46222222222222226
0.615
0.6288888888888889
0.6255555555555555
0.5811111111111111
0.5911111111111111
0.4088888888888889
0.43444444444444447
0.6311111111111111
0.5116666666666667
0.5272222222222223
0.4633333333333333
0.48000000000000004
0.42277777777777775
0.35277777777777775
0.4705555555555555
0.6000000000000001
0.4538888888888889
0.28055555555555556
0.24333333333333332
0.4488888888888889
0.5366666666666666
0.6633333333333333
0.8638888888888889
0.8094444444444444
0.6588888888888889
0.6538888888888889
0.855
0.8338888888888889
0.9288888888888889
0.9161111111111112
0.8883333333333333
0.7272222222222222
0.8844444444444445
0.7627777777777778
0.7961111111111111
0.7461111111111111
0.6988888888888889
0.7222222222222222
0.6355555555555555
0.645
0.6838888888888889
0.8722222222222222
0.9494444444444444
1.0555555555555556
1.0322222222222224
0.99
1.0355555555555556
1.0594444444444444
1.228888888888889
1.2805555555555557
1.295
1.1644444444444444
1.2655555555555555
1.2638888888888888
1.3594444444444445
1.248888888888889
1.4377777777777778
1.3677777777777778
1.1972222222222222
1.391111111111111
1.4455555555555555
1.4500000000000002
1.585
1.396111111111111
1.5355555555555556
1.3766666666666667
1.4183333333333332
1.3116666666666665
1.5144444444444445
1.536111111111111
1.6516666666666666
1.8411111111111111
1.8138888888888889
1.4961111111111112
1.715
1.8211111111111111
1.8072222222222223
1.7277777777777779
1.7544444444444443
1.8600000000000003
1.8294444444444444
2.021111111111111
1.8483333333333332
1.838888888888889
1.8194444444444444
2.1199999999999997
2.1399999999999997
2.2944444444444443
2.4033333333333333
2.393333333333333
2.268888888888889
2.08
1.9322222222222223
1.8672222222222221
1.9811111111111113
2.0122222222222224
2.002222222222222
2.078888888888889
2.28
2.2566666666666664
2.835
2.697777777777778
2.601111111111111
2.5772222222222223
2.556111111111111
2.6116666666666664
2.548888888888889
2.4894444444444446
2.3505555555555557
2.302222222222222
2.428888888888889
2.683333333333333
2.5344444444444445
2.8844444444444446
2.685263157894737
2.9157894736842103
2.8205263157894738
2.8947368421052633
2.617368421052632
2.7394736842105263
2.730526315789474
2.818421052631579
2.8442105263157895
2.565263157894737
2.606842105263158
2.776842105263158
2.8015789473684207
3.026315789473684
2.9757894736842103
2.9273684210526314
2.765263157894737
2.4
2.3978947368421055
2.4394736842105265
2.608421052631579
2.6905263157894734
2.7152631578947366
2.8505263157894736
2.49
2.41
2.334736842105263
2.3678947368421053
2.6373684210526314
2.703157894736842
2.8168421052631576
2.546315789473684
2.2936842105263158
2.599473684210526
2.4415789473684213
2.6521052631578947
2.772105263157895
2.3642105263157895
2.421578947368421
2.6399999999999997
2.6231578947368424
2.615789473684211
2.59
2.5673684210526315
2.804736842105263
2.6336842105263156
2.603684210526316
2.596315789473684
2.5505263157894738
2.607894736842105
2.5763157894736843
2.5257894736842106
2.6589473684210527
2.701578947368421
2.765263157894737
2.557894736842105
2.562105263157895
2.5694736842105264
2.7057894736842103
2.841578947368421
2.860526315789474
2.924736842105263
2.7210526315789476
2.6152631578947365
2.624736842105263
2.7089473684210525
2.7005263157894737
2.670526315789474
2.708421052631579
2.7326315789473683
2.506842105263158
2.386842105263158
2.3884210526315792
2.348421052631579
2.4610526315789474
2.566315789473684
2.400526315789474
2.5036842105263157
2.371578947368421
2.4236842105263157
2.187894736842105
2.181052631578947
2.344736842105263
2.2289473684210526
2.2636842105263155
2.0573684210526317
2.107894736842105
2.2736842105263158
2.258947368421053
2.1031578947368423
2.1515789473684213
2.234736842105263
1.989473684210526
2.0526315789473686
2.159473684210526
2.19
2.061052631578947
2.1510526315789473
1.9073684210526316
2.011578947368421
1.683684210526316
1.9505263157894739
1.8573684210526316
1.7210526315789476
1.7768421052631578
1.8310526315789473
1.739473684210526
1.905263157894737
1.8436842105263158
1.9921052631578948
2.023157894736842
1.8573684210526316
1.8047368421052632
1.922105263157895
1.6684210526315788
1.8421052631578947
1.891578947368421
1.7973684210526315
1.741578947368421
1.333157894736842
1.351578947368421
1.3378947368421052
1.253157894736842
1.3657894736842104
1.3189473684210526
1.5789473684210527
1.5794736842105264
1.511578947368421
1.2978947368421052
1.2994736842105261
1.3126315789473686
1.3489473684210527
1.1547368421052633
1.381578947368421
1.2268421052631577
1.2610526315789474
1.0844444444444443
1.1105555555555557
1.0805555555555555
0.9327777777777777
1.0638888888888889
1.0944444444444443
1.2544444444444443
1.1533333333333333
1.0122222222222221
1.0722222222222222
0.9388888888888888
1.0005555555555556
1.0411111111111113
0.9777777777777779
0.8094444444444444
0.8155555555555556
0.8338888888888889
0.9061111111111111
0.9583333333333334
0.9199999999999999
0.9622222222222222
0.8344444444444444
0.9061111111111111
0.8738888888888889
0.8433333333333333
0.9722222222222222
1.0716666666666665
0.8372222222222222
0.77
0.9738888888888889
0.9644444444444444
0.6372222222222222
0.5755555555555555
0.58
0.5227777777777778
0.5166666666666667
0.6833333333333333
0.6272222222222221
0.5727777777777778
0.5661111111111111
0.5683333333333334
0.5894444444444444
0.5911111111111111
0.5733333333333334
0.6461111111111112
0.7905555555555556
0.5444444444444444
0.5127777777777778
0.55
0.5211111111111112
0.44722222222222224
0.45333333333333337
0.2622222222222222
0.435
0.3488888888888889
0.28944444444444445
0.4905555555555556
0.4227777777777778
0.3288888888888889
0.29444444444444445
0.3027777777777778
0.28833333333333333
0.34833333333333333
0.18888888888888888
0.415
0.41888888888888887
0.4072222222222222
0.32611111111111113
0.37444444444444447
0.5094444444444445
0.5066666666666666
0.27444444444444444
0.3472222222222222
0.3811111111111111
0.45333333333333337
0.4666666666666667
0.3877777777777778
0.44222222222222224
0.4633333333333333
0.5188888888888888
0.44222222222222224
0.4933333333333334
0.5472222222222222
0.6138888888888889
0.36000000000000004
0.3133333333333333
0.3688888888888889
0.3983333333333333
0.4272222222222222
0.5622222222222222
0.5755555555555555
0.7061111111111111
