temperature
5.020384615384615
4.479615384615385
4.1534615384615385
4.005769230769231
4.178846153846154
4.0903846153846155
4.759230769230769
4.663846153846154
4.351538461538461
4.657692307692307
4.876538461538461
5.246538461538462
4.985384615384616
4.530769230769231
4.569230769230769
4.196923076923077
4.059230769230769
4.481538461538461
4.590769230769231
3.9084615384615384
3.441153846153846
4.002692307692308
3.9026923076923077
3.822307692307692
4.380769230769231
4.321538461538461
4.616923076923078
4.727692307692307
4.480384615384616
3.8534615384615383
4.318461538461539
4.525384615384615
4.390384615384615
4.420384615384615
5.281153846153846
5.204999999999999
4.378076923076923
4.140384615384615
4.160384615384616
4.191923076923077
3.8638461538461537
4.545384615384616
4.6899999999999995
4.108076923076923
4.651923076923077
5.512307692307692
4.992692307692308
5.488076923076923
5.006923076923077
5.4253846153846155
5.703461538461538
6.029230769230769
5.585384615384616
5.812307692307693
5.520769230769231
5.451538461538462
5.314230769230769
5.233461538461539
4.650769230769231
4.702307692307692
4.938076923076922
4.8403846153846155
4.646923076923077
5.157692307692307
5.67576923076923
6.2396153846153855
6.551923076923076
7.017307692307692
6.9119230769230775
6.735384615384616
6.841538461538462
5.962307692307693
7.343461538461539
7.978461538461539
7.678461538461539
7.242307692307692
6.805000000000001
6.803076923076923
6.492307692307692
6.937692307692307
6.759230769230769
7.116923076923077
7.201538461538462
7.376538461538461
7.264615384615384
7.347307692307693
7.927307692307692
8.247692307692308
8.723461538461539
8.401923076923076
8.257307692307693
8.662692307692307
8.598846153846154
8.093461538461538
8.663076923076924
8.062307692307693
7.359615384615385
7.863076923076923
8.679230769230768
8.258076923076924
7.758846153846155
8.075
8.40923076923077
8.840769230769231
8.722307692307693
8.48
8.975384615384614
8.788846153846153
8.916153846153845
9.338846153846154
10.328846153846154
10.918846153846154
10.877692307692307
11.24423076923077
10.298461538461538
9.56
9.948076923076922
9.909230769230769
9.345
10.097307692307691
10.419615384615385
10.534230769230769
10.62923076923077
10.417307692307693
10.893846153846154
11.283846153846154
11.931923076923077
12.11423076923077
12.274230769230769
12.49576923076923
11.82846153846154
11.49923076923077
11.692692307692308
11.298076923076923
11.997692307692308
12.42923076923077
12.25423076923077
12.472307692307691
12.901538461538461
12.870000000000001
12.666153846153845
12.77076923076923
13.18923076923077
13.131153846153845
13.508076923076922
13.497692307692308
13.576153846153847
13.269615384615385
13.34
13.535769230769231
13.730384615384615
14.849230769230768
14.897307692307692
14.157692307692308
13.738461538461538
13.646153846153847
13.865384615384615
14.163461538461538
14.305
15.025384615384617
14.561538461538463
14.68923076923077
14.566923076923077
15.09153846153846
15.239615384615385
15.325384615384614
15.828846153846154
16.21423076923077
15.88923076923077
15.74576923076923
15.666538461538462
15.546538461538463
15.376923076923077
15.941153846153847
15.977307692307692
15.939615384615385
16.345
16.156923076923075
15.948846153846155
16.404999999999998
16.21423076923077
16.813846153846153
16.82923076923077
16.48923076923077
16.90576923076923
17.19076923076923
17.012307692307694
16.702692307692306
16.993076923076924
17.05153846153846
17.070384615384615
16.61653846153846
16.663846153846155
16.683846153846154
17.017692307692307
17.192307692307693
17.82
17.803076923076922
18.495
18.74346153846154
17.9
17.39346153846154
17.623461538461537
18.270769230769233
18.250384615384615
18.386923076923075
18.18653846153846
18.03923076923077
17.99692307692308
17.685384615384613
17.515384615384615
17.644615384615385
18.075384615384614
17.78576923076923
17.906153846153845
17.636153846153846
17.97423076923077
18.396538461538462
17.970000000000002
18.41
17.642307692307693
17.695
18.748846153846156
17.567692307692308
17.97346153846154
17.66346153846154
17.35576923076923
16.993076923076924
17.533076923076923
17.553846153846152
17.150384615384613
16.905384615384616
17.08653846153846
17.38653846153846
17.081923076923076
16.58230769230769
17.27
16.52230769230769
16.081923076923076
16.158461538461538
16.044230769230772
15.41
15.513076923076921
15.399999999999999
16.43076923076923
15.924615384615386
16.118076923076924
16.293846153846154
15.793461538461539
15.39846153846154
15.739615384615385
15.430384615384614
16.026153846153846
15.941538461538462
14.951538461538462
14.848846153846154
14.697692307692307
14.769615384615385
14.413846153846153
13.929615384615385
14.605384615384615
14.467307692307692
14.596538461538461
14.366153846153846
14.31076923076923
14.025769230769232
13.62423076923077
13.551923076923078
13.512307692307692
13.724615384615383
13.700769230769232
13.785
13.991923076923078
13.292307692307693
12.475384615384616
12.362307692307693
11.839230769230769
12.275769230769232
11.620000000000001
11.623076923076923
12.352692307692308
12.213461538461539
12.56576923076923
11.654615384615385
11.699615384615385
11.683076923076923
11.246923076923078
11.220384615384615
11.223461538461539
10.456153846153846
10.647307692307692
10.54653846153846
10.429230769230768
10.791538461538462
10.376538461538463
10.826538461538462
10.75923076923077
10.813846153846155
10.331538461538461
10.260384615384615
10.140384615384615
9.793461538461539
9.791153846153845
9.823846153846153
9.458846153846155
9.266153846153845
8.856923076923078
8.396923076923077
8.435
8.488076923076923
8.266923076923076
7.882307692307692
7.752692307692308
8.302692307692308
8.119615384615384
7.820384615384616
7.658076923076924
7.3015384615384615
7.758461538461538
7.068846153846153
7.026538461538461
6.847307692307693
6.251538461538461
5.972307692307693
6.127307692307692
6.043846153846153
5.6303846153846155
6.125
6.072692307692308
6.329615384615384
6.243461538461539
6.113076923076923
5.878461538461538
5.628076923076923
5.408461538461538
5.357307692307692
5.135384615384615
5.050000000000001
5.526538461538461
5.631538461538461
5.124615384615385
5.254615384615385
4.916538461538462
4.9399999999999995
4.617692307692308
5.063461538461539
4.774615384615385
4.805000000000001
5.050000000000001
4.726538461538461
4.3234615384615385
4.216923076923077
4.046923076923077
4.155
4.981923076923077
5.275
6.176923076923076
6.1557692307692315
5.008461538461538
4.9726923076923075
4.4119230769230775
3.7315384615384612
4.295
5.078461538461538
4.637692307692308
