temperature
4.766923076923077
4.333846153846154
3.885
3.7584615384615385
4.107692307692307
4.0115384615384615
4.515
4.451538461538461
4.102692307692307
4.574230769230769
4.915
5.194999999999999
4.8561538461538465
4.551923076923076
4.718076923076923
4.412692307692308
4.126153846153846
4.433076923076923
4.351923076923077
3.6142307692307694
3.4523076923076923
3.7973076923076925
3.6946153846153846
3.697307692307692
4.208846153846154
4.071923076923077
4.403076923076923
4.530384615384616
4.390769230769231
3.745769230769231
4.3076923076923075
4.406153846153846
4.228076923076923
4.192692307692308
5.205
5.015769230769231
4.235769230769231
4.204615384615385
4.059615384615385
3.8369230769230773
3.789615384615385
4.451538461538462
4.855384615384615
4.025769230769231
4.645
5.285769230769231
4.901153846153846
5.304615384615384
4.910384615384616
5.386923076923077
5.568846153846153
5.9484615384615385
5.5734615384615385
5.632692307692308
5.246538461538462
5.349615384615385
5.113461538461538
4.976923076923077
4.356538461538461
4.485
4.753846153846154
4.596923076923077
4.486923076923077
4.678846153846154
5.399615384615384
6.049230769230769
6.511923076923077
6.848846153846154
6.725
6.523846153846154
6.422307692307692
5.730384615384616
7.085
7.694999999999999
7.233846153846153
7.006153846153846
6.455
6.483461538461539
6.411538461538461
6.925000000000001
6.651538461538461
6.992692307692308
7.030384615384615
7.191923076923077
7.22
7.282307692307692
7.949999999999999
7.89
8.215384615384615
7.973076923076923
8.03346153846154
8.191923076923077
8.195769230769232
7.765384615384615
8.134615384615385
7.80576923076923
7.092692307692308
7.6557692307692315
8.372307692307693
7.884615384615385
7.598461538461539
7.792307692307692
8.137307692307692
8.454615384615384
8.586538461538462
8.321153846153846
8.703461538461537
8.435384615384615
8.567692307692308
9.169615384615385
10.261923076923077
10.414615384615384
10.413461538461538
10.768076923076922
9.875384615384615
9.368076923076924
9.529230769230768
9.511538461538462
8.979615384615384
9.718461538461538
9.99
10.131538461538462
10.243846153846153
10.21923076923077
10.544230769230769
10.71923076923077
11.534230769230769
11.620000000000001
11.51076923076923
12.136538461538462
11.541923076923077
11.26346153846154
11.38923076923077
10.997307692307693
11.798076923076923
11.886923076923077
11.877307692307692
11.977307692307694
12.256153846153847
12.22653846153846
12.267692307692307
12.339230769230769
12.511153846153848
12.550384615384615
12.970769230769232
13.164615384615384
13.153076923076924
12.861923076923079
13.08
13.266538461538461
13.37423076923077
14.541153846153845
14.291923076923077
13.927307692307693
13.548846153846153
13.482692307692307
13.478076923076923
13.557692307692308
13.788461538461538
14.44923076923077
14.218076923076923
14.207692307692307
13.839615384615383
14.5
14.598461538461539
14.664230769230768
15.293076923076923
15.555384615384614
15.34769230769231
15.163076923076924
14.944615384615386
14.826153846153847
14.850769230769231
15.325
15.307692307692308
15.554230769230768
16.017307692307693
15.468076923076923
15.606538461538461
15.951153846153847
15.85576923076923
16.238076923076925
15.913461538461538
15.878461538461538
15.886153846153848
16.25153846153846
16.340769230769233
16.282307692307693
16.490000000000002
16.576153846153847
16.396923076923077
16.146538461538462
16.11769230769231
16.064230769230768
16.54923076923077
16.65730769230769
17.095
17.051538461538463
17.69846153846154
17.93
16.947307692307692
16.824615384615385
16.942692307692308
17.29653846153846
17.223076923076924
17.775769230769228
17.42192307692308
17.146153846153847
17.173076923076923
16.87
16.69423076923077
16.933846153846154
17.291923076923077
17.011153846153846
17.163076923076922
16.991153846153846
17.126153846153844
17.19192307692308
17.041923076923077
17.563076923076924
17.013846153846153
16.877692307692307
17.665384615384617
17.055
17.158461538461538
16.916153846153847
16.446538461538463
16.396923076923077
16.520384615384618
16.48846153846154
16.364615384615384
16.180384615384614
16.390384615384615
16.802692307692308
16.41846153846154
15.872692307692308
16.72153846153846
15.878076923076922
15.46653846153846
15.278461538461539
15.209615384615384
14.974615384615383
14.827307692307691
14.663461538461538
15.686153846153845
15.351153846153846
15.658076923076923
15.556923076923077
15.289615384615386
14.761538461538462
15.113846153846152
14.709999999999999
15.560384615384615
15.095
14.448076923076922
14.260384615384615
13.986923076923079
14.102692307692308
13.659230769230769
13.518076923076922
13.983461538461539
13.976153846153846
14.056153846153846
13.868461538461538
13.664615384615384
13.445
13.054615384615385
12.981538461538461
13.082692307692307
13.187307692307693
13.140384615384615
13.297692307692309
13.556923076923077
12.73
12.109615384615385
11.987307692307693
11.363461538461538
11.95
11.31423076923077
11.37923076923077
12.065
11.852692307692308
12.276923076923076
11.194615384615386
11.32346153846154
11.241538461538463
10.89576923076923
10.946923076923078
10.989615384615385
10.121153846153845
10.305769230769231
10.118076923076924
10.03346153846154
10.382692307692308
10.033076923076923
10.44076923076923
10.281153846153845
10.409999999999998
10.121923076923078
9.876153846153848
9.82
9.541538461538462
9.657307692307693
9.618461538461538
9.034615384615385
8.847307692307693
8.45
8.018846153846154
8.18
8.121538461538462
7.947692307692308
7.606153846153846
7.641153846153846
8.273846153846154
7.906538461538461
7.457307692307692
7.433076923076923
6.975
7.422692307692308
6.914615384615384
7.059230769230769
6.7807692307692315
6.269615384615384
6.117692307692308
5.99
5.813076923076922
5.415384615384615
6.056923076923076
5.927692307692308
6.141923076923077
5.971923076923077
5.883846153846154
5.598461538461539
5.370384615384615
5.042307692307692
5.075769230769231
4.9350000000000005
4.961153846153847
5.381923076923077
5.71
5.21
5.0807692307692305
4.880769230769231
4.843076923076923
4.461923076923077
5.06923076923077
4.765384615384615
4.971153846153846
4.875
4.559230769230769
4.3696153846153845
4.273076923076923
3.7580769230769233
4.129615384615385
5.116923076923077
5.296153846153846
6.123846153846154
5.931538461538461
5.03423076923077
4.850384615384615
4.368846153846154
3.733461538461538
4.477692307692307
5.020769230769231
4.714615384615384
