pet
0.4969230769230769
0.4076923076923077
0.41884615384615387
0.375
0.36423076923076925
0.37576923076923074
0.5438461538461539
0.4957692307692308
0.49807692307692314
0.43615384615384617
0.5357692307692308
0.5388461538461539
0.48923076923076925
0.43846153846153846
0.4876923076923077
0.43076923076923074
0.3796153846153846
0.4973076923076923
0.5869230769230769
0.49807692307692303
0.3
0.3811538461538462
0.43
0.42230769230769233
0.4423076923076923
0.4511538461538462
0.5111538461538462
0.5788461538461539
0.5788461538461538
0.4634615384615385
0.5753846153846154
0.6092307692307692
0.621923076923077
0.5984615384615385
0.7507692307692307
0.7542307692307693
0.6169230769230769
0.536923076923077
0.6211538461538461
0.5942307692307692
0.5503846153846154
0.6792307692307692
0.6188461538461538
0.5407692307692308
0.6003846153846154
0.7923076923076924
0.6876923076923076
0.75
0.64
0.7853846153846155
0.8619230769230769
0.9173076923076923
0.8819230769230769
0.9215384615384615
0.8707692307692307
0.8661538461538462
0.8361538461538461
0.7980769230769231
0.7784615384615385
0.7488461538461538
0.8242307692307692
0.7923076923076924
0.715
0.8273076923076924
0.916923076923077
1.081923076923077
1.1484615384615384
1.2753846153846153
1.1923076923076923
1.2096153846153845
1.2488461538461537
1.0784615384615384
1.3592307692307695
1.4719230769230771
1.506153846153846
1.3657692307692306
1.311923076923077
1.258846153846154
1.1992307692307693
1.2742307692307693
1.1565384615384615
1.2961538461538462
1.2888461538461538
1.4203846153846154
1.360769230769231
1.3715384615384616
1.531923076923077
1.6753846153846155
1.8657692307692306
1.81
1.7365384615384616
1.8884615384615384
1.79
1.8146153846153845
1.9103846153846153
1.7300000000000002
1.6234615384615385
1.6538461538461537
1.8211538461538461
1.7765384615384614
1.691153846153846
1.7730769230769232
1.9138461538461538
1.978846153846154
1.8907692307692305
1.8726923076923077
1.9869230769230768
1.9519230769230769
1.93
2.055769230769231
2.313846153846154
2.5023076923076926
2.5307692307692307
2.675
2.463846153846154
2.145769230769231
2.265
2.3546153846153848
2.1257692307692304
2.2342307692307695
2.5107692307692306
2.5157692307692305
2.5034615384615386
2.416923076923077
2.661538461538462
2.753846153846154
2.8284615384615384
2.9792307692307696
3.1834615384615383
3.1115384615384616
2.871153846153846
2.793846153846154
2.772692307692308
2.563076923076923
2.7476923076923074
3.0615384615384613
2.9396153846153847
2.960769230769231
3.1103846153846155
3.1030769230769235
2.9811538461538465
2.9930769230769227
3.1076923076923078
3.043461538461538
3.0938461538461537
3.1934615384615386
3.073846153846154
3.0373076923076923
3.015
2.9796153846153848
2.926153846153846
3.1569230769230767
3.115769230769231
2.840384615384615
2.7161538461538464
2.758846153846154
2.708076923076923
2.787692307692308
2.8096153846153844
3.018076923076923
2.795
2.854230769230769
2.8765384615384617
3.0334615384615384
3.0103846153846154
3.0296153846153846
3.193076923076923
3.3457692307692306
3.1876923076923074
3.1553846153846155
3.081153846153846
2.964230769230769
2.9073076923076924
3.13
3.119230769230769
2.9569230769230765
3.007307692307692
3.1365384615384615
3.011153846153846
3.130769230769231
3.0115384615384615
3.196923076923077
3.2492307692307696
3.1169230769230767
3.384230769230769
3.3996153846153847
3.1469230769230774
3.0900000000000003
3.1500000000000004
3.1142307692307694
3.331153846153846
3.1165384615384615
2.9446153846153846
2.963076923076923
3.0338461538461536
3.152307692307692
3.4007692307692308
3.338846153846154
3.4723076923076923
3.653461538461538
3.4000000000000004
3.2219230769230767
3.071153846153846
3.414230769230769
3.5257692307692308
3.4076923076923076
3.4103846153846153
3.322307692307692
3.2476923076923074
3.273846153846154
3.108076923076923
3.084230769230769
3.2323076923076925
3.1592307692307693
3.1957692307692307
3.0300000000000002
3.1599999999999997
3.3819230769230773
3.162692307692308
3.183846153846154
2.9699999999999998
2.9719230769230767
3.233076923076923
2.9365384615384613
3.0949999999999998
3.058846153846154
2.8923076923076922
2.6757692307692307
2.930769230769231
2.8934615384615388
2.8334615384615387
2.789230769230769
2.8334615384615387
2.893076923076923
2.7373076923076924
2.5100000000000002
2.7265384615384614
2.5188461538461535
2.316153846153846
2.335
2.368076923076923
2.143846153846154
2.1315384615384616
2.1361538461538463
2.397307692307692
2.3219230769230768
2.3692307692307693
2.498076923076923
2.316538461538461
2.268076923076923
2.1903846153846156
2.2053846153846153
2.3273076923076923
2.353076923076923
2.086923076923077
1.9442307692307692
1.9176923076923076
1.9253846153846155
1.8911538461538462
1.6434615384615383
1.9146153846153846
1.893846153846154
1.9034615384615385
1.835
1.8742307692307694
1.7557692307692307
1.5676923076923077
1.6384615384615384
1.481923076923077
1.6484615384615384
1.7134615384615384
1.6065384615384615
1.6673076923076924
1.6188461538461536
1.4696153846153845
1.4453846153846153
1.3284615384615384
1.3665384615384615
1.0926923076923076
1.1334615384615385
1.2765384615384614
1.3496153846153847
1.3734615384615385
1.2203846153846154
1.1876923076923076
1.2669230769230768
1.1438461538461537
1.1115384615384616
1.1319230769230768
0.916923076923077
1.0046153846153847
1.0126923076923076
1.0326923076923078
1.1457692307692307
1.0150000000000001
1.0953846153846154
1.1534615384615383
1.1415384615384616
1.0292307692307692
1.0092307692307692
1.0173076923076922
0.948076923076923
0.9980769230769231
0.9161538461538462
0.8542307692307692
0.8588461538461539
0.7873076923076923
0.6688461538461539
0.6742307692307693
0.62
0.5957692307692308
0.6069230769230769
0.6065384615384615
0.6799999999999999
0.6273076923076922
0.59
0.5269230769230769
0.5576923076923077
0.6488461538461539
0.515
0.5011538461538462
0.49346153846153845
0.39807692307692305
0.40115384615384614
0.48846153846153845
0.45576923076923076
0.36730769230769234
0.4276923076923077
0.4115384615384615
0.4503846153846153
0.4869230769230769
0.5015384615384615
0.4411538461538462
0.4584615384615385
0.37884615384615383
0.4480769230769231
0.30730769230769234
0.2923076923076923
0.5015384615384615
0.5303846153846153
0.39692307692307693
0.4284615384615385
0.33615384615384614
0.38423076923076926
0.39961538461538465
0.46307692307692305
0.38461538461538464
0.3761538461538461
0.4480769230769231
0.3984615384615384
0.3342307692307692
0.3565384615384615
0.38384615384615384
0.4146153846153846
0.5365384615384615
0.5853846153846154
0.6865384615384615
0.6838461538461539
0.4819230769230769
0.4876923076923077
0.4303846153846154
0.28076923076923077
0.4146153846153846
0.568076923076923
0.545
