temperature
4.815384615384615
4.351153846153846
4.366538461538462
4.263846153846154
4.1523076923076925
4.04576923076923
4.8696153846153845
4.568846153846153
4.422692307692308
4.502692307692308
4.943846153846153
5.242307692307692
4.843076923076923
4.510384615384615
4.483076923076923
4.142692307692308
3.977692307692308
4.3938461538461535
4.623461538461538
3.9384615384615387
3.417307692307692
3.9046153846153846
3.9326923076923075
3.8103846153846153
4.063461538461539
4.2615384615384615
4.496923076923077
4.605384615384615
4.654615384615385
3.955
4.199230769230769
4.318846153846154
4.427692307692308
4.593846153846154
5.298846153846155
5.268461538461538
4.581538461538462
3.998076923076923
4.256153846153846
4.182307692307692
3.846538461538462
4.509230769230769
4.539230769230769
4.295
4.610769230769231
5.4557692307692305
4.873461538461538
5.2226923076923075
4.756538461538462
5.343461538461539
5.5842307692307696
5.941923076923077
5.652692307692307
5.807307692307693
5.562307692307693
5.5430769230769235
5.375
5.086923076923076
4.851923076923077
4.727692307692307
4.883846153846154
4.903076923076923
4.716923076923077
5.221923076923077
5.447307692307692
6.181538461538461
6.471923076923077
7.036538461538461
6.668461538461538
6.593461538461539
6.8950000000000005
6.251923076923077
7.337307692307693
7.708846153846154
7.854615384615385
7.166153846153846
6.881923076923077
6.744615384615385
6.597307692307693
6.763076923076923
6.479615384615385
6.855
6.876923076923077
7.339615384615384
7.048076923076923
7.122307692307692
7.604230769230769
8.137307692307692
8.788461538461538
8.588076923076922
8.189615384615385
8.668846153846154
8.328461538461537
8.430384615384614
8.692692307692308
7.972307692307693
7.603076923076923
7.654615384615384
8.354615384615384
8.209615384615384
7.856153846153846
8.123076923076923
8.468846153846155
8.71923076923077
8.363076923076923
8.418461538461539
8.86923076923077
8.734615384615385
8.736923076923077
9.121153846153847
9.964615384615383
10.571538461538463
10.685384615384615
11.193846153846154
10.56076923076923
9.564615384615385
10.036923076923076
10.330769230769231
9.576153846153845
9.968846153846155
10.598846153846154
10.55153846153846
10.51423076923077
10.357692307692307
11.073076923076922
11.244615384615384
11.597307692307691
12.141923076923076
12.698461538461537
12.536923076923076
11.903461538461539
11.713076923076924
11.761923076923077
11.267307692307693
11.818076923076923
12.682692307692308
12.464615384615383
12.625
13.077307692307691
13.06076923076923
12.848846153846154
12.923846153846153
13.305384615384614
13.198846153846155
13.391538461538461
13.741153846153846
13.43576923076923
13.334999999999999
13.253461538461538
13.387692307692307
13.247307692307693
14.716153846153846
14.881923076923076
14.161153846153846
13.843076923076923
13.99
13.952307692307691
14.208846153846155
14.366923076923078
15.01423076923077
14.410769230769231
14.584615384615384
14.807692307692308
15.303461538461537
15.335384615384616
15.432307692307692
15.973461538461539
16.415384615384617
16.008076923076924
16.005384615384614
15.813846153846155
15.521538461538462
15.396153846153847
16.14923076923077
16.162692307692307
15.781153846153845
15.851923076923075
16.331923076923076
16.077692307692306
16.465
16.142307692307693
16.693461538461538
16.894615384615385
16.561923076923076
17.338846153846156
17.430384615384614
16.77653846153846
16.67269230769231
16.88423076923077
16.835
17.451153846153847
16.908076923076923
16.43423076923077
16.55807692307692
16.784230769230767
17.189615384615387
17.892307692307693
17.78153846153846
18.175384615384615
18.72153846153846
18.086153846153845
17.63423076923077
17.27769230769231
18.263846153846153
18.60653846153846
18.31
18.36576923076923
18.188846153846153
18.043846153846154
18.153846153846153
17.710384615384616
17.676153846153845
18.186923076923076
18.102307692307694
18.229999999999997
17.771538461538462
18.16769230769231
18.831153846153846
18.256923076923076
18.288846153846155
17.715384615384615
17.77423076923077
18.575384615384614
17.76423076923077
18.275
18.207692307692305
17.765384615384615
17.14076923076923
17.90576923076923
17.836923076923078
17.647692307692306
17.523076923076925
17.63
17.896538461538462
17.46923076923077
16.824615384615385
17.47653846153846
16.86
16.286538461538463
16.411153846153844
16.544615384615383
15.830384615384615
15.784615384615384
15.621923076923078
16.415384615384617
16.207692307692305
16.31923076923077
16.782692307692308
16.195
15.99576923076923
15.796153846153846
15.836923076923076
16.19
16.349615384615383
15.425384615384615
15.031153846153845
14.952692307692306
14.993846153846153
14.809615384615386
14.108076923076924
15.01423076923077
14.917307692307693
14.944230769230769
14.740384615384615
14.853076923076923
14.368846153846155
13.775384615384617
14.004999999999999
13.440384615384614
14.004615384615384
14.165384615384616
13.842307692307692
14.11153846153846
13.674615384615386
12.87576923076923
12.841153846153846
12.272692307692306
12.665384615384616
11.689615384615385
11.871923076923078
12.370384615384616
12.58423076923077
12.56076923076923
12.03076923076923
11.862692307692308
12.146923076923077
11.623846153846156
11.568846153846154
11.668846153846154
10.743076923076924
10.973846153846154
10.781923076923077
10.85153846153846
11.241923076923078
10.83
11.09423076923077
11.180384615384614
11.133846153846154
10.848461538461539
10.46923076923077
10.250384615384615
9.992307692307692
10.07076923076923
9.913076923076924
9.669230769230769
9.617692307692307
9.218461538461538
8.566923076923077
8.565384615384614
8.449615384615385
8.346538461538461
8.293076923076923
7.92076923076923
8.388076923076923
8.303461538461539
7.978076923076923
7.672692307692308
7.633076923076923
7.822692307692307
7.283076923076924
7.119615384615385
6.896923076923077
6.365769230769231
6.229615384615385
6.46
6.391538461538461
5.84
6.099615384615385
6.1657692307692304
6.2153846153846155
6.426923076923076
6.297692307692308
6.065769230769231
6.02576923076923
5.633076923076923
5.530384615384615
5.066538461538461
5.033846153846154
5.783076923076924
5.636538461538462
5.173076923076923
5.290384615384616
4.825384615384616
5.088461538461539
4.979615384615385
5.379615384615385
4.958846153846154
4.909230769230769
5.356538461538462
4.760384615384615
4.299615384615384
4.1765384615384615
4.35
4.387307692307693
5.012307692307692
5.266923076923077
6.281538461538461
6.393846153846154
5.127307692307692
5.121153846153846
4.707692307692308
3.7676923076923075
4.189230769230769
5.005769230769231
4.7457692307692305
