pet
0.48666666666666664
0.418
0.4373333333333333
0.5133333333333333
0.49
0.47533333333333333
0.476
0.4246666666666667
0.486
0.5253333333333333
0.4706666666666667
0.42133333333333334
0.396
0.4613333333333333
0.5486666666666667
0.4533333333333333
0.42733333333333334
0.336
0.33666666666666667
0.32466666666666666
0.45666666666666667
0.6353333333333334
0.5213333333333333
0.7513333333333333
0.5886666666666667
0.532
0.4726666666666667
0.5206666666666666
0.3926666666666667
0.36933333333333335
0.4266666666666667
0.35533333333333333
0.482
0.3486666666666667
0.34600000000000003
0.4046666666666667
0.402
0.4666666666666667
0.48466666666666663
0.448
0.31200000000000006
0.36133333333333334
0.4686666666666666
0.5559999999999999
0.756
0.7726666666666666
0.7753333333333334
0.7566666666666666
0.5826666666666667
0.7653333333333333
0.8480000000000001
0.8553333333333334
0.9153333333333333
0.8106666666666666
0.6786666666666666
0.8233333333333334
0.712
0.8553333333333334
0.8073333333333333
0.6940000000000001
0.6226666666666667
0.5966666666666666
0.5513333333333333
0.7713333333333333
0.9646666666666666
0.7893333333333333
0.7673333333333333
0.6766666666666666
0.8013333333333333
1.04
1.0413333333333332
1.178
1.2586666666666666
1.198
1.0393333333333332
0.9326666666666666
1.2266666666666666
1.258
1.2906666666666666
1.4473333333333334
1.1966666666666665
1.0533333333333335
1.1586666666666665
1.3473333333333335
1.0799999999999998
1.1913333333333331
1.226
1.0846666666666667
1.192
1.1413333333333333
1.09
1.2786666666666666
1.3646666666666667
1.2706666666666666
1.5339999999999998
1.582
1.4140000000000001
1.4906666666666666
1.4973333333333334
1.4946666666666666
1.5026666666666666
1.4913333333333334
1.602
1.5466666666666666
1.9173333333333331
1.6780000000000002
1.6273333333333333
1.7666666666666666
1.8526666666666667
1.9946666666666668
2.0580000000000003
2.170666666666667
2.1653333333333333
1.8386666666666664
1.814
1.6546666666666667
1.716
1.706
1.758
1.9086666666666665
1.8
1.762
1.9160000000000001
2.227333333333333
2.036
1.9246666666666667
2.1226666666666665
2.448
2.3626666666666667
2.412
2.178
2.116
2.396666666666667
2.338
2.240666666666667
2.032
2.3546666666666667
2.2633333333333336
2.5319999999999996
2.3400000000000003
2.420666666666667
2.2426666666666666
2.208666666666667
2.4073333333333333
2.305333333333333
2.472
2.5660000000000003
2.765333333333333
2.8553333333333333
2.896666666666667
3.0420000000000003
2.562
2.498666666666667
2.228666666666667
2.096
2.14
2.0813333333333333
2.3906666666666667
2.5193333333333334
2.3793333333333333
2.344
2.088
1.994
1.9080000000000001
1.974
2.280666666666667
2.258
2.0486666666666666
1.9126666666666667
1.856
1.9033333333333333
2.0853333333333333
2.146666666666667
2.0673333333333335
2.2346666666666666
2.0580000000000003
2.292666666666667
2.5906666666666665
2.5786666666666664
2.3873333333333333
2.24
2.1906666666666665
2.055333333333333
2.3133333333333335
2.3560000000000003
2.3793333333333333
2.1246666666666667
2.0726666666666667
1.8406666666666667
1.964
1.9353333333333333
1.9713333333333334
1.6986666666666668
1.9293333333333331
1.7486666666666666
1.982
2.1733333333333333
2.037333333333333
2.283333333333333
2.074666666666667
2.02
1.9386666666666668
2.1753333333333336
2.3459999999999996
2.2053333333333334
2.4
2.426
2.116
1.9253333333333333
1.8733333333333335
1.6640000000000001
1.8166666666666667
1.986
2.044
1.9866666666666668
1.8353333333333335
1.688
1.7213333333333334
1.754
1.6986666666666668
1.4886666666666666
1.5606666666666666
1.62
1.7206666666666668
1.8479999999999999
1.7339999999999998
1.5533333333333335
1.6460000000000001
1.6946666666666668
1.6026666666666667
1.6726666666666667
1.7893333333333332
1.7659999999999998
1.6833333333333333
1.6346666666666667
1.392
1.514
1.426
1.3886666666666665
1.3086666666666666
1.3219999999999998
1.114
1.084
1.3326666666666667
1.4766666666666666
1.6273333333333333
1.4693333333333334
1.3293333333333335
1.3880000000000001
1.2846666666666666
1.5613333333333335
1.4386666666666665
1.4146666666666665
1.2173333333333332
1.0859999999999999
0.9239999999999999
1.0406666666666666
1.044
1.024
0.9173333333333333
1.0813333333333333
1.0346666666666666
1.0766666666666667
1.294
0.964
0.9760000000000001
1.1313333333333333
1.2033333333333334
1.128
1.0573333333333332
1.1586666666666665
0.9440000000000001
0.7926666666666667
0.7542857142857143
0.8728571428571429
0.8192857142857143
0.8042857142857143
0.8492857142857143
0.8742857142857143
1.0592857142857144
1.0628571428571427
0.8828571428571428
0.9414285714285714
0.6835714285714286
0.7964285714285715
0.9478571428571428
0.9800000000000001
0.7235714285714286
0.5864285714285715
0.7592857142857142
0.8635714285714285
0.7042857142857143
0.7885714285714286
0.7042857142857143
0.7642857142857142
0.8892857142857142
0.7471428571428571
0.6128571428571429
0.7864285714285714
0.6485714285714286
0.7028571428571428
0.5542857142857143
0.9285714285714286
0.8078571428571429
0.6421428571428571
0.6607142857142857
0.5800000000000001
0.42714285714285716
0.4407142857142857
0.6607142857142857
0.3592857142857143
0.5335714285714286
0.5028571428571429
0.42142857142857143
0.6164285714285714
0.57
0.6942857142857143
0.7699999999999999
0.8507142857142858
0.5792857142857143
0.5464285714285715
0.6914285714285714
0.4978571428571429
0.4807142857142857
0.3321428571428572
0.3442857142857143
0.29857142857142854
0.26142857142857145
0.3557142857142857
0.595
0.3192857142857143
0.24499999999999997
0.21428571428571427
0.24999999999999997
0.30642857142857144
0.33428571428571424
0.21857142857142858
0.24
0.29214285714285715
0.2664285714285714
0.4735714285714286
0.45714285714285713
0.5407142857142857
0.48857142857142855
0.4557142857142857
0.4121428571428571
0.2514285714285714
0.4692857142857143
0.42
0.6078571428571429
0.5528571428571428
0.6914285714285714
0.5557142857142857
0.5471428571428572
0.5664285714285714
0.47866666666666663
0.52
0.3253333333333333
0.46266666666666667
0.466
0.44000000000000006
0.48933333333333334
0.6273333333333333
0.618
0.638
