temperature
5.438260869565218
4.771304347826087
4.435217391304348
3.9556521739130432
4.252173913043478
4.163478260869565
4.979565217391304
4.7791304347826085
4.42695652173913
4.932608695652174
5.222173913043478
5.3365217391304345
5.0343478260869565
4.828695652173913
4.9482608695652175
4.591304347826087
4.07304347826087
4.300434782608695
4.376086956521739
3.8334782608695654
3.8130434782608695
4.314782608695652
3.960869565217391
3.6869565217391305
4.365652173913043
4.4513043478260865
4.712173913043478
5.038260869565217
4.786086956521739
4.102608695652174
4.772608695652174
4.922173913043479
4.665217391304347
4.518695652173913
5.335652173913044
5.168260869565217
4.312608695652174
4.622608695652175
4.440434782608696
4.062608695652174
3.9643478260869562
4.4421739130434785
4.897826086956522
4.171739130434783
4.8591304347826085
5.364782608695652
5.088695652173913
5.450869565217391
4.913913043478261
5.357391304347826
5.337391304347826
6.1952173913043485
5.767391304347826
5.795217391304347
5.433478260869565
5.299130434782609
5.187826086956522
5.037826086956522
4.55304347826087
4.2956521739130435
4.644782608695652
4.696086956521739
4.565652173913043
4.777391304347826
5.477826086956521
6.181739130434783
6.885217391304347
7.355217391304349
7.242608695652175
6.814782608695652
6.665217391304348
6.015217391304348
7.196521739130435
7.862608695652174
7.458260869565217
6.89
6.598695652173912
6.8960869565217395
6.466521739130434
7.200869565217391
6.909130434782608
7.148260869565218
7.447391304347826
7.353478260869565
7.502608695652174
7.493478260869565
8.06391304347826
8.026521739130436
8.502173913043478
8.02913043478261
8.144166666666667
8.370416666666666
8.494583333333333
7.951250000000001
8.246666666666668
8.10375
7.452500000000001
7.8254166666666665
8.709999999999999
8.332916666666668
8.205
8.404166666666667
8.555416666666666
8.794583333333334
9.161666666666667
8.80625
9.3075
8.889583333333333
9.10125
9.79875
10.677083333333334
10.67125
10.847083333333332
11.04125
10.168333333333333
9.78
9.722916666666666
9.821666666666667
9.325416666666667
9.963333333333333
10.21125
10.116249999999999
10.544166666666667
10.31375
10.785833333333334
11.379583333333334
11.9925
11.798333333333334
11.960833333333333
12.527500000000002
11.9825
11.477916666666667
11.52375
11.077083333333334
11.730833333333335
11.978333333333333
11.96375
12.127916666666666
12.294166666666667
12.339166666666666
12.749583333333334
12.762916666666667
13.03375
13.12
13.539583333333333
13.467083333333335
13.635
13.320416666666667
13.527916666666668
13.420416666666666
13.54875
14.824583333333335
14.710833333333333
14.356250000000001
13.930416666666666
13.523333333333333
13.60125
13.629166666666668
14.14
14.799583333333333
14.335833333333333
14.684166666666668
14.282083333333333
14.880833333333333
15.180833333333332
15.0875
15.692083333333334
16.008333333333333
15.762916666666667
15.610416666666666
15.22625
15.242916666666666
15.028333333333334
15.6725
15.685833333333333
16.059166666666666
16.565
16.250833333333333
16.197083333333335
16.355833333333333
16.30666666666667
16.798333333333336
16.55875
16.3275
16.24
16.49125
16.678333333333335
16.5025
16.567083333333333
16.782500000000002
16.609583333333333
16.447916666666668
16.402083333333334
16.45958333333333
16.894583333333333
17.007916666666667
17.45875
17.561666666666667
18.128333333333334
18.3
17.207916666666666
17.290833333333335
17.076249999999998
17.673750000000002
17.75875
18.255
17.79125
17.648333333333333
17.590833333333332
17.22458333333333
16.955833333333334
17.323333333333334
17.715
17.4175
17.694583333333334
17.4225
17.535416666666666
17.51625
17.22625
17.653333333333332
17.17625
16.99833333333333
17.756666666666668
17.230416666666667
17.533333333333335
17.1825
16.75375
16.412916666666664
16.817916666666665
16.794583333333332
16.34625
16.235
16.510416666666668
17.037499999999998
16.584166666666665
16.209166666666665
17.14125
16.519166666666667
15.972499999999998
15.785833333333334
15.592916666666667
15.2975
15.09625
14.972916666666668
15.936666666666667
15.875833333333333
16.089583333333334
16.103333333333335
15.695833333333333
15.142916666666666
15.57625
15.136249999999999
16.079583333333332
15.647083333333333
15.143333333333333
14.96125
14.507916666666667
14.596666666666666
14.331249999999999
13.87
14.131666666666668
14.262083333333335
14.555
14.165416666666667
13.940416666666666
13.742083333333333
13.330416666666666
13.168333333333335
13.282083333333333
13.517083333333334
13.539166666666667
13.408333333333333
13.788333333333334
13.131304347826086
12.726521739130433
12.42304347826087
11.761739130434782
12.518260869565218
11.802608695652173
11.720434782608695
12.294347826086955
12.297391304347824
12.796086956521739
11.581304347826087
11.825652173913044
11.750869565217391
11.10695652173913
11.198260869565217
11.268260869565218
10.632173913043477
10.752608695652174
10.402173913043478
10.44608695652174
10.64304347826087
10.32913043478261
10.875217391304348
10.773478260869565
11.073478260869566
10.73695652173913
10.361304347826087
10.445652173913043
10.21782608695652
10.462173913043477
10.394347826086957
9.63
9.290434782608695
8.826086956521738
8.292608695652174
8.195652173913043
8.405652173913042
8.01695652173913
7.812608695652174
7.948695652173913
8.74
8.80913043478261
8.197826086956523
8.334347826086956
7.527826086956522
7.820869565217391
7.3743478260869555
7.4460869565217385
7.310434782608696
6.837826086956523
6.639130434782608
6.751739130434783
6.693913043478261
5.939130434782609
6.620869565217391
6.37304347826087
6.466086956521739
6.167826086956523
6.435217391304348
5.928260869565217
5.808695652173912
5.626956521739131
5.493478260869565
5.449130434782608
5.490434782608696
5.941739130434782
6.239130434782608
5.495652173913044
5.075652173913044
4.781304347826087
4.874347826086956
4.5169565217391305
5.404782608695652
4.967391304347826
5.185217391304348
5.194347826086957
4.768695652173913
4.5291304347826085
4.339565217391304
3.8339130434782613
4.5978260869565215
5.633478260869565
5.748260869565217
6.66
6.416956521739131
5.2956521739130435
5.114782608695652
4.823478260869565
4.199130434782608
4.8130434782608695
5.213478260869565
5.09
