temperature
3.5252173913043476
3.7008695652173915
3.8056521739130433
4.547391304347826
4.8478260869565215
3.483913043478261
3.432608695652174
3.8813043478260867
4.087826086956522
3.383478260869565
2.82
2.4743478260869565
2.73
3.4821739130434786
3.9091304347826084
3.4447826086956526
2.8108695652173914
3.3343478260869563
3.707391304347826
4.076521739130435
4.07304347826087
3.606521739130435
3.7230434782608692
3.8943478260869564
3.5504347826086957
3.03695652173913
3.282173913043478
3.5500000000000003
3.4169565217391304
3.074782608695652
3.4443478260869567
3.3352173913043477
3.7043478260869565
4.5517391304347825
4.7239130434782615
5.194782608695652
4.907826086956521
3.9247826086956525
3.6560869565217393
3.391739130434783
3.0121739130434784
3.2217391304347824
3.075217391304348
2.710434782608696
2.413913043478261
2.8530434782608696
3.12
3.54
3.306086956521739
3.433913043478261
3.356086956521739
3.383478260869565
3.9239130434782608
4.149565217391304
3.6308695652173917
3.6321739130434785
4.477391304347826
4.918695652173913
5.086956521739131
5.2873913043478264
5.65304347826087
5.112608695652174
4.904782608695652
5.761304347826086
6.281304347826087
6.166086956521739
5.780434782608695
5.521739130434782
6.461739130434783
5.981304347826087
6.157826086956521
6.172173913043479
6.294782608695653
6.034782608695653
5.591304347826087
6.01695652173913
6.059130434782608
5.318260869565217
5.7556521739130435
5.440869565217391
5.735217391304348
6.773913043478261
6.794347826086957
6.474782608695653
6.303478260869565
6.357826086956521
6.47304347826087
6.406521739130435
6.471304347826087
7.447391304347826
6.956521739130435
6.263478260869565
5.76608695652174
6.007391304347825
6.402608695652174
6.73695652173913
6.561304347826087
6.8039130434782615
7.290869565217391
7.320869565217391
7.242173913043478
7.38304347826087
6.81391304347826
7.018695652173913
7.813043478260869
8.018260869565216
7.119999999999999
7.625217391304347
7.87304347826087
7.4626086956521736
8.565217391304348
9.222173913043479
8.379130434782608
8.602173913043478
8.692608695652174
8.413478260869566
8.923478260869565
9.273913043478261
9.347826086956522
9.744347826086956
9.06391304347826
9.518695652173914
9.402608695652173
9.29391304347826
9.732608695652173
9.503478260869565
9.918695652173913
9.759130434782607
9.582608695652175
10.317391304347826
10.542608695652174
10.502608695652174
10.852173913043478
11.155217391304348
11.577826086956522
11.056521739130435
10.64
10.76608695652174
11.520869565217392
12.049130434782608
11.383478260869564
11.885217391304348
12.141739130434782
12.214782608695652
12.047826086956523
12.209565217391305
11.92608695652174
11.656521739130437
12.45695652173913
12.085652173913042
12.953913043478261
13.340434782608694
13.000434782608695
12.949565217391307
12.660869565217391
13.39391304347826
12.849130434782607
12.964782608695652
13.12
13.238695652173913
13.128695652173912
13.026521739130436
12.639130434782608
13.32
13.025652173913043
13.333913043478262
14.390434782608697
13.985652173913044
14.03217391304348
14.39
14.895217391304346
13.668695652173913
14.060434782608695
13.447826086956523
13.998695652173915
14.640869565217391
14.739565217391304
14.511304347826087
15.087826086956522
14.673913043478262
14.994782608695653
14.64608695652174
14.296086956521739
14.98695652173913
15.843043478260869
15.664782608695651
15.812608695652173
15.659565217391306
16.42913043478261
15.994347826086956
16.14695652173913
16.38391304347826
16.20608695652174
16.37217391304348
16.279565217391305
16.075652173913046
15.69391304347826
15.65086956521739
15.877391304347826
16.35217391304348
16.433913043478263
15.843478260869563
16.28782608695652
16.42913043478261
16.083913043478262
16.69217391304348
16.48
16.87391304347826
16.571304347826086
16.924347826086954
17.127391304347828
16.14913043478261
16.463043478260868
16.824347826086957
16.164347826086956
16.348695652173912
16.482608695652175
16.047391304347826
15.927826086956523
16.359565217391303
16.32608695652174
16.348260869565216
16.55695652173913
15.891739130434782
15.912608695652175
16.14
15.942608695652174
15.863478260869567
15.67478260869565
15.58695652173913
16.576521739130435
16.57608695652174
16.444347826086954
15.774347826086956
14.976521739130437
14.864782608695652
15.165652173913044
14.596086956521738
14.462608695652174
15.085217391304347
15.140869565217391
15.05782608695652
14.77826086956522
14.807391304347826
14.578260869565218
14.27304347826087
14.414347826086955
13.964347826086957
13.932173913043478
14.451739130434783
14.113478260869567
14.084347826086956
13.928695652173914
13.961304347826088
13.177391304347825
12.734782608695651
12.854782608695654
13.296086956521739
13.333478260869565
13.562608695652173
13.96608695652174
12.885652173913044
12.950869565217392
12.77913043478261
12.678260869565218
13.036956521739132
12.462173913043477
12.573478260869566
12.725652173913044
12.561304347826088
12.64608695652174
12.451304347826087
12.60608695652174
11.69608695652174
11.19
11.343478260869563
11.03217391304348
11.039565217391305
11.194782608695652
11.095652173913043
11.50695652173913
11.81
10.942173913043478
10.749565217391305
10.816521739130435
10.323478260869566
10.181304347826087
9.955
9.587727272727273
9.159545454545453
9.48
9.986363636363636
9.924090909090909
9.165909090909091
9.000909090909092
9.117272727272727
8.935454545454546
9.598636363636365
9.007272727272728
8.75590909090909
8.306363636363637
8.688636363636364
8.661739130434782
8.375217391304348
8.519565217391303
8.42
7.713913043478262
7.522608695652174
7.127391304347826
7.629130434782609
8.557391304347826
8.000869565217391
7.916521739130435
7.971304347826087
7.53
6.392173913043479
5.970869565217391
6.134782608695652
6.247391304347826
6.01608695652174
6.556956521739131
6.737826086956522
5.65391304347826
5.26304347826087
5.25695652173913
5.3704347826086964
5.637391304347826
5.83
6.113478260869566
5.663478260869565
4.818260869565217
4.520869565217391
4.633913043478261
5.021739130434782
5.078260869565217
5.730869565217391
5.329565217391305
4.996521739130435
4.101304347826087
3.9404347826086954
4.748695652173913
4.453913043478261
4.239565217391305
4.169130434782609
4.227391304347826
4.290869565217391
4.741739130434783
4.764782608695652
4.786086956521739
4.761304347826087
4.701739130434783
4.324782608695652
4.453913043478261
4.538260869565217
4.32
4.139130434782609
4.671739130434783
4.974347826086956
4.482173913043479
4.67
4.178695652173913
4.208695652173913
3.746086956521739
3.707826086956522
3.884782608695652
