pet
0.5154545454545455
0.4231818181818182
0.30409090909090913
0.3018181818181818
0.3936363636363636
0.30454545454545456
0.3609090909090909
0.3936363636363636
0.4531818181818182
0.47454545454545455
0.45363636363636367
0.39454545454545453
0.4359090909090909
0.4731818181818182
0.5259090909090909
0.49090909090909096
0.4040909090909091
0.41954545454545455
0.4786363636363637
0.5686363636363636
0.5877272727272728
0.48045454545454547
0.47181818181818175
0.4022727272727273
0.28863636363636364
0.4
0.3718181818181818
0.5213636363636364
0.6522727272727272
0.5586363636363636
0.5372727272727272
0.5704545454545454
0.6109090909090908
0.725909090909091
0.7581818181818182
0.920909090909091
0.7718181818181818
0.5013636363636363
0.49954545454545457
0.5531818181818182
0.47954545454545455
0.5836363636363636
0.6277272727272728
0.5754545454545454
0.6386363636363636
0.5790909090909091
0.5331818181818182
0.6631818181818182
0.6509090909090909
0.6381818181818182
0.6027272727272727
0.6213636363636363
0.7295454545454546
0.7645454545454545
0.6163636363636363
0.5613636363636364
0.5818181818181819
0.7686363636363637
0.6595454545454545
0.6781818181818182
0.6213636363636363
0.6813636363636364
0.8886363636363637
1.0481818181818183
1.1195454545454544
1.2831818181818182
1.1277272727272727
1.1622727272727273
1.165
1.1554545454545455
1.215
1.1877272727272727
1.1527272727272726
0.9940909090909091
1.164090909090909
1.3566666666666667
1.059047619047619
0.9733333333333334
1.0295238095238095
1.139047619047619
1.0895238095238096
1.0295238095238095
1.109047619047619
1.17
1.210952380952381
1.1523809523809523
1.0147619047619048
1.3328571428571427
1.4995238095238095
1.5042857142857142
1.51
1.2042857142857142
1.091904761904762
1.2152380952380952
1.3890476190476189
1.3952380952380952
1.3271428571428572
1.4314285714285715
1.5571428571428574
1.6838095238095239
1.538095238095238
1.3733333333333333
1.3380952380952382
1.4766666666666668
1.5085714285714285
1.5085714285714285
1.4242857142857144
1.5452380952380953
1.4952380952380953
1.6695238095238096
1.7090476190476191
1.5980952380952382
1.7080952380952379
1.739047619047619
1.7090476190476191
1.7738095238095237
1.92
2.072857142857143
2.0819047619047617
2.1166666666666667
2.1180952380952385
2.0371428571428574
2.1319047619047615
2.135238095238095
1.8338095238095238
2.0157142857142856
2.197142857142857
2.1128571428571425
2.059047619047619
2.075714285714286
1.9642857142857142
2.08
2.2123809523809523
2.3295238095238098
2.2457142857142856
2.1395238095238094
2.2600000000000002
2.242857142857143
2.1938095238095237
2.4714285714285715
2.3042857142857143
2.302857142857143
2.4985714285714287
2.5100000000000002
2.5685714285714285
2.439523809523809
2.284761904761905
2.2685714285714287
2.3885714285714283
2.5814285714285714
2.6957142857142857
2.5223809523809524
2.2399999999999998
2.143333333333333
2.0885714285714285
2.289047619047619
2.211904761904762
2.330952380952381
2.4204761904761902
2.352857142857143
2.229047619047619
2.1476190476190475
2.184761904761905
2.453809523809524
2.396190476190476
2.336666666666667
2.3395238095238096
2.413333333333333
2.486666666666667
2.611904761904762
2.499047619047619
2.301904761904762
2.152857142857143
2.1966666666666663
2.2304761904761907
2.3871428571428575
2.3666666666666667
2.3066666666666666
2.282857142857143
2.2533333333333334
2.1904761904761907
2.1223809523809525
2.1376190476190478
2.3990476190476193
2.5638095238095238
2.424285714285714
2.544761904761905
2.5638095238095238
2.531428571428571
2.3814285714285712
2.360952380952381
2.4561904761904763
2.281904761904762
2.2652380952380953
2.352857142857143
2.2452380952380953
2.0523809523809526
2.1995238095238094
2.1723809523809523
2.6104761904761906
2.507142857142857
2.315238095238095
2.2395238095238095
2.3600000000000003
2.2904761904761903
2.3633333333333333
2.422857142857143
2.374285714285714
2.528095238095238
2.3847619047619046
2.314761904761905
2.2271428571428573
2.201904761904762
2.4214285714285717
2.327142857142857
2.219047619047619
2.2414285714285715
2.2204761904761905
2.1657142857142855
2.0614285714285714
2.0300000000000002
2.067619047619048
2.1376190476190478
2.0880952380952382
2.072857142857143
2.1371428571428575
2.1547619047619047
1.9571428571428573
2.050952380952381
2.0423809523809524
2.028095238095238
1.9857142857142858
2.0533333333333332
1.691904761904762
1.662857142857143
1.7561904761904763
1.6904761904761905
1.7533333333333334
1.6452380952380952
1.8357142857142856
1.7457142857142856
1.7533333333333334
1.639047619047619
1.6868181818181818
1.810909090909091
1.7259090909090908
1.7063636363636363
1.46
1.3413636363636363
1.49
1.5090909090909093
1.4445454545454546
1.5536363636363637
1.363181818181818
1.2854545454545454
1.1881818181818182
1.2363636363636363
1.23
1.4036363636363636
1.5272727272727273
1.4136363636363638
1.3754545454545453
1.3836363636363638
1.34
1.265
1.315909090909091
1.0645454545454547
1.1195454545454544
1.1886363636363635
1.1663636363636363
1.2863636363636364
1.3154545454545454
1.2977272727272728
1.163181818181818
1.22
1.2995454545454546
1.1472727272727272
1.0931818181818183
0.9668181818181818
0.995
1.079090909090909
1.1677272727272727
0.8854545454545455
0.854090909090909
0.8636363636363636
0.9522727272727273
1.005
0.8645454545454545
0.9595454545454545
0.8090909090909091
0.8036363636363636
0.7313636363636363
0.6204545454545455
0.7068181818181819
0.7036363636363636
0.7690909090909092
0.7609090909090909
0.8163636363636364
0.7295454545454546
0.6327272727272727
0.7045454545454546
0.5945454545454546
0.6554545454545454
0.6254545454545455
0.5868181818181818
0.6
0.7004545454545454
0.5654545454545455
0.49090909090909096
0.5813636363636364
0.6663636363636364
0.5563636363636364
0.6477272727272727
0.565
0.4713636363636363
0.46727272727272723
0.45954545454545453
0.4181818181818182
0.5136363636363637
0.5127272727272727
0.4163636363636364
0.3895454545454546
0.2931818181818182
0.32727272727272727
0.5568181818181818
0.5368181818181819
0.5677272727272727
0.43727272727272726
0.4309090909090909
0.41318181818181815
0.4881818181818182
0.5018181818181818
0.4336363636363636
0.5590909090909091
0.5077272727272727
0.6486363636363636
0.5636363636363636
0.3931818181818182
0.37999999999999995
0.3227272727272727
0.24363636363636362
0.35000000000000003
0.3736363636363636
0.42863636363636365
0.455
0.3831818181818182
0.3909090909090909
0.44727272727272727
0.40545454545454546
0.4581818181818182
0.3609090909090909
0.29363636363636364
0.2427272727272727
0.3245454545454546
0.35409090909090907
0.32727272727272727
0.3781818181818182
0.48227272727272724
0.32
0.30000000000000004
0.25636363636363635
0.36909090909090914
0.4445454545454545
0.4904545454545454
0.47045454545454546
