pet
0.37200000000000005
0.36
0.30760000000000004
0.4172
0.5776
0.46399999999999997
0.4684
0.5372
0.5652
0.6192
0.5972
0.5684
0.5516
0.5604
0.56
0.4372
0.42200000000000004
0.43320000000000003
0.4368
0.5172
0.6484000000000001
0.48960000000000004
0.43119999999999997
0.4472
0.38079999999999997
0.4
0.37200000000000005
0.4028
0.5376
0.5120833333333333
0.5429166666666666
0.51375
0.5958333333333333
0.66125
0.6304166666666667
0.7970833333333333
0.7866666666666666
0.6179166666666667
0.5304166666666666
0.6295833333333333
0.5287499999999999
0.5187499999999999
0.5075
0.41250000000000003
0.4395833333333334
0.4675
0.48
0.56875
0.5279166666666667
0.49041666666666667
0.5325
0.6191666666666666
0.7516666666666666
0.7966666666666667
0.6783333333333333
0.6408333333333334
0.6416666666666667
0.8429166666666666
0.75875
0.8741666666666666
0.9083333333333333
0.8275
1.01625
1.2008333333333334
1.2566666666666666
1.29375
1.12875
1.1445833333333333
1.28125
1.1866666666666668
1.20125
1.2249999999999999
1.0829166666666665
1.0591666666666668
1.09875
1.1975
1.0579166666666666
1.02
0.9558333333333334
1.0487499999999998
1.1158333333333335
1.0858333333333332
1.125
1.2304166666666667
1.1954166666666668
1.1700000000000002
1.1425
1.2604166666666667
1.3883333333333334
1.5129166666666667
1.5379166666666666
1.22875
1.065
1.15625
1.3258333333333334
1.4358333333333333
1.2566666666666666
1.1416666666666666
1.4320833333333332
1.7787499999999998
1.8308333333333333
1.7166666666666668
1.5441666666666667
1.6958333333333335
1.7454166666666666
1.7729166666666665
1.6420833333333331
1.9337499999999999
1.8508333333333333
1.8404166666666668
1.9058333333333335
1.9108333333333334
1.9004166666666666
1.8966666666666665
1.8058333333333334
1.8508333333333333
1.9258333333333333
1.9437499999999999
1.9658333333333333
2.1166666666666667
2.0591666666666666
2.018333333333333
2.1333333333333333
2.255
1.955
2.18875
2.325833333333333
2.2291666666666665
2.2029166666666664
2.337083333333333
2.3283333333333336
2.4425
2.357083333333333
2.3125
2.490416666666667
2.401666666666667
2.5837499999999998
2.4325
2.5508333333333333
2.7441666666666666
2.4875000000000003
2.6
2.6195833333333334
2.67125
2.79875
2.8091666666666666
2.535
2.67125
2.7079166666666663
2.731666666666667
2.9454166666666666
2.8464
2.634
2.5388
2.5664
2.8076
2.7124
2.6012
2.6563999999999997
2.6024000000000003
2.5272
2.5436
2.4744
2.4796
2.4768
2.4444
2.7384000000000004
2.5780000000000003
2.7424
2.7264
2.6052
2.4019999999999997
2.4768
2.4215999999999998
2.4792
2.6164
2.6504000000000003
2.5372
2.6472
2.6148000000000002
2.7207999999999997
2.6112
2.6712000000000002
2.7
2.7668
2.8044
2.9924
2.958
2.862
2.8080000000000003
2.8524000000000003
2.932
2.8868
2.8939999999999997
2.8164
2.8015999999999996
2.5596
2.4724
2.5368
2.8424
2.6272
2.5664
2.6116
2.4816
2.5944
2.6836
2.79
2.8024
2.8432
2.7672000000000003
2.75
2.4424
2.5792
2.7396
2.6212
2.4388
2.5336000000000003
2.4708
2.2832
2.3904
2.2616
2.3528000000000002
2.5188
2.516
2.5388
2.6228000000000002
2.5848
2.3968000000000003
2.3287999999999998
2.3868
2.4512
2.4728
2.4696000000000002
2.2336
2.126
2.1292
2.0204
1.966
1.9380000000000002
2.1959999999999997
2.0672
1.9628
1.9152
2.0564
2.028
1.8903999999999999
1.9043999999999999
1.7484
1.7016
1.882
1.778
1.8856
1.854
1.6563999999999999
1.5759999999999998
1.5312000000000001
1.5231999999999999
1.4980000000000002
1.7544
1.7919999999999998
1.5031999999999999
1.4844
1.5836000000000001
1.5288
1.4352
1.51
1.2368
1.1908
1.3296000000000001
1.34
1.4912
1.4076
1.51
1.3259999999999998
1.4047999999999998
1.3524
1.3548
1.2156
1.2416
1.1136
1.2488
1.2031999999999998
0.8876
1.014
1.0472
0.9488
0.8804000000000001
0.9036
0.7831999999999999
0.7944
0.8364
0.8887999999999999
0.7395999999999999
0.6859999999999999
0.772
0.856
0.9059999999999999
0.9087999999999999
0.8064
0.6920000000000001
0.7328
0.6548
0.7768
0.6884
0.7036
0.7948000000000001
0.7604
0.6572
0.6108
0.574
0.7264
0.684
0.6584
0.6964
0.5644
0.48119999999999996
0.49
0.5316
0.48160000000000003
0.5084000000000001
0.5356000000000001
0.5692
0.4296
0.29719999999999996
0.468
0.6596
0.6264
0.5072
0.5728
0.44520000000000004
0.3796
0.4324
0.406
0.41240000000000004
0.5247999999999999
0.5752
0.5828
0.494
0.44
0.32159999999999994
0.3272
0.3664
0.38439999999999996
0.5008
0.46599999999999997
0.4056
0.3564
0.3748
0.4164
0.3384
0.36
0.3308
0.3852
0.4796
0.48200000000000004
0.44880000000000003
0.5212
0.5436
0.542
0.5476
0.5676000000000001
0.6272
0.54
0.4728
0.4468
