pet
0.6764705882352942
0.4852941176470588
0.37
0.42058823529411765
0.5076470588235295
0.5664705882352942
0.6270588235294118
0.5752941176470587
0.5694117647058823
0.5029411764705882
0.6082352941176471
0.6964705882352941
0.768235294117647
0.7541176470588236
0.7705882352941176
0.7247058823529412
0.5835294117647059
0.723529411764706
0.7452941176470588
0.713529411764706
0.6970588235294117
0.6211764705882353
0.5835294117647059
0.5076470588235295
0.38411764705882356
0.5741176470588235
0.48294117647058826
0.45764705882352935
0.57
0.5588235294117647
0.5841176470588235
0.6535294117647058
0.8070588235294118
0.9111764705882353
0.8358823529411764
1.0241176470588236
0.8511764705882352
0.5941176470588235
0.6817647058823529
0.7064705882352941
0.7111764705882353
0.83
0.7247058823529412
0.7382352941176471
0.888235294117647
0.7841176470588236
0.6817647058823529
0.8011764705882354
0.7635294117647059
0.7429411764705883
0.6741176470588236
0.7176470588235294
0.8929411764705882
0.8376470588235294
0.6852941176470588
0.6617647058823529
0.62
0.7170588235294117
0.5647058823529412
0.6394117647058825
0.6417647058823529
0.8764705882352941
1.0564705882352943
1.0558823529411765
1.2411764705882353
1.2470588235294118
1.11
1.116470588235294
1.2458823529411764
1.285294117647059
1.3047058823529412
1.3347058823529412
1.203529411764706
1.1911764705882353
1.5094117647058825
1.4394444444444445
1.0944444444444443
1.0733333333333333
1.1961111111111111
1.195
1.0755555555555556
1.1855555555555555
1.1211111111111112
1.1566666666666667
1.3261111111111112
1.3405555555555555
1.2927777777777778
1.5866666666666667
1.9166666666666667
1.8716666666666666
1.767777777777778
1.355
1.1822222222222223
1.2838888888888889
1.5977777777777777
1.578888888888889
1.4755555555555555
1.7022222222222223
1.8583333333333334
2.0044444444444443
1.6922222222222223
1.3788888888888888
1.4033333333333333
1.5822222222222222
1.7083333333333333
1.6705555555555556
1.6111111111111112
1.4549999999999998
1.391111111111111
1.7877777777777777
2.066666666666667
1.9444444444444444
2.0211111111111113
2.1077777777777778
1.8783333333333334
1.9722222222222223
2.071111111111111
2.2377777777777776
2.2433333333333336
2.163888888888889
2.707222222222222
2.3866666666666667
2.5044444444444443
2.3922222222222222
2.1722222222222225
2.352222222222222
2.5822222222222226
2.410555555555556
2.2444444444444445
2.3316666666666666
2.1466666666666665
2.378888888888889
2.5411111111111113
2.9283333333333332
2.6655555555555552
2.5116666666666667
2.6005555555555557
2.241111111111111
2.4916666666666667
2.7933333333333334
2.6133333333333333
2.7544444444444443
2.8016666666666667
2.83
2.6722222222222225
2.697777777777778
2.682777777777778
2.8894444444444445
2.8311111111111114
2.8744444444444444
3.1055555555555556
2.7572222222222225
2.342222222222222
2.2494444444444444
2.171111111111111
2.2750000000000004
2.4255555555555555
2.5277777777777777
2.315
2.582222222222222
2.462222222222222
2.355
2.431111111111111
2.557777777777778
2.4505555555555554
2.5933333333333333
2.6116666666666664
2.618888888888889
2.593888888888889
2.665
2.532222222222222
2.312222222222222
2.126666666666667
2.5155555555555558
2.5772222222222223
2.661111111111111
2.5233333333333334
2.4572222222222226
2.6144444444444446
2.5855555555555556
2.1105555555555555
2.2183333333333333
2.3705555555555557
2.448888888888889
2.5255555555555556
2.292777777777778
2.41
2.5072222222222225
2.2366666666666664
2.4272222222222224
2.412777777777778
2.3627777777777776
2.0416666666666665
2.3066666666666666
2.453333333333333
2.328333333333333
2.1483333333333334
2.3216666666666668
2.4444444444444446
2.772777777777778
2.7055555555555557
2.4433333333333334
2.5505555555555555
2.6255555555555556
2.3922222222222222
2.363888888888889
2.395555555555555
2.58
2.5811111111111114
2.557777777777778
2.568888888888889
2.443888888888889
2.5905555555555555
2.532222222222222
2.385
2.335
2.3555555555555556
2.4805555555555556
2.207777777777778
2.3205555555555555
2.4216666666666664
2.2083333333333335
2.2288888888888887
2.215
2.2666666666666666
2.128888888888889
2.163333333333333
2.1594444444444445
2.0611111111111113
2.0783333333333336
2.1966666666666668
2.1594444444444445
1.921111111111111
1.655
1.5533333333333335
1.7233333333333334
1.6394444444444445
1.6844444444444444
1.7083333333333333
1.8766666666666667
1.6877777777777778
1.6172222222222221
1.7911111111111113
1.77
1.8955555555555554
1.9333333333333331
1.857222222222222
1.7377777777777779
1.5244444444444445
1.5533333333333335
1.7594444444444446
1.6316666666666668
1.6133333333333333
1.7127777777777777
1.4127777777777777
1.2938888888888889
1.1305555555555555
1.2372222222222222
1.3322222222222222
1.5144444444444445
1.623888888888889
1.4966666666666668
1.6905555555555556
1.6616666666666666
1.2427777777777778
1.2844444444444445
1.2461111111111112
1.1394444444444445
1.123888888888889
1.093888888888889
1.3666666666666667
1.2283333333333333
1.2988888888888888
1.2622222222222221
1.3372222222222223
1.1355555555555554
1.16
1.156111111111111
1.0377777777777777
1.0872222222222223
1.2205555555555554
1.21
0.8788888888888889
0.9927777777777779
1.008888888888889
1.1155555555555554
1.1733333333333333
0.953888888888889
1.0655555555555556
0.8072222222222222
0.805
0.7716666666666666
0.7072222222222222
0.8766666666666666
0.7672222222222222
0.8361111111111111
0.9222222222222223
0.8794444444444445
0.6927777777777778
0.6499999999999999
0.6694444444444445
0.6294444444444445
0.6322222222222222
0.6994444444444444
0.7394444444444445
0.6861111111111111
0.7194444444444444
0.6077777777777778
0.6366666666666667
0.73
0.8066666666666666
0.5950000000000001
0.5283333333333333
0.5927777777777777
0.5388888888888889
0.5355555555555556
0.5483333333333333
0.5794444444444444
0.7283333333333333
0.6172222222222222
0.6133333333333333
0.49666666666666665
0.385
0.5322222222222223
0.5644444444444444
0.49277777777777776
0.7394444444444445
0.6972222222222223
0.6055555555555556
0.5738888888888889
0.5905555555555555
0.6005555555555556
0.5472222222222222
0.685
0.5
0.6622222222222223
0.5266666666666667
0.45222222222222225
0.575
0.49666666666666665
0.4722222222222222
0.5538888888888889
0.6588888888888889
0.6333333333333333
0.5644444444444444
0.45722222222222225
0.5277777777777778
0.5666666666666667
0.4927777777777778
0.625
0.48888888888888893
0.46444444444444444
0.25666666666666665
0.22833333333333336
0.3994444444444445
0.5033333333333334
0.6627777777777778
0.6882352941176471
0.5252941176470588
0.39999999999999997
0.2917647058823529
0.44705882352941173
0.38294117647058823
0.4035294117647059
0.40352941176470586
