temperature
2.5029411764705882
1.525294117647059
1.2111764705882353
1.464705882352941
1.7129411764705882
1.7200000000000002
1.7929411764705883
2.1335294117647057
2.0241176470588234
1.8405882352941176
2.4058823529411764
2.7894117647058825
3.1935294117647057
3.16
3.025294117647059
2.7141176470588237
2.1576470588235295
2.8688235294117646
2.8529411764705883
2.84
2.7335294117647058
2.508235294117647
2.3294117647058825
1.5247058823529414
0.9811764705882353
1.5999999999999999
1.4652941176470589
1.2305882352941175
1.619411764705882
1.5141176470588233
1.6258823529411766
2.235294117647059
2.7811764705882354
3.0423529411764707
2.6017647058823528
3.5152941176470587
2.6911764705882355
1.4194117647058824
1.6529411764705884
1.8305882352941176
2.2988235294117647
2.737058823529412
2.2841176470588236
2.2282352941176473
2.8905882352941177
2.447058823529412
1.7982352941176472
2.4741176470588235
2.423529411764706
2.287058823529412
2.0329411764705885
2.3147058823529414
2.7447058823529416
2.408823529411765
1.8294117647058825
1.7811764705882351
1.5688235294117647
1.7441176470588236
0.7323529411764705
0.9364705882352942
1.3288235294117647
2.317647058823529
3.1158823529411763
2.9676470588235295
3.8658823529411763
3.816470588235294
3.4888235294117647
3.6747058823529413
4.097647058823529
4.172352941176471
4.210000000000001
4.169411764705883
3.402941176470588
3.5523529411764705
4.711176470588235
4.458333333333333
3.302777777777778
3.2566666666666664
3.457777777777778
3.751111111111111
3.312222222222222
3.6744444444444446
3.5216666666666665
3.6355555555555554
4.252777777777777
4.305555555555555
3.9961111111111105
5.149444444444445
6.254444444444444
6.101666666666667
5.511666666666667
4.181111111111111
3.356111111111111
3.8699999999999997
5.001111111111111
4.959444444444444
4.667222222222223
5.316666666666666
5.615555555555556
6.228888888888889
5.23
4.268888888888889
4.001666666666667
4.91
5.253333333333334
5.302222222222222
5.027777777777778
4.7011111111111115
4.407222222222222
5.865555555555556
6.689444444444444
6.304444444444445
6.519444444444444
6.815555555555556
6.126111111111111
6.487777777777778
6.766666666666667
7.375
7.461111111111112
7.25
8.378888888888888
7.395
7.807777777777777
7.522222222222222
6.844444444444444
7.417777777777778
8.068888888888889
7.707777777777778
7.206666666666667
7.507777777777777
6.922222222222222
7.627222222222222
8.068333333333335
9.078888888888889
8.458333333333334
8.177222222222222
8.485555555555557
7.465
8.238333333333333
9.072222222222223
8.634444444444444
9.097222222222221
9.306666666666667
9.447222222222223
9.035555555555554
9.127222222222223
9.113888888888889
9.82
9.74
9.878333333333334
10.43388888888889
10.234444444444444
9.366111111111111
9.277777777777779
9.111666666666666
9.436666666666667
9.874444444444444
10.262777777777778
9.822777777777778
10.653333333333332
10.325555555555557
10.003888888888888
10.392777777777777
10.806666666666667
10.55888888888889
11.117222222222223
11.22
11.249444444444444
11.342777777777776
11.603333333333332
11.274999999999999
10.780555555555557
10.407777777777778
11.55
11.725000000000001
12.04277777777778
11.739444444444445
11.656666666666666
12.087222222222222
12.148888888888889
10.989444444444445
11.286666666666667
11.795555555555556
12.11111111111111
12.440555555555555
11.852777777777778
12.253888888888888
12.617777777777778
11.892777777777777
12.491666666666667
12.474444444444444
12.380555555555555
11.556111111111111
12.32388888888889
12.806111111111111
12.449444444444445
12.012777777777778
12.628888888888888
13.060555555555556
13.958888888888888
13.871111111111112
13.255
13.604444444444445
13.827777777777778
13.18388888888889
13.041666666666666
13.297777777777778
13.878888888888888
13.935555555555556
13.889444444444443
13.972222222222221
13.627777777777778
14.172222222222222
13.997222222222222
13.60888888888889
13.440555555555555
13.583333333333334
13.974444444444444
13.125555555555556
13.460555555555556
13.750555555555556
13.131111111111112
13.202222222222224
13.296111111111111
13.422222222222222
13.110000000000001
13.202777777777778
13.135555555555555
12.835
12.973888888888888
13.295
13.062222222222223
12.352222222222222
11.381666666666668
11.266666666666667
11.769444444444444
11.612777777777778
11.648888888888889
11.78111111111111
12.312777777777777
11.67
11.429444444444444
11.886111111111111
11.719444444444443
12.015555555555556
12.083888888888888
11.728333333333333
11.427222222222222
10.752777777777778
10.786666666666667
11.38
11.010555555555555
10.79277777777778
10.899444444444445
10.138333333333334
9.707222222222223
9.19888888888889
9.595
9.809444444444445
10.361666666666666
10.713333333333333
10.20111111111111
10.828333333333333
10.703333333333333
9.266666666666667
9.427777777777777
9.24
8.812777777777777
8.490555555555554
8.261111111111111
9.432777777777778
8.902222222222223
9.153888888888888
8.902222222222223
9.06111111111111
8.163888888888888
8.09
8.262777777777778
7.875555555555555
7.953333333333333
8.288333333333334
8.326666666666666
7.0438888888888895
7.314444444444444
7.37
7.680555555555555
7.727777777777778
6.857222222222223
7.108888888888889
6.3838888888888885
6.36
6.049444444444444
5.5216666666666665
6.243333333333333
6.003333333333334
6.16
6.424444444444444
6.222222222222222
5.4816666666666665
5.461666666666667
5.471666666666667
4.853888888888889
4.920555555555556
5.43
5.548333333333334
5.300000000000001
5.305555555555555
4.862777777777778
5.120555555555556
5.346111111111111
5.545555555555556
4.348333333333333
4.37
4.591111111111111
4.32
4.060555555555556
4.166666666666667
4.368888888888889
4.8566666666666665
4.052777777777778
3.5972222222222223
3.578888888888889
2.8105555555555557
3.3272222222222223
2.986111111111111
2.7127777777777777
3.8833333333333337
3.861111111111111
3.6816666666666666
3.579444444444445
3.684444444444444
3.7794444444444446
3.357222222222222
3.7066666666666666
2.8255555555555554
3.396111111111111
2.765
2.398888888888889
2.7544444444444443
2.0244444444444443
1.927777777777778
2.5833333333333335
3.377222222222222
3.072222222222222
2.4561111111111114
1.8955555555555554
1.9922222222222221
2.1172222222222223
1.9938888888888888
2.7344444444444442
2.057777777777778
1.7444444444444445
0.37888888888888883
0.11277777777777784
1.1888888888888889
2.035555555555556
2.5477777777777777
2.8611764705882354
1.3976470588235292
0.44
0.03529411764705879
0.5464705882352942
-0.04470588235294111
0.3705882352941178
1.0535294117647058
