pet
0.31923076923076926
0.2846153846153846
0.30230769230769233
0.2703846153846154
0.3576923076923077
0.39
0.44153846153846155
0.3453846153846154
0.36653846153846154
0.36538461538461536
0.4942307692307692
0.5007692307692307
0.4226923076923077
0.375
0.4969230769230769
0.44
0.38461538461538464
0.5003846153846154
0.5196153846153846
0.37269230769230766
0.38307692307692304
0.35307692307692307
0.3680769230769231
0.43346153846153845
0.3823076923076923
0.3823076923076923
0.43653846153846154
0.44999999999999996
0.4226923076923077
0.45653846153846156
0.4776923076923077
0.4688461538461538
0.45653846153846156
0.4196153846153846
0.51
0.47576923076923083
0.4
0.4196153846153846
0.42192307692307696
0.39692307692307693
0.46576923076923077
0.5657692307692308
0.4930769230769231
0.41807692307692307
0.5661538461538462
0.6419230769230769
0.55
0.59
0.5696153846153846
0.6442307692307693
0.6253846153846154
0.6465384615384615
0.6342307692307692
0.6338461538461538
0.5646153846153846
0.5711538461538461
0.5415384615384615
0.5923076923076923
0.5576923076923077
0.595
0.6369230769230769
0.4834615384615385
0.4507692307692308
0.5407692307692308
0.7257692307692308
0.845
0.9253846153846154
0.9715384615384616
0.9688461538461539
0.9680769230769231
0.7834615384615385
0.7823076923076923
0.9838461538461539
1.1453846153846154
1.0715384615384616
1.12
1.0034615384615384
1.0688461538461538
1.0146153846153845
1.0403846153846155
1.0776923076923077
1.115
1.116923076923077
1.2811538461538463
1.2761538461538462
1.2715384615384617
1.3292307692307692
1.2846153846153845
1.385
1.4057692307692307
1.4123076923076923
1.4507692307692308
1.4096153846153845
1.3834615384615385
1.5415384615384615
1.531923076923077
1.256153846153846
1.5242307692307693
1.609230769230769
1.4538461538461538
1.4965384615384614
1.613846153846154
1.5515384615384613
1.7696153846153846
1.665
1.718076923076923
1.6946153846153846
1.5784615384615384
1.6165384615384615
1.91
2.216153846153846
2.111923076923077
2.1973076923076924
2.2484615384615383
1.9753846153846153
1.7438461538461536
1.8915384615384616
1.8211538461538461
1.6026923076923079
1.7534615384615386
1.896153846153846
2.103076923076923
2.1788461538461537
1.9523076923076923
2.08
2.1946153846153846
2.396153846153846
2.3915384615384614
2.457692307692308
2.5953846153846154
2.3484615384615384
2.3076923076923075
2.1550000000000002
2.223846153846154
2.438076923076923
2.3184615384615386
2.27
2.185
2.2603846153846154
2.2373076923076924
2.4038461538461537
2.348846153846154
2.292692307692308
2.375384615384615
2.4676923076923076
2.5215384615384617
2.4892307692307694
2.4711538461538463
2.641923076923077
2.744230769230769
2.7315384615384612
2.8411538461538464
2.4650000000000003
2.455769230769231
2.227307692307692
2.1953846153846155
2.316538461538461
2.2157692307692307
2.2046153846153844
2.358076923076923
2.381153846153846
2.183076923076923
2.1565384615384615
2.165
2.2126923076923077
2.185769230769231
2.5349999999999997
2.602307692307692
2.553076923076923
2.4669230769230768
2.3203846153846155
2.2819230769230767
2.2915384615384613
2.3103846153846153
2.3784615384615386
2.536153846153846
2.5907692307692307
2.5165384615384614
2.4523076923076923
2.4288461538461537
2.4815384615384612
2.4134615384615383
2.355
2.3807692307692307
2.276153846153846
2.2803846153846155
2.323076923076923
2.3538461538461535
2.437307692307692
2.5923076923076924
2.5157692307692305
2.399230769230769
2.3892307692307693
2.290769230769231
2.4496153846153845
2.4203846153846156
2.4084615384615384
2.556923076923077
2.762307692307692
2.791923076923077
2.4296153846153845
2.3449999999999998
2.416153846153846
2.3934615384615388
2.4511538461538462
2.6438461538461535
2.5015384615384617
2.2296153846153848
2.213461538461538
2.1926923076923077
1.998076923076923
2.006153846153846
2.248076923076923
2.228076923076923
2.230384615384615
2.0703846153846155
2.1534615384615385
2.1084615384615386
1.96
2.185
2.096923076923077
2.1484615384615386
2.165769230769231
2.108846153846154
2.1665384615384613
2.0384615384615383
1.9165384615384615
1.8276923076923077
1.794230769230769
1.7761538461538462
1.8557692307692308
1.8176923076923077
1.9015384615384614
1.9107692307692308
1.8615384615384616
1.709230769230769
1.8469230769230771
1.7019230769230769
1.5773076923076923
1.5392307692307694
1.466923076923077
1.5230769230769232
1.4323076923076923
1.462307692307692
1.668076923076923
1.6215384615384614
1.6484615384615384
1.668076923076923
1.6142307692307691
1.5976923076923077
1.5834615384615385
1.5946153846153845
1.695769230769231
1.5803846153846155
1.4619230769230769
1.3407692307692307
1.2965384615384616
1.3484615384615386
1.2961538461538462
1.2576923076923079
1.2273076923076922
1.3684615384615384
1.333846153846154
1.323076923076923
1.32
1.1815384615384614
1.0261538461538462
1.0396153846153846
1.0292307692307694
1.0757692307692308
1.126923076923077
1.2503846153846152
1.2934615384615387
1.0561538461538462
1.0042307692307693
0.9323076923076923
0.893076923076923
0.9484615384615385
0.8161538461538461
0.8396153846153845
1.036923076923077
0.8992307692307692
0.9673076923076924
0.7665384615384615
0.8565384615384615
0.9815384615384615
0.7361538461538462
0.8296153846153846
0.7207692307692308
0.6915384615384615
0.7092307692307693
0.543076923076923
0.6165384615384616
0.6996153846153846
0.5861538461538461
0.8
0.7984615384615386
0.7892307692307692
0.7846153846153846
0.7934615384615384
0.905
0.836923076923077
0.8723076923076923
0.8176923076923076
0.7100000000000001
0.6376923076923078
0.5630769230769231
0.5976923076923076
0.5907692307692307
0.5211538461538462
0.43846153846153846
0.5007692307692309
0.5184615384615385
0.5765384615384616
0.49923076923076926
0.42500000000000004
0.42192307692307696
0.48730769230769233
0.5634615384615385
0.42653846153846153
0.48730769230769233
0.43615384615384617
0.42769230769230765
0.39115384615384613
0.38269230769230766
0.33192307692307693
0.3303846153846154
0.35461538461538467
0.41615384615384615
0.41307692307692306
0.44307692307692303
0.43961538461538463
0.4226923076923077
0.405
0.32346153846153847
0.31
0.24961538461538463
0.3246153846153846
0.37884615384615383
0.4153846153846154
0.32499999999999996
0.35769230769230764
0.35884615384615387
0.3796153846153846
0.3596153846153846
0.4184615384615385
0.33076923076923076
0.34076923076923077
0.31038461538461537
0.31461538461538463
0.29846153846153844
0.38346153846153846
0.2973076923076923
0.38461538461538464
0.5123076923076924
0.5076923076923078
0.6
0.446923076923077
0.35461538461538467
0.3869230769230769
0.36615384615384616
0.29307692307692307
0.4857692307692308
0.4596153846153846
0.40923076923076923
