temperature
1.9065384615384615
1.2303846153846154
0.8530769230769231
1.7915384615384615
2.3423076923076924
1.838076923076923
1.736923076923077
2.2223076923076923
1.7984615384615383
1.5184615384615385
1.0653846153846152
0.7034615384615385
1.6507692307692308
2.078076923076923
1.8488461538461538
1.3376923076923077
0.8892307692307693
1.2303846153846154
1.5907692307692307
1.981923076923077
2.305769230769231
1.9807692307692308
1.7576923076923079
1.6403846153846153
0.856153846153846
1.063076923076923
1.0046153846153847
1.4103846153846153
1.533076923076923
0.841153846153846
0.8773076923076922
1.5492307692307692
2.379230769230769
2.250384615384615
2.1276923076923078
2.643076923076923
2.3123076923076926
1.6403846153846153
1.3253846153846154
1.3153846153846156
0.8015384615384615
0.7896153846153845
1.0438461538461539
0.7188461538461539
0.3965384615384616
0.21923076923076928
0.3265384615384615
1.0726923076923076
1.1323076923076925
1.3507692307692307
1.6126923076923076
1.65
2.064230769230769
2.271153846153846
2.1453846153846152
1.890769230769231
1.8626923076923076
2.541153846153846
2.144230769230769
2.1107692307692307
2.313076923076923
2.0949999999999998
2.6438461538461535
3.409615384615385
3.8765384615384613
4.019615384615385
3.3469230769230767
3.2415384615384615
3.5915384615384616
3.585769230769231
3.8226923076923076
3.303076923076923
2.333076923076923
2.5765384615384614
2.6934615384615386
2.957692307692308
2.356923076923077
2.4565384615384613
2.3923076923076922
2.6957692307692307
2.9642307692307694
3.146153846153846
3.444230769230769
3.2869230769230766
3.3499999999999996
3.177692307692308
3.042692307692308
3.8861538461538463
4.157692307692307
4.513461538461538
4.253846153846154
3.3815384615384616
3.194230769230769
3.9438461538461542
4.047307692307692
4.1607692307692306
3.891153846153846
3.543846153846154
4.204615384615384
5.086923076923076
5.162692307692307
4.74
4.410384615384616
5.575384615384616
5.934615384615385
5.748461538461539
5.742307692307692
6.273846153846154
5.716923076923076
5.880769230769231
6.147692307692308
5.892307692307692
5.878461538461538
6.070769230769231
5.630384615384615
6.122692307692308
5.904615384615385
5.9180769230769235
6.417307692307692
6.519230769230769
6.108461538461539
6.303461538461539
6.708461538461538
7.0661538461538465
6.543846153846153
7.540384615384616
7.806538461538461
7.113076923076923
7.20423076923077
7.457692307692308
7.479615384615385
7.6680769230769235
7.749615384615385
7.786153846153846
8.031923076923077
7.455
8.173076923076923
8.08
8.099615384615385
8.932307692307692
8.817307692307692
8.713076923076922
9.404615384615385
9.415384615384616
9.444230769230769
9.129999999999999
9.375
9.48423076923077
9.359615384615385
9.805
9.901538461538461
10.440384615384614
10.076153846153847
10.170769230769231
10.273846153846154
10.417307692307693
10.15576923076923
10.361153846153845
10.63576923076923
10.51923076923077
10.696923076923078
10.416153846153845
10.000384615384615
10.065
10.502307692307692
10.850384615384616
11.10423076923077
11.243461538461538
11.370000000000001
11.991923076923078
11.051153846153845
11.11576923076923
11.425
11.100000000000001
11.578076923076924
12.01423076923077
11.735000000000001
11.438076923076922
11.906923076923077
12.333076923076923
12.504615384615384
11.781538461538462
12.01346153846154
12.743461538461538
12.946153846153846
12.646153846153847
13.478846153846153
13.585769230769232
12.945769230769232
12.785
12.981538461538461
13.271923076923077
12.89576923076923
13.577692307692306
13.325384615384614
12.500384615384615
12.056538461538462
12.376538461538463
12.81
13.565384615384614
13.223846153846154
13.096153846153847
12.754615384615384
12.727307692307694
13.299230769230768
13.588076923076924
13.847307692307693
13.711923076923076
13.508461538461539
13.452692307692306
13.645384615384614
12.760384615384615
13.232692307692307
13.237692307692308
13.043461538461539
12.705
12.906153846153845
13.058461538461538
12.377692307692307
12.69923076923077
12.572692307692307
12.62923076923077
13.046923076923077
12.980384615384615
12.868076923076924
12.942692307692308
13.069230769230769
12.442692307692308
12.583846153846155
12.545
12.881153846153847
13.046923076923077
12.860000000000001
12.34
12.506538461538462
12.64076923076923
12.326923076923077
12.048846153846153
11.92653846153846
12.580384615384617
11.911923076923076
11.409999999999998
11.708846153846155
11.50076923076923
11.498846153846156
11.356923076923076
11.382692307692308
10.419615384615385
10.904230769230768
11.128076923076922
10.568846153846154
10.691153846153846
10.176538461538463
9.952307692307691
10.170769230769231
9.760769230769231
9.65923076923077
9.751923076923077
10.484230769230768
10.496923076923078
10.028076923076924
10.045
10.100384615384616
9.744615384615384
9.776538461538461
9.815
8.69
8.436153846153847
8.654615384615385
8.620384615384616
9.345769230769232
9.568461538461538
9.757692307692308
9.180384615384614
9.261538461538462
8.963461538461539
8.90576923076923
8.582307692307692
8.577307692307691
8.141153846153847
8.541153846153845
8.53076923076923
7.597307692307693
7.826538461538461
7.201923076923077
7.104615384615385
7.200384615384616
7.22423076923077
6.835
6.500769230769231
6.781923076923077
6.583846153846154
5.807307692307693
6.197692307692307
6.782692307692307
7.029615384615384
6.779230769230769
6.6353846153846145
6.443846153846153
6.2700000000000005
6.233076923076923
6.258076923076923
6.524230769230769
5.639615384615384
5.547307692307692
5.7784615384615385
5.774230769230769
5.097307692307693
4.843076923076923
5.128461538461538
5.58
5.2361538461538455
5.167692307692308
5.202692307692308
4.757692307692308
3.928846153846154
3.5215384615384617
3.6526923076923077
3.7326923076923078
3.1192307692307697
3.164230769230769
3.3226923076923076
2.4553846153846157
2.308846153846154
3.272692307692308
3.647692307692308
3.5657692307692304
3.413846153846154
3.5380769230769227
2.519615384615385
2.668461538461538
2.386923076923077
2.3423076923076924
2.5915384615384616
3.0330769230769232
3.582307692307692
3.46
3.4703846153846154
3.168461538461538
2.2023076923076923
1.478076923076923
1.631153846153846
2.2446153846153845
2.3673076923076923
2.319230769230769
2.553846153846154
2.586153846153846
2.759230769230769
3.0773076923076923
2.331153846153846
1.948076923076923
2.374230769230769
2.028076923076923
1.8957692307692307
2.026153846153846
2.0080769230769233
2.542692307692308
2.7719230769230774
2.61
2.0173076923076922
1.508846153846154
1.9565384615384613
1.5303846153846155
1.7696153846153846
1.7000000000000002
