pet
0.5257142857142858
0.4776190476190476
0.4457142857142857
0.40523809523809523
0.44857142857142857
0.489047619047619
0.6728571428571429
0.5480952380952381
0.5338095238095238
0.6285714285714286
0.6471428571428571
0.620952380952381
0.5447619047619048
0.5285714285714286
0.6557142857142857
0.6014285714285714
0.4576190476190476
0.5938095238095238
0.6409523809523809
0.5633333333333334
0.4361904761904762
0.5338095238095237
0.5661904761904762
0.5704761904761905
0.6957142857142857
0.7233333333333333
0.7471428571428572
0.7595238095238096
0.5857142857142857
0.49952380952380954
0.6652380952380953
0.7971428571428573
0.6733333333333333
0.6295238095238096
0.7371428571428572
0.6776190476190477
0.5442857142857143
0.6542857142857142
0.7923809523809524
0.5928571428571429
0.47523809523809524
0.5757142857142857
0.6423809523809524
0.590952380952381
0.6461904761904762
0.8695238095238096
0.8523809523809524
0.8623809523809524
0.7995238095238095
0.8657142857142857
0.8957142857142857
1.058095238095238
0.9080952380952381
1.049047619047619
0.8999999999999999
0.9738095238095238
0.8357142857142857
0.7828571428571429
0.7647619047619048
0.7366666666666666
0.8533333333333333
0.7595238095238095
0.7842857142857143
0.8847619047619046
1.019047619047619
1.0995238095238096
1.1866666666666665
1.387142857142857
1.3338095238095238
1.318095238095238
1.1966666666666665
1.2266666666666666
1.428095238095238
1.5519047619047621
1.630952380952381
1.51
1.4542857142857142
1.519047619047619
1.4076190476190475
1.5599999999999998
1.418095238095238
1.3957142857142857
1.5366666666666668
1.6952380952380952
1.6757142857142857
1.5995238095238098
1.6342857142857143
1.78
1.9385714285714286
1.854285714285714
1.6976190476190476
1.7085714285714286
1.8914285714285715
1.8919047619047618
1.9933333333333334
1.9119047619047618
1.6980952380952379
1.803809523809524
1.928095238095238
1.9218181818181819
1.8690909090909094
1.835
2.025909090909091
2.1113636363636363
2.1627272727272726
2.2018181818181817
2.2027272727272726
2.065
1.9886363636363635
2.2095454545454545
2.5045454545454544
2.604090909090909
2.5904545454545453
2.6072727272727274
2.4013636363636364
2.256818181818182
2.312727272727273
2.190909090909091
2.0627272727272725
2.226818181818182
2.4063636363636363
2.505
2.58
2.665909090909091
2.8740909090909095
2.7704545454545455
2.889090909090909
2.8095454545454546
2.9540909090909087
3.0763636363636366
2.880909090909091
2.7072727272727275
2.7036363636363636
2.545909090909091
2.8545454545454545
2.9349999999999996
2.9395454545454545
3.0204545454545455
3.1504545454545454
3.0777272727272726
3.2845454545454547
3.1872727272727275
3.272727272727273
3.227727272727273
3.262272727272727
3.1822727272727276
3.2654545454545456
3.0577272727272726
3.0740909090909088
3.1627272727272726
3.311363636363636
3.3068181818181817
3.1754545454545453
2.9595454545454545
2.6404545454545456
2.72
2.5681818181818183
2.835909090909091
2.8863636363636362
2.9654545454545453
2.9268181818181818
3.0090909090909093
2.785
2.7972727272727274
2.8145454545454545
2.8695454545454546
3.2886363636363636
3.27
3.1363636363636362
2.939090909090909
2.8181818181818183
2.8868181818181817
3.0727272727272723
3.0740909090909088
3.100454545454545
2.9622727272727274
3.0254545454545454
3.1295454545454544
2.9740909090909096
3.1631818181818185
3.060909090909091
3.1704545454545454
3.238181818181818
3.065909090909091
3.1599999999999997
3.209090909090909
3.1736363636363634
3.133181818181818
2.924090909090909
3.0186363636363636
3.139545454545454
3.0318181818181817
2.977727272727273
2.918636363636364
3.0436363636363635
3.136818181818182
3.3654545454545457
3.416363636363636
3.524090909090909
3.456363636363636
3.2163636363636368
2.9795454545454545
3.1286363636363634
3.295
3.2290909090909095
3.4131818181818185
3.3172727272727274
3.2218181818181817
3.0963636363636367
3.0349999999999997
2.9600000000000004
2.964090909090909
3.1318181818181823
2.958181818181818
3.174090909090909
2.9522727272727276
3.0031818181818184
2.969090909090909
2.8445454545454543
2.8954545454545455
2.8545454545454545
2.7095454545454545
2.983636363636364
2.768181818181818
2.860909090909091
2.8136363636363635
2.692272727272727
2.6036363636363635
2.7027272727272726
2.721363636363636
2.664090909090909
2.6163636363636367
2.7395454545454547
2.775
2.6981818181818182
2.5009090909090905
2.465909090909091
2.187727272727273
2.3449999999999998
2.2286363636363635
2.075909090909091
2.085909090909091
2.015909090909091
2.182727272727273
2.5054545454545454
2.3686363636363637
2.390454545454545
2.4354545454545455
2.2204545454545457
2.2531818181818184
2.192727272727273
2.252727272727273
2.255454545454546
2.1777272727272727
2.1163636363636367
1.994090909090909
1.9695454545454545
1.8322727272727273
1.8113636363636365
1.6009090909090908
1.739090909090909
1.8299999999999998
1.7468181818181818
1.8463636363636362
1.7840909090909092
1.5990909090909091
1.4631818181818181
1.572272727272727
1.5172727272727273
1.5686363636363636
1.7295454545454545
1.5404545454545455
1.635909090909091
1.5452380952380953
1.4557142857142857
1.4295238095238094
1.2638095238095237
1.4076190476190475
1.2619047619047619
1.3542857142857143
1.4628571428571429
1.208095238095238
1.4
1.370952380952381
1.3514285714285714
1.3152380952380953
1.061904761904762
1.039047619047619
1.012857142857143
1.0004761904761903
1.0152380952380953
0.9742857142857143
0.9747619047619047
1.0409523809523809
0.9190476190476191
0.9938095238095238
1.0404761904761906
1.0333333333333332
0.9733333333333334
1.0885714285714285
0.9895238095238096
0.8914285714285713
1.0557142857142856
1.0114285714285713
0.968095238095238
0.9047619047619048
0.7619047619047619
0.7157142857142856
0.7476190476190476
0.6614285714285715
0.6628571428571428
0.6038095238095238
0.6666666666666666
0.7738095238095238
0.7728571428571429
0.7504761904761905
0.7233333333333333
0.7242857142857143
0.9038095238095238
0.6780952380952381
0.7157142857142856
0.6804761904761905
0.5804761904761905
0.5676190476190476
0.5876190476190476
0.43142857142857144
0.44619047619047614
0.47523809523809524
0.4042857142857143
0.47095238095238096
0.49523809523809526
0.501904761904762
0.4438095238095238
0.5047619047619047
0.41904761904761906
0.4552380952380953
0.38047619047619047
0.4533333333333333
0.5938095238095238
0.5166666666666666
0.42523809523809525
0.4095238095238095
0.3580952380952381
0.3895238095238095
0.24571428571428572
0.4261904761904762
0.3990476190476191
0.42095238095238097
0.4957142857142857
0.4
0.38333333333333336
0.4138095238095238
0.48047619047619045
0.46
0.5642857142857143
0.6938095238095239
0.7876190476190476
0.6561904761904762
0.5157142857142857
0.5238095238095238
0.5266666666666667
0.41190476190476194
0.5076190476190476
0.6285714285714286
0.6747619047619048
