temperature
4.886190476190476
4.497142857142857
4.148571428571429
4.10904761904762
4.363333333333333
4.47047619047619
5.187142857142858
4.876666666666667
4.848571428571429
5.575714285714286
5.461428571428572
5.4661904761904765
5.010952380952381
4.618095238095238
5.070476190476191
4.86047619047619
4.335714285714285
5.017142857142857
5.225714285714285
4.75
4.136190476190476
4.407619047619048
4.440476190476191
4.593333333333333
5.386190476190476
5.3480952380952385
5.376190476190477
5.414761904761905
4.5495238095238095
3.9633333333333334
4.597619047619047
5.214761904761905
4.519523809523809
4.613809523809524
5.08952380952381
4.788095238095238
4.149047619047619
4.465238095238095
4.786666666666666
4.070952380952381
3.532857142857143
4.094761904761905
4.583333333333333
4.381904761904762
4.765714285714286
5.595238095238095
5.395714285714286
5.387142857142857
5.08
5.120952380952382
5.507142857142857
6.116666666666666
5.472380952380952
6.094761904761905
5.499047619047619
5.782857142857143
5.184285714285714
4.722380952380952
4.588095238095238
4.569523809523809
4.742380952380953
4.596190476190476
4.853809523809524
5.103809523809524
5.42
5.808571428571429
6.238571428571428
7.032857142857143
6.800476190476191
6.6223809523809525
6.134761904761904
6.233333333333333
7.031904761904762
7.470000000000001
7.693809523809524
7.188095238095239
6.937142857142858
7.314761904761905
6.730952380952381
7.393333333333333
6.865714285714286
6.838095238095238
7.3742857142857146
7.906666666666666
7.788095238095239
7.504761904761905
7.561428571428571
8.086666666666666
8.512380952380951
8.247142857142856
7.581428571428572
7.672380952380952
8.286666666666667
8.303809523809523
8.565238095238096
8.300952380952381
7.607142857142857
7.936190476190476
8.33
8.309545454545455
8.140454545454546
8.032272727272728
8.651363636363637
8.902272727272727
9.038181818181819
9.205454545454545
9.238181818181818
8.80181818181818
8.576363636363636
9.347272727272728
10.228636363636364
10.592727272727272
10.559545454545455
10.646363636363636
10.012272727272729
9.61
9.758181818181818
9.347272727272726
8.957727272727272
9.510454545454545
9.790909090909091
9.980909090909092
10.246363636363636
10.514999999999999
11.073636363636364
10.726818181818182
11.180454545454545
11.081818181818182
11.548636363636364
11.887272727272727
11.398636363636363
10.958636363636364
11.038636363636364
10.631363636363636
11.555454545454545
11.747727272727273
11.899090909090908
12.196363636363635
12.59590909090909
12.440454545454545
13.06681818181818
12.842727272727274
13.188636363636363
13.140454545454544
13.232272727272727
13.11909090909091
13.359090909090908
12.911363636363637
13.032272727272726
13.405454545454546
13.855454545454545
14.667727272727273
14.586363636363636
14.058181818181817
13.241818181818182
13.578636363636365
13.164090909090909
14.055454545454547
14.29090909090909
14.573636363636364
14.570454545454545
14.872272727272728
14.30090909090909
14.414090909090909
14.418181818181818
14.669545454545455
15.948636363636364
15.965000000000002
15.603181818181817
15.012272727272727
14.88090909090909
15.048636363636364
15.723636363636365
15.803636363636365
15.896363636363638
15.514999999999999
15.74409090909091
16.10590909090909
15.659545454545453
16.306818181818183
16.072727272727274
16.39818181818182
16.610454545454544
16.175
16.461818181818185
16.625454545454545
16.572727272727274
16.518181818181816
15.978181818181817
16.258181818181818
16.633181818181818
16.402272727272727
16.29090909090909
16.149545454545457
16.574545454545454
16.846818181818183
17.528636363636362
17.725909090909088
18.05636363636364
17.876818181818184
17.25
16.614545454545453
17.088636363636365
17.557727272727274
17.384090909090908
17.935454545454544
17.74318181818182
17.53181818181818
17.210454545454546
17.08590909090909
16.904545454545453
16.925
17.484545454545454
17.09409090909091
17.73318181818182
17.122272727272726
17.295909090909092
17.21
16.879545454545454
17.026818181818182
16.970454545454547
16.616363636363637
17.433636363636364
16.848181818181818
17.157272727272726
17.034545454545455
16.713636363636365
16.46818181818182
16.813636363636363
16.85181818181818
16.68318181818182
16.58
16.89727272727273
17.086818181818185
16.86409090909091
16.30818181818182
16.16909090909091
15.359090909090908
15.861818181818181
15.582272727272727
15.080454545454545
15.07409090909091
14.73090909090909
15.246363636363638
16.192272727272726
15.799090909090909
15.867272727272727
16.01409090909091
15.25590909090909
15.372727272727273
15.216818181818182
15.406363636363636
15.40090909090909
15.27
15.065
14.673636363636364
14.620454545454544
14.208181818181817
14.038181818181819
13.450454545454544
13.918636363636363
14.201818181818181
13.931363636363637
14.228636363636362
13.94909090909091
13.385909090909092
12.891363636363637
13.34909090909091
13.059545454545455
13.246818181818183
13.654545454545454
13.112727272727273
13.466363636363637
12.784285714285716
12.430952380952382
12.403333333333334
11.699047619047619
12.484761904761905
11.797142857142857
12.07952380952381
12.506190476190476
11.688095238095238
12.270000000000001
12.17095238095238
12.11047619047619
11.880952380952381
11.049047619047618
10.926190476190476
10.768571428571429
10.665238095238095
10.601904761904763
10.300476190476191
10.293333333333333
10.67
10.168571428571429
10.310952380952381
10.43047619047619
10.456190476190475
10.162380952380952
10.395238095238096
9.966190476190476
9.399523809523808
10.062857142857142
10.036666666666667
9.772857142857143
9.484761904761905
8.801428571428572
8.471904761904762
8.379999999999999
8.244761904761905
8.244761904761905
7.62952380952381
7.784285714285714
8.431428571428572
8.491428571428571
8.253333333333334
8.074761904761905
8.03
8.752857142857144
7.835238095238095
7.805238095238095
7.363333333333333
6.800476190476191
6.5685714285714285
6.305238095238095
5.825714285714286
5.884285714285714
6.328571428571429
5.925238095238096
6.14
5.929047619047618
5.715238095238095
5.537619047619048
5.486190476190477
5.44
5.491428571428572
5.216666666666667
5.514285714285714
5.924761904761905
5.37952380952381
5.260952380952381
4.975714285714285
4.930476190476191
5.077619047619048
4.336666666666666
4.850952380952381
4.715714285714286
4.809523809523809
5.310952380952381
4.771904761904762
4.354761904761905
4.276190476190476
4.738095238095238
4.568095238095238
4.756190476190476
5.799047619047619
6.4452380952380945
5.8776190476190475
5.048571428571428
5.147619047619047
4.998095238095239
4.269047619047619
4.385714285714285
5.145238095238095
5.191904761904762
