temperature
3.8851999999999998
4.1288
4.0584
4.9516
5.2088
4.2092
4.218
4.6768
4.780399999999999
4.4324
3.9403999999999995
3.2876
3.4832
4.1208
4.3548
3.9212000000000002
3.4624
3.7268
4.144
4.516
4.779599999999999
4.402
4.206
4.1296
3.8312
3.4295999999999998
3.6195999999999997
3.8684
3.73
3.4544
3.7704000000000004
3.7868
3.984
4.4732
4.6384
5.082
5.027200000000001
4.3724
4.2932
4.1172
3.8212
3.9432
3.7868
3.1688
2.778
3.1912000000000003
3.4968
3.9252
3.3364
3.6064
3.7112
3.9219999999999997
4.4768
4.6988
4.1824
4.0192000000000005
4.8056
5.056
5.207999999999999
5.3984000000000005
5.672000000000001
5.4072000000000005
5.287999999999999
5.978400000000001
6.5552
6.3904
5.8552
5.59
6.5384
6.255199999999999
6.2236
6.3048
6.268400000000001
6.135599999999999
5.6928
5.9248
6.236000000000001
5.6264
5.8372
5.8012
5.965599999999999
6.6876
6.7048000000000005
6.9224
6.7852
6.562
6.4392
6.5932
6.6739999999999995
7.413200000000001
7.0404
6.4952
5.950399999999999
6.08
6.4
6.9216
7.0632
6.7912
7.3656
7.7044
7.768400000000001
7.7944
7.4224
7.646
8.2632
8.6076
7.803333333333334
8.475833333333332
8.342916666666666
7.928333333333334
8.860833333333334
9.485833333333334
8.765833333333333
8.805833333333334
8.920833333333333
8.809583333333334
9.14875
9.334166666666667
9.290000000000001
9.892916666666666
9.145416666666668
9.576666666666666
9.634583333333333
9.472916666666666
9.731250000000001
9.71625
10.31875
10.147083333333333
10.063333333333334
10.645416666666668
10.62125
10.5
10.70125
10.969999999999999
11.628333333333332
11.268333333333333
10.951666666666666
10.889583333333334
11.609166666666667
12.007916666666667
11.644583333333335
12.100416666666668
12.260416666666666
12.4925
12.399166666666666
12.53375
12.130416666666667
11.884166666666667
12.57625
12.2325
13.13375
13.338333333333333
12.938333333333333
12.924583333333333
13.100833333333334
13.865
13.41125
13.686666666666667
13.676250000000001
13.779166666666667
13.819583333333334
13.893749999999999
13.626249999999999
13.847500000000002
13.806666666666667
13.993333333333334
14.950416666666667
14.30625
14.24
14.612916666666665
15.17125
14.390416666666667
14.537083333333333
14.301666666666668
14.591666666666667
15.128749999999998
15.277916666666668
15.100416666666668
15.467916666666667
15.61
15.749166666666667
15.435833333333333
15.129166666666668
15.8075
16.66
16.312916666666666
16.423750000000002
16.6525
16.984166666666667
16.662916666666664
16.460833333333333
16.637916666666666
16.819583333333334
17.00125
16.849166666666665
16.55666666666667
16.215833333333332
16.132916666666667
16.292083333333334
16.902916666666666
16.857916666666668
16.46375
16.827916666666667
16.742916666666666
16.234166666666667
16.965
16.962500000000002
17.394166666666667
17.09125
17.369583333333335
17.62333333333333
16.477916666666665
16.497083333333332
17.06083333333333
16.779166666666665
16.675833333333333
16.77125
16.41208333333333
16.269583333333333
16.777916666666666
16.570833333333333
16.594166666666666
16.915
16.471666666666668
16.415
16.694583333333334
16.700416666666666
16.410833333333333
16.32
16.380416666666665
17.189583333333335
17.050416666666667
17.013333333333332
16.18375
15.407083333333333
15.626249999999999
15.68625
15.465833333333334
15.144583333333335
15.556666666666667
15.730833333333335
15.302083333333334
15.014583333333334
14.917083333333332
14.674583333333333
14.148333333333333
14.427916666666667
13.900833333333333
14.016666666666666
14.66625
14.554166666666667
14.395833333333334
13.902916666666668
14.004583333333334
13.591666666666667
13.054166666666667
13.017916666666666
13.164583333333333
13.510833333333332
13.556666666666667
13.88
13.129166666666668
13.188749999999999
13.0375
12.965000000000002
12.918333333333335
12.657916666666667
12.6275
12.869166666666667
12.686666666666667
12.780416666666667
12.67125
12.690833333333332
11.915833333333333
11.721666666666666
11.767083333333332
11.691249999999998
11.55375
11.554583333333333
11.310416666666667
11.661666666666667
11.829166666666666
11.055416666666666
10.923333333333334
10.929583333333333
10.200000000000001
10.406666666666666
10.144166666666667
9.6425
9.658333333333333
9.896666666666667
10.310416666666667
10.005833333333333
9.195
9.214166666666666
9.509166666666667
9.233333333333333
9.97625
9.5
8.934583333333334
8.534166666666666
8.9425
9.142083333333334
8.817083333333334
8.9624
8.9104
8.31
8.072000000000001
7.493199999999999
7.7928
8.714
8.3824
8.2
8.258
7.682
6.8512
6.4368
6.799600000000001
6.9596
6.514399999999999
6.8664
7.1436
6.2444
5.5428
5.484400000000001
5.8296
6.38
6.4148000000000005
6.3036
5.639600000000001
5.0816
4.84
4.888
5.340800000000001
5.6228
6.1776
6.130800000000001
5.793200000000001
5.008
4.9556000000000004
5.457999999999999
4.6128
4.2588
4.4984
4.44
4.5828
4.7736
4.7072
4.9144
4.994800000000001
4.7516
4.5108
5.1048
5.3675999999999995
5.1272
4.802
5.3568
5.2052
5.0168
5.1956
4.9572
5.1092
4.2816
4.0468
4.2088
