pet
0.3596153846153846
0.3873076923076923
0.3811538461538462
0.3511538461538462
0.38307692307692304
0.4688461538461538
0.5042307692307693
0.37153846153846154
0.3553846153846154
0.48307692307692307
0.4896153846153846
0.46923076923076923
0.43230769230769234
0.43
0.5246153846153846
0.4046153846153846
0.34153846153846157
0.43230769230769234
0.3446153846153846
0.30038461538461536
0.4003846153846154
0.4803846153846154
0.46615384615384614
0.49538461538461537
0.47538461538461535
0.568076923076923
0.515
0.5192307692307693
0.35461538461538467
0.4288461538461539
0.5392307692307692
0.5215384615384615
0.5338461538461539
0.5342307692307693
0.5057692307692307
0.43346153846153845
0.39653846153846156
0.44153846153846155
0.5515384615384615
0.43230769230769234
0.4
0.46076923076923076
0.5607692307692308
0.5096153846153846
0.6334615384615384
0.7415384615384616
0.6573076923076923
0.5850000000000001
0.5665384615384615
0.7442307692307693
0.6869230769230769
0.7546153846153847
0.7176923076923077
0.7469230769230768
0.6061538461538462
0.7611538461538461
0.6357692307692309
0.6419230769230769
0.5884615384615385
0.585
0.5953846153846154
0.5915384615384615
0.59
0.6134615384615384
0.8038461538461538
0.8861538461538461
0.9492307692307692
0.9526923076923077
0.9323076923076923
0.928076923076923
0.9084615384615385
1.1146153846153846
1.2196153846153845
1.2226923076923077
1.2061538461538461
1.258076923076923
1.12
1.2230769230769232
1.169230769230769
1.2411538461538463
1.1811538461538462
1.136923076923077
1.286923076923077
1.3176923076923077
1.323076923076923
1.4273076923076924
1.356153846153846
1.4711538461538463
1.393076923076923
1.5315384615384615
1.3403846153846155
1.4896153846153846
1.4457692307692307
1.5138461538461538
1.6615384615384616
1.5415384615384615
1.3803846153846153
1.6119230769230768
1.6634615384615385
1.5803846153846153
1.4692307692307693
1.463846153846154
1.661153846153846
1.6907692307692308
1.7157692307692307
1.6257692307692306
1.5884615384615384
1.59
1.7953846153846154
1.945
2.1992307692307693
2.2038461538461536
2.166153846153846
2.1653846153846157
1.963076923076923
1.7553846153846153
1.8415384615384616
1.9115384615384616
1.926923076923077
1.8588461538461538
2.0465384615384616
2.2296153846153848
2.2326923076923078
2.5173076923076922
2.316538461538461
2.2915384615384613
2.413076923076923
2.352692307692308
2.455769230769231
2.4699999999999998
2.396923076923077
2.338846153846154
2.3257692307692306
2.4076923076923076
2.6623076923076923
2.5803846153846157
2.665
2.490769230769231
2.7603846153846154
2.661538461538462
2.6203846153846153
2.551153846153846
2.578076923076923
2.5626923076923074
2.691153846153846
2.7196153846153845
2.588461538461538
2.5911538461538464
2.6903846153846156
2.633076923076923
2.8784615384615386
2.832692307692308
2.674615384615385
2.4826923076923078
2.314230769230769
2.315
2.4092307692307693
2.473076923076923
2.434230769230769
2.5053846153846155
2.596538461538462
2.2373076923076924
2.2146153846153847
2.1915384615384617
2.1961538461538463
2.37
2.4930769230769227
2.6107692307692307
2.508076923076923
2.313076923076923
2.521153846153846
2.332307692307692
2.457307692307692
2.5176923076923075
2.268076923076923
2.370769230769231
2.4765384615384614
2.3853846153846154
2.455769230769231
2.431153846153846
2.323076923076923
2.507307692307692
2.5100000000000002
2.5103846153846154
2.479230769230769
2.4061538461538463
2.4123076923076923
2.416923076923077
2.461153846153846
2.5761538461538462
2.480384615384615
2.444230769230769
2.255
2.3234615384615385
2.36
2.4534615384615384
2.5176923076923075
2.516923076923077
2.626153846153846
2.569230769230769
2.434615384615385
2.3873076923076924
2.581538461538462
2.5334615384615384
2.441923076923077
2.4184615384615387
2.4315384615384614
2.3846153846153846
2.288846153846154
2.235
2.191923076923077
2.316538461538461
2.3996153846153847
2.3
2.3273076923076923
2.2373076923076924
2.2842307692307693
2.2046153846153844
2.04
2.2638461538461536
2.187692307692308
2.167692307692308
2.0053846153846155
2.0903846153846155
2.2849999999999997
2.1984615384615385
1.975
2.0276923076923077
2.043076923076923
1.8411538461538461
1.9373076923076922
1.9484615384615387
1.8461538461538463
1.81
1.8299999999999998
1.7892307692307694
1.8311538461538461
1.5953846153846152
1.7219230769230771
1.6780769230769232
1.5473076923076923
1.5915384615384616
1.7173076923076922
1.6700000000000002
1.8707692307692307
1.7484615384615385
1.8465384615384615
1.9115384615384616
1.6780769230769232
1.688076923076923
1.7323076923076923
1.511153846153846
1.645
1.715
1.5276923076923077
1.5023076923076923
1.2715384615384617
1.2803846153846155
1.2269230769230768
1.205769230769231
1.2865384615384616
1.2665384615384616
1.4492307692307693
1.4784615384615383
1.308076923076923
1.1473076923076921
1.251923076923077
1.2296153846153846
1.2369230769230768
1.106153846153846
1.2934615384615387
1.2053846153846153
1.2753846153846153
1.0892307692307692
1.0784615384615384
0.9869230769230769
0.9257692307692308
0.9757692307692308
0.9392307692307692
1.1184615384615384
1.0557692307692308
1.0253846153846153
0.9473076923076923
0.8646153846153847
0.9007692307692307
0.9584615384615385
0.98
0.8023076923076923
0.8065384615384615
0.7661538461538461
0.7765384615384616
0.785
0.7357692307692307
0.865
0.7346153846153847
0.801923076923077
0.8426923076923077
0.7776923076923077
0.8396153846153845
0.911923076923077
0.6984615384615385
0.6807692307692308
0.78
0.8065384615384615
0.6719230769230768
0.6007692307692307
0.6161538461538462
0.5753846153846154
0.5288461538461539
0.5615384615384615
0.5599999999999999
0.48730769230769233
0.43961538461538463
0.5203846153846153
0.5007692307692307
0.4573076923076923
0.4269230769230769
0.5276923076923077
0.6742307692307693
0.5084615384615385
0.4953846153846154
0.4880769230769231
0.4403846153846154
0.3976923076923077
0.38384615384615384
0.21
0.3765384615384615
0.3626923076923077
0.2915384615384615
0.44461538461538463
0.42038461538461536
0.3596153846153846
0.36653846153846154
0.4096153846153846
0.3046153846153846
0.38153846153846155
0.2253846153846154
0.32384615384615384
0.4146153846153846
0.4146153846153846
0.37307692307692303
0.3903846153846154
0.48230769230769227
0.45884615384615385
0.26
0.31153846153846154
0.3619230769230769
0.3596153846153846
0.37153846153846154
0.41461538461538466
0.3646153846153846
0.3253846153846153
0.35423076923076924
0.32384615384615384
0.40230769230769226
0.42730769230769233
0.5834615384615385
0.43538461538461537
0.3034615384615385
0.31038461538461537
0.3
0.29307692307692307
0.3976923076923077
0.4311538461538461
0.5115384615384616
