pet
0.588
0.39049999999999996
0.302
0.3775
0.4445
0.4415
0.46799999999999997
0.4600000000000001
0.5365
0.4465
0.492
0.5385
0.6625
0.6165
0.6
0.5650000000000001
0.438
0.5685
0.5985
0.6325000000000001
0.621
0.537
0.5405
0.394
0.257
0.4585
0.409
0.4795
0.5435
0.5485
0.58
0.6715
0.758
0.8390000000000001
0.8465
0.925
0.8564999999999999
0.628
0.6910000000000001
0.669
0.6155
0.775
0.6655
0.5930000000000001
0.6785
0.6595
0.62
0.751
0.7645
0.796
0.728
0.7415
0.8925000000000001
0.9179999999999999
0.7415
0.7035
0.6855
0.8195
0.7
0.7025
0.713
0.8779999999999999
1.0485
1.1244999999999998
1.3415000000000001
1.363
1.237
1.3085
1.2914999999999999
1.2935
1.2945
1.338
1.305
1.199
1.3215
1.34
1.107
1.1765
1.282
1.332
1.2945
1.2455
1.3095
1.216
1.3685
1.3199999999999998
1.2725
1.585
1.7440000000000002
1.8489999999999998
1.8024999999999998
1.4725
1.386
1.4469999999999998
1.6300000000000001
1.587
1.5415
1.73
1.7645
1.9144999999999999
1.7875
1.5405
1.6105
1.656
1.6145
1.761
1.6780000000000002
1.7109999999999999
1.7285
2.0789999999999997
2.175
1.9760000000000002
2.013
2.178
2.0055
2.131
2.131
2.1725000000000003
2.298
2.341
2.645
2.504
2.6015
2.6105
2.33
2.4370000000000003
2.649
2.398
2.4065000000000003
2.5425
2.374
2.3890000000000002
2.459
2.682
2.696
2.6065
2.466842105263158
2.5510526315789472
2.526842105263158
2.8878947368421053
2.7142105263157896
2.838421052631579
2.964736842105263
2.9105263157894736
2.951578947368421
2.9173684210526316
2.8342105263157897
2.9826315789473683
2.8673684210526313
2.9615789473684213
3.1347368421052635
2.7973684210526315
2.5542105263157895
2.341578947368421
2.374736842105263
2.4905263157894737
2.54
2.526842105263158
2.6478947368421055
2.641578947368421
2.5426315789473684
2.505263157894737
2.5673684210526315
2.8094736842105266
2.761578947368421
2.776842105263158
2.828421052631579
2.9057894736842105
2.9389473684210525
3.148421052631579
2.984736842105263
2.774736842105263
2.524736842105263
2.641578947368421
2.7963157894736845
2.9200000000000004
2.946315789473684
2.7952631578947367
2.805789473684211
2.796842105263158
2.586315789473684
2.6273684210526316
2.6789473684210527
2.968421052631579
2.874736842105263
2.9042105263157896
2.916842105263158
3.0057894736842106
2.851578947368421
2.754736842105263
2.790526315789474
2.7736842105263158
2.624736842105263
2.673157894736842
2.7036842105263155
2.71
2.567894736842105
2.5478947368421054
2.6826315789473685
3.033157894736842
2.8357894736842106
2.756315789473684
2.741052631578947
2.665263157894737
2.7805263157894737
2.7494736842105265
2.7257894736842103
2.785263157894737
2.911578947368421
2.783684210526316
2.6689473684210525
2.692105263157895
2.712105263157895
2.8810526315789473
2.484736842105263
2.378947368421053
2.504210526315789
2.6110526315789473
2.313684210526316
2.539473684210526
2.373157894736842
2.3373684210526315
2.342631578947368
2.467368421052632
2.460526315789474
2.4615789473684213
2.477894736842105
2.333157894736842
2.3210526315789473
2.356315789473684
2.4194736842105264
2.3263157894736843
2.311052631578947
2.1231578947368424
1.9821052631578946
2.181052631578947
1.983157894736842
1.9647368421052631
2.011052631578947
2.2468421052631578
2.0421052631578944
2.0463157894736845
1.9689473684210528
1.9621052631578948
2.0342105263157895
1.933684210526316
1.8831578947368421
1.7989473684210526
1.715263157894737
1.738421052631579
1.7289473684210528
1.6952631578947368
1.844736842105263
1.7936842105263158
1.6073684210526316
1.471578947368421
1.4010526315789473
1.4647368421052631
1.4468421052631577
1.5578947368421054
1.566315789473684
1.575263157894737
1.7036842105263157
1.67
1.4742105263157894
1.5894736842105264
1.3021052631578949
1.3089473684210524
1.3110526315789475
1.3010526315789472
1.5221052631578948
1.5531578947368423
1.5842105263157895
1.3768421052631579
1.4573684210526316
1.355263157894737
1.4078947368421053
1.3336842105263158
1.2378947368421052
1.1636842105263157
1.3047368421052632
1.3363157894736843
1.0494736842105263
1.063157894736842
0.9521052631578947
1.088421052631579
1.1505263157894736
1.0747368421052632
1.0826315789473684
0.9368421052631579
0.8326315789473684
0.8452631578947368
0.8173684210526315
0.9289473684210525
0.8789473684210526
0.8336842105263158
0.8710526315789474
0.9263157894736843
0.8089473684210526
0.6726315789473684
0.6815789473684211
0.6747368421052632
0.6373684210526316
0.616842105263158
0.7542105263157894
0.6778947368421053
0.7421052631578947
0.6063157894736841
0.5326315789473683
0.6073684210526316
0.6526315789473685
0.5447368421052632
0.5826315789473684
0.6284210526315789
0.5626315789473684
0.5373684210526315
0.5405263157894736
0.5557894736842105
0.6136842105263158
0.58
0.45105263157894737
0.45210526315789473
0.4052631578947368
0.4052631578947368
0.48157894736842105
0.4847368421052632
0.6915789473684211
0.6826315789473685
0.5626315789473684
0.5121052631578947
0.5531578947368421
0.5499999999999999
0.5421052631578948
0.7131578947368421
0.6047368421052631
0.7236842105263158
0.6363157894736842
0.41210526315789475
0.5326315789473683
0.44421052631578956
0.3973684210526316
0.49368421052631584
0.4973684210526315
0.47789473684210526
0.5805263157894737
0.4205263157894737
0.40263157894736845
0.521578947368421
0.54
0.6378947368421053
0.4957894736842105
0.4163157894736842
0.28157894736842104
0.37894736842105264
0.44526315789473686
0.4842105263157894
0.5694736842105264
0.6568421052631579
0.42000000000000004
0.3678947368421053
0.28736842105263155
0.44526315789473686
0.4105263157894737
0.43894736842105264
0.431578947368421
