temperature
3.9490000000000003
2.8965
2.33
2.5885
3.165
3.147
3.1105
3.13
3.3875
2.962
3.148
3.38
3.9305
3.7155
3.6335
3.412
3.1125
3.7090000000000005
3.439
3.529
3.678
3.31
3.343
2.4055
1.593
2.5685
2.55
3.1025
3.218
3.112
3.242
3.8575000000000004
4.1979999999999995
4.5065
4.4115
4.721
4.349
3.3020000000000005
3.4415
3.3630000000000004
3.3795
3.906
3.5085
3.0805
3.3024999999999998
3.183
2.899
3.5575
3.7689999999999997
3.9195
3.732
3.7395000000000005
4.3355
4.4015
3.7674999999999996
3.6015
3.4985
3.873
3.2625
2.9530000000000003
3.1254999999999997
3.8845
4.6655
4.8025
5.7055
5.829
5.4115
5.6899999999999995
5.5595
5.632
5.5665
5.635
5.3045
5.051
5.4885
5.526
4.718500000000001
5.0465
5.369
5.5985
5.4305
5.289
5.5265
5.211
5.7405
5.55
5.3125
6.3495
6.963500000000001
7.337000000000001
6.973999999999999
5.923
5.5655
5.828
6.411500000000001
6.277
6.1450000000000005
6.721500000000001
6.772
7.275999999999999
6.87
6.105
6.0115
6.484
6.2995
6.891
6.6265
6.6875
6.851000000000001
7.9975
8.294
7.6215
7.7385
8.3095
7.791500000000001
8.224
8.2105
8.3555
8.811499999999999
8.99
9.529
9.0325
9.3575
9.402
8.557
8.9005
9.517
8.8795
8.9405
9.334999999999999
8.9205
8.9105
9.092
9.8245
9.899000000000001
9.73
9.31578947368421
9.538947368421054
9.546315789473685
10.612105263157895
10.167368421052632
10.559473684210525
10.97578947368421
10.885789473684211
11.010526315789473
10.936842105263159
10.760526315789473
11.213157894736844
10.944736842105263
11.261052631578949
11.68
11.472105263157895
11.034210526315789
10.542105263157895
10.708421052631579
11.07421052631579
11.259473684210526
11.319473684210527
11.75157894736842
11.857894736842105
11.543157894736842
11.473684210526315
11.726842105263158
12.437894736842106
12.39578947368421
12.556842105263158
12.772631578947369
13.071052631578947
13.215789473684211
13.896315789473686
13.510526315789473
12.995789473684212
12.354210526315791
12.747894736842106
13.264736842105263
13.637894736842105
13.821052631578949
13.401052631578947
13.541052631578946
13.598947368421053
13.101052631578948
13.236842105263158
13.427894736842106
14.361052631578948
14.200000000000001
14.335263157894737
14.418947368421051
14.70157894736842
14.372631578947368
14.190526315789475
14.32578947368421
14.336315789473684
13.972105263157896
14.171052631578947
14.330526315789472
14.361052631578948
14.02
13.996315789473684
14.471052631578948
15.491578947368419
15.037894736842107
14.862631578947367
14.86684210526316
14.682105263157894
15.058947368421054
14.978421052631578
14.990526315789474
15.188421052631577
15.589473684210526
15.265789473684212
14.983157894736843
15.090526315789472
15.244736842105262
15.743157894736843
14.646315789473682
14.319473684210527
14.746315789473684
15.12315789473684
14.244736842105262
14.920000000000002
14.44421052631579
14.388421052631578
14.422105263157894
14.846315789473683
14.87315789473684
14.893684210526317
14.946842105263158
14.53736842105263
14.527894736842107
14.635263157894736
14.848947368421053
14.554210526315789
14.505263157894738
13.96157894736842
13.525789473684211
14.180526315789473
13.584736842105263
13.463684210526315
13.676315789473685
14.428947368421051
13.775263157894738
13.782631578947369
13.526842105263157
13.398947368421053
13.541578947368421
13.142105263157896
13.002105263157894
12.756315789473684
12.52157894736842
12.57157894736842
12.530526315789475
12.450000000000001
12.90263157894737
12.671052631578947
12.053157894736842
11.696842105263158
11.442105263157895
11.65263157894737
11.547894736842105
11.87421052631579
11.950526315789475
11.958947368421052
12.387368421052631
12.233157894736843
11.57842105263158
11.979473684210527
10.974210526315789
10.996315789473684
10.976842105263158
10.734210526315788
11.623684210526315
11.724210526315789
11.813157894736841
10.936842105263159
11.13421052631579
10.646315789473684
10.795263157894736
10.573684210526316
10.34421052631579
9.97842105263158
10.487368421052631
10.597894736842106
9.464210526315789
9.452105263157895
9.023157894736842
9.482631578947368
9.677368421052632
9.277368421052632
9.193157894736842
8.704736842105264
8.387368421052633
8.21
8.187894736842106
8.528421052631579
8.31842105263158
8.01842105263158
8.224210526315789
8.468947368421052
7.934736842105263
7.3910526315789475
7.321052631578947
6.946315789473684
6.922631578947368
6.87
7.288947368421053
6.979473684210527
7.177368421052631
6.561578947368421
6.25421052631579
6.442105263157895
6.568947368421052
5.958421052631579
6.106315789473684
6.386842105263158
6.080526315789474
5.826842105263157
5.658947368421052
5.93
6.1021052631578945
5.557894736842105
4.839473684210526
4.949473684210527
4.695263157894736
4.654736842105263
4.882105263157895
4.497368421052632
5.499473684210526
5.449473684210526
5.032105263157895
4.714736842105263
5.029473684210527
4.87578947368421
4.699473684210527
5.597894736842105
5.1763157894736835
5.753684210526315
5.248947368421053
3.9963157894736847
4.5063157894736845
3.883157894736842
3.607894736842105
4.1957894736842105
4.204736842105263
3.879473684210526
4.517894736842106
3.6957894736842105
3.3210526315789473
3.9326315789473685
4.416315789473684
4.729473684210526
3.938421052631579
3.2536842105263157
2.4505263157894737
2.541052631578947
3.3126315789473684
3.728947368421052
4.277894736842105
4.596315789473684
3.230526315789474
2.3573684210526316
1.4673684210526314
2.1089473684210525
2.275263157894737
2.8826315789473687
3.027368421052632
