pet
0.4723076923076924
0.3942307692307692
0.3680769230769231
0.3269230769230769
0.3811538461538462
0.40076923076923077
0.49769230769230766
0.4603846153846154
0.41730769230769227
0.4146153846153846
0.546923076923077
0.5226923076923077
0.4973076923076923
0.4103846153846154
0.5138461538461538
0.4919230769230769
0.4126923076923077
0.5196153846153846
0.5784615384615385
0.44346153846153846
0.3480769230769231
0.40884615384615386
0.42653846153846153
0.41000000000000003
0.4807692307692308
0.44884615384615384
0.5138461538461538
0.5480769230769231
0.5438461538461539
0.4676923076923077
0.5673076923076923
0.6138461538461538
0.6273076923076922
0.5542307692307692
0.6988461538461539
0.7019230769230769
0.5473076923076923
0.5538461538461539
0.6046153846153847
0.5307692307692308
0.5346153846153846
0.6646153846153846
0.63
0.5073076923076922
0.6115384615384616
0.7707692307692308
0.7096153846153845
0.7534615384615384
0.6526923076923077
0.8023076923076923
0.8473076923076923
0.8969230769230769
0.8661538461538462
0.875
0.8088461538461539
0.8319230769230769
0.7838461538461539
0.7838461538461539
0.7161538461538461
0.7430769230769231
0.7873076923076923
0.7619230769230769
0.705
0.7138461538461538
0.9507692307692307
1.1096153846153844
1.1630769230769231
1.261923076923077
1.2376923076923076
1.183846153846154
1.1388461538461538
1.0092307692307694
1.3261538461538462
1.506153846153846
1.355
1.375
1.2415384615384615
1.2376923076923076
1.246923076923077
1.3592307692307695
1.287692307692308
1.4215384615384616
1.411923076923077
1.463846153846154
1.4934615384615384
1.4869230769230768
1.7103846153846154
1.6607692307692308
1.7511538461538463
1.7607692307692309
1.8180769230769231
1.8415384615384616
1.8196153846153846
1.728076923076923
1.8061538461538462
1.7723076923076921
1.5750000000000002
1.7738461538461539
1.8934615384615383
1.7753846153846153
1.743846153846154
1.768846153846154
1.9280769230769228
2.025384615384615
2.063846153846154
1.988076923076923
2.060769230769231
1.9626923076923077
1.9673076923076922
2.2023076923076923
2.4873076923076924
2.4965384615384614
2.5100000000000002
2.616153846153846
2.3407692307692307
2.2123076923076925
2.2357692307692307
2.23
2.0092307692307694
2.27
2.4326923076923075
2.523076923076923
2.487692307692308
2.5353846153846153
2.6515384615384616
2.653461538461538
2.9238461538461538
2.941153846153846
2.8938461538461535
3.058846153846154
2.8573076923076925
2.7492307692307696
2.7203846153846154
2.6592307692307693
2.954615384615385
2.915769230769231
2.8461538461538463
2.8530769230769226
2.977692307692308
2.936923076923077
2.879230769230769
2.954230769230769
2.9723076923076923
2.957307692307692
3.063846153846154
3.1538461538461537
3.1376923076923076
3.022692307692308
3.043846153846154
3.085384615384615
3.151923076923077
3.3053846153846154
3.083076923076923
2.941153846153846
2.8061538461538458
2.7607692307692306
2.7373076923076924
2.7546153846153847
2.832692307692308
3.0311538461538463
2.9365384615384613
2.916923076923077
2.696923076923077
2.9042307692307694
2.9426923076923077
2.9484615384615385
3.1823076923076927
3.2100000000000004
3.1511538461538464
3.08
2.995
2.9323076923076923
2.9619230769230773
3.0684615384615386
3.0023076923076926
3.117692307692308
3.248846153846154
3.027307692307692
3.063846153846154
3.2
3.105384615384615
3.230384615384615
3.1257692307692304
3.170769230769231
3.1103846153846155
3.165
3.198846153846154
3.204230769230769
3.243846153846154
3.258846153846154
3.1984615384615385
3.099615384615385
3.082307692307692
3.0296153846153846
3.186923076923077
3.1923076923076925
3.3400000000000003
3.2676923076923075
3.4996153846153844
3.528461538461539
3.185769230769231
3.106923076923077
3.17
3.2096153846153848
3.1765384615384615
3.3742307692307696
3.2180769230769233
3.0803846153846157
3.0900000000000003
2.9676923076923076
2.8938461538461535
2.9934615384615384
3.0349999999999997
2.9507692307692306
2.943076923076923
2.8415384615384616
2.933846153846154
2.849615384615385
2.8196153846153846
3.003846153846154
2.8565384615384612
2.7342307692307695
2.905384615384615
2.771153846153846
2.7750000000000004
2.663846153846154
2.5576923076923075
2.5373076923076923
2.5380769230769227
2.5026923076923073
2.498076923076923
2.4184615384615387
2.462307692307692
2.601153846153846
2.4457692307692307
2.2984615384615386
2.4699999999999998
2.249615384615385
2.1580769230769232
2.061923076923077
2.0476923076923077
1.996923076923077
1.9303846153846154
1.9773076923076922
2.276153846153846
2.1961538461538463
2.279230769230769
2.2434615384615384
2.1580769230769232
2.0461538461538464
2.118076923076923
1.9865384615384616
2.2365384615384616
2.0815384615384613
1.9234615384615383
1.7965384615384616
1.7603846153846152
1.7953846153846154
1.6584615384615384
1.6300000000000001
1.7034615384615384
1.7550000000000001
1.7723076923076921
1.7846153846153845
1.6726923076923077
1.5876923076923077
1.5253846153846153
1.4865384615384616
1.5084615384615385
1.5496153846153846
1.5576923076923077
1.5657692307692308
1.6126923076923076
1.445769230769231
1.3457692307692308
1.3296153846153846
1.218076923076923
1.2773076923076923
1.1242307692307691
1.1496153846153847
1.3315384615384613
1.2223076923076923
1.3853846153846152
1.1373076923076924
1.1292307692307693
1.1657692307692307
1.0438461538461539
1.0542307692307693
1.0673076923076923
0.893076923076923
0.9565384615384616
0.9115384615384615
0.8942307692307693
1.0042307692307693
0.8442307692307692
1.0165384615384616
1.041923076923077
1.0238461538461539
0.9573076923076923
0.9761538461538461
1.0011538461538463
0.91
0.9626923076923077
0.8988461538461539
0.8157692307692308
0.7723076923076924
0.6869230769230769
0.666923076923077
0.6965384615384616
0.6319230769230769
0.5334615384615385
0.5850000000000001
0.62
0.6649999999999999
0.6242307692307693
0.5461538461538461
0.5661538461538462
0.5307692307692308
0.6000000000000001
0.48923076923076925
0.5503846153846154
0.5253846153846153
0.44307692307692303
0.4242307692307692
0.42461538461538456
0.3630769230769231
0.3330769230769231
0.4061538461538462
0.43076923076923074
0.45038461538461544
0.4869230769230769
0.47884615384615387
0.4423076923076923
0.4715384615384615
0.40884615384615386
0.4269230769230769
0.3323076923076923
0.34615384615384615
0.4692307692307693
0.5284615384615384
0.4103846153846154
0.42653846153846153
0.35923076923076924
0.3384615384615384
0.315
0.4419230769230769
0.3469230769230769
0.3984615384615384
0.38423076923076926
0.36653846153846154
0.3153846153846154
0.33153846153846156
0.32076923076923075
0.40923076923076923
0.5284615384615384
0.5461538461538462
0.6476923076923077
0.5742307692307692
0.4538461538461539
0.45461538461538464
0.4226923076923077
0.3096153846153846
0.5007692307692307
0.5392307692307692
0.5092307692307693
