temperature
5.055000000000001
4.570769230769231
4.0649999999999995
4.029615384615385
4.425
4.279230769230769
4.6911538461538465
4.648846153846153
4.331538461538462
4.8076923076923075
5.239615384615385
5.4653846153846155
5.104615384615385
4.786153846153846
5.0346153846153845
4.818076923076923
4.516153846153847
4.756538461538462
4.677692307692308
3.8757692307692304
3.8
4.038076923076923
4.048461538461539
4.0
4.4496153846153845
4.292692307692308
4.660769230769231
4.713846153846154
4.696153846153846
4.059615384615385
4.560769230769231
4.62576923076923
4.5588461538461535
4.497692307692308
5.428076923076923
5.321153846153846
4.541538461538462
4.502307692307692
4.467307692307693
4.078461538461538
4.127692307692308
4.736538461538462
5.0211538461538465
4.431923076923077
4.977692307692308
5.568461538461539
5.233461538461539
5.456538461538462
5.069615384615385
5.637307692307692
5.910384615384615
6.141153846153846
5.867307692307692
5.890384615384615
5.477307692307692
5.606923076923077
5.365769230769231
5.187692307692307
4.631923076923076
4.701153846153846
4.980769230769231
4.963846153846154
4.804615384615385
4.884230769230769
5.557307692307693
6.305384615384615
6.712692307692308
7.115384615384615
6.9592307692307696
6.6984615384615385
6.571538461538462
6.0273076923076925
7.274615384615384
7.938461538461539
7.351153846153846
7.202692307692308
6.576153846153845
6.695384615384615
6.696538461538461
7.1996153846153845
6.912692307692307
7.350769230769231
7.289615384615384
7.473076923076923
7.4726923076923075
7.486153846153846
8.255384615384616
8.023461538461538
8.300384615384615
8.313461538461539
8.4
8.468461538461538
8.422307692307694
8.06076923076923
8.287307692307692
8.125
7.465
8.078461538461537
8.533846153846154
8.072692307692307
7.970769230769231
8.069615384615386
8.554615384615385
8.81
8.988461538461538
8.733461538461539
8.98576923076923
8.65576923076923
8.767307692307693
9.553461538461539
10.49923076923077
10.546923076923077
10.593846153846155
10.949615384615385
10.086538461538462
9.673076923076923
9.76923076923077
9.76923076923077
9.096923076923078
9.936538461538463
10.258461538461539
10.490384615384615
10.486153846153845
10.61076923076923
10.976923076923075
10.909615384615384
11.823846153846155
11.945384615384615
11.797307692307694
12.346153846153847
11.811153846153845
11.54076923076923
11.565
11.444615384615386
12.331538461538461
12.206153846153846
12.127307692307692
12.267307692307693
12.633076923076922
12.577692307692306
12.472307692307693
12.73576923076923
12.802307692307693
12.829230769230769
13.178076923076922
13.478076923076923
13.411538461538461
13.140384615384615
13.386923076923077
13.547692307692309
13.792307692307693
14.993461538461538
14.602692307692308
14.261923076923077
13.928461538461537
13.871153846153845
13.868846153846153
13.979615384615386
14.265769230769232
14.898846153846154
14.677307692307693
14.62153846153846
14.094615384615384
14.782692307692308
14.93
14.99423076923077
15.727307692307692
15.850769230769231
15.721153846153847
15.521153846153847
15.360000000000001
15.173076923076923
15.345769230769232
15.751538461538463
15.602692307692308
15.934615384615386
16.345769230769232
15.753461538461538
15.89846153846154
16.333076923076923
16.121153846153845
16.48153846153846
16.21076923076923
16.37192307692308
16.248076923076923
16.435
16.581153846153846
16.645
16.802692307692308
16.886923076923075
16.754615384615384
16.51923076923077
16.50346153846154
16.383846153846154
16.87884615384615
16.952692307692306
17.435769230769232
17.290384615384617
18.031153846153845
18.16346153846154
17.228846153846153
17.059615384615384
17.28576923076923
17.471923076923076
17.382692307692306
18.005384615384614
17.630384615384614
17.283076923076923
17.346923076923076
17.084230769230768
16.90346153846154
17.252307692307692
17.505
17.355384615384615
17.35923076923077
17.105
17.41076923076923
17.228461538461538
17.20307692307692
17.77230769230769
17.306153846153844
17.065384615384616
17.627692307692307
17.271538461538462
17.298846153846153
17.04576923076923
16.719615384615388
16.70576923076923
16.75307692307692
16.61576923076923
16.648076923076925
16.453076923076924
16.638461538461538
17.104230769230767
16.63769230769231
16.155384615384616
16.731923076923074
16.057307692307692
15.798846153846153
15.548461538461538
15.494615384615384
15.288461538461538
15.09423076923077
15.067307692307692
16.011153846153846
15.738846153846152
16.011153846153846
15.845769230769232
15.60423076923077
15.19
15.48
15.055769230769231
15.873461538461537
15.34
14.797692307692309
14.451923076923077
14.313846153846155
14.465384615384616
13.906923076923077
13.866153846153846
14.19846153846154
14.350384615384616
14.39423076923077
14.39423076923077
14.077307692307691
13.643846153846154
13.41576923076923
13.339230769230769
13.402692307692309
13.51923076923077
13.47269230769231
13.570384615384615
13.84153846153846
12.936538461538463
12.35576923076923
12.358461538461539
11.792307692307693
12.245000000000001
11.595769230769232
11.726153846153846
12.411153846153846
12.063846153846155
12.508846153846154
11.59769230769231
11.587307692307691
11.479615384615386
11.172692307692309
11.29653846153846
11.288846153846153
10.49576923076923
10.641153846153847
10.467692307692309
10.323076923076922
10.710769230769232
10.22269230769231
10.679615384615385
10.62576923076923
10.694230769230769
10.50423076923077
10.16576923076923
10.157692307692308
9.822307692307692
9.975769230769231
9.871153846153845
9.31076923076923
9.10923076923077
8.733076923076924
8.287307692307692
8.52576923076923
8.31076923076923
8.113076923076923
7.929615384615384
7.9592307692307696
8.616153846153846
8.253461538461538
7.716538461538462
7.6557692307692315
7.2153846153846155
7.681923076923076
7.242692307692308
7.4399999999999995
7.144615384615384
6.606153846153846
6.385
6.253461538461538
6.000769230769231
5.627307692307692
6.321153846153846
6.121923076923077
6.310384615384615
6.216538461538462
6.0576923076923075
5.810384615384615
5.545
5.197307692307692
5.320769230769231
5.1826923076923075
5.187692307692307
5.637692307692307
5.873076923076923
5.482692307692308
5.258076923076923
5.263846153846154
5.078461538461538
4.7092307692307696
5.352692307692308
5.036538461538461
5.225
5.238076923076923
4.924615384615384
4.645
4.585
4.045
4.372307692307692
5.315769230769231
5.548846153846155
6.328846153846154
6.090769230769231
5.206153846153847
5.101153846153846
4.6534615384615385
4.123461538461539
4.826538461538462
5.229615384615385
4.973461538461539
