pet
0.4115384615384616
0.4492307692307692
0.3646153846153846
0.49961538461538463
0.6261538461538462
0.3719230769230769
0.4015384615384615
0.5061538461538462
0.5138461538461538
0.581923076923077
0.48115384615384615
0.44269230769230766
0.4584615384615385
0.5415384615384615
0.5115384615384616
0.45153846153846156
0.3626923076923077
0.4073076923076923
0.42500000000000004
0.47846153846153844
0.5803846153846154
0.5407692307692308
0.5592307692307692
0.5461538461538461
0.5180769230769231
0.5003846153846154
0.4846153846153846
0.4869230769230769
0.5292307692307692
0.49
0.5292307692307692
0.49653846153846154
0.5411538461538462
0.6115384615384616
0.6296153846153847
0.7730769230769231
0.7842307692307693
0.6365384615384616
0.5780769230769232
0.6465384615384615
0.5484615384615384
0.5734615384615385
0.5119230769230769
0.41884615384615387
0.39880000000000004
0.45640000000000003
0.4656
0.5676
0.5092
0.5064
0.5068
0.5844
0.6851999999999999
0.7188
0.5968
0.596
0.7372
0.8004000000000001
0.7936
0.8172
0.9495999999999999
0.8984000000000001
0.9236
1.068
1.1016
1.1068
1.058
1.0428
1.2164
1.0676
1.0848
1.0992
1.0195999999999998
1.0304
1.0864
1.1336
1.158
1.04
1.076
1.0832
1.1292
1.2912000000000001
1.2684
1.2476
1.2372
1.2136
1.1852
1.2944
1.3319999999999999
1.5388
1.484
1.2692
1.2008
1.2844
1.3584
1.4424000000000001
1.4444
1.3164000000000002
1.5031999999999999
1.76
1.8108000000000002
1.7588
1.5828
1.7124000000000001
1.9424000000000001
1.9607999999999999
1.7763999999999998
2.004
1.8976
1.8368
2.022
2.1275999999999997
1.8836
1.972
1.9816
2.0092000000000003
2.0063999999999997
2.0276
2.0884
2.1312
2.0404
2.1856
2.1868
2.2612
2.3012
2.3676
2.5727999999999995
2.44
2.3068
2.4536000000000002
2.4892
2.5236
2.542
2.5336000000000003
2.7039999999999997
2.4844
2.4844
2.4752
2.7119999999999997
2.8736
2.6904000000000003
2.9008
2.8651999999999997
2.9836
2.8392
2.884
2.7268
2.6807999999999996
2.8007999999999997
2.6264
2.8796
2.7708
2.536
2.5463999999999998
2.474
2.7004
2.6208
2.6692
2.728
2.6488
2.5792
2.5812
2.4852000000000003
2.5328
2.5428
2.6104
2.8624
2.6916
2.6984
2.7124
2.8087999999999997
2.6136
2.6264
2.5544
2.6452
2.742
2.8127999999999997
2.7304000000000004
2.802
2.7676
2.8492
2.8076923076923075
2.7880769230769227
2.9073076923076924
3.0900000000000003
2.9650000000000003
2.9707692307692306
3.128076923076923
3.0819230769230765
3.021153846153846
2.992692307692308
3.022692307692308
2.935769230769231
3.0446153846153843
3.0103846153846154
2.920769230769231
2.7365384615384616
2.6846153846153844
2.7388461538461537
2.9973076923076922
2.8773076923076926
2.8053846153846154
2.8242307692307693
2.7942307692307695
2.689230769230769
2.9515384615384614
2.910769230769231
2.9480769230769233
2.935769230769231
2.9515384615384614
3.084230769230769
2.708846153846154
2.675769230769231
2.83
2.7115384615384617
2.623076923076923
2.6453846153846152
2.5330769230769232
2.3861538461538463
2.57
2.468461538461539
2.5134615384615384
2.5746153846153845
2.492692307692308
2.5565384615384614
2.6153846153846154
2.561153846153846
2.393846153846154
2.368076923076923
2.426923076923077
2.5615384615384613
2.6273076923076926
2.566153846153846
2.348846153846154
2.2046153846153844
2.263076923076923
2.243846153846154
2.1173076923076923
2.082307692307692
2.191538461538461
2.1946153846153846
2.041153846153846
2.047307692307692
2.0103846153846154
2.0415384615384613
1.896153846153846
1.9676923076923076
1.8299999999999998
1.8126923076923078
2.0107692307692306
1.9103846153846153
1.9365384615384615
1.6957692307692307
1.6792307692307693
1.6261538461538463
1.551923076923077
1.5088461538461537
1.5092307692307694
1.6946153846153846
1.5926923076923076
1.5273076923076923
1.4561538461538461
1.5138461538461538
1.5242307692307693
1.4196153846153845
1.521923076923077
1.3446153846153845
1.305
1.3157692307692308
1.2992307692307692
1.4326923076923077
1.3507692307692307
1.3503846153846153
1.2442307692307693
1.3242307692307693
1.2999999999999998
1.1784615384615384
1.1807692307692308
1.2257692307692307
1.1223076923076922
1.2880769230769231
1.3196153846153846
1.0653846153846154
1.0642307692307693
1.0976923076923077
0.9030769230769231
0.8903846153846153
0.8673076923076923
0.7838461538461539
0.7876923076923077
0.875
0.9253846153846154
0.8476923076923076
0.7557692307692307
0.7773076923076924
0.8926923076923077
0.8415384615384615
0.9161538461538462
0.8099999999999999
0.7596153846153846
0.7373076923076922
0.7480769230769231
0.8680769230769231
0.8200000000000001
0.8542307692307692
0.8615384615384615
0.8088461538461539
0.7565384615384616
0.5969230769230769
0.6142307692307692
0.8376923076923077
0.6880769230769231
0.6953846153846153
0.7096153846153845
0.5853846153846154
0.5073076923076922
0.5130769230769231
0.5130769230769231
0.5257692307692308
0.4530769230769231
0.5157692307692308
0.546923076923077
0.4034615384615385
0.37461538461538463
0.445
0.5707692307692308
0.6215384615384616
0.4761538461538462
0.5573076923076923
0.4461538461538461
0.375
0.3346153846153846
0.3373076923076923
0.46384615384615385
0.5399999999999999
0.6453846153846154
0.5700000000000001
0.5476923076923077
0.3765384615384615
0.35346153846153844
0.3626923076923077
0.33115384615384613
0.3142307692307692
0.38769230769230767
0.3992307692307693
0.45884615384615385
0.4288461538461539
0.4584615384615385
0.44423076923076926
0.4015384615384615
0.42230769230769233
0.37846153846153846
0.4623076923076923
0.5246153846153846
0.4938461538461538
0.4803846153846154
0.48923076923076925
0.545
0.5180769230769231
0.5826923076923077
0.6073076923076923
0.6707692307692308
0.48846153846153845
0.3892307692307692
0.4473076923076923
