temperature
3.3615384615384616
3.456153846153846
3.460384615384615
4.35
4.7384615384615385
3.490769230769231
3.4780769230769235
3.886923076923077
4.0042307692307695
3.888076923076923
3.238076923076923
2.6907692307692304
2.9130769230769227
3.7069230769230765
3.7515384615384613
3.3680769230769227
2.7715384615384617
3.1076923076923078
3.459230769230769
3.8115384615384618
4.087692307692308
3.9619230769230773
3.918461538461538
3.8634615384615385
3.6196153846153845
3.233846153846154
3.1438461538461535
3.4088461538461536
3.3842307692307694
2.83
3.1142307692307694
3.482307692307692
3.838076923076923
4.078846153846154
4.008846153846154
4.6692307692307695
4.5515384615384615
3.8757692307692304
3.5919230769230768
3.5938461538461537
3.1653846153846152
3.2596153846153846
3.101923076923077
2.290769230769231
1.9328
2.1836
2.6231999999999998
3.1744
2.738
2.8
2.7492
3.3988
3.8428000000000004
3.926
3.3808
3.3251999999999997
4.0428
4.3456
4.5184
4.5716
4.9404
4.762
4.8796
5.516800000000001
5.7876
5.682799999999999
5.3924
5.28
6.002000000000001
5.528
5.5448
5.527200000000001
5.242000000000001
5.364400000000001
5.2867999999999995
5.398
5.7336
5.244400000000001
5.31
5.4075999999999995
5.444400000000001
6.187200000000001
6.0687999999999995
6.086
5.9772
5.6648000000000005
5.6084000000000005
6.098
6.2016
6.9884
6.647200000000001
5.803999999999999
5.51
5.7984
6.1296
6.48
6.413200000000001
5.8436
6.5864
7.3712
7.662000000000001
7.4796000000000005
6.8612
7.3372
8.228
8.2896
7.6096
8.3132
7.98
7.8176
8.4992
8.8468
7.9616
8.1476
8.190800000000001
8.354
8.3428
8.5612
8.7612
9.0096
8.3636
8.712
8.7872
9.027999999999999
9.2312
9.538400000000001
10.1524
9.7672
9.336
9.837200000000001
9.9784
10.1228
10.2412
10.294
10.8816
10.261600000000001
10.248399999999998
10.2872
11.0056
11.540799999999999
11.0948
11.7476
11.7296
12.1004
11.728800000000001
11.9472
11.5688
11.5272
11.9396
11.405999999999999
12.251199999999999
12.5452
12.2076
12.2996
12.145999999999999
12.929200000000002
12.749600000000001
12.9604
13.2424
13.065199999999999
12.9476
13.0
12.7336
12.8552
13.010399999999999
13.318800000000001
14.1852
13.7392
13.8408
13.9056
14.253599999999999
13.6948
13.8232
13.6336
13.978800000000001
14.3904
14.6532
14.4828
14.7312
14.696000000000002
14.9736
14.908076923076923
14.866538461538461
15.289230769230768
15.891923076923076
15.616153846153846
15.653461538461539
16.11692307692308
16.08346153846154
15.99653846153846
15.923461538461538
16.10923076923077
15.85576923076923
16.25307692307692
16.212692307692308
15.980384615384615
15.455769230769231
15.326153846153847
15.540384615384616
16.353461538461538
16.043846153846154
15.841153846153846
15.928076923076922
15.852692307692308
15.607692307692307
16.416923076923077
16.36846153846154
16.47769230769231
16.518076923076926
16.580384615384613
17.060769230769232
15.905
15.78076923076923
16.27230769230769
16.007692307692306
15.781923076923077
15.853461538461538
15.532307692307693
15.141153846153847
15.696923076923078
15.415000000000001
15.613846153846152
15.845
15.602307692307694
15.873846153846156
16.107692307692307
15.879999999999999
15.399999999999999
15.360384615384616
15.585384615384616
16.029230769230768
16.273076923076925
16.083076923076923
15.348461538461539
14.917692307692308
15.097307692307691
15.098461538461539
14.712307692307691
14.566923076923077
14.941923076923077
14.988846153846152
14.517692307692307
14.553076923076922
14.322307692307692
14.32346153846154
13.795
14.032692307692308
13.52
13.453846153846154
14.212692307692306
13.831923076923077
13.957692307692307
13.065
13.057692307692308
12.87923076923077
12.663461538461538
12.424615384615386
12.355384615384615
13.144615384615385
12.758461538461539
12.558846153846154
12.383461538461537
12.586923076923076
12.419615384615385
12.202692307692306
12.538846153846153
11.939615384615385
11.76423076923077
11.718846153846155
11.607307692307693
12.068846153846154
11.798461538461538
11.81576923076923
11.264615384615384
11.490384615384615
11.33769230769231
10.84769230769231
10.90576923076923
11.158076923076923
10.701153846153847
11.321153846153846
11.452692307692306
10.279230769230768
10.22269230769231
10.301923076923078
9.356538461538461
9.455
9.291538461538462
8.85923076923077
8.74576923076923
9.312307692307693
9.502692307692307
9.120000000000001
8.624615384615385
8.672692307692309
9.145
9.024230769230769
9.337307692307693
8.913461538461538
8.363461538461538
8.220384615384615
8.226153846153846
8.736923076923077
8.48423076923077
8.456153846153846
8.443846153846154
7.961538461538462
7.735
6.863461538461538
7.087692307692308
8.221153846153847
7.503461538461538
7.314615384615385
7.379615384615385
6.84923076923077
6.260769230769231
5.888461538461538
5.891153846153846
6.141538461538461
5.533846153846154
5.823846153846153
5.974230769230768
5.086538461538462
4.803076923076923
5.000769230769231
5.445769230769231
5.681923076923076
5.52
5.66
4.838846153846154
4.397307692307693
3.8857692307692306
3.851153846153846
4.461153846153846
5.128076923076923
5.889615384615384
5.613076923076923
5.584615384615384
4.738076923076923
4.293846153846154
4.309230769230769
3.735
3.568076923076923
3.8853846153846154
3.789230769230769
4.159230769230769
4.373846153846154
4.562307692307693
4.927307692307693
4.724615384615385
4.24
4.111923076923077
4.669615384615384
4.830384615384616
4.55076923076923
4.037692307692308
4.285769230769231
4.605
4.472307692307693
4.653076923076923
4.482692307692307
4.780384615384616
3.828076923076923
3.5353846153846153
3.6915384615384617
