pet
0.4988461538461539
0.4642307692307692
0.3903846153846154
0.3826923076923077
0.4580769230769231
0.49115384615384616
0.6130769230769231
0.47000000000000003
0.4646153846153846
0.6096153846153846
0.6634615384615384
0.6180769230769231
0.52
0.5096153846153846
0.6069230769230769
0.5365384615384615
0.4730769230769231
0.5615384615384615
0.6061538461538462
0.45269230769230767
0.3880769230769231
0.4569230769230769
0.4888461538461538
0.6007692307692308
0.5723076923076923
0.6192307692307693
0.6692307692307693
0.681923076923077
0.578076923076923
0.5888461538461539
0.6815384615384615
0.696923076923077
0.6611538461538462
0.6484615384615384
0.7096153846153845
0.6811538461538462
0.5484615384615384
0.6257692307692307
0.6823076923076924
0.5857692307692308
0.5396153846153846
0.6703846153846154
0.7284615384615385
0.5573076923076923
0.7100000000000001
0.8338461538461538
0.7157692307692307
0.7684615384615385
0.7242307692307691
0.8488461538461538
0.8757692307692307
0.9492307692307692
0.8734615384615385
0.8861538461538461
0.7523076923076922
0.8907692307692308
0.7496153846153846
0.731923076923077
0.7115384615384616
0.7223076923076923
0.7946153846153846
0.6861538461538461
0.6076923076923078
0.735
0.9915384615384616
1.0992307692307692
1.1323076923076922
1.2615384615384615
1.18
1.1853846153846155
1.0773076923076923
1.0757692307692308
1.3311538461538461
1.4869230769230768
1.4565384615384613
1.4415384615384617
1.2449999999999999
1.3015384615384613
1.2349999999999999
1.2803846153846155
1.2865384615384616
1.323846153846154
1.4511538461538462
1.4884615384615385
1.4973076923076922
1.4315384615384614
1.5811538461538461
1.621923076923077
1.7049999999999998
1.7442307692307693
1.6711538461538462
1.6630769230769231
1.7811538461538463
1.6338461538461537
1.8092307692307692
1.6780769230769228
1.3715384615384616
1.7446153846153847
1.7926923076923076
1.66
1.71
1.618846153846154
1.8192307692307692
1.9115384615384616
1.8611538461538462
1.8680769230769232
1.9153846153846155
1.7788461538461537
1.7534615384615386
2.082692307692308
2.417307692307692
2.4434615384615386
2.381153846153846
2.4203846153846156
2.2396153846153846
2.0569230769230766
2.0973076923076923
2.0334615384615384
2.0553846153846154
2.1334615384615385
2.3423076923076924
2.4126923076923075
2.522692307692308
2.5773076923076923
2.526923076923077
2.4165384615384613
2.757307692307692
2.6938461538461542
2.726923076923077
2.9353846153846153
2.616153846153846
2.6357692307692306
2.703461538461539
2.5546153846153845
2.8596153846153842
2.8196153846153846
2.759230769230769
2.791923076923077
2.854230769230769
2.7234615384615384
2.866923076923077
2.7807692307692307
2.746153846153846
2.6873076923076926
2.965384615384615
2.9661538461538464
3.0303846153846155
2.9015384615384616
2.960384615384615
3.0034615384615386
3.209230769230769
3.262307692307692
2.883076923076923
2.6507692307692308
2.5596153846153844
2.586153846153846
2.5973076923076923
2.6965384615384616
2.665
2.7584615384615385
2.7992307692307694
2.601923076923077
2.5338461538461536
2.5461538461538464
2.576923076923077
2.563846153846154
2.960769230769231
2.8765384615384613
3.001923076923077
2.792692307692308
2.641153846153846
2.571153846153846
2.623076923076923
2.7403846153846154
2.675
2.7496153846153844
2.9515384615384614
2.673076923076923
2.698846153846154
2.856923076923077
2.748846153846154
2.8307692307692305
2.9211538461538464
2.8246153846153845
2.816153846153846
2.833846153846154
2.7757692307692308
2.7023076923076923
2.7226923076923075
2.8065384615384614
2.832307692307692
2.7284615384615383
2.6103846153846155
2.4284615384615384
2.664615384615385
2.7611538461538463
2.786538461538462
2.751153846153846
3.208076923076923
3.090384615384615
2.758846153846154
2.546923076923077
2.8230769230769233
2.9946153846153845
2.7453846153846153
2.9588461538461535
2.6865384615384613
2.7165384615384616
2.561923076923077
2.618846153846154
2.453846153846154
2.4565384615384613
2.6619230769230766
2.668846153846154
2.6592307692307693
2.5584615384615383
2.458846153846154
2.536153846153846
2.3492307692307692
2.586153846153846
2.5303846153846155
2.361923076923077
2.566153846153846
2.490769230769231
2.5261538461538464
2.543461538461538
2.1996153846153845
2.296923076923077
2.2523076923076926
2.243076923076923
2.3015384615384615
2.198076923076923
2.206153846153846
2.2984615384615386
2.210769230769231
1.8726923076923077
2.073076923076923
1.9088461538461536
1.8973076923076921
1.856923076923077
1.7065384615384613
1.8053846153846154
1.7000000000000002
1.7346153846153847
2.1284615384615386
1.841923076923077
2.0946153846153845
2.047307692307692
1.9042307692307692
1.8488461538461538
1.916153846153846
1.801153846153846
1.9607692307692306
1.8826923076923079
1.72
1.6457692307692307
1.4984615384615385
1.6503846153846153
1.4219230769230768
1.4623076923076925
1.4911538461538463
1.5396153846153846
1.4757692307692307
1.5715384615384616
1.4823076923076923
1.363846153846154
1.3646153846153846
1.4311538461538462
1.3407692307692307
1.4015384615384614
1.5476923076923077
1.4619230769230769
1.540769230769231
1.3411538461538461
1.2353846153846153
1.1442307692307692
1.1434615384615385
1.213076923076923
1.025
1.166153846153846
1.3250000000000002
1.1707692307692308
1.2673076923076925
1.0361538461538462
1.133076923076923
1.1738461538461538
1.0542307692307693
0.9953846153846153
1.0576923076923077
0.816923076923077
0.9342307692307692
0.9465384615384616
0.8911538461538461
0.9673076923076922
0.8684615384615384
0.9788461538461538
1.0334615384615384
0.9915384615384616
0.9596153846153845
1.083846153846154
0.9415384615384615
0.9111538461538462
1.0265384615384616
0.916923076923077
0.8392307692307692
0.8465384615384616
0.7003846153846154
0.7476923076923078
0.755
0.6761538461538462
0.5969230769230769
0.6046153846153847
0.6084615384615385
0.6923076923076923
0.6488461538461539
0.6365384615384616
0.5657692307692308
0.6461538461538462
0.8284615384615385
0.6242307692307693
0.6457692307692308
0.5873076923076923
0.5138461538461538
0.4746153846153846
0.49346153846153845
0.37692307692307697
0.43192307692307697
0.4346153846153846
0.4419230769230769
0.5707692307692308
0.4969230769230769
0.5534615384615384
0.5423076923076923
0.5534615384615384
0.46653846153846157
0.4857692307692308
0.39499999999999996
0.46653846153846157
0.59
0.5765384615384616
0.5234615384615385
0.5126923076923077
0.4834615384615385
0.4846153846153846
0.4257692307692308
0.518076923076923
0.4088461538461538
0.4253846153846154
0.43038461538461537
0.4592307692307692
0.3707692307692308
0.38884615384615384
0.3942307692307692
0.43961538461538463
0.5892307692307692
0.5757692307692308
0.716923076923077
0.6261538461538462
0.5030769230769231
0.445
0.4346153846153846
0.3830769230769231
0.5534615384615384
0.6411538461538462
0.6796153846153847
