pet
0.43560000000000004
0.322
0.24760000000000001
0.4236
0.5616
0.47759999999999997
0.4644
0.48160000000000003
0.49
0.5456
0.6072
0.5247999999999999
0.5516000000000001
0.5751999999999999
0.602
0.4644
0.4128
0.4292
0.49
0.5532
0.63
0.5128
0.4568
0.436
0.3544
0.4372
0.35359999999999997
0.4052
0.5284
0.5044
0.5084
0.5112
0.5828
0.5760000000000001
0.588
0.7839999999999999
0.7192000000000001
0.5044
0.5044
0.5976
0.4736
0.47240000000000004
0.5676
0.4948
0.5048
0.5096
0.4708
0.6032
0.5288
0.5711999999999999
0.5676
0.5980000000000001
0.7684000000000001
0.84
0.6836
0.6812
0.6988
0.8388
0.7372
0.7864
0.8536
0.7624
0.9692000000000001
1.1260000000000001
1.2464
1.2928
1.0428
1.1064
1.192
1.1448
1.2504
1.2067999999999999
1.1092
1.054
1.0396
1.1320000000000001
0.9456
0.9872
0.9084
1.0452
1.0944
1.0076
1.1144
1.1656
1.1576
1.2104000000000001
1.1332
1.2992
1.4284000000000001
1.5328
1.4768000000000001
1.2012
1.1056
1.2464
1.4308
1.4996
1.2928
1.2644
1.4868000000000001
1.7748
1.7176
1.5563999999999998
1.5316
1.666
1.7348
1.7704
1.79
1.9491666666666667
1.82125
1.9708333333333332
1.945833333333333
1.8579166666666669
2.004166666666667
2.0904166666666666
1.82
1.9216666666666666
1.9658333333333333
2.01375
2.06625
2.2087499999999998
2.2062500000000003
2.13875
2.1616666666666666
2.34125
2.0208333333333335
2.2616666666666667
2.4658333333333333
2.2333333333333334
2.2191666666666667
2.368333333333333
2.2875
2.3554166666666667
2.4379166666666667
2.4395833333333337
2.5608333333333335
2.3733333333333335
2.53625
2.5404166666666668
2.48875
2.71875
2.5858333333333334
2.5158333333333336
2.7404166666666665
2.6687499999999997
2.828333333333333
2.7729166666666667
2.703333333333333
2.8320833333333333
2.6908333333333334
2.8529166666666668
3.0124999999999997
2.8562499999999997
2.6245833333333333
2.5925
2.6425
2.7375000000000003
2.5879166666666666
2.5966666666666667
2.660833333333333
2.5975
2.6175
2.5070833333333336
2.388333333333333
2.4879166666666666
2.4983333333333335
2.410833333333333
2.57875
2.5820833333333333
2.6666666666666665
2.82625
2.58625
2.393333333333333
2.4033333333333333
2.3962499999999998
2.4787500000000002
2.6841666666666666
2.5858333333333334
2.4841666666666664
2.6416666666666666
2.6579166666666665
2.7045833333333333
2.475
2.5729166666666665
2.67625
2.7729166666666667
2.6933333333333334
3.0216666666666665
3.0141666666666667
2.78
2.682916666666667
2.71625
2.8249999999999997
2.7283333333333335
2.7529166666666662
2.700416666666667
2.5208333333333335
2.2829166666666665
2.495833333333333
2.502083333333333
2.862083333333333
2.584166666666667
2.544166666666667
2.5529166666666665
2.464583333333333
2.645
2.720833333333333
2.8229166666666665
2.7670833333333333
2.702083333333333
2.629166666666667
2.6166666666666667
2.3649999999999998
2.40875
2.545
2.464166666666667
2.3320833333333333
2.4179166666666667
2.4520833333333334
2.2287500000000002
2.3554166666666667
2.31
2.4091666666666667
2.4154166666666668
2.43125
2.3725
2.3716666666666666
2.4154166666666668
2.138333333333333
2.283333333333333
2.2245833333333334
2.370833333333333
2.392916666666667
2.3620833333333335
2.105
2.0704166666666666
2.0675
2.01625
1.9933333333333332
1.9095833333333332
2.1687499999999997
1.9775
1.79875
1.8391666666666666
1.9083333333333332
1.8533333333333333
1.8179166666666668
1.7395833333333333
1.5220833333333335
1.5045833333333334
1.7300000000000002
1.5895833333333333
1.6362500000000002
1.7162499999999998
1.5395833333333335
1.54625
1.4341666666666668
1.4541666666666666
1.4083333333333332
1.5641666666666667
1.67125
1.4008333333333332
1.3975
1.5345833333333332
1.5062499999999999
1.4483333333333333
1.5066666666666666
1.1333333333333333
1.1775
1.2733333333333334
1.21125
1.3791666666666667
1.4204166666666669
1.4887500000000002
1.2495833333333333
1.3225
1.2874999999999999
1.23875
1.1783333333333335
1.12125
1.0362500000000001
1.1070833333333334
1.1041666666666667
0.895
0.94125
0.9954166666666667
0.9370833333333334
0.9783333333333334
0.9725
0.8870833333333333
0.8233333333333334
0.7845833333333333
0.8104166666666667
0.6870833333333333
0.65625
0.6862499999999999
0.7745833333333333
0.8375
0.84375
0.8245833333333333
0.7154166666666667
0.8325
0.7345833333333333
0.8279166666666667
0.6241666666666666
0.6872
0.6836
0.7612000000000001
0.6232
0.6164000000000001
0.6487999999999999
0.7016
0.6392
0.716
0.7028
0.594
0.5087999999999999
0.48960000000000004
0.5464
0.5324
0.5388000000000001
0.5539999999999999
0.5428000000000001
0.396
0.2832
0.5808
0.6912
0.5964
0.5036
0.5324
0.3996
0.38160000000000005
0.4052
0.4012
0.436
0.5228
0.6152000000000001
0.6164000000000001
0.4876
0.4836
0.3592
0.3248
0.3456
0.38799999999999996
0.48
0.488
0.39799999999999996
0.3804
0.392
0.4376
0.3576
0.3468
0.32799999999999996
0.3356
0.44079999999999997
0.46
0.41960000000000003
0.49479999999999996
0.5452
0.5384
0.538
0.508
0.5451999999999999
0.4756
0.5084000000000001
0.4432
