temperature
4.138076923076923
3.838461538461538
3.9007692307692308
4.87576923076923
4.716538461538462
3.727692307692308
3.8049999999999997
4.1996153846153845
3.9588461538461535
3.657307692307692
3.3884615384615384
3.0353846153846153
3.6407692307692305
4.0352
4.086
3.5671999999999997
3.188
3.4707999999999997
3.9764
4.2816
4.2508
3.9728
3.9219999999999997
4.0607999999999995
3.5616000000000003
3.5172000000000003
3.426
3.6060000000000003
3.3892
3.014
3.4852
3.8383999999999996
4.128
3.9916
4.1032
4.441599999999999
4.052
3.8076
3.6408
3.4684000000000004
2.9356
3.1519999999999997
2.8044
2.2484
2.496
2.5612
2.6384
2.9295999999999998
2.8280000000000003
3.01
2.8436000000000003
3.3308
3.8876
3.6903999999999995
3.654
3.8160000000000003
4.0363999999999995
4.162
4.2936000000000005
4.092
4.1508
4.082
4.4152
5.0360000000000005
5.4344
5.256800000000001
4.8824000000000005
4.961600000000001
5.3696
5.2696000000000005
5.3032
5.0992
4.3764
4.534800000000001
4.4544
4.82
4.6684
4.468
4.4212
4.5984
4.8104
5.0912
5.150399999999999
5.3436
5.2791999999999994
4.8296
4.7348
5.426
5.611599999999999
6.2516
5.747999999999999
4.67
4.6836
5.091600000000001
5.372000000000001
5.5276
5.3472
5.0928
5.7188
6.1672
6.3248
6.314
6.1339999999999995
6.6676
7.093999999999999
7.1236
6.9967999999999995
7.222799999999999
6.608
6.6752
7.0416
7.346
7.3016
7.496
7.1956
7.5572
7.482
7.808
7.832000000000001
7.816
7.461538461538462
7.985384615384616
8.239230769230769
8.389999999999999
8.561923076923076
8.941153846153846
9.218846153846155
8.894615384615385
8.298076923076923
8.786923076923078
9.225
9.601923076923077
9.727692307692307
9.73076923076923
9.677307692307693
9.478076923076923
9.963846153846154
9.890769230769232
10.363076923076923
10.60423076923077
10.463461538461539
10.74576923076923
11.148076923076925
11.303846153846154
10.960384615384616
11.034615384615384
11.042307692307693
10.756153846153847
11.166538461538462
10.93923076923077
11.280384615384616
11.503846153846155
11.206538461538461
11.409615384615384
11.10423076923077
11.423076923076923
11.135384615384615
11.161153846153846
11.556923076923077
11.709999999999999
11.441153846153847
11.762692307692307
11.447692307692307
11.249615384615385
11.428076923076922
12.203846153846154
12.400384615384613
12.327692307692306
12.506538461538462
12.603846153846153
12.672692307692309
12.386153846153848
12.525769230769232
12.53076923076923
12.483461538461539
12.670769230769231
12.870384615384616
12.785769230769231
13.329615384615384
13.566153846153847
13.396538461538462
13.268461538461539
13.614615384615385
14.002692307692307
14.222307692307691
14.018846153846154
14.153846153846153
14.678461538461537
14.27346153846154
14.28076923076923
14.365
14.35576923076923
14.452307692307691
14.569615384615386
14.281153846153845
13.991923076923078
13.733076923076924
13.70346153846154
13.827307692307691
14.523076923076925
14.414230769230768
14.25923076923077
14.025769230769232
14.224230769230768
14.273076923076925
14.805
14.664615384615384
14.568076923076923
14.696153846153846
14.786923076923076
14.750384615384615
13.820384615384615
14.37576923076923
14.77346153846154
14.553461538461537
14.24423076923077
14.131538461538462
13.962307692307691
13.536923076923076
14.205
13.815
14.276923076923076
14.451923076923077
14.066923076923077
14.147692307692306
14.383461538461539
14.08423076923077
13.524230769230769
14.056153846153846
14.427692307692308
14.508076923076922
14.793846153846154
14.648846153846154
14.166538461538462
13.911538461538461
14.05423076923077
13.786923076923076
13.561538461538463
13.546153846153846
14.018846153846154
13.658846153846154
13.086153846153847
13.522692307692306
13.283076923076923
13.371538461538462
12.99923076923077
12.951923076923077
12.762692307692307
12.849615384615383
13.286923076923076
13.036153846153846
12.91576923076923
11.965384615384616
11.900384615384617
11.783076923076923
11.751153846153844
11.543461538461539
11.697692307692307
12.233076923076924
12.05923076923077
11.541538461538462
11.93923076923077
11.541153846153845
11.471153846153847
11.371538461538462
11.676923076923078
11.056923076923077
11.014999999999999
10.8
11.256923076923076
11.504615384615384
11.311538461538463
11.32
10.956923076923077
11.04076923076923
10.870384615384616
10.488846153846152
10.577307692307691
10.702307692307691
10.557307692307692
11.03076923076923
10.40230769230769
9.764615384615384
10.068076923076923
9.96923076923077
9.651538461538461
9.645384615384616
9.355384615384615
8.894615384615385
8.644615384615385
9.26923076923077
9.057307692307692
8.766923076923076
8.712692307692308
8.790384615384616
9.276153846153846
9.00923076923077
9.109615384615385
8.617307692307692
8.654230769230768
8.195769230769232
8.416538461538462
8.867307692307692
8.285769230769231
8.137692307692308
8.474615384615385
8.111153846153845
7.681538461538461
7.172307692307692
7.711538461538462
8.372307692307693
7.553076923076923
7.3950000000000005
7.259615384615385
6.9023076923076925
6.5442307692307695
6.448846153846153
6.329615384615384
6.416538461538462
5.850769230769231
6.175000000000001
6.075384615384616
5.378461538461538
5.427307692307692
5.441538461538461
5.998076923076923
5.873076923076923
5.711923076923076
5.623461538461539
5.218846153846154
4.8926923076923075
4.8307692307692305
5.174230769230769
5.399230769230769
5.708461538461538
5.96
5.723461538461539
5.6850000000000005
5.031923076923078
4.760769230769231
4.514615384615384
4.351538461538461
4.717307692307693
4.840769230769231
4.679230769230769
5.0030769230769225
4.996153846153846
4.9265384615384615
5.241153846153846
4.84576923076923
4.305769230769231
4.769615384615384
5.049230769230769
4.9934615384615375
4.63
4.332692307692307
4.6984615384615385
4.876153846153846
4.899615384615385
4.902692307692307
4.703076923076923
4.862692307692308
4.08
4.065769230769231
4.079615384615385
