pet
0.2853846153846154
0.2865384615384615
0.2730769230769231
0.2873076923076923
0.29730769230769233
0.385
0.3942307692307692
0.2823076923076923
0.31
0.3946153846153846
0.4226923076923077
0.4253846153846154
0.35615384615384615
0.3346153846153846
0.40384615384615385
0.3269230769230769
0.29
0.36115384615384616
0.2569230769230769
0.24076923076923076
0.3053846153846154
0.3934615384615385
0.37692307692307697
0.41307692307692306
0.39653846153846156
0.4592307692307693
0.4073076923076923
0.4326923076923077
0.2426923076923077
0.35730769230769227
0.4788461538461538
0.45884615384615385
0.46576923076923077
0.44999999999999996
0.415
0.3453846153846154
0.32
0.36576923076923074
0.44307692307692303
0.4015384615384615
0.36346153846153845
0.41807692307692307
0.4926923076923077
0.46
0.5703846153846154
0.6265384615384615
0.5703846153846154
0.5219230769230769
0.46576923076923077
0.6084615384615385
0.59
0.6034615384615385
0.5638461538461539
0.6061538461538462
0.4853846153846154
0.6284615384615384
0.5138461538461538
0.5307692307692308
0.4730769230769231
0.44730769230769235
0.4534615384615384
0.41884615384615387
0.4538461538461539
0.4896153846153846
0.6203846153846153
0.6715384615384615
0.7207692307692307
0.6673076923076924
0.681923076923077
0.7523076923076922
0.7176923076923077
0.9588461538461538
0.9473076923076923
1.008076923076923
1.0496153846153846
1.06
0.9326923076923077
1.0223076923076921
0.9865384615384615
1.0496153846153846
0.9515384615384614
0.9473076923076923
0.9750000000000001
1.113846153846154
1.1588461538461539
1.2011538461538462
1.1207692307692307
1.1576923076923078
1.1665384615384615
1.2846153846153845
1.1442307692307692
1.2692307692307692
1.27
1.2811538461538463
1.4296153846153847
1.3176923076923077
1.2503846153846152
1.5050000000000001
1.4438461538461538
1.451153846153846
1.290769230769231
1.2996153846153846
1.4053846153846155
1.525
1.536153846153846
1.4834615384615384
1.4057692307692307
1.435
1.6511538461538462
1.790769230769231
1.9430769230769231
2.022307692307692
1.9103846153846153
1.9223076923076925
1.7165384615384616
1.5546153846153847
1.6196153846153847
1.801153846153846
1.736923076923077
1.6319230769230768
1.853846153846154
1.9549999999999998
2.0023076923076926
2.164230769230769
2.033846153846154
2.1092307692307695
2.1746153846153846
2.1746153846153846
2.2473076923076922
2.2423076923076923
2.253846153846154
2.1573076923076924
2.1957692307692307
2.246153846153846
2.3811538461538464
2.2557692307692307
2.352692307692308
2.2211538461538463
2.5323076923076924
2.325
2.2396153846153846
2.2157692307692307
2.2342307692307695
2.318846153846154
2.386923076923077
2.35
2.352307692307692
2.4065384615384615
2.4273076923076924
2.4899999999999998
2.7819230769230767
2.621923076923077
2.479230769230769
2.246153846153846
2.14
2.09
2.2634615384615384
2.3669230769230767
2.193846153846154
2.2634615384615384
2.3765384615384617
1.9142307692307694
1.8803846153846153
1.84
1.8292307692307692
1.9784615384615383
2.1115384615384616
2.310769230769231
2.1223076923076922
1.9461538461538461
2.1742307692307694
1.968076923076923
2.088846153846154
2.1780769230769232
1.998076923076923
2.0676923076923077
2.205
2.13
2.1792307692307693
2.1184615384615384
2.0319230769230767
2.2326923076923078
2.198846153846154
2.272307692307692
2.2484615384615383
2.1523076923076925
2.0723076923076924
2.1123076923076924
2.1353846153846154
2.3046153846153845
2.2203846153846154
2.170769230769231
1.9584615384615385
1.9784615384615383
1.993846153846154
2.086153846153846
2.1569230769230767
2.233076923076923
2.286153846153846
2.2384615384615385
2.129230769230769
2.058461538461539
2.3484615384615384
2.1934615384615386
2.1996153846153845
2.098076923076923
2.204230769230769
2.0907692307692307
1.963076923076923
1.896153846153846
1.823846153846154
1.9373076923076922
2.1
2.0115384615384615
2.015
1.9180769230769232
2.0603846153846153
1.9096153846153845
1.8153846153846156
1.9965384615384614
1.8673076923076921
1.871923076923077
1.7434615384615384
1.8242307692307693
1.9726923076923077
1.9123076923076923
1.688076923076923
1.6853846153846155
1.6707692307692308
1.5861538461538462
1.5861538461538462
1.6557692307692307
1.533076923076923
1.551923076923077
1.5380769230769231
1.5280769230769229
1.5688461538461538
1.330769230769231
1.4365384615384615
1.4042307692307692
1.2661538461538462
1.3030769230769232
1.3692307692307693
1.31
1.455769230769231
1.3953846153846154
1.518846153846154
1.5484615384615383
1.3696153846153847
1.3492307692307692
1.4226923076923077
1.1803846153846154
1.3280769230769232
1.3065384615384614
1.1953846153846153
1.205
0.9926923076923077
1.0353846153846153
0.966923076923077
0.8965384615384615
0.9830769230769231
1.0103846153846154
1.2138461538461538
1.2723076923076921
1.066923076923077
0.893076923076923
0.9730769230769231
1.0103846153846154
0.9642307692307692
0.9126923076923077
1.041923076923077
0.9307692307692308
0.996923076923077
0.8526923076923076
0.8111538461538461
0.7292307692307692
0.6826923076923077
0.7353846153846154
0.7180769230769232
0.8557692307692307
0.8142307692307693
0.8061538461538462
0.7315384615384615
0.6611538461538462
0.7034615384615385
0.8
0.818076923076923
0.6046153846153847
0.5961538461538461
0.5953846153846154
0.5988461538461538
0.5953846153846154
0.6096153846153846
0.6507692307692309
0.5892307692307692
0.6292307692307693
0.6896153846153846
0.6157692307692308
0.6269230769230769
0.7484615384615385
0.5942307692307692
0.5538461538461539
0.6657692307692307
0.7288461538461538
0.5707692307692308
0.5103846153846154
0.4896153846153846
0.44576923076923075
0.4584615384615385
0.46692307692307694
0.4869230769230769
0.4226923076923077
0.36615384615384616
0.43730769230769234
0.4180769230769231
0.35615384615384615
0.3607692307692308
0.5392307692307692
0.6161538461538462
0.4453846153846154
0.4153846153846154
0.45153846153846156
0.4034615384615385
0.38346153846153846
0.3453846153846154
0.19115384615384615
0.36538461538461536
0.32923076923076927
0.27115384615384613
0.44307692307692303
0.4165384615384615
0.31269230769230766
0.32653846153846156
0.3869230769230769
0.2876923076923077
0.36538461538461536
0.21807692307692308
0.31807692307692303
0.43038461538461537
0.39538461538461533
0.37
0.415
0.5203846153846153
0.48730769230769233
0.29846153846153844
0.32230769230769235
0.3465384615384615
0.37884615384615383
0.375
0.4411538461538462
0.36230769230769233
0.32538461538461544
0.3553846153846154
0.32192307692307687
0.39384615384615385
0.4169230769230769
0.5496153846153846
0.4123076923076923
0.3203846153846154
0.3069230769230769
0.26807692307692305
0.28
0.40653846153846157
0.4269230769230769
0.45769230769230773
