temperature
1.6096153846153847
1.416153846153846
1.2473076923076922
1.7223076923076923
2.276923076923077
1.776923076923077
1.97
2.357307692307692
2.2580769230769233
2.1007692307692305
1.4400000000000002
1.0446153846153847
1.6203846153846155
2.0942307692307693
1.9469230769230768
1.3826923076923079
1.136923076923077
1.3642307692307691
1.6238461538461537
1.9530769230769232
2.3257692307692306
1.871923076923077
1.7496153846153848
1.6111538461538462
0.9492307692307692
1.095
1.0050000000000001
1.2919230769230767
1.5938461538461537
1.0053846153846153
1.0284615384615383
1.281923076923077
2.0765384615384614
2.1423076923076922
1.9511538461538462
2.566923076923077
2.0573076923076923
1.625
1.2453846153846155
1.286923076923077
0.7626923076923077
0.7857692307692308
0.8742307692307693
0.6288461538461537
0.3442307692307693
0.18884615384615386
0.43461538461538457
0.9696153846153847
0.8346153846153845
0.8503846153846154
0.9142307692307692
1.1965384615384616
1.6373076923076924
1.9096153846153845
1.8273076923076923
1.4246153846153846
1.4526923076923077
2.1815384615384614
1.8242307692307693
2.108846153846154
2.242692307692308
2.0376923076923075
2.504230769230769
3.1630769230769227
3.4015384615384616
3.626153846153846
3.2023076923076923
3.1465384615384617
3.478846153846154
3.3053846153846154
3.397307692307692
3.154615384615385
2.4096153846153845
2.478846153846154
2.5946153846153845
2.852307692307692
2.7199999999999998
2.792692307692308
2.438846153846154
2.5938461538461537
2.8853846153846154
3.11
3.2015384615384614
3.2984615384615386
3.292692307692308
3.085384615384615
3.0326923076923076
3.7434615384615384
4.080769230769231
4.205
4.251153846153846
3.2750000000000004
3.1042307692307696
3.5107692307692306
3.7973076923076925
4.088461538461538
3.7096153846153848
3.208076923076923
3.9619230769230773
4.985769230769231
5.1923076923076925
5.001153846153846
4.328076923076923
5.4034615384615385
5.76
5.703846153846154
5.501923076923077
6.010769230769231
5.599230769230768
5.57423076923077
5.879615384615385
6.149615384615384
5.850769230769231
5.856153846153846
5.418461538461538
5.867692307692308
5.818461538461539
5.752692307692308
6.117307692307692
6.219615384615385
5.894230769230769
6.178846153846154
6.717307692307693
6.951923076923077
6.639615384615384
7.479615384615385
7.653846153846154
7.251538461538461
7.1461538461538465
7.360384615384616
7.376153846153846
7.678846153846154
7.447307692307692
7.5042307692307695
7.867692307692308
7.5515384615384615
8.05
7.723461538461539
8.200384615384616
8.804615384615385
8.77076923076923
8.956538461538461
9.03346153846154
9.368846153846153
9.433846153846154
9.365
8.988076923076923
9.018461538461539
9.293076923076923
9.253076923076922
9.753461538461538
10.486923076923079
10.089615384615383
9.82423076923077
10.048846153846153
10.408076923076923
10.113076923076923
10.046923076923077
10.362692307692308
10.193076923076923
10.288846153846153
10.325384615384614
10.110000000000001
9.867307692307692
10.076153846153847
10.768076923076924
11.356923076923078
11.176923076923078
11.318076923076923
11.466923076923077
10.868846153846153
10.914230769230768
11.117692307692307
11.036538461538461
11.37576923076923
11.7
11.751153846153848
11.483076923076924
11.852692307692308
12.049615384615386
12.658846153846154
12.319230769230769
12.63423076923077
12.956153846153846
12.955
13.041538461538462
13.40846153846154
13.538846153846153
13.175384615384615
13.046923076923077
13.19576923076923
13.631153846153847
13.323076923076922
13.769615384615385
13.528076923076924
13.23576923076923
12.830384615384615
12.572307692307692
12.927692307692308
13.729615384615386
13.319230769230769
13.11153846153846
13.002692307692307
12.977307692307694
13.404615384615385
13.701153846153847
13.973076923076924
13.909230769230769
13.789230769230768
13.760769230769231
13.89423076923077
13.001923076923077
13.43
13.643461538461539
13.484615384615385
12.889999999999999
13.30923076923077
13.198076923076922
12.51923076923077
12.96923076923077
12.715384615384616
12.748461538461537
13.207692307692307
13.110384615384616
13.313846153846153
13.459999999999999
13.361153846153845
12.74423076923077
12.840769230769231
13.070769230769232
13.103846153846153
13.335384615384616
13.362692307692308
12.776538461538461
12.588076923076924
12.671153846153846
12.34153846153846
12.172692307692309
11.998076923076923
12.615384615384615
12.311538461538463
11.819615384615386
12.052307692307693
11.918846153846154
11.866538461538461
11.555384615384614
11.46653846153846
10.778846153846153
11.001538461538463
11.424615384615386
11.090769230769231
11.30423076923077
10.523076923076925
10.204615384615384
10.296923076923077
10.161538461538461
10.042307692307693
9.896153846153847
10.771538461538462
10.82846153846154
10.249615384615385
10.331923076923077
10.396538461538462
10.055
10.046153846153846
10.074615384615385
9.129615384615384
8.904615384615385
9.075
9.088076923076922
9.771153846153847
9.777692307692307
9.92153846153846
9.313076923076922
9.536538461538461
9.058846153846154
8.996538461538462
8.729615384615384
8.815384615384614
8.346538461538461
8.708461538461538
8.721538461538461
7.843846153846154
8.231153846153846
7.905384615384615
7.416153846153846
7.240384615384615
7.211153846153847
6.720384615384615
6.556538461538461
6.996538461538462
6.9861538461538455
5.997692307692308
6.308461538461539
6.8234615384615385
7.168846153846153
7.139615384615384
6.855769230769231
6.612692307692308
6.537692307692307
6.231923076923077
6.183461538461539
6.623076923076923
6.153076923076923
5.967692307692308
6.1826923076923075
5.93076923076923
5.520384615384615
4.953076923076923
5.026538461538461
5.638461538461538
5.685384615384615
5.083846153846154
5.559230769230769
4.881153846153846
4.249615384615384
3.8746153846153844
3.8
3.8734615384615387
3.4784615384615383
3.354230769230769
3.5207692307692304
2.8723076923076927
2.708846153846154
3.2607692307692306
3.818076923076923
3.754230769230769
3.6034615384615383
3.9346153846153844
3.108461538461538
2.9092307692307693
2.761153846153846
2.3815384615384616
2.575
3.1903846153846156
3.733461538461538
3.4365384615384613
3.527307692307692
3.2915384615384613
2.457307692307692
1.933846153846154
2.13
2.403076923076923
2.5880769230769234
2.4930769230769227
2.6030769230769235
2.775384615384615
2.8430769230769233
3.1107692307692307
2.6742307692307694
2.2557692307692307
2.4238461538461538
2.4034615384615385
2.519615384615385
2.3369230769230773
2.2726923076923073
2.5465384615384616
2.6496153846153847
2.6542307692307694
2.3903846153846153
2.2842307692307693
2.566923076923077
2.0403846153846152
1.7826923076923078
1.555
