pet
0.4042307692307692
0.4661538461538462
0.3638461538461538
0.47115384615384615
0.6346153846153846
0.40384615384615385
0.4511538461538462
0.5684615384615385
0.5934615384615385
0.6442307692307693
0.46192307692307694
0.43115384615384617
0.46153846153846156
0.5488461538461539
0.5365384615384616
0.4776923076923077
0.34423076923076923
0.4034615384615385
0.41500000000000004
0.4857692307692308
0.6253846153846154
0.5888461538461539
0.6092307692307692
0.5619230769230769
0.5384615384615384
0.49615384615384617
0.5142307692307693
0.5011538461538462
0.5530769230769231
0.5065384615384615
0.5411538461538462
0.49807692307692303
0.5388461538461539
0.63
0.6361538461538461
0.7842307692307693
0.7788461538461539
0.6742307692307693
0.6146153846153847
0.6476923076923077
0.5653846153846154
0.5673076923076923
0.5246153846153846
0.4523076923076923
0.41000000000000003
0.4519230769230769
0.47807692307692307
0.606923076923077
0.5423076923076923
0.5542307692307692
0.5692307692307692
0.6480769230769231
0.7111538461538461
0.7676923076923077
0.6146153846153847
0.6057692307692307
0.7573076923076923
0.8200000000000001
0.8269230769230769
0.8269230769230769
1.0015384615384615
0.9211538461538461
0.9434615384615385
1.0673076923076923
1.0946153846153845
1.1403846153846153
1.1223076923076922
1.05
1.2738461538461539
1.1188461538461538
1.1446153846153846
1.1584615384615384
1.0938461538461537
1.0965384615384617
1.163846153846154
1.2173076923076922
1.3061538461538462
1.1115384615384616
1.1719230769230768
1.169230769230769
1.165769230769231
1.3957692307692307
1.4007692307692308
1.3384615384615384
1.3192307692307692
1.338846153846154
1.308076923076923
1.3603846153846153
1.3619230769230768
1.6246153846153848
1.621923076923077
1.3907692307692305
1.2626923076923076
1.3507692307692307
1.4757692307692307
1.5576923076923077
1.5469230769230768
1.3888461538461538
1.5769230769230769
1.8646153846153848
1.9249999999999998
1.888076923076923
1.685
1.8142307692307693
2.0796153846153844
2.073076923076923
1.8819230769230768
2.139615384615385
2.0319230769230767
1.958076923076923
2.1592307692307693
2.3476923076923075
1.9965384615384614
2.041923076923077
2.056153846153846
2.056153846153846
2.039230769230769
2.0765384615384614
2.1703846153846156
2.24
2.129230769230769
2.3192307692307694
2.301923076923077
2.4134615384615383
2.509230769230769
2.549615384615385
2.7684615384615388
2.638076923076923
2.5534615384615384
2.6907692307692312
2.7057692307692305
2.7023076923076923
2.7234615384615384
2.6711538461538464
2.8534615384615383
2.662692307692308
2.5153846153846158
2.58
2.8126923076923074
3.008846153846154
2.811153846153846
3.0761538461538462
2.976153846153846
3.116153846153846
2.9615384615384617
2.9996153846153844
2.7953846153846156
2.792307692307692
2.9465384615384616
2.714230769230769
3.0069230769230773
2.9407692307692304
2.7057692307692305
2.663846153846154
2.590384615384615
2.855
2.744230769230769
2.8746153846153844
2.861923076923077
2.7676923076923075
2.7157692307692307
2.7234615384615384
2.5746153846153845
2.746923076923077
2.6588461538461536
2.7311538461538465
3.039230769230769
2.806923076923077
2.848076923076923
2.871153846153846
2.9669230769230768
2.733461538461538
2.7853846153846153
2.706153846153846
2.892692307692308
2.9311538461538458
3.0288461538461537
2.897692307692308
2.923076923076923
2.899230769230769
3.0942307692307693
3.045769230769231
2.980384615384615
3.0707692307692307
3.335769230769231
3.1726923076923077
3.2
3.3515384615384614
3.331153846153846
3.205
3.161538461538462
3.245769230769231
3.1030769230769235
3.2788461538461537
3.2484615384615383
3.152307692307692
2.9484615384615385
2.9192307692307695
2.9796153846153848
3.262307692307692
3.0957692307692306
3.055769230769231
3.1092307692307695
2.996153846153846
2.8876923076923076
3.1938461538461542
3.1773076923076924
3.236923076923077
3.224615384615385
3.2115384615384617
3.4180769230769235
3.003076923076923
2.916923076923077
3.0665384615384617
2.957307692307692
2.8346153846153848
2.891538461538462
2.708846153846154
2.6634615384615383
2.8103846153846157
2.759230769230769
2.7688461538461535
2.808076923076923
2.7353846153846155
2.792307692307692
2.867692307692308
2.8380769230769234
2.663846153846154
2.5957692307692306
2.6561538461538463
2.7776923076923077
2.832692307692308
2.7911538461538465
2.5311538461538463
2.358846153846154
2.443076923076923
2.4273076923076924
2.336153846153846
2.2796153846153846
2.370769230769231
2.418076923076923
2.228076923076923
2.1834615384615383
2.213461538461538
2.224615384615385
2.033846153846154
2.1626923076923075
2.0084615384615385
1.9623076923076925
2.170769230769231
2.073076923076923
2.1365384615384615
1.8661538461538463
1.8723076923076922
1.7934615384615387
1.6923076923076923
1.6592307692307693
1.6426923076923077
1.8157692307692308
1.7076923076923076
1.673846153846154
1.5507692307692307
1.643076923076923
1.6511538461538462
1.5419230769230767
1.655
1.4830769230769232
1.4249999999999998
1.4434615384615386
1.3684615384615384
1.506153846153846
1.4476923076923076
1.4553846153846155
1.3857692307692309
1.4146153846153846
1.3557692307692308
1.3107692307692307
1.2534615384615384
1.291923076923077
1.1211538461538462
1.2961538461538462
1.4403846153846152
1.186923076923077
1.1965384615384616
1.185
0.9284615384615384
0.9203846153846154
0.8861538461538461
0.8111538461538461
0.8849999999999999
0.9457692307692308
0.9576923076923076
0.8573076923076923
0.7484615384615385
0.7934615384615384
0.9226923076923078
0.9149999999999999
0.9353846153846154
0.8757692307692307
0.7992307692307693
0.7796153846153846
0.8053846153846155
0.9784615384615385
0.925
0.9392307692307693
0.9057692307692308
0.7984615384615386
0.7749999999999999
0.6088461538461538
0.5911538461538461
0.816923076923077
0.7642307692307693
0.7423076923076923
0.7926923076923077
0.658076923076923
0.5296153846153846
0.5388461538461539
0.5361538461538461
0.5280769230769231
0.4419230769230769
0.49923076923076926
0.59
0.4169230769230769
0.3915384615384615
0.45884615384615385
0.5750000000000001
0.7215384615384615
0.5465384615384615
0.6111538461538462
0.4880769230769231
0.43
0.38653846153846155
0.3423076923076923
0.48307692307692307
0.5403846153846155
0.6684615384615384
0.6069230769230769
0.5665384615384615
0.4330769230769231
0.4126923076923077
0.40846153846153843
0.36115384615384616
0.3142307692307692
0.40538461538461534
0.4369230769230769
0.47384615384615386
0.42076923076923073
0.4746153846153846
0.48730769230769233
0.4273076923076923
0.4765384615384616
0.41192307692307695
0.4788461538461538
0.5399999999999999
0.5157692307692308
0.5153846153846154
0.5034615384615384
0.5653846153846154
0.5257692307692308
0.5823076923076923
0.6311538461538462
0.7076923076923076
0.5030769230769231
0.3946153846153846
0.4511538461538462
