temperature
3.544705882352941
3.6294117647058823
3.1276470588235297
2.900588235294118
2.97
3.2147058823529413
3.302941176470588
2.565882352941177
2.8794117647058823
4.107058823529411
4.048823529411765
3.9776470588235298
3.3594117647058823
3.527647058823529
4.208823529411765
3.09
3.236470588235294
3.581764705882353
2.7317647058823527
2.1111764705882354
2.828823529411765
3.0576470588235294
3.158823529411765
4.1505882352941175
4.067058823529412
4.167058823529412
3.834705882352941
3.624705882352941
2.607647058823529
2.4911764705882353
3.178235294117647
2.98
2.7494117647058824
2.9670588235294115
3.3170588235294116
2.9705882352941178
2.679411764705882
2.6411764705882352
2.9511764705882353
2.315294117647059
1.688235294117647
2.33
3.5723529411764705
3.713529411764706
4.2964705882352945
4.888235294117647
4.737058823529412
4.142941176470588
3.717647058823529
4.758235294117647
4.54235294117647
4.9411764705882355
4.99
4.596470588235294
4.220588235294118
4.797058823529412
3.9611764705882355
4.0323529411764705
3.58
3.3729411764705883
3.3529411764705883
2.848235294117647
3.1976470588235295
3.4499999999999997
4.051176470588236
4.144117647058824
4.688235294117647
4.859411764705882
4.715294117647058
4.662941176470588
4.747058823529412
5.069411764705882
5.640588235294118
5.622941176470588
4.893529411764706
4.8494117647058825
4.8211764705882345
5.391176470588236
4.423529411764706
5.142941176470589
5.159411764705883
4.955882352941177
5.448823529411764
6.102941176470588
6.174705882352941
6.59
5.751764705882353
6.11
5.7441176470588236
5.845294117647059
5.273529411764706
6.009411764705882
5.944705882352942
6.145882352941177
6.34235294117647
6.611764705882353
5.71
6.762941176470588
6.718823529411765
6.540588235294117
6.7829411764705885
6.856470588235294
7.115882352941177
7.3223529411764705
7.4276470588235295
7.142941176470589
7.1135294117647065
7.365882352941177
7.988823529411765
8.62764705882353
8.786470588235295
9.378823529411765
9.093529411764706
8.735882352941175
7.91
7.302941176470589
7.249411764705883
7.484705882352941
7.782352941176471
7.846470588235293
7.672352941176471
7.962941176470588
7.950588235294117
9.15764705882353
8.702941176470588
8.678823529411764
9.611764705882353
9.450588235294118
9.736470588235294
10.020588235294117
9.344117647058823
9.621764705882352
9.181176470588234
8.795882352941177
9.69
9.503529411764706
10.297058823529412
9.606470588235295
10.43470588235294
10.032941176470588
10.535882352941178
10.297058823529412
10.633529411764707
10.834117647058823
11.36
11.458823529411765
11.074117647058824
11.434705882352942
11.518823529411764
11.668823529411766
12.617647058823529
13.115294117647059
13.047647058823529
12.554705882352941
11.845882352941176
11.527058823529412
12.155882352941177
12.986470588235292
12.784117647058824
12.731764705882354
13.108235294117648
12.514117647058825
12.727058823529411
11.908235294117647
12.191176470588236
12.576470588235294
13.209411764705882
13.166470588235295
12.597058823529412
12.495882352941177
13.202941176470588
12.67705882352941
12.993529411764705
13.035882352941178
13.08470588235294
13.069411764705883
14.071764705882353
13.858235294117648
13.915882352941177
13.786470588235295
13.911176470588236
14.283529411764706
13.694117647058825
14.220588235294118
14.01764705882353
13.816470588235294
13.858235294117648
13.773529411764706
13.621764705882352
13.892941176470588
14.36235294117647
14.395882352941175
13.419411764705883
13.105882352941178
13.940588235294118
14.471176470588235
14.668333333333331
15.01
15.602222222222224
15.312222222222223
14.714444444444446
14.230555555555554
15.291666666666666
15.149999999999999
15.111666666666666
15.453333333333335
14.90611111111111
14.303333333333333
13.762222222222222
13.774999999999999
13.726111111111111
13.760555555555555
14.235555555555557
14.235555555555557
14.530000000000001
14.020000000000001
14.019444444444444
13.317777777777778
13.225000000000001
13.686666666666667
13.817222222222222
13.825555555555557
13.731666666666667
13.961666666666666
14.695
14.418333333333331
13.884444444444446
13.927777777777777
14.004444444444445
13.550555555555555
13.639444444444443
13.995
13.990555555555554
14.133333333333333
13.49
12.800555555555555
13.726111111111111
12.895555555555555
13.195
13.11
12.540555555555555
12.699444444444445
12.943888888888889
12.666111111111112
13.213888888888889
12.982222222222223
13.026111111111112
13.279444444444444
12.367222222222221
12.750555555555556
13.362777777777778
12.742777777777778
12.912777777777778
12.686666666666666
12.256111111111112
12.426666666666668
11.371666666666666
11.552777777777777
11.234444444444444
10.738888888888889
11.480555555555556
11.725000000000001
11.964444444444446
12.196111111111112
11.868888888888888
11.08222222222222
11.040555555555555
11.068888888888889
10.783333333333333
10.552777777777777
11.40611111111111
10.86888888888889
10.748888888888889
10.019411764705882
9.952352941176471
9.909411764705883
9.450000000000001
9.926470588235293
9.787647058823529
10.386470588235294
10.514117647058825
9.72529411764706
9.949411764705882
9.667058823529413
9.674117647058823
9.41
9.295882352941177
8.780588235294118
8.868235294117646
8.75529411764706
9.092941176470587
8.897058823529411
8.97
9.411176470588236
8.970588235294118
8.719411764705882
8.724705882352941
8.398823529411764
8.678823529411764
8.832941176470587
8.023529411764706
7.34
8.459999999999999
8.205294117647059
7.39764705882353
7.259411764705882
6.746470588235294
6.6364705882352935
6.434117647058823
6.7700000000000005
6.326470588235294
6.277647058823529
6.374117647058823
6.818235294117647
6.698235294117647
6.189411764705882
6.5717647058823525
6.893529411764706
7.121764705882352
6.050588235294118
5.81764705882353
5.738235294117647
5.672941176470588
5.368235294117646
4.752352941176471
4.022941176470589
4.631764705882353
4.517058823529412
3.908235294117647
4.6005882352941185
4.2835294117647065
3.8970588235294117
3.548235294117647
3.288823529411765
3.5958823529411768
3.8847058823529417
3.328235294117647
3.8111764705882356
3.7770588235294116
3.856470588235294
3.8605882352941174
4.11
4.391764705882353
4.292941176470588
3.6123529411764705
3.2976470588235296
3.618823529411765
3.9511764705882353
4.345882352941176
3.9311764705882353
3.5594117647058825
3.4976470588235293
3.9023529411764706
4.01235294117647
4.128235294117648
4.423529411764706
4.461764705882352
3.1523529411764706
3.1747058823529413
3.626470588235294
3.498235294117647
3.366470588235294
4.430588235294118
4.731764705882353
4.709411764705883
