temperature
2.029230769230769
1.8915384615384616
2.0138461538461536
3.1138461538461537
2.933846153846154
2.226923076923077
2.526923076923077
2.8803846153846155
2.8615384615384616
2.168846153846154
1.433846153846154
0.9403846153846155
1.4153846153846152
2.0465384615384616
1.9103846153846153
1.5311538461538463
1.0942307692307693
1.5569230769230769
2.0415384615384613
2.3865384615384615
2.4469230769230768
2.3242307692307693
2.207692307692308
2.3623076923076924
1.962307692307692
1.7553846153846153
1.5276923076923077
1.9084615384615384
1.4907692307692306
0.9380769230769231
1.501923076923077
1.6319230769230768
2.23
2.396153846153846
2.270769230769231
2.686923076923077
2.3346153846153848
2.2446153846153845
1.8853846153846154
1.5146153846153847
1.1065384615384615
1.3846153846153846
1.2361538461538462
0.2688461538461539
0.1757692307692308
0.5019230769230769
0.9073076923076923
1.263076923076923
0.6907692307692308
0.9765384615384616
0.7626923076923078
1.381153846153846
2.098846153846154
2.0303846153846155
1.6384615384615384
1.4788461538461537
2.0357692307692306
2.2546153846153847
2.2023076923076923
2.4165384615384613
2.6561538461538463
2.263076923076923
2.4669230769230768
3.164615384615385
3.6203846153846153
3.3499999999999996
2.92
3.2673076923076922
3.718461538461538
3.5623076923076926
3.5615384615384613
3.446923076923077
3.0473076923076925
3.045
2.931923076923077
2.8334615384615387
3.1469230769230765
2.7353846153846155
2.8884615384615384
2.867692307692308
2.9673076923076924
3.438846153846154
3.6765384615384615
3.5307692307692307
3.5353846153846153
3.4742307692307692
3.273076923076923
3.781538461538462
4.117307692307692
4.407307692307692
4.048846153846155
3.0219230769230765
3.101153846153846
3.3742307692307696
3.6542307692307694
3.9223076923076925
4.106538461538461
3.4353846153846153
4.29
4.899615384615385
5.18923076923077
4.964230769230769
4.517307692307693
4.778076923076923
5.770384615384615
5.785384615384615
5.463846153846154
5.888461538461538
5.211923076923076
5.557307692307693
5.8088461538461535
6.113461538461538
5.6826923076923075
5.788461538461538
5.576538461538462
5.808076923076923
5.634615384615385
5.8465384615384615
6.358461538461539
6.097307692307693
5.502692307692308
5.953846153846154
6.369230769230769
6.765769230769231
6.826538461538462
7.214615384615385
7.632692307692308
7.058461538461538
6.591923076923076
7.371538461538462
7.712692307692308
7.738076923076923
7.726923076923077
7.720769230769231
8.092307692307692
7.23
7.964230769230769
7.852307692307692
8.397692307692308
8.726923076923077
8.759615384615385
9.139615384615384
9.299615384615384
9.653461538461539
8.936153846153847
9.302692307692308
9.151923076923076
8.835384615384616
9.411923076923078
9.119615384615384
9.60153846153846
9.926923076923078
9.64076923076923
9.903076923076924
9.395
9.978461538461538
9.940384615384614
10.059615384615386
10.25
10.040000000000001
9.946923076923078
10.306153846153846
10.079615384615384
9.776538461538461
9.882692307692308
10.660769230769231
11.067307692307692
11.148846153846154
10.919615384615383
11.090384615384616
11.244615384615384
10.875
11.004999999999999
11.195
11.222307692307693
11.326538461538462
11.849230769230768
11.458076923076923
11.80923076923077
12.032307692307691
12.169230769230769
11.77346153846154
12.132307692307693
12.506153846153847
12.8
12.721153846153847
12.5
13.35423076923077
13.206923076923077
13.271923076923077
13.161923076923076
13.180769230769231
12.899999999999999
13.221538461538461
13.033846153846154
12.760384615384615
12.52730769230769
12.336923076923076
12.635
13.127307692307692
13.254999999999999
12.886923076923077
12.752307692307692
12.997692307692308
12.670384615384616
13.367692307692307
13.31423076923077
13.393846153846154
13.178846153846154
13.45923076923077
13.758461538461537
12.548846153846153
12.872307692307693
13.168076923076923
13.00576923076923
12.851923076923075
12.800384615384615
12.640384615384615
11.92653846153846
12.658076923076923
11.97653846153846
12.424230769230768
13.018461538461539
12.303846153846154
12.739615384615385
13.011153846153848
12.756923076923076
12.208846153846155
12.26923076923077
12.648846153846154
13.127692307692307
13.331923076923077
13.41576923076923
12.651153846153846
12.541538461538462
12.426923076923078
12.410769230769231
11.768076923076922
11.833846153846155
12.336538461538462
12.154615384615385
11.63076923076923
11.919230769230769
11.406153846153845
11.399999999999999
11.160384615384617
11.14423076923077
10.54076923076923
11.00923076923077
11.515769230769232
11.068846153846154
11.28
10.207692307692307
10.063076923076922
10.086538461538462
9.946538461538463
9.825384615384616
9.617692307692307
10.441153846153847
10.368076923076924
9.832307692307692
10.268461538461539
9.94846153846154
10.064615384615385
9.664615384615384
10.083076923076923
9.425384615384615
9.421538461538463
9.057692307692308
9.603076923076923
9.618846153846153
9.36076923076923
9.326538461538462
9.088076923076922
9.305384615384614
9.023461538461538
8.50153846153846
8.75923076923077
8.718846153846155
8.453846153846154
9.141153846153845
9.066923076923077
7.843076923076922
8.15076923076923
8.038461538461538
7.233846153846154
7.514615384615384
7.275
6.886538461538462
6.869230769230769
7.319615384615385
7.061538461538461
6.5942307692307685
6.365
6.560769230769231
7.007692307692308
6.648846153846154
7.159230769230769
6.475
6.513461538461538
6.3403846153846155
6.671538461538462
7.177692307692308
6.716153846153846
6.481538461538462
6.498846153846154
5.995384615384615
5.842307692307693
5.013076923076923
5.3100000000000005
6.338461538461539
5.682307692307693
5.51
5.6850000000000005
5.386538461538462
4.4338461538461535
4.269230769230769
3.961153846153846
4.2153846153846155
3.9296153846153845
4.252692307692308
4.507692307692308
3.441923076923077
3.4861538461538464
3.4699999999999998
4.046153846153846
4.382307692307692
4.120384615384615
3.9753846153846153
3.4123076923076923
2.985
2.769230769230769
2.793846153846154
3.2757692307692308
3.4973076923076927
4.093461538461539
3.8365384615384617
4.038846153846154
3.1773076923076924
2.7180769230769233
2.5565384615384614
2.13
2.354230769230769
2.616153846153846
2.475769230769231
3.148846153846154
3.102692307692308
3.3084615384615383
3.193076923076923
2.9865384615384616
2.619230769230769
2.798076923076923
2.9223076923076925
3.1592307692307693
2.636923076923077
2.288076923076923
2.6953846153846155
2.951923076923077
3.13
3.003076923076923
2.911538461538462
2.8865384615384615
2.079615384615385
2.0023076923076926
2.1592307692307693
