temperature
4.6256
4.3404
3.7851999999999997
3.8484
4.132
4.2056000000000004
4.6988
4.4728
4.288
4.8744
5.06
5.0408
4.6864
4.4236
4.9124
4.504
4.1116
4.5564
4.6376
3.8112
3.634
3.8244
3.8127999999999997
3.9995999999999996
4.5288
4.3844
4.7024
4.8915999999999995
4.3484
3.9408
4.3964
4.6704
4.4876
4.552
5.218
4.8724
3.9044
4.317200000000001
4.2028
3.6412
3.7651999999999997
4.4276
4.7232
4.0972
4.846
5.3148
4.822
5.1372
4.8176
5.1784
5.5352
5.7288
5.3988
5.6412
5.072
5.4468
5.0308
4.7936000000000005
4.333600000000001
4.3972
4.5904
4.3924
4.248
4.6312
5.2232
5.9048
6.209199999999999
6.984400000000001
6.5856
6.3264
5.8191999999999995
5.694400000000001
6.954
7.3864
7.1172
7.064399999999999
6.259600000000001
6.5944
6.465599999999999
6.709199999999999
6.3476
6.8839999999999995
7.0436000000000005
7.1552
7.2348
6.9648
7.6388
7.7364
8.1476
8.1556
7.80076923076923
7.935384615384615
8.096923076923078
7.758461538461538
8.083461538461538
7.96
6.914615384615384
7.833461538461538
8.049999999999999
7.5976923076923075
7.723076923076923
7.62
8.197692307692307
8.488461538461538
8.360000000000001
8.251923076923077
8.5
8.195
8.30076923076923
9.077307692307691
9.911923076923076
10.174230769230768
10.169230769230769
10.551153846153845
9.796153846153846
9.284615384615385
9.537692307692307
9.28076923076923
8.975
9.546538461538463
9.779615384615385
9.88076923076923
10.233076923076924
10.133461538461537
10.451923076923077
10.200769230769232
11.277692307692309
11.17653846153846
11.199615384615385
11.697692307692307
10.971153846153847
10.941538461538462
10.988076923076923
10.721923076923076
11.916153846153845
11.497692307692308
11.478461538461538
11.723076923076924
12.095769230769232
11.976923076923075
12.073846153846155
12.018461538461539
12.188846153846153
12.153846153846153
12.520384615384614
12.579230769230769
12.76
12.663076923076924
12.630384615384616
12.892692307692307
13.386538461538462
14.481538461538461
14.128461538461538
13.586153846153847
13.052307692307693
13.382307692307693
13.117692307692307
13.452692307692306
13.691538461538462
14.212307692307691
13.965769230769231
13.876538461538463
13.659230769230769
14.14846153846154
14.111923076923079
14.375
15.187307692307693
15.106538461538461
15.165000000000001
14.855384615384615
14.563461538461537
14.551153846153845
14.621538461538462
15.220384615384615
14.922307692307694
15.053076923076922
15.783076923076923
15.034230769230769
15.225000000000001
15.626538461538463
15.437692307692307
15.912307692307694
15.856153846153846
15.90230769230769
15.733461538461539
16.136923076923075
15.851153846153846
15.960769230769232
16.164615384615384
16.243846153846153
16.238076923076925
15.945769230769232
15.995000000000001
15.497692307692308
16.042307692307695
16.293846153846154
16.708846153846153
16.781153846153845
17.38307692307692
17.46153846153846
16.467307692307692
16.119230769230768
16.674615384615386
17.04269230769231
16.611153846153847
17.348076923076924
16.892692307692307
16.74923076923077
16.686153846153847
16.52846153846154
16.272692307692306
16.36230769230769
16.917307692307695
16.806538461538462
16.93
16.48384615384615
16.505
16.81230769230769
16.584230769230768
16.995384615384616
16.85076923076923
16.27230769230769
17.145
16.693846153846156
16.822307692307692
16.465769230769233
15.956923076923077
16.02230769230769
16.09923076923077
16.003846153846155
15.96923076923077
15.886538461538462
15.893846153846154
16.468846153846155
15.971923076923076
15.261153846153848
15.788076923076924
15.117307692307692
15.05076923076923
14.785769230769231
14.571153846153845
14.523846153846154
14.309615384615386
14.382307692307693
15.49846153846154
14.955769230769231
15.311538461538463
15.268846153846154
14.920769230769231
14.569615384615386
14.811153846153845
14.469615384615384
15.02076923076923
14.565384615384614
14.19
13.836923076923076
13.685
13.930769230769231
13.248461538461537
13.253461538461538
13.663461538461538
13.689615384615385
13.495000000000001
13.523846153846154
13.224230769230768
13.055769230769231
12.64423076923077
12.891923076923076
12.646153846153847
12.737307692307693
12.935384615384615
12.89846153846154
13.294615384615385
12.4056
11.766399999999999
11.519200000000001
11.3076
11.9548
11.1336
11.316399999999998
12.012
11.636800000000001
11.956
11.109200000000001
11.1648
10.9144
10.663599999999999
10.5876
10.6824
10.0472
10.094
9.9244
9.6768
10.0548
9.6552
9.9108
9.8788
9.8604
9.576799999999999
9.7112
9.3096
9.08
9.5692
9.411200000000001
8.9964
8.7924
8.2792
7.9672
8.3104
7.982
7.817200000000001
7.653200000000001
7.587999999999999
8.2592
7.9996
7.8012
7.570399999999999
7.184
7.778
6.944400000000001
7.1552
6.7876
6.4772
6.1524
5.84
5.572
5.4928
6.106800000000001
5.7648
6.2524
6.0328
5.95
5.6164
5.3472
4.8464
4.9048
4.9016
4.9272
5.65
5.6408000000000005
5.2144
5.114
5.118
4.9528
4.5084
4.9968
4.6224
5.0116
5.0851999999999995
4.6144
4.166399999999999
3.952
3.7064
3.9236
4.91
5.4064
5.945600000000001
5.5884
4.8515999999999995
4.754
4.3872
3.6304
4.4172
4.7992
4.8384
