temperature
4.113846153846153
4.293846153846154
4.319999999999999
5.0042307692307695
5.287307692307692
4.473461538461539
4.762307692307692
5.063076923076924
5.114230769230769
4.835384615384616
3.8034615384615384
3.3623076923076924
3.6946153846153846
4.405384615384615
4.362692307692307
4.117692307692308
3.391538461538462
3.793461538461538
4.408076923076923
4.6850000000000005
5.096153846153846
5.114615384615385
5.040384615384616
4.583846153846154
4.3561538461538465
4.116923076923078
4.215769230769231
4.461923076923077
3.959230769230769
3.2676923076923075
3.8176923076923077
4.087307692307692
4.348461538461539
4.725769230769231
4.839230769230769
5.358846153846153
5.184615384615385
4.751153846153846
4.516538461538461
3.8723076923076927
3.8046153846153845
3.972692307692308
3.8123076923076926
3.1496153846153847
2.7796153846153846
3.0234615384615386
3.331538461538462
3.9423076923076925
3.5026923076923078
3.755
3.7565384615384616
3.9134615384615383
4.468076923076923
4.667692307692308
4.049230769230769
3.7326923076923078
4.631538461538462
4.996153846153846
5.368461538461539
5.179230769230769
5.548846153846155
5.281538461538461
5.006538461538461
5.576153846153845
5.838461538461539
5.888076923076923
5.781538461538461
5.668846153846153
6.391923076923077
6.128846153846154
5.9592307692307696
6.060769230769231
5.981538461538462
6.049615384615384
5.751153846153846
6.132692307692308
6.566923076923077
6.091538461538462
6.055000000000001
6.163846153846153
6.154615384615385
7.032307692307692
7.02576923076923
6.921538461538462
6.7700000000000005
6.549230769230769
6.445384615384616
6.472307692307693
6.741153846153846
7.445769230769231
7.003846153846154
6.355769230769231
5.987692307692308
6.0734615384615385
6.201153846153845
6.858461538461539
7.245
6.5576923076923075
6.954615384615384
7.584615384615384
7.718076923076922
7.961538461538462
7.648461538461539
7.643461538461538
8.55076923076923
8.499230769230769
7.953076923076923
8.395
8.345
8.118846153846153
8.926923076923076
9.446923076923078
8.720769230769232
8.613076923076923
8.627307692307692
8.345
9.022692307692308
8.903846153846153
9.231923076923078
9.406153846153845
8.905384615384616
9.509615384615385
9.645
9.563461538461539
10.033846153846154
9.942307692307692
10.259615384615385
10.210384615384616
10.248846153846152
10.678846153846154
10.82346153846154
10.587307692307691
10.636923076923077
10.787692307692309
11.31576923076923
11.008461538461537
10.580769230769231
11.073846153846155
11.591923076923077
11.915000000000001
11.803076923076922
12.437307692307693
12.331153846153846
12.61076923076923
12.509615384615385
12.528076923076924
12.213076923076924
11.974230769230768
12.45923076923077
12.142692307692307
12.634615384615385
13.049615384615386
12.761923076923077
12.788076923076924
12.636538461538462
13.257692307692308
13.176153846153845
13.335384615384616
13.555384615384614
13.543846153846154
13.238846153846152
13.441538461538462
13.220384615384615
13.478846153846153
13.665000000000001
13.860384615384616
14.606538461538461
14.050384615384615
14.180384615384614
14.391153846153847
14.788076923076924
14.478076923076923
14.478846153846153
14.51346153846154
14.804615384615385
14.991153846153846
15.401538461538461
15.100000000000001
15.326153846153847
15.418846153846154
15.660769230769231
15.502692307692307
15.17923076923077
15.905000000000001
16.870384615384616
16.425
16.37846153846154
16.40230769230769
16.90576923076923
16.50307692307692
16.398076923076925
16.563076923076924
16.60076923076923
16.775000000000002
16.818076923076923
16.396153846153847
16.154999999999998
16.088461538461537
16.395769230769233
16.749615384615385
16.691538461538464
16.261153846153846
16.570384615384615
16.461153846153845
16.122692307692308
16.87423076923077
16.910384615384615
17.15230769230769
16.770384615384618
17.24346153846154
17.58653846153846
16.591538461538462
16.561923076923076
17.090769230769233
16.68423076923077
16.564230769230768
16.585384615384616
16.22923076923077
15.856923076923078
16.54153846153846
16.62423076923077
16.206153846153846
16.533846153846152
16.178846153846152
16.408846153846152
16.66
16.66423076923077
16.377692307692307
16.085
16.265
16.723846153846154
16.701538461538462
16.677307692307693
16.002692307692307
15.386538461538462
15.70346153846154
15.804615384615385
15.732692307692307
15.200769230769232
15.476923076923075
15.603076923076923
15.195384615384615
15.100769230769231
15.008076923076922
14.856538461538461
14.48230769230769
14.62076923076923
14.185
14.248846153846156
14.735000000000001
14.815
14.571153846153846
13.915000000000001
13.883846153846154
13.672692307692309
13.290000000000001
13.295
13.406153846153845
13.540384615384616
13.497692307692308
13.768846153846154
13.153846153846153
13.152692307692309
12.98076923076923
13.021923076923077
13.071153846153846
12.862307692307693
12.663846153846153
12.751153846153844
12.465769230769231
12.617307692307692
12.507692307692308
12.487307692307693
11.992692307692307
12.044230769230769
12.02
11.914615384615384
11.380384615384616
11.468461538461538
11.168076923076923
11.515384615384615
11.901923076923076
11.286923076923076
11.198461538461537
11.231923076923078
10.22923076923077
10.27730769230769
10.209999999999999
9.53346153846154
9.866538461538461
10.141923076923076
9.974230769230768
9.885
9.145
9.432307692307692
9.581538461538461
9.705
9.95346153846154
9.590384615384615
9.296538461538463
8.836923076923076
9.181923076923077
9.62346153846154
9.447307692307692
9.35423076923077
9.128846153846153
8.297692307692309
8.051923076923076
7.492307692307692
7.933461538461539
8.73576923076923
8.59
8.228846153846153
8.283076923076923
7.86
7.16423076923077
6.826153846153845
6.55076923076923
6.766923076923077
6.666153846153846
6.947307692307692
6.9265384615384615
6.103461538461539
5.95423076923077
5.961923076923076
6.113846153846154
6.5903846153846155
6.498076923076923
6.298076923076923
5.82923076923077
5.276153846153846
5.060769230769231
5.126153846153846
5.660769230769231
5.953846153846154
6.614230769230769
6.281153846153846
6.083461538461539
5.656538461538461
5.553846153846154
5.800000000000001
4.728846153846154
4.253076923076923
4.743846153846154
4.872307692307692
5.26
5.275769230769232
5.333461538461538
5.622692307692308
5.6038461538461535
5.493076923076923
4.928076923076923
5.3611538461538455
5.772307692307692
5.467307692307693
5.023846153846154
5.332692307692308
5.064615384615385
5.0200000000000005
5.341153846153846
5.061538461538461
5.212307692307693
4.455384615384616
4.028076923076923
4.335384615384616
