pet
0.4585714285714286
0.32142857142857145
0.4107142857142857
0.3614285714285714
0.4207142857142857
0.40285714285714286
0.45071428571428573
0.47000000000000003
0.5085714285714286
0.5157142857142857
0.6028571428571429
0.6335714285714286
0.6107142857142858
0.4521428571428571
0.5507142857142857
0.5085714285714286
0.5185714285714286
0.6621428571428571
0.8421428571428571
0.6785714285714286
0.32357142857142857
0.3492857142857143
0.39571428571428574
0.30428571428571427
0.4207142857142857
0.37285714285714283
0.45692307692307693
0.43615384615384617
0.5469230769230768
0.5246153846153846
0.6361538461538461
0.6407692307692308
0.5969230769230769
0.6569230769230769
0.8392307692307692
0.8423076923076924
0.6546153846153846
0.6476923076923077
0.6584615384615385
0.6576923076923078
0.8269230769230769
1.1492307692307693
0.8915384615384615
0.5376923076923077
0.5292307692307692
0.6853846153846154
0.5476923076923077
0.5961538461538461
0.6499999999999999
0.6353846153846153
0.6592307692307693
0.7346153846153847
0.6615384615384615
0.8046153846153847
0.6292307692307693
0.803076923076923
0.7346153846153847
0.7723076923076924
0.6553846153846153
0.8461538461538461
0.8307692307692308
0.7676923076923077
0.7761538461538462
0.6576923076923078
1.083076923076923
1.2646153846153845
1.1423076923076922
1.1623076923076923
1.2146153846153847
0.9576923076923076
0.8946153846153846
0.7746153846153846
1.0946153846153845
1.2546153846153847
1.4861538461538462
1.5207692307692307
1.0553846153846154
0.9307692307692308
1.0953846153846154
1.0869230769230769
1.1984615384615385
1.3453846153846156
1.3423076923076922
1.276923076923077
1.2999999999999998
1.2715384615384617
1.4661538461538461
1.5007692307692309
1.53
1.7776923076923077
1.9676923076923076
1.9469230769230768
1.8084615384615386
1.623076923076923
1.7876923076923075
1.3369230769230769
1.043076923076923
1.2415384615384615
1.5846153846153848
1.4530769230769232
1.2999999999999998
1.5638461538461537
1.5038461538461538
1.6353846153846154
1.5638461538461539
1.6953846153846155
1.7292307692307693
1.5907692307692307
1.5069230769230768
1.776923076923077
2.163846153846154
2.3007692307692307
2.1607692307692306
2.4723076923076923
2.273076923076923
2.346923076923077
2.5869230769230773
2.3546153846153848
2.066153846153846
2.12
2.36
2.528461538461538
2.423076923076923
2.3853846153846154
2.1953846153846155
2.2015384615384614
2.4353846153846153
2.5838461538461535
2.482307692307692
2.603846153846154
2.636923076923077
2.6984615384615385
2.6546153846153846
2.414615384615385
2.803076923076923
2.709230769230769
2.6438461538461535
2.4815384615384612
2.5923076923076924
2.581538461538462
2.31
2.3253846153846154
2.706153846153846
2.522307692307692
2.5023076923076926
2.7871428571428574
2.8392857142857144
2.387857142857143
2.6557142857142857
2.757857142857143
2.8049999999999997
2.988571428571429
2.6228571428571428
2.608571428571429
2.511428571428571
2.802142857142857
2.7535714285714286
2.682142857142857
2.782857142857143
3.001428571428572
2.8742857142857146
2.7721428571428572
2.505
2.6335714285714285
2.7178571428571425
2.8978571428571427
2.942857142857143
3.0335714285714284
3.2199999999999998
3.156428571428571
2.91
2.5535714285714284
2.667857142857143
2.7471428571428573
2.6042857142857145
2.5928571428571425
2.785
2.5335714285714284
2.9021428571428567
2.9050000000000002
2.8035714285714284
2.857142857142857
2.940714285714286
2.810714285714286
2.755714285714286
2.987142857142857
2.9442857142857144
2.882857142857143
3.087142857142857
2.8657142857142857
3.0471428571428567
2.802142857142857
2.8942857142857146
2.7985714285714285
3.060714285714286
3.1792857142857143
3.0500000000000003
2.805
2.9878571428571425
3.3085714285714287
2.9764285714285714
2.792857142857143
2.8385714285714285
2.9414285714285713
2.9200000000000004
2.934285714285714
3.0357142857142856
3.0385714285714287
3.332857142857143
3.3214285714285716
3.1992857142857143
3.0435714285714286
2.8935714285714282
2.884285714285714
2.8614285714285717
2.858571428571428
3.0785714285714287
3.267857142857143
2.975
2.88
2.9699999999999998
2.96
3.12
2.7542857142857144
2.6685714285714286
2.62
2.525714285714286
2.592142857142857
2.7721428571428572
2.847142857142857
2.567142857142857
2.4564285714285714
2.5092857142857143
2.4635714285714285
2.537142857142857
2.3042857142857143
2.465
2.1492857142857145
1.8900000000000001
1.905
1.9757142857142858
2.132142857142857
2.162857142857143
1.935
2.2078571428571427
1.887142857142857
2.2264285714285714
2.329285714285714
2.3457142857142856
1.9100000000000001
1.8607142857142858
1.815
2.0007142857142854
2.077857142857143
1.8578571428571429
1.7442857142857142
1.5671428571428572
1.5557142857142858
1.4557142857142857
1.5942857142857143
1.83
1.5728571428571427
1.575
1.6721428571428572
1.4957142857142858
1.5971428571428572
1.3292857142857142
1.4121428571428571
1.4728571428571429
1.4428571428571428
1.4214285714285713
1.4964285714285714
1.627857142857143
1.4121428571428571
1.135
1.1364285714285713
0.9978571428571429
1.1542857142857144
1.1642857142857144
1.155
1.3671428571428572
1.2185714285714284
1.2435714285714285
1.2107142857142856
1.195
1.2564285714285715
1.2650000000000001
1.1757142857142857
1.115
0.7842857142857144
0.7692857142857142
0.8242857142857142
0.8150000000000001
1.0157142857142858
0.8521428571428571
0.9171428571428571
1.04
1.0178571428571428
0.8935714285714286
0.9228571428571428
0.915
0.9064285714285714
0.7807142857142857
0.67
0.6592857142857144
0.795
0.6478571428571429
0.6364285714285715
0.74
0.63
0.7614285714285715
0.71
0.515
0.53
0.555
0.4521428571428571
0.46
0.4178571428571428
0.5721428571428572
0.4107142857142857
0.42928571428571427
0.38357142857142856
0.36500000000000005
0.305
0.3164285714285714
0.20428571428571426
0.3735714285714286
0.5157142857142857
0.4785714285714286
0.5314285714285715
0.6192857142857143
0.5821428571428572
0.5578571428571429
0.6442857142857142
0.57
0.6421428571428571
0.48928571428571427
0.48999999999999994
0.4835714285714286
0.535
0.34785714285714286
0.4135714285714286
0.34214285714285714
0.32500000000000007
0.35642857142857143
0.5142857142857143
0.4628571428571429
0.3964285714285714
0.2571428571428572
0.3242857142857143
0.21428571428571427
0.2507142857142857
0.21285714285714286
0.27785714285714286
0.37928571428571434
0.49142857142857144
0.6178571428571429
0.7028571428571428
0.40499999999999997
0.3321428571428572
0.32642857142857146
0.18642857142857142
0.3107142857142858
0.36714285714285716
0.4064285714285714
