pet
0.48200000000000004
0.46
0.424
0.40199999999999997
0.434
0.4252
0.6164000000000001
0.4664
0.4684
0.552
0.6028
0.5436
0.4924
0.4824
0.5844
0.5344
0.41
0.5332
0.6404000000000001
0.48279999999999995
0.3632
0.442
0.446
0.4968
0.5708
0.5344
0.6275999999999999
0.6972
0.6008
0.5760000000000001
0.7168000000000001
0.7232
0.7112
0.6568
0.7512000000000001
0.7415999999999999
0.5348
0.642
0.7164
0.5484
0.508
0.6512
0.7008
0.57
0.7071999999999999
0.8271999999999999
0.7223999999999999
0.8220000000000001
0.752
0.8256
0.8832
0.9668000000000001
0.9152
0.9484
0.8104
0.9248000000000001
0.8244
0.7608
0.7272
0.72
0.838
0.7264
0.6312
0.7792
0.9864
1.1268
1.1336
1.3268
1.2908
1.2324
1.074
1.0264
1.3624
1.4772
1.4544
1.4504
1.2207999999999999
1.3212000000000002
1.2792000000000001
1.3363999999999998
1.2804
1.3663999999999998
1.4447999999999999
1.4747999999999999
1.494
1.444
1.6288
1.6696
1.796
1.806
1.6824000000000001
1.6912
1.8356000000000001
1.7076
1.8148
1.744
1.4724000000000002
1.7488
1.7992
1.6516
1.7844
1.7104
1.876
1.9447999999999999
1.9528
1.8903999999999999
2.0103999999999997
1.8832
1.85
2.1644
2.4192
2.5144
2.372
2.5336
2.3804
2.1328
2.1452
2.1316
2.1036
2.2528
2.3672
2.396
2.4992
2.5408
2.6492
2.55
2.8788
2.8007999999999997
2.9052
3.0115999999999996
2.6864
2.6848
2.6784
2.594
2.9203999999999994
2.8768000000000002
2.7568
2.8216
2.9208
2.8407999999999998
2.9951999999999996
2.9208
2.9924
2.8968000000000003
3.0232
3.0104
3.1271999999999998
3.0624000000000002
3.0012
2.9960000000000004
3.1556
3.4019999999999997
3.09
2.8
2.6660000000000004
2.7424
2.6036
2.7083999999999997
2.7968
2.9504
2.8348
2.78
2.714
2.82
2.8664
2.8960000000000004
3.193076923076923
3.1073076923076925
3.1723076923076925
2.990769230769231
2.886923076923077
2.8207692307692307
2.870769230769231
3.0142307692307693
2.9273076923076924
2.987692307692307
3.2173076923076924
2.9165384615384613
2.9765384615384614
3.075
2.9657692307692307
3.1115384615384616
3.1769230769230767
3.105769230769231
3.026923076923077
3.230384615384615
3.085
3.0734615384615385
3.082692307692308
3.1115384615384616
3.0953846153846154
2.9996153846153844
2.9269230769230767
2.700384615384616
2.9403846153846156
3.085384615384615
3.1173076923076923
3.1319230769230773
3.4492307692307693
3.3884615384615384
3.063076923076923
2.8273076923076923
3.0757692307692306
3.2007692307692306
2.9861538461538464
3.246153846153846
3.0330769230769232
3.051153846153846
2.943076923076923
2.9257692307692307
2.793846153846154
2.819230769230769
2.923461538461538
2.9476923076923076
2.968461538461539
2.8303846153846157
2.738076923076923
2.863846153846154
2.7253846153846153
2.8865384615384615
2.8400000000000003
2.6142307692307694
2.927692307692308
2.736923076923077
2.7465384615384614
2.7211538461538463
2.437307692307692
2.5176923076923075
2.443846153846154
2.4553846153846153
2.4749999999999996
2.426153846153846
2.4080769230769232
2.552692307692308
2.396923076923077
2.1215384615384614
2.3253846153846154
2.0676923076923077
2.0834615384615387
2.001153846153846
1.8603846153846153
1.9692307692307693
1.8515384615384616
1.886923076923077
2.306153846153846
2.0576923076923075
2.231153846153846
2.227307692307692
2.0715384615384616
2.0346153846153845
2.0803846153846153
1.9915384615384615
2.1596153846153845
2.0146153846153845
1.883846153846154
1.775
1.6607692307692308
1.7584615384615385
1.5680769230769231
1.6007692307692307
1.6492307692307693
1.6834615384615386
1.6146153846153848
1.6553846153846155
1.5965384615384615
1.5438461538461539
1.4576923076923076
1.5184615384615383
1.438076923076923
1.4657692307692307
1.603846153846154
1.4753846153846153
1.6292307692307693
1.4396
1.358
1.2087999999999999
1.2392
1.3263999999999998
1.1132
1.1848
1.3944
1.2056
1.328
1.15
1.1512
1.1828
1.0695999999999999
1.0096
1.054
0.8604
0.9684
0.9244
0.9064
0.9956
0.8952
0.9571999999999999
1.0408
0.9936
0.9304000000000001
1.0424
0.946
0.8996
1.0504
0.9148000000000001
0.8295999999999999
0.804
0.6636
0.6472
0.7036
0.618
0.5748000000000001
0.6244
0.6388
0.7020000000000001
0.6792
0.6764
0.618
0.6083999999999999
0.7424000000000001
0.5328
0.5964
0.5836
0.508
0.46
0.4976
0.38520000000000004
0.4288
0.43320000000000003
0.41
0.5592
0.542
0.5292
0.4892
0.5068
0.4388
0.44880000000000003
0.3392
0.3664
0.5672
0.5788
0.49119999999999997
0.4868
0.406
0.42719999999999997
0.34119999999999995
0.45
0.3812
0.44799999999999995
0.41759999999999997
0.4288
0.3176
0.33640000000000003
0.31679999999999997
0.4172
0.5744
0.5871999999999999
0.6692
0.62
0.4988
0.46880000000000005
0.45
0.35359999999999997
0.5224
0.6004
0.6204
