temperature
4.6476
4.4144
3.9024
3.9592
4.072
4.1032
4.9156
4.4664
4.2928
5.0207999999999995
5.0884
5.166399999999999
4.7444
4.5488
5.0028
4.5924000000000005
4.0808
4.6596
4.8427999999999995
3.8924000000000003
3.8404000000000003
3.9904
3.8892
4.0928
4.6476
4.4824
4.8148
4.940799999999999
4.5016
4.1072
4.6776
4.8052
4.6372
4.676
5.2604
5.010800000000001
4.0872
4.4584
4.4832
3.8196
3.8216
4.518
4.957199999999999
4.3236
4.9628
5.3796
4.8388
5.2528
4.9684
5.23
5.6316
5.950399999999999
5.642799999999999
5.757999999999999
5.2063999999999995
5.7024
5.18
4.7992
4.3751999999999995
4.3004
4.5392
4.4216
4.1216
4.6208
5.3044
5.9563999999999995
6.1344
7.010800000000001
6.7472
6.4803999999999995
5.9172
5.6108
7.0312
7.4272
7.3104
7.1852
6.199199999999999
6.7956
6.482
6.7048000000000005
6.516
6.8404
7.1588
7.2268
7.276
7.0504
7.6876
7.8264
8.2
8.2624
7.684
7.7416
8.2108
7.7124
8.1424
7.8696
6.929600000000001
7.7992
7.8864
7.4796000000000005
7.9672
7.7076
8.182
8.3588
8.4152
8.254
8.6524
8.2592
8.2592
9.3276
10.1112
10.4812
10.079600000000001
10.618
10.1072
9.326
9.4004
9.3496
9.2624
9.716800000000001
9.9072
9.933200000000001
10.3016
10.4252
10.738
10.485199999999999
11.5172
11.3936
11.692
12.050799999999999
11.172
11.214
11.3052
11.0456
12.0276
11.859200000000001
11.612
11.9424
12.248
12.1064
12.5668
12.368799999999998
12.6788
12.460799999999999
12.832799999999999
12.8248
13.1304
13.0636
12.9192
13.0328
13.5824
15.013600000000002
14.4004
13.626
13.293199999999999
13.6044
13.2344
13.6164
13.931199999999999
14.449200000000001
14.1648
13.962
13.868
14.3056
14.395999999999999
14.585999999999999
15.474615384615383
15.24
15.452692307692306
14.943846153846154
14.733846153846153
14.600000000000001
14.835384615384616
15.320384615384615
15.127307692307692
15.251153846153844
16.026153846153846
15.196538461538463
15.43846153846154
15.778846153846153
15.524615384615384
15.926538461538463
16.15
15.981153846153846
15.798846153846153
16.39076923076923
16.034230769230767
16.071153846153848
16.141538461538463
16.254615384615384
16.245
16.050384615384615
15.893461538461539
15.213461538461539
16.02846153846154
16.441538461538464
16.590384615384615
16.69923076923077
17.64076923076923
17.509999999999998
16.63423076923077
16.030384615384616
16.811923076923076
17.199615384615385
16.58
17.35653846153846
16.839615384615385
16.963846153846156
16.68846153846154
16.697692307692307
16.359615384615385
16.490000000000002
16.911153846153844
17.053076923076922
17.12923076923077
16.79692307692308
16.545384615384616
16.962307692307693
16.59
17.069615384615386
16.998846153846156
16.360384615384614
17.35
16.85884615384615
16.928846153846152
16.868076923076924
16.02730769230769
16.298076923076923
16.13307692307692
16.162307692307692
16.200384615384614
16.12423076923077
16.095384615384617
16.576538461538462
16.14923076923077
15.29653846153846
15.923461538461538
15.135384615384615
15.224230769230768
15.005384615384616
14.534230769230769
14.774999999999999
14.389999999999999
14.427692307692308
15.757692307692308
15.029615384615385
15.502692307692307
15.560384615384615
14.978076923076923
14.832307692307692
15.00423076923077
14.725384615384616
15.304615384615385
14.854615384615386
14.416538461538462
14.071538461538463
13.74923076923077
14.075769230769232
13.353461538461538
13.523076923076925
13.763846153846155
13.808076923076923
13.55923076923077
13.67
13.405384615384616
13.178846153846154
12.796923076923076
13.16576923076923
12.796153846153846
12.851923076923075
13.200384615384614
12.959615384615384
13.478076923076923
12.533199999999999
11.863199999999999
11.599200000000002
11.464400000000001
12.105599999999999
11.174000000000001
11.442
12.15
11.570799999999998
11.845999999999998
11.2084
11.172
11.1488
10.808
10.6924
10.671600000000002
9.8576
10.2376
9.9524
9.8072
10.246400000000001
9.8132
9.788400000000001
9.9892
10.063600000000001
9.616
9.9828
9.3796
9.074
9.7772
9.4984
8.974
8.9328
8.1948
8.058
8.2748
7.944400000000001
7.7896
7.6175999999999995
7.5436000000000005
8.258
8.0476
7.9068
7.5576
7.3636
7.916
6.9572
7.17
6.755199999999999
6.454
6.2104
5.916
5.4315999999999995
5.5948
6.0588
5.7504
6.386
6.079199999999999
5.9392
5.5576
5.389600000000001
5.0524000000000004
4.9044
4.8796
4.9988
5.8591999999999995
5.556799999999999
5.416799999999999
5.333200000000001
5.1876
5.135599999999999
4.438
4.857200000000001
4.6376
5.0668
5.1739999999999995
4.7172
3.9627999999999997
3.8324000000000003
3.7352
4.0064
5.022
5.2428
5.8852
5.6352
4.7972
4.7216000000000005
4.4216
3.7976
4.3984000000000005
4.7748
4.8964
