pet
0.41923076923076924
0.44423076923076926
0.3792307692307692
0.3869230769230769
0.56
0.40692307692307694
0.39961538461538465
0.4380769230769231
0.5688461538461538
0.5853846153846154
0.40384615384615385
0.39
0.4115384615384616
0.5153846153846154
0.5111538461538461
0.445
0.2665384615384615
0.31
0.38961538461538464
0.4107692307692308
0.595
0.578076923076923
0.5653846153846154
0.5103846153846153
0.5507692307692308
0.48846153846153845
0.5492307692307692
0.5038461538461538
0.5307692307692308
0.44
0.5157692307692308
0.5096153846153846
0.4846153846153846
0.5965384615384616
0.6011538461538461
0.765
0.8161538461538461
0.6857692307692308
0.5934615384615385
0.5423076923076923
0.5442307692307693
0.5503846153846154
0.5107692307692308
0.40692307692307694
0.39692307692307693
0.42615384615384616
0.4153846153846154
0.5549999999999999
0.546923076923077
0.5107692307692308
0.6026923076923076
0.6138461538461539
0.5946153846153847
0.7430769230769231
0.6776923076923077
0.6380769230769231
0.6499999999999999
0.7330769230769231
0.7984615384615386
0.8123076923076924
0.95
0.8353846153846154
0.7992307692307693
0.8865384615384616
0.9915384615384616
0.99
1.0003846153846154
0.9515384615384614
1.1734615384615386
1.0976923076923077
1.1019230769230768
1.0165384615384616
1.0384615384615385
1.0299999999999998
1.1373076923076924
1.2234615384615384
1.2888461538461538
1.0984615384615384
1.1246153846153846
1.1400000000000001
1.1311538461538462
1.3273076923076923
1.3911538461538462
1.2946153846153845
1.2853846153846153
1.21
1.320769230769231
1.298846153846154
1.3373076923076925
1.5896153846153847
1.5538461538461539
1.4619230769230769
1.3253846153846154
1.26
1.3699999999999999
1.4519230769230769
1.57
1.3665384615384615
1.4826923076923075
1.7996153846153846
1.6553846153846155
1.804230769230769
1.6538461538461537
1.6700000000000002
1.8934615384615383
1.9530769230769232
1.7842307692307693
1.7650000000000001
1.9073076923076921
1.8396153846153847
2.020769230769231
2.2507692307692304
1.9280769230769232
1.861923076923077
1.8876923076923076
1.8884615384615384
1.8888461538461538
1.901923076923077
1.9503846153846154
2.0834615384615387
2.0296153846153846
2.232307692307692
2.0946153846153845
2.1234615384615383
2.2361538461538464
2.266153846153846
2.401153846153846
2.3469230769230767
2.417692307692308
2.4288461538461537
2.379230769230769
2.4734615384615384
2.394230769230769
2.3392307692307694
2.566923076923077
2.5265384615384616
2.3246153846153845
2.460769230769231
2.588846153846154
2.677692307692308
2.4423076923076925
2.668846153846154
2.608076923076923
2.786923076923077
2.668846153846154
2.7284615384615383
2.6303846153846155
2.4296153846153845
2.7173076923076924
2.6457692307692304
2.769230769230769
2.724615384615385
2.534615384615385
2.477692307692308
2.5046153846153847
2.55
2.5561538461538458
2.626923076923077
2.602692307692308
2.5665384615384617
2.474615384615385
2.441153846153846
2.3834615384615385
2.601923076923077
2.5442307692307695
2.4446153846153846
2.675
2.418846153846154
2.5746153846153845
2.648076923076923
2.5942307692307693
2.5446153846153843
2.491153846153846
2.5303846153846155
2.608461538461538
2.5592307692307696
2.8007692307692307
2.6953846153846155
2.6546153846153846
2.6149999999999998
2.803846153846154
2.8157692307692304
2.710384615384615
2.7315384615384612
3.02
2.911153846153846
2.9376923076923074
2.9996153846153844
3.1242307692307696
2.916923076923077
2.823846153846154
2.9076923076923076
2.8969230769230765
3.001153846153846
2.9903846153846154
2.8007692307692307
2.69
2.6434615384615388
2.6396153846153845
2.8
2.8446153846153845
2.7849999999999997
2.766923076923077
2.726153846153846
2.6284615384615386
2.769230769230769
2.7849999999999997
2.852692307692308
2.8288461538461536
2.956153846153846
2.994230769230769
2.8115384615384613
2.6603846153846153
2.7634615384615384
2.8076923076923075
2.730769230769231
2.5596153846153844
2.6103846153846155
2.5157692307692305
2.693076923076923
2.6196153846153845
2.512307692307693
2.5676923076923077
2.5084615384615385
2.5657692307692304
2.706538461538462
2.6603846153846153
2.527307692307692
2.418076923076923
2.418846153846154
2.6134615384615385
2.576923076923077
2.600769230769231
2.3065384615384614
2.113076923076923
2.1273076923076926
2.226923076923077
2.183076923076923
2.055
2.1388461538461536
2.1096153846153847
2.023846153846154
1.9307692307692308
2.0415384615384613
1.9623076923076925
1.8919230769230768
1.9042307692307692
1.8573076923076923
1.7734615384615384
1.9015384615384614
1.963076923076923
1.9288461538461539
1.691923076923077
1.6334615384615385
1.5638461538461537
1.4357692307692307
1.5053846153846153
1.5726923076923076
1.585
1.5576923076923077
1.59
1.4030769230769229
1.418076923076923
1.4884615384615385
1.4165384615384615
1.4746153846153847
1.3634615384615385
1.3226923076923076
1.4226923076923077
1.283076923076923
1.3284615384615384
1.433076923076923
1.2773076923076923
1.2434615384615384
1.2796153846153848
1.2430769230769232
1.19
1.126923076923077
1.113076923076923
0.9703846153846154
1.1888461538461539
1.2857692307692308
1.2303846153846154
1.1742307692307692
1.2049999999999998
0.9588461538461538
0.8938461538461537
0.8838461538461538
0.75
0.8896153846153846
0.8823076923076923
0.8876923076923077
0.8346153846153845
0.7242307692307693
0.7315384615384615
0.7896153846153846
0.7899999999999999
0.8742307692307693
0.7861538461538461
0.8084615384615385
0.6888461538461539
0.77
0.8457692307692307
0.8130769230769231
0.8357692307692308
0.8888461538461538
0.7180769230769232
0.6734615384615386
0.5861538461538461
0.5426923076923077
0.7834615384615385
0.7846153846153847
0.6992307692307692
0.755
0.5888461538461539
0.48384615384615387
0.5261538461538462
0.4969230769230769
0.5038461538461538
0.4473076923076923
0.5342307692307693
0.5661538461538462
0.38461538461538464
0.37576923076923074
0.4730769230769231
0.5134615384615384
0.5884615384615385
0.4880769230769231
0.5192307692307693
0.44153846153846155
0.4015384615384615
0.335
0.30615384615384617
0.46115384615384614
0.5119230769230769
0.64
0.5353846153846153
0.48923076923076925
0.40923076923076923
0.37
0.40807692307692306
0.3796153846153846
0.31346153846153846
0.3646153846153846
0.3511538461538461
0.41884615384615387
0.36230769230769233
0.4026923076923076
0.3961538461538462
0.38038461538461543
0.4246153846153847
0.40230769230769237
0.4403846153846154
0.505
0.5138461538461538
0.48923076923076925
0.5076923076923077
0.4884615384615385
0.4773076923076923
0.5119230769230769
0.5711538461538461
0.6084615384615384
0.46499999999999997
0.36730769230769234
0.3923076923076923
