temperature
3.5605882352941176
3.4576470588235293
2.9741176470588235
2.911764705882353
2.9223529411764706
3.1029411764705883
3.718235294117647
3.43
3.088235294117647
4.077058823529412
3.927647058823529
4.041764705882353
3.364117647058823
2.973529411764706
3.5905882352941174
3.201764705882353
2.9011764705882355
3.5294117647058822
3.192941176470588
2.5029411764705882
2.4394117647058824
2.9752941176470586
2.7258823529411766
3.2641176470588236
3.914117647058823
3.7835294117647056
3.7141176470588237
3.7794117647058822
2.7905882352941176
2.1776470588235295
2.6805882352941177
2.7858823529411763
2.0988235294117645
2.478235294117647
3.2158823529411764
2.95
2.28
2.5823529411764703
2.4929411764705884
2.3064705882352943
1.671764705882353
1.9123529411764704
3.1070588235294117
3.241764705882353
3.9770588235294118
4.662941176470588
4.43
4.277647058823529
3.9611764705882355
4.26235294117647
4.4552941176470595
4.918823529411765
4.711176470588235
4.969411764705883
4.432941176470588
4.889411764705883
4.000588235294118
3.631764705882353
3.37
2.8770588235294117
3.1988235294117646
2.621176470588235
2.9141176470588235
3.2005882352941173
3.3570588235294117
3.762941176470588
4.344705882352941
5.1788235294117655
4.746470588235294
5.027058823529412
4.604117647058823
4.6129411764705885
5.21
5.590588235294117
5.061764705882353
4.4411764705882355
5.070588235294117
5.2570588235294125
4.381764705882353
4.901764705882353
4.858235294117647
4.715294117647058
5.375294117647059
6.264117647058823
6.345294117647059
5.871764705882352
5.912941176470588
5.9282352941176475
6.53
5.745294117647059
5.514117647058823
5.680588235294117
6.094705882352941
5.949411764705882
6.513529411764706
6.76
5.901764705882353
6.725882352941177
7.0464705882352945
6.722352941176471
6.485882352941177
6.622941176470588
7.177058823529412
7.107647058823529
7.527058823529412
7.530588235294118
7.526470588235294
7.450588235294117
7.46235294117647
8.43235294117647
8.682941176470589
9.406470588235294
9.365294117647059
8.805294117647058
7.827058823529412
7.542941176470587
7.461764705882352
7.278235294117647
7.234117647058824
7.831764705882352
7.93470588235294
7.687058823529412
8.500588235294117
9.122352941176471
9.558235294117647
9.362941176470589
10.161764705882353
9.84470588235294
10.158235294117647
10.324117647058824
9.84470588235294
9.251176470588236
9.367647058823529
9.071176470588236
9.73235294117647
9.925882352941176
10.191764705882353
10.468823529411765
10.350588235294119
10.436470588235293
11.531764705882352
11.018823529411764
11.34470588235294
11.178823529411764
11.503529411764706
11.443529411764706
11.409411764705883
10.897647058823528
11.425294117647057
11.707647058823529
12.483529411764707
12.987647058823528
12.808235294117647
12.437058823529412
11.557647058823528
11.365294117647059
11.61
12.441176470588236
12.514117647058825
12.62
13.365294117647059
12.878823529411765
12.574117647058824
12.120555555555557
11.68611111111111
12.287777777777778
13.976666666666667
13.852222222222222
13.449444444444445
13.085
12.931111111111111
12.964444444444446
13.427777777777777
13.703888888888889
13.76388888888889
13.564444444444444
14.277222222222223
14.351666666666667
13.949444444444445
14.331666666666669
14.437222222222223
14.907222222222222
14.74111111111111
14.22777777777778
14.610555555555557
14.899444444444445
14.536666666666665
14.114444444444445
14.04611111111111
14.636111111111111
14.913333333333334
15.044444444444444
14.357222222222223
14.16
14.11111111111111
14.690000000000001
15.163888888888888
15.674444444444443
16.28388888888889
16.33888888888889
15.062222222222223
14.390555555555554
15.261111111111111
15.717222222222224
15.458333333333334
16.168888888888887
15.559444444444445
15.162777777777778
14.393333333333333
14.181666666666665
14.054444444444444
14.62611111111111
15.304444444444446
15.086111111111112
15.365555555555554
14.770555555555555
14.799444444444443
14.25888888888889
14.19111111111111
14.533333333333335
14.523333333333333
14.311111111111112
15.03111111111111
14.596111111111112
14.899999999999999
15.096111111111112
14.192222222222222
14.453333333333335
14.204444444444444
14.455
14.577222222222222
14.777222222222223
14.913333333333334
14.908888888888889
14.574444444444444
13.857222222222223
13.990555555555556
13.518333333333334
13.799444444444443
13.72888888888889
12.865
13.131111111111112
12.997777777777777
13.332777777777778
14.06111111111111
13.49
13.727222222222222
13.758333333333333
12.905555555555557
13.378333333333334
13.684444444444445
13.467222222222222
13.553333333333335
13.338333333333333
12.776111111111112
12.639444444444443
12.216666666666667
12.207777777777778
11.774444444444445
11.15388888888889
11.65611111111111
12.149999999999999
12.096666666666668
12.354444444444445
12.336666666666666
11.523888888888889
11.123888888888889
11.67611111111111
10.978333333333332
11.077222222222224
11.605555555555556
11.127222222222223
11.555
10.340588235294117
10.24235294117647
10.367058823529412
9.631764705882354
10.398235294117647
9.976470588235294
10.381176470588235
10.679411764705883
9.954117647058823
10.741176470588234
10.16294117647059
10.354117647058825
10.231176470588236
9.336470588235294
9.638823529411766
9.406470588235294
8.914705882352942
9.217058823529412
9.086470588235294
9.114117647058823
9.23294117647059
8.73294117647059
8.888823529411766
8.99764705882353
8.538823529411765
8.709999999999999
9.238235294117647
8.161176470588236
7.6111764705882345
8.67
8.768235294117646
8.073529411764707
7.6770588235294115
7.114117647058824
6.748823529411765
6.298235294117648
6.518235294117647
6.596470588235294
6.182941176470588
6.37235294117647
6.823529411764706
6.665882352941176
6.615294117647059
6.7441176470588236
6.772352941176471
7.533529411764706
6.406470588235294
6.12235294117647
5.580588235294118
5.452941176470588
5.272941176470589
4.982352941176471
4.456470588235294
4.302941176470589
4.603529411764706
4.119411764705882
4.552941176470589
4.402352941176471
3.836470588235294
3.697058823529412
3.4541176470588235
3.581764705882353
3.7800000000000002
3.5164705882352942
3.8617647058823534
4.221764705882353
4.08
4.069411764705882
3.9441176470588233
4.038235294117648
4.251764705882353
3.3676470588235294
3.3458823529411763
3.311176470588235
3.682352941176471
4.154117647058824
3.5058823529411764
3.367058823529412
3.555294117647059
4.149411764705882
3.9552941176470586
4.171176470588235
4.983529411764706
4.667058823529412
3.7835294117647056
3.6482352941176472
3.916470588235294
3.7105882352941175
3.3652941176470588
4.124705882352941
4.680588235294118
4.629411764705883
