pet
0.336
0.36920000000000003
0.3036
0.3028
0.35240000000000005
0.4704
0.47159999999999996
0.3232
0.33
0.41840000000000005
0.4276
0.4004
0.3516
0.36479999999999996
0.44920000000000004
0.35479999999999995
0.3292
0.3996
0.33759999999999996
0.27240000000000003
0.3804
0.442
0.4012
0.4636
0.4068
0.4828
0.44480000000000003
0.44239999999999996
0.316
0.37920000000000004
0.5436
0.5028
0.5132
0.4736
0.4892
0.3924
0.35
0.4156
0.47240000000000004
0.3644
0.3604
0.4424
0.5136
0.4672
0.6092
0.6928
0.5984
0.5344
0.5448000000000001
0.6859999999999999
0.6015999999999999
0.6748000000000001
0.642
0.6584
0.5636
0.7212000000000001
0.5920000000000001
0.5556
0.506
0.5088
0.5496
0.48200000000000004
0.47119999999999995
0.5588000000000001
0.7056
0.8068
0.8692
0.8223999999999999
0.8423999999999999
0.7956
0.7508
0.938
1.0595999999999999
1.1208
1.0656
1.1304
0.9743999999999999
1.0979999999999999
1.038
1.1603999999999999
1.0948
1.0916
1.1420000000000001
1.2052
1.2612
1.3448
1.2616
1.3732
1.3248
1.426
1.2572
1.4535999999999998
1.3788
1.3907999999999998
1.4988
1.4024
1.2492
1.4948
1.5788
1.4572
1.456
1.4112
1.546
1.6480000000000001
1.666
1.5744
1.5972
1.598
1.7952
1.9672
2.2048
2.2704
2.1632
2.1868
1.9747999999999999
1.7064
1.7396
1.8228
1.86
1.8316
1.9447999999999999
2.116
2.1584
2.3668
2.2548
2.3004
2.5276
2.448
2.502
2.558
2.4056
2.4224
2.4276
2.3868
2.5512
2.4456
2.4536
2.2963999999999998
2.6004
2.4436
2.4215999999999998
2.3804
2.4068
2.4672
2.5368
2.6132
2.5068
2.5572
2.588
2.5795999999999997
2.842
2.8257692307692306
2.6484615384615386
2.4107692307692306
2.305769230769231
2.285
2.3834615384615385
2.5115384615384615
2.398846153846154
2.4846153846153842
2.505769230769231
2.1788461538461537
2.2123076923076925
2.0815384615384613
2.1530769230769233
2.2342307692307695
2.3834615384615385
2.5100000000000002
2.4007692307692308
2.2169230769230768
2.3726923076923074
2.1550000000000002
2.269230769230769
2.341153846153846
2.181153846153846
2.3003846153846155
2.44
2.3334615384615387
2.367692307692308
2.3723076923076922
2.3023076923076924
2.392692307692308
2.375
2.431153846153846
2.332692307692308
2.255
2.2946153846153843
2.2165384615384616
2.2815384615384615
2.348846153846154
2.3976923076923073
2.330769230769231
2.0969230769230767
2.082307692307692
2.208076923076923
2.2165384615384616
2.338461538461538
2.286538461538462
2.5126923076923076
2.4492307692307693
2.32
2.193846153846154
2.5323076923076924
2.4565384615384613
2.3646153846153846
2.3653846153846154
2.313076923076923
2.211923076923077
2.098076923076923
2.0719230769230768
2.06
2.141923076923077
2.2396153846153846
2.2396153846153846
2.230769230769231
2.113076923076923
2.181153846153846
2.0803846153846157
1.9065384615384615
2.096923076923077
2.1165384615384615
1.9807692307692308
1.9188461538461539
2.0023076923076926
2.1392307692307693
2.0538461538461537
1.8503846153846153
1.9007692307692308
1.7953846153846154
1.7234615384615386
1.7865384615384616
1.7780769230769233
1.7153846153846155
1.7292307692307693
1.7096153846153848
1.5784615384615384
1.683076923076923
1.5126923076923076
1.555
1.488846153846154
1.3634615384615385
1.4146153846153846
1.5261538461538462
1.5184615384615383
1.738846153846154
1.6376923076923076
1.708076923076923
1.6961538461538461
1.4534615384615384
1.4876923076923076
1.5992307692307692
1.3996153846153847
1.5423076923076924
1.4861538461538462
1.2984615384615383
1.3076923076923077
1.1403846153846153
1.1796153846153847
1.1084615384615384
1.0707692307692307
1.2011538461538462
1.1961538461538461
1.2984615384615383
1.3488461538461538
1.22
1.035
1.116153846153846
1.1053846153846154
1.1015384615384616
1.036923076923077
1.23
1.1303846153846153
1.1400000000000001
1.0256
1.0036
0.8884000000000001
0.8636
0.8972
0.8371999999999999
0.9496000000000001
1.0
0.9396000000000001
0.9312
0.8096
0.8068000000000001
0.858
0.8576
0.7040000000000001
0.8216
0.7576
0.7352
0.7384000000000001
0.6728000000000001
0.7784
0.7292000000000001
0.736
0.7856000000000001
0.65
0.746
0.84
0.6172
0.636
0.7884
0.72
0.5936
0.53
0.48960000000000004
0.5164
0.4852
0.4904
0.5164
0.4312
0.4028
0.524
0.4888
0.43079999999999996
0.39520000000000005
0.5104
0.5848
0.43200000000000005
0.44880000000000003
0.486
0.4172
0.39280000000000004
0.3848
0.2164
0.35479999999999995
0.3652
0.31120000000000003
0.43479999999999996
0.374
0.3436
0.35519999999999996
0.384
0.3012
0.342
0.2108
0.3196
0.39039999999999997
0.41119999999999995
0.42119999999999996
0.366
0.44880000000000003
0.42200000000000004
0.27440000000000003
0.32839999999999997
0.32
0.33399999999999996
0.30760000000000004
0.3752
0.31679999999999997
0.30920000000000003
0.3348
0.3232
0.44
0.4416
0.5536
0.4092
0.3144
0.316
0.3132
0.2852
0.41240000000000004
0.45160000000000006
0.4912
