pet
0.37153846153846154
0.3515384615384616
0.2753846153846154
0.4088461538461538
0.5196153846153846
0.3796153846153846
0.42923076923076925
0.48307692307692307
0.4919230769230769
0.5442307692307693
0.47923076923076924
0.41423076923076924
0.46192307692307694
0.4957692307692308
0.48384615384615387
0.38769230769230767
0.3515384615384616
0.4180769230769231
0.42461538461538456
0.45423076923076927
0.5434615384615384
0.4115384615384615
0.44461538461538463
0.4646153846153846
0.3569230769230769
0.3603846153846154
0.32076923076923075
0.39653846153846156
0.4692307692307693
0.4357692307692308
0.47961538461538455
0.47961538461538467
0.5642307692307692
0.5961538461538461
0.61
0.7153846153846154
0.6338461538461538
0.5261538461538462
0.48653846153846153
0.5126923076923077
0.39192307692307693
0.40923076923076923
0.40884615384615386
0.3680769230769231
0.39653846153846156
0.36961538461538457
0.3619230769230769
0.44307692307692303
0.4507692307692308
0.4392307692307692
0.48615384615384616
0.5196153846153846
0.5976923076923077
0.6457692307692308
0.6215384615384616
0.5846153846153846
0.595
0.7096153846153845
0.6246153846153846
0.6838461538461539
0.7457692307692307
0.7392307692307691
0.8061538461538462
0.9357692307692307
0.9592307692307693
1.0326923076923078
0.9142307692307692
0.9192307692307692
1.0226923076923078
1.0165384615384616
1.018076923076923
0.9423076923076923
0.7746153846153846
0.8046153846153847
0.8588461538461539
0.9461538461538462
0.8907692307692308
0.8888461538461538
0.8423076923076922
0.8384615384615385
0.9273076923076923
1.0073076923076922
1.0192307692307692
0.9749999999999999
1.0246153846153847
1.0473076923076923
1.0046153846153847
1.1596153846153845
1.2307692307692308
1.3334615384615385
1.3180769230769231
1.031153846153846
1.0796153846153846
1.2084615384615385
1.2538461538461538
1.283076923076923
1.29
1.1323076923076922
1.3246153846153845
1.6165384615384615
1.6180769230769232
1.6003846153846153
1.4184615384615387
1.6173076923076921
1.7792307692307692
1.791923076923077
1.708846153846154
1.9053846153846155
1.7538461538461538
1.712307692307692
1.833076923076923
1.9853846153846153
1.8980769230769232
1.933846153846154
1.7857692307692308
1.9057692307692307
1.8615384615384616
1.823846153846154
1.865
1.8657692307692306
1.9719230769230767
2.078076923076923
2.2553846153846155
2.2946153846153843
2.1576923076923076
2.4123076923076923
2.4484615384615385
2.250384615384615
2.2234615384615384
2.3453846153846154
2.4315384615384614
2.5065384615384616
2.3734615384615383
2.4288461538461537
2.491153846153846
2.2796153846153846
2.539615384615385
2.3176923076923077
2.5319230769230767
2.7523076923076926
2.7826923076923076
2.7800000000000002
2.803076923076923
2.939230769230769
2.868846153846154
2.7223076923076923
2.63
2.5326923076923076
2.6315384615384616
2.6515384615384616
2.7757692307692308
2.7611538461538463
2.5349999999999997
2.5153846153846158
2.4423076923076925
2.5100000000000002
2.483076923076923
2.413076923076923
2.521153846153846
2.4965384615384614
2.4669230769230768
2.3646153846153846
2.3153846153846156
2.2011538461538462
2.2419230769230767
2.460384615384615
2.5488461538461538
2.4292307692307693
2.456153846153846
2.5911538461538464
2.404230769230769
2.4292307692307693
2.4692307692307693
2.381153846153846
2.4476923076923076
2.426153846153846
2.476923076923077
2.37
2.48
2.537692307692308
2.6923076923076925
2.4596153846153848
2.5184615384615388
2.629230769230769
2.6992307692307693
2.644615384615385
2.7796153846153846
2.832692307692308
2.6242307692307696
2.6592307692307693
2.5973076923076923
2.7057692307692305
2.6003846153846153
2.691923076923077
2.582692307692308
2.44
2.3184615384615386
2.21
2.3026923076923076
2.5900000000000003
2.4234615384615386
2.3434615384615385
2.3303846153846157
2.318846153846154
2.4657692307692307
2.5096153846153846
2.5634615384615387
2.552692307692308
2.4457692307692307
2.4069230769230767
2.456153846153846
2.1680769230769235
2.3069230769230766
2.3873076923076924
2.34
2.103076923076923
2.198076923076923
2.2253846153846153
1.886153846153846
2.1015384615384614
2.0876923076923077
2.0446153846153847
2.151153846153846
2.026153846153846
2.0865384615384617
2.13
2.1773076923076924
1.9273076923076924
1.9857692307692305
2.0796153846153844
2.1084615384615386
2.1623076923076923
2.167307692307692
2.006923076923077
1.9807692307692308
2.0053846153846155
1.8496153846153847
1.7576923076923079
1.7669230769230768
1.911923076923077
1.815
1.6442307692307692
1.7523076923076923
1.688076923076923
1.746923076923077
1.6434615384615385
1.6292307692307693
1.4415384615384614
1.4746153846153847
1.6234615384615385
1.521153846153846
1.5292307692307692
1.4053846153846155
1.2569230769230768
1.3296153846153846
1.251923076923077
1.2323076923076923
1.213076923076923
1.4046153846153848
1.416153846153846
1.2457692307692307
1.343076923076923
1.3473076923076923
1.3299999999999998
1.2753846153846153
1.3107692307692307
1.0261538461538462
0.9426923076923077
1.0196153846153846
1.0380769230769231
1.24
1.2138461538461538
1.2953846153846154
1.1588461538461539
1.2211538461538463
1.1942307692307692
1.1007692307692307
1.0673076923076923
1.0596153846153846
0.9869230769230769
1.1246153846153846
1.0584615384615383
0.8826923076923077
1.016923076923077
0.9634615384615385
0.9188461538461539
0.838076923076923
0.8065384615384615
0.72
0.7146153846153845
0.7523076923076922
0.7988461538461539
0.6326923076923077
0.6146153846153847
0.7453846153846153
0.8303846153846154
0.7803846153846153
0.7561538461538462
0.6503846153846153
0.6965384615384616
0.7176923076923077
0.7611538461538461
0.8923076923076922
0.73
0.6719230769230768
0.7276923076923077
0.7669230769230769
0.5976923076923076
0.5161538461538462
0.5534615384615384
0.716923076923077
0.6411538461538462
0.6588461538461539
0.731923076923077
0.5853846153846154
0.5038461538461538
0.4626923076923077
0.46923076923076923
0.43884615384615383
0.34461538461538466
0.38653846153846155
0.4238461538461538
0.3092307692307692
0.2784615384615385
0.4269230769230769
0.5373076923076924
0.5384615384615384
0.45153846153846156
0.5265384615384615
0.40076923076923077
0.3619230769230769
0.4088461538461538
0.3703846153846154
0.40884615384615386
0.5046153846153846
0.56
0.4969230769230769
0.4819230769230769
0.3688461538461538
0.2746153846153846
0.2330769230769231
0.31807692307692303
0.33115384615384613
0.4257692307692308
0.4284615384615385
0.39192307692307693
0.4096153846153846
0.3861538461538462
0.44576923076923075
0.37307692307692303
0.3680769230769231
0.37538461538461537
0.32653846153846156
0.42807692307692313
0.3973076923076923
0.385
0.38153846153846155
0.4761538461538461
0.48846153846153845
0.4715384615384615
0.4984615384615385
0.5573076923076923
0.4757692307692307
0.40076923076923077
0.42038461538461536
