pet
0.2830769230769231
0.32
0.3015384615384616
0.25923076923076926
0.35423076923076924
0.38038461538461543
0.4411538461538462
0.30423076923076925
0.28500000000000003
0.38884615384615384
0.4196153846153846
0.41000000000000003
0.3676923076923077
0.33499999999999996
0.4169230769230769
0.35307692307692307
0.25461538461538463
0.33692307692307694
0.34115384615384614
0.24538461538461537
0.27692307692307694
0.3465384615384615
0.34461538461538466
0.42
0.42192307692307696
0.4453846153846154
0.4407692307692308
0.445
0.3126923076923077
0.3557692307692308
0.44961538461538464
0.4707692307692308
0.45038461538461544
0.44153846153846155
0.45346153846153847
0.39499999999999996
0.36576923076923074
0.3688461538461538
0.47384615384615386
0.3584615384615385
0.34307692307692306
0.4423076923076923
0.5
0.4538461538461539
0.5253846153846153
0.6634615384615384
0.5642307692307692
0.5530769230769231
0.5142307692307693
0.6815384615384615
0.6130769230769231
0.6923076923076923
0.6361538461538461
0.7053846153846154
0.5711538461538461
0.6961538461538462
0.5661538461538461
0.5584615384615385
0.5711538461538461
0.49076923076923074
0.5557692307692308
0.4661538461538462
0.4642307692307692
0.5542307692307692
0.7276923076923076
0.7819230769230768
0.86
0.885
0.875
0.89
0.8061538461538462
0.8638461538461539
1.0457692307692308
1.1146153846153846
1.0761538461538462
1.0942307692307691
1.0292307692307692
1.0673076923076923
1.0007692307692309
1.0569230769230769
1.1196153846153847
1.1084615384615384
1.1792307692307693
1.287692307692308
1.238846153846154
1.287692307692308
1.2865384615384616
1.313076923076923
1.3507692307692307
1.3946153846153846
1.2346153846153847
1.3796153846153845
1.4607692307692306
1.4323076923076923
1.481153846153846
1.448846153846154
1.2173076923076922
1.4507692307692308
1.5726923076923076
1.463846153846154
1.4165384615384615
1.3784615384615386
1.511923076923077
1.6173076923076921
1.6826923076923077
1.6115384615384616
1.6357692307692309
1.5615384615384615
1.7699999999999998
1.9396153846153845
2.115
2.2173076923076924
2.148846153846154
2.125384615384615
1.921153846153846
1.7738461538461539
1.6969230769230768
1.7957692307692308
1.8542307692307693
1.841923076923077
2.0173076923076922
2.128076923076923
2.189230769230769
2.319230769230769
2.161153846153846
2.186923076923077
2.516538461538462
2.435
2.5100000000000002
2.664230769230769
2.4430769230769234
2.411923076923077
2.389615384615385
2.3965384615384617
2.6811538461538458
2.566153846153846
2.6542307692307694
2.452692307692308
2.751153846153846
2.5473076923076925
2.6507692307692308
2.546538461538461
2.5676923076923077
2.506153846153846
2.8126923076923074
2.789230769230769
2.6484615384615386
2.6511538461538464
2.7684615384615388
2.6834615384615383
2.912692307692308
2.9076923076923076
2.5942307692307693
2.4861538461538464
2.2453846153846153
2.2765384615384616
2.396923076923077
2.4861538461538464
2.483076923076923
2.5323076923076924
2.626923076923077
2.2580769230769233
2.2465384615384614
2.148076923076923
2.166923076923077
2.336153846153846
2.582692307692308
2.6723076923076925
2.5715384615384616
2.3907692307692305
2.458846153846154
2.356153846153846
2.3826923076923077
2.4257692307692307
2.3334615384615387
2.3807692307692307
2.477692307692308
2.4034615384615385
2.439230769230769
2.4403846153846156
2.422307692307692
2.4896153846153846
2.5703846153846155
2.531538461538462
2.4846153846153842
2.468461538461539
2.4257692307692307
2.367692307692308
2.371923076923077
2.481923076923077
2.5046153846153847
2.4038461538461537
2.1819230769230766
2.27
2.206923076923077
2.4107692307692306
2.4688461538461537
2.463846153846154
2.701538461538462
2.660769230769231
2.415
2.3365384615384617
2.5696153846153846
2.524230769230769
2.4057692307692307
2.4288461538461537
2.353846153846154
2.3649999999999998
2.231923076923077
2.2365384615384616
2.187692307692308
2.3392307692307694
2.3842307692307694
2.2857692307692306
2.3034615384615384
2.268846153846154
2.2034615384615384
2.172307692307692
1.945769230769231
2.150384615384615
2.170769230769231
2.0334615384615384
2.0496153846153846
2.1196153846153845
2.180769230769231
2.0715384615384616
1.8326923076923076
1.923846153846154
1.9103846153846153
1.8665384615384615
1.975
1.8623076923076924
1.7834615384615384
1.7323076923076923
1.7938461538461539
1.713076923076923
1.7842307692307693
1.5376923076923075
1.5861538461538462
1.5803846153846155
1.4365384615384615
1.4388461538461539
1.5607692307692307
1.5246153846153847
1.7623076923076924
1.6261538461538463
1.7584615384615385
1.791153846153846
1.5734615384615382
1.5903846153846155
1.6307692307692307
1.4284615384615384
1.5530769230769232
1.5938461538461537
1.411153846153846
1.3484615384615386
1.2119230769230769
1.246923076923077
1.189230769230769
1.1411538461538462
1.1903846153846154
1.2223076923076923
1.2815384615384615
1.3015384615384618
1.2876923076923075
1.106923076923077
1.13
1.1542307692307694
1.1057692307692308
1.0773076923076923
1.323076923076923
1.1603846153846153
1.1876923076923076
1.06
0.995
0.9415384615384615
0.8803846153846154
0.893076923076923
0.8503846153846154
0.9461538461538462
0.9892307692307691
0.8892307692307693
0.9288461538461538
0.7857692307692308
0.8215384615384616
0.9161538461538462
0.84
0.7461538461538461
0.7834615384615385
0.7542307692307693
0.7123076923076923
0.6992307692307692
0.7084615384615385
0.8011538461538462
0.6861538461538461
0.7357692307692307
0.8115384615384615
0.7003846153846154
0.7223076923076923
0.8246153846153846
0.6292307692307693
0.6473076923076923
0.7076923076923076
0.7576923076923077
0.63
0.568076923076923
0.5538461538461539
0.5534615384615384
0.4846153846153846
0.4580769230769231
0.47269230769230763
0.41192307692307695
0.43884615384615383
0.46961538461538466
0.46499999999999997
0.4030769230769231
0.4030769230769231
0.45999999999999996
0.591923076923077
0.4465384615384615
0.45653846153846156
0.4357692307692308
0.36346153846153845
0.3423076923076923
0.34884615384615386
0.23692307692307693
0.3053846153846154
0.32
0.25884615384615384
0.3423076923076923
0.37961538461538463
0.36115384615384616
0.3680769230769231
0.36115384615384616
0.29038461538461535
0.3057692307692308
0.175
0.265
0.34769230769230763
0.3776923076923077
0.3626923076923077
0.32538461538461544
0.36038461538461536
0.4015384615384615
0.275
0.3323076923076923
0.30115384615384616
0.27692307692307694
0.31961538461538463
0.3392307692307692
0.3119230769230769
0.3
0.3334615384615385
0.305
0.38346153846153846
0.4107692307692308
0.49769230769230766
0.41884615384615387
0.31461538461538463
0.3119230769230769
0.2823076923076923
0.24076923076923076
0.3403846153846154
0.39961538461538465
0.445
