temperature
2.927692307692308
2.999615384615385
2.647692307692308
2.3669230769230767
2.833846153846154
2.986923076923077
3.1692307692307695
2.6361538461538463
2.667307692307692
3.52
3.6107692307692307
3.7880769230769227
3.4015384615384616
3.14
3.468461538461539
2.8696153846153845
2.587307692307692
3.0311538461538463
2.894230769230769
2.2253846153846153
2.455
2.7249999999999996
2.7961538461538464
3.348076923076923
3.5330769230769232
3.5219230769230765
3.1957692307692307
2.9811538461538465
2.3365384615384617
2.3765384615384617
2.95
3.08
2.8846153846153846
3.0846153846153848
3.1796153846153845
2.9492307692307693
2.6388461538461536
2.4257692307692307
2.6407692307692305
2.4403846153846156
2.3803846153846155
2.9538461538461536
3.406538461538461
3.266923076923077
3.605
4.186153846153847
3.7311538461538465
3.668461538461538
3.462307692307692
4.127692307692308
3.89
4.183461538461538
3.8076923076923075
4.056923076923077
3.454230769230769
4.161538461538462
3.5949999999999998
3.2011538461538462
2.9061538461538463
2.605384615384615
3.021153846153846
2.825384615384616
2.8369230769230773
3.036538461538462
4.008076923076922
4.323076923076924
4.586923076923077
4.783846153846154
4.7457692307692305
4.5819230769230765
4.252307692307692
4.5661538461538465
5.418461538461538
5.661153846153846
5.4630769230769225
5.376538461538461
5.0976923076923075
5.351153846153846
4.990769230769231
5.1534615384615385
5.515
5.4861538461538455
5.758461538461538
6.07423076923077
5.92076923076923
6.092692307692308
5.922307692307692
6.145769230769231
6.140000000000001
6.2288461538461535
5.615384615384615
6.183461538461539
6.349230769230768
6.173846153846153
6.315384615384615
6.2057692307692305
5.442692307692307
6.202692307692308
6.557307692307693
6.252307692307692
6.060384615384615
5.948846153846154
6.197692307692307
6.544615384615384
6.83576923076923
6.644615384615384
6.72
6.5430769230769235
7.310384615384615
7.868461538461539
8.419230769230769
8.76576923076923
8.629999999999999
8.531923076923077
7.905384615384615
7.451538461538462
7.251153846153846
7.493846153846154
7.643076923076923
7.607692307692308
8.054615384615385
8.277692307692307
8.490384615384615
8.849615384615385
8.192307692307692
8.350769230769231
9.406153846153845
9.236538461538462
9.544615384615385
10.018846153846154
9.385769230769231
9.40846153846154
9.470384615384615
9.406153846153845
10.396153846153847
10.058076923076923
10.367307692307692
9.831153846153846
10.74076923076923
10.219615384615384
10.56576923076923
10.206153846153846
10.456923076923077
10.351923076923075
11.214230769230769
11.225384615384616
10.930384615384614
11.047692307692309
11.419230769230769
11.243846153846153
11.986923076923079
12.693846153846154
12.067307692307692
11.89846153846154
11.276153846153846
11.390384615384615
11.877692307692307
12.216153846153846
12.316153846153846
12.494615384615384
12.866153846153846
11.82
11.857307692307693
11.67153846153846
11.758461538461539
12.382692307692308
13.159230769230769
13.516923076923076
13.3
12.738076923076923
13.056923076923077
12.768076923076924
13.050384615384615
13.20346153846154
13.00346153846154
13.099230769230768
13.508076923076922
13.35576923076923
13.506153846153847
13.615
13.589230769230769
13.782307692307691
14.135
14.087692307692306
14.041153846153845
14.033846153846154
13.93153846153846
13.791153846153845
13.935384615384615
14.244615384615384
14.423846153846153
14.15230769230769
13.493461538461538
13.831538461538461
13.73423076923077
14.358461538461539
14.627692307692307
14.651923076923076
15.310384615384615
15.235384615384616
14.617692307692307
14.459615384615384
15.120000000000001
15.071923076923078
14.77
14.842692307692309
14.713846153846154
14.876153846153848
14.514999999999999
14.613846153846152
14.477307692307694
14.899999999999999
15.066923076923077
14.878461538461538
14.983076923076924
14.919615384615385
14.706538461538461
14.716923076923077
14.01346153846154
14.641153846153847
14.762307692307692
14.283076923076923
14.418461538461539
14.672692307692309
14.904615384615385
14.62923076923077
13.906538461538462
14.256153846153847
14.265384615384615
14.091153846153846
14.409230769230769
14.01346153846154
13.751923076923077
13.666153846153845
13.908076923076923
13.588846153846154
13.906153846153845
13.083461538461538
13.342692307692309
13.288846153846153
12.74
12.712307692307691
13.035384615384617
12.968846153846155
13.688846153846153
13.188076923076922
13.516923076923076
13.752307692307692
12.956153846153846
12.976923076923075
13.206538461538461
12.575
12.970384615384615
13.141153846153847
12.391923076923076
12.180384615384614
11.738076923076923
11.80076923076923
11.356153846153846
11.360000000000001
11.656538461538462
11.732692307692307
11.990384615384615
12.02076923076923
11.772692307692308
11.09153846153846
11.160769230769231
11.293076923076923
10.959999999999999
11.015384615384615
11.76576923076923
11.279230769230768
11.275769230769232
10.346538461538461
10.06576923076923
9.943846153846154
9.428461538461537
9.536153846153846
9.450384615384616
9.955769230769231
10.101153846153846
9.648076923076923
9.67576923076923
9.203076923076923
9.341923076923077
9.417307692307691
9.223076923076924
8.888076923076923
8.885384615384616
8.491923076923076
8.446538461538463
8.12653846153846
8.181538461538462
8.702692307692306
8.339230769230769
8.205769230769231
8.487692307692308
8.300384615384615
8.263076923076923
8.340384615384615
7.525
7.256153846153846
7.746153846153846
8.035
7.389615384615384
7.181538461538461
6.850384615384616
6.577307692307692
6.360384615384616
6.381923076923077
6.350384615384614
5.806923076923076
5.781153846153846
6.269615384615384
6.153076923076923
5.8549999999999995
5.718846153846154
6.0965384615384615
6.639230769230769
5.818461538461539
5.646923076923077
5.163076923076924
4.905769230769231
4.583846153846154
4.122692307692308
3.9119230769230766
4.452307692307692
4.542307692307692
4.107307692307692
4.703846153846154
4.623846153846154
4.208076923076923
3.909615384615385
3.582307692307692
3.310769230769231
3.536538461538462
2.9426923076923077
3.161538461538462
3.485
3.6992307692307693
3.811153846153846
3.54
4.148846153846154
3.9899999999999998
3.4211538461538464
3.494230769230769
3.461153846153846
3.2646153846153845
3.536538461538462
3.2892307692307696
2.8461538461538463
2.7115384615384617
2.667307692307692
2.7838461538461536
3.174615384615385
3.75
4.332692307692308
3.675
2.871153846153846
2.917692307692308
2.395
2.0126923076923076
2.703076923076923
3.3034615384615384
3.2746153846153847
