pet
0.378125
0.41125
0.405625
0.365
0.40750000000000003
0.424375
0.528125
0.44562500000000005
0.33625
0.4825
0.536875
0.483125
0.378125
0.318125
0.471875
0.355625
0.27875
0.379375
0.29125
0.2175
0.23750000000000002
0.401875
0.44625000000000004
0.52
0.638125
0.574375
0.576875
0.57875
0.436875
0.35
0.524375
0.521875
0.4325
0.3725
0.42
0.41000000000000003
0.3125
0.4625
0.553125
0.44062500000000004
0.27375
0.25375
0.445625
0.4925
0.571875
0.78
0.78
0.7825
0.709375
0.81875
0.854375
1.0125
0.96
1.039375
0.905625
0.983125
0.8250000000000001
0.835
0.834375
0.72875
0.8737499999999999
0.681875
0.70625
0.78125
0.89375
0.9575
1.060625
1.145625
1.1300000000000001
1.243125
1.24
1.295
1.379375
1.3900000000000001
1.245625
1.17125
1.33125
1.31875
1.250625
1.370625
1.366875
1.215
1.31625
1.44625
1.46875
1.524375
1.5275
1.526875
1.595
1.486875
1.329375
1.455625
1.48125
1.726875
1.8475000000000001
1.860625
1.555
1.825
2.018125
1.7943749999999998
1.696875
1.690625
1.765625
1.85375
1.96625
1.911875
1.85
1.853125
2.015
2.199375
2.2275
2.384375
2.5025
2.25375
1.979375
1.95375
1.7606249999999999
1.8599999999999999
1.925625
1.998125
2.0875
2.073125
2.188125
2.4575
2.598125
2.47375
2.546875
2.565
2.666875
2.66875
2.42875
2.335625
2.46375
2.378125
2.6275
2.544375
2.8394117647058823
2.800588235294118
2.8358823529411765
2.7335294117647058
2.97
2.84
2.971764705882353
2.7829411764705885
2.98
2.981176470588235
2.856470588235294
2.6876470588235293
2.813529411764706
2.8035294117647056
2.9382352941176473
2.968235294117647
2.962941176470588
2.7747058823529414
2.4288235294117646
2.4123529411764704
2.432352941176471
2.5152941176470587
2.6452941176470586
2.6688235294117644
2.820588235294118
2.7111764705882355
2.646470588235294
2.513529411764706
2.3305882352941176
2.5741176470588236
2.902941176470588
2.902941176470588
2.671764705882353
2.5352941176470587
2.737058823529412
2.7364705882352944
2.758235294117647
2.7976470588235296
2.7429411764705884
2.618823529411765
2.665294117647059
2.7305882352941175
2.7652941176470587
2.8423529411764705
2.8458823529411768
2.989411764705882
2.931764705882353
2.8594117647058823
2.9752941176470586
2.972941176470588
2.921176470588235
2.758235294117647
2.6947058823529413
2.764705882352941
2.8311764705882356
2.831764705882353
2.617058823529412
2.63
2.667058823529412
2.873529411764706
2.9941176470588236
3.0670588235294116
3.232941176470588
3.1752941176470593
2.7782352941176467
2.6305882352941174
2.836470588235294
3.01764705882353
3.0035294117647062
2.989411764705882
2.958235294117647
2.8276470588235294
2.625294117647059
2.511764705882353
2.491764705882353
2.6305882352941174
2.8358823529411765
2.644705882352941
2.804705882352941
2.725882352941176
2.6976470588235295
2.5205882352941176
2.4288235294117646
2.5329411764705885
2.3476470588235294
2.3517647058823528
2.3694117647058826
2.360588235294118
2.3770588235294117
2.445294117647059
2.251764705882353
2.2170588235294115
2.2888235294117645
2.2282352941176473
2.366470588235294
2.3305882352941176
2.3488235294117645
2.281764705882353
2.228823529411765
2.168235294117647
2.2123529411764706
1.917058823529412
1.9988235294117644
2.0323529411764705
1.8882352941176472
1.9270588235294117
1.9294117647058822
2.027058823529412
2.1829411764705884
1.9817647058823529
2.0
2.0588235294117645
1.828235294117647
1.9258823529411766
2.066470588235294
1.8858823529411766
1.95
1.9570588235294115
1.8288235294117647
1.734705882352941
1.5682352941176472
1.5558823529411765
1.5547058823529412
1.3088235294117647
1.3435294117647059
1.5047058823529413
1.5847058823529412
1.5647058823529412
1.6117647058823528
1.511764705882353
1.33
1.3770588235294117
1.305294117647059
1.281764705882353
1.4276470588235295
1.2452941176470587
1.234705882352941
1.1325
1.141875
1.089375
0.956875
1.034375
0.985
1.125
1.181875
0.995625
1.034375
1.02125
0.951875
1.046875
0.915625
0.844375
0.774375
0.801875
0.85125
0.885
0.918125
0.921875
0.791875
0.873125
0.810625
0.755625
0.786875
0.891875
0.735
0.585625
0.80125
0.88
0.70125
0.5775
0.475625
0.58125
0.4775
0.498125
0.548125
0.506875
0.55125
0.503125
0.535625
0.583125
0.656875
0.658125
0.78625
0.53875
0.55375
0.5425
0.54
0.49125
0.495625
0.350625
0.381875
0.321875
0.23625
0.390625
0.493125
0.435625
0.34750000000000003
0.34062499999999996
0.241875
0.294375
0.171875
0.33625
0.381875
0.356875
0.31124999999999997
0.344375
0.31375
0.34875
0.19375
0.31625000000000003
0.285
0.328125
0.324375
0.296875
0.338125
0.40625
0.4725
0.39375
0.46625
0.520625
0.486875
0.376875
0.351875
0.43062500000000004
0.425
0.36625
0.531875
0.5081249999999999
0.600625
