temperature
4.61375
4.59375
4.369375
4.0275
4.1075
4.180625
4.513125
4.1025
4.016875
5.16375
4.966875
4.81875
4.056875
3.47875
4.203125
3.585
3.32375
3.841875
3.58
2.9225
3.160625
3.986875
4.030625
4.64375
5.418125
4.871875
5.015625
4.89375
3.839375
3.5425
4.38
4.354375
3.621875
3.675625
3.95625
3.796875
3.21375
3.79375
4.12625
3.706875
2.715625
2.795
3.8831249999999997
4.108125
4.698125
5.695
5.716875
5.625625
5.141875
5.655625000000001
5.81625
6.40375
6.189375
6.539375
5.9506250000000005
6.296875
5.468125
5.310625
5.15125
4.80625
5.360625
4.559375
4.625
4.90625
5.2631250000000005
5.585625
6.099375
6.44375
6.350625
6.745625
6.779375
6.908125
7.25375
7.33875
6.601875
6.20125
6.964375
6.931875
6.36875
7.05125
7.065625000000001
6.433125
6.81875
7.350625
7.37125
7.62125
7.41625
7.46375
7.554375
7.15875
6.503125
7.0200000000000005
7.144375
8.0075
8.37125
8.51125
7.32375
8.309375
8.91875
8.086875000000001
7.778124999999999
7.750624999999999
8.0275
8.22125
8.64375
8.557500000000001
8.3375
8.305625
8.973125
9.64875
9.6375
10.22875
10.61125
9.64125
8.7275
8.711875
7.99625
8.23
8.500625
8.749375
8.91125
8.6875
9.1725
10.08375
10.465625
9.98125
10.3425
10.5375
10.84375
10.836875
10.0975
9.88
10.42875
10.105625
11.035625
10.721875
11.58764705882353
11.591176470588234
11.791176470588235
11.457058823529412
12.33235294117647
11.937058823529412
12.444705882352942
11.931176470588236
12.544117647058824
12.712941176470588
12.34235294117647
11.886470588235294
12.388823529411766
12.456470588235295
12.951764705882354
13.761176470588236
14.018235294117646
13.450588235294118
12.384117647058824
12.375882352941176
12.574117647058824
12.952941176470588
13.435882352941176
13.532941176470588
14.17764705882353
13.845882352941176
13.720588235294118
13.397058823529411
12.785294117647059
13.72529411764706
14.880588235294118
14.937058823529412
14.230588235294118
13.805294117647058
14.61
14.625294117647059
14.781764705882352
15.014705882352942
14.898235294117647
14.498823529411766
14.680588235294117
15.011764705882353
15.127058823529413
15.439411764705884
15.461764705882354
15.928823529411765
15.765882352941176
15.661764705882353
16.11176470588235
16.131764705882354
15.975294117647058
15.548235294117646
15.406470588235292
15.668823529411766
15.930588235294117
16.025882352941178
15.380588235294116
15.428823529411765
15.604705882352944
16.277058823529412
16.761764705882353
17.084117647058825
17.648235294117647
17.483529411764707
16.243529411764705
15.8
16.44235294117647
17.163529411764703
17.095882352941175
17.095294117647057
17.07
16.685294117647057
16.028823529411767
15.728235294117647
15.694117647058825
16.139411764705883
16.944117647058825
16.42235294117647
16.926470588235293
16.703529411764706
16.630000000000003
16.068235294117645
15.824117647058824
16.247647058823528
15.64529411764706
15.702941176470588
15.795882352941176
15.832941176470586
15.952941176470588
16.20235294117647
15.544117647058824
15.435294117647057
15.726470588235296
15.559999999999999
16.052941176470586
15.990588235294116
16.160588235294117
15.931764705882355
15.743529411764705
15.508235294117647
15.728823529411764
14.687058823529412
14.998823529411764
15.212941176470588
14.616470588235293
14.681176470588236
14.566470588235294
14.938235294117646
15.567058823529411
14.9
14.922941176470587
15.07764705882353
14.323529411764707
14.58294117647059
15.249411764705883
14.651764705882353
14.857058823529412
14.935294117647059
14.338823529411764
14.127647058823529
13.640588235294118
13.525882352941176
13.57529411764706
12.588823529411764
12.737058823529411
13.452352941176471
13.775882352941176
13.598823529411765
13.858235294117648
13.495294117647058
12.671176470588236
13.105882352941178
12.650588235294117
12.61470588235294
13.117058823529412
12.44764705882353
12.449411764705882
11.5825
11.46375
11.352500000000001
10.73125
11.360625
11.011875
11.676875
11.878125
11.159375
11.233125
11.249375
10.988125
11.18875
10.643125
10.208125
10.034375
10.057500000000001
10.213750000000001
10.206875
10.483125
10.5625
9.926875
10.26
9.813125
9.59125
9.671875
9.894375
9.165
8.230625
9.274375000000001
9.93
8.841875
8.311875
7.694375
7.8025
7.188124999999999
7.489375
7.776875
7.39375
7.47375
7.224375
7.605
7.64875
8.015
8.06875
8.561250000000001
7.461875
7.445
7.03375
6.86375
6.420625
6.1674999999999995
5.820625
5.86875
5.690625
5.00125
5.66375
6.003125
5.515
4.9556249999999995
4.410625
4.1675
4.534375
3.819375
4.62375
4.7825
4.83375
4.7006250000000005
4.77625
4.715625
4.670625
3.975
4.2318750000000005
4.170625
4.438125
4.63875
4.215
4.3568750000000005
4.528125
5.135625
4.55125
4.5268749999999995
5.191875
5.21375
4.346875
4.1475
4.618125
4.57875
4.1075
5.251875
5.54
5.37125
