temperature
3.4069230769230767
3.2615384615384615
2.659615384615385
2.9242307692307694
3.046923076923077
3.290769230769231
3.5138461538461536
3.1392307692307693
3.046923076923077
3.992692307692308
4.186538461538461
4.304615384615385
3.823846153846154
3.8742307692307696
4.042692307692308
3.6030769230769226
3.503076923076923
3.748076923076923
3.649230769230769
2.831153846153846
2.825
3.0292307692307694
3.211153846153846
3.588461538461538
3.7311538461538465
3.6980769230769233
3.788846153846154
3.5803846153846157
3.0746153846153845
2.7684615384615388
3.350769230769231
3.64
3.4523076923076923
3.6773076923076924
4.042307692307692
3.6996153846153845
3.1599999999999997
3.244230769230769
3.1003846153846153
2.829230769230769
2.895769230769231
3.597692307692308
3.9376923076923074
3.2826923076923076
3.96
4.292307692307692
3.793461538461538
3.821923076923077
3.9242307692307694
4.361923076923077
4.326923076923077
4.538846153846154
4.385
4.191923076923077
3.8076923076923075
4.328461538461538
3.731923076923077
3.379230769230769
3.0907692307692307
2.946923076923077
3.069230769230769
3.0869230769230773
2.664615384615385
3.368846153846154
4.002692307692308
4.512692307692308
4.9399999999999995
5.289615384615384
5.074999999999999
4.883846153846154
4.564230769230769
4.678461538461539
5.547307692307692
6.029615384615385
5.798461538461538
5.663076923076924
4.9496153846153845
5.436923076923078
5.093461538461539
5.1692307692307695
5.34923076923077
5.538846153846153
5.858846153846153
5.998076923076923
5.921153846153846
5.756923076923077
6.1911538461538465
6.268846153846154
6.468461538461539
6.5273076923076925
6.255769230769231
6.225
6.490384615384615
6.105769230769231
6.631923076923077
6.207307692307693
5.462692307692308
6.503076923076923
6.514230769230769
6.139615384615384
6.468461538461539
6.137692307692307
6.610384615384616
6.910769230769231
6.765384615384615
6.878461538461538
7.133846153846154
6.64
6.6753846153846155
7.619230769230769
8.58423076923077
8.771923076923077
8.746153846153847
8.965
8.192307692307692
7.851153846153846
7.9180769230769235
7.636538461538461
7.695384615384616
8.003461538461538
8.460384615384616
8.658076923076923
8.928846153846154
8.899615384615384
8.755384615384616
8.45076923076923
9.644615384615385
9.497692307692308
9.706538461538461
10.175
9.446538461538463
9.64
9.92
9.57423076923077
10.313076923076922
10.071923076923078
10.122307692307693
10.18423076923077
10.363076923076923
10.290384615384616
10.56
10.296153846153846
10.557307692307692
10.43153846153846
11.288461538461538
11.044615384615385
11.184615384615386
11.069615384615386
11.291923076923077
11.460769230769232
12.131923076923076
13.053846153846154
12.493846153846153
11.848846153846154
11.627307692307692
11.811538461538463
11.751153846153844
12.030384615384616
12.112307692307693
12.49423076923077
12.505384615384616
11.90846153846154
11.990384615384615
12.123846153846156
12.221153846153847
12.331538461538461
13.33423076923077
13.083076923076923
13.549230769230768
12.937307692307693
12.751153846153844
12.61153846153846
12.829230769230769
13.209615384615384
13.216923076923077
13.408846153846154
14.027692307692309
13.351923076923075
13.428076923076922
13.831153846153846
13.598846153846154
13.870000000000001
14.095384615384615
14.036538461538461
13.836923076923076
14.165384615384616
13.852692307692308
13.858076923076924
14.003461538461538
14.370384615384616
14.488076923076923
14.098461538461539
13.813461538461537
13.314615384615385
14.203076923076923
14.259615384615385
14.555
14.517692307692307
15.586923076923076
15.43576923076923
14.486923076923079
14.087692307692306
14.903076923076924
15.21
14.632692307692308
15.347307692307691
14.649615384615384
14.870000000000001
14.555
14.586923076923076
14.237692307692308
14.34
14.854615384615386
14.90576923076923
14.866153846153846
14.651923076923076
14.577692307692306
14.803846153846154
14.376923076923077
14.966923076923077
14.861923076923079
14.396153846153847
14.941538461538462
14.798076923076923
14.857692307692307
14.907307692307693
13.951923076923077
14.343846153846155
14.240384615384615
14.143461538461539
14.183076923076923
14.083846153846155
14.062307692307693
14.318461538461538
14.176923076923078
13.243846153846153
13.988461538461538
13.451153846153847
13.358461538461539
13.228846153846153
12.668461538461539
12.801153846153845
12.539230769230768
12.689615384615385
13.661923076923076
13.040000000000001
13.657307692307693
13.588846153846154
13.174615384615386
12.890769230769232
13.053461538461537
12.877307692307692
13.327307692307691
13.047307692307694
12.601153846153846
12.262692307692307
11.853846153846153
12.353846153846153
11.413076923076924
11.775384615384617
11.955384615384615
12.083846153846155
11.808076923076923
12.06076923076923
11.796153846153846
11.330769230769231
11.057307692307692
11.29076923076923
11.036538461538461
11.221538461538461
11.569230769230769
11.402692307692309
11.864615384615385
10.71923076923077
10.07
10.070384615384615
9.741538461538461
10.211538461538462
9.51423076923077
10.03
10.481538461538461
9.898846153846154
10.075769230769232
9.370384615384616
9.731538461538461
9.695384615384615
9.387307692307692
9.371538461538462
9.170769230769231
8.265384615384615
8.660384615384617
8.578461538461537
8.367307692307692
8.694615384615386
8.323846153846153
8.472307692307693
8.667692307692308
8.622307692307693
8.457307692307692
8.731153846153846
7.971923076923077
7.886153846153846
8.333461538461538
8.217692307692307
7.787307692307692
7.83576923076923
7.086923076923076
7.127692307692308
7.161538461538461
7.031923076923078
6.633846153846154
6.448076923076924
6.333461538461538
6.990769230769231
6.644230769230769
6.512692307692307
6.178846153846154
6.478076923076923
6.872307692307692
6.265
6.356153846153846
5.622307692307692
5.33576923076923
5.010384615384615
4.8015384615384615
4.245
4.779615384615385
5.073076923076924
4.933461538461539
5.282692307692307
4.886153846153847
4.767692307692308
4.716923076923077
4.553076923076923
4.161153846153846
4.162307692307692
4.1899999999999995
4.330384615384616
4.862692307692308
4.748846153846154
4.55076923076923
4.437307692307693
4.501153846153846
4.3392307692307694
4.056153846153847
4.2846153846153845
3.7026923076923075
3.7249999999999996
4.101538461538461
3.9073076923076924
3.3923076923076922
3.3776923076923078
3.270769230769231
3.4123076923076923
4.345384615384615
4.500769230769231
4.8730769230769235
4.416923076923077
3.7515384615384617
3.6957692307692307
3.2719230769230765
2.8603846153846155
3.4853846153846155
4.059615384615385
4.019230769230769
