pet
0.64
0.573076923076923
0.5426923076923077
0.5457692307692308
0.6349999999999999
0.663076923076923
0.6519230769230769
0.58
0.5673076923076923
0.6503846153846153
0.7330769230769231
0.7803846153846153
0.6215384615384616
0.7088461538461538
0.7853846153846155
0.6826923076923077
0.643076923076923
0.7284615384615385
0.7065384615384616
0.5888461538461539
0.6773076923076923
0.6084615384615385
0.643846153846154
0.7126923076923077
0.6673076923076924
0.6234615384615385
0.6673076923076924
0.7776923076923077
0.7769230769230769
0.7826923076923078
0.7603846153846153
0.8361538461538461
0.7696153846153846
0.7434615384615385
0.8073076923076924
0.7853846153846155
0.7376923076923076
0.7857692307692308
0.7461538461538461
0.7088461538461538
0.7653846153846153
0.7957692307692308
0.84
0.7934615384615384
0.8919230769230769
0.9073076923076923
0.9076923076923078
0.9400000000000001
0.9157692307692307
1.0461538461538462
1.0407692307692307
1.0480769230769231
1.0884615384615386
1.0446153846153847
0.9496153846153846
0.9446153846153845
0.88
0.8815384615384615
0.8138461538461539
0.9003846153846153
0.9930769230769231
0.943076923076923
0.7603846153846153
0.8973076923076924
1.1307692307692307
1.2061538461538461
1.3265384615384617
1.3942307692307692
1.3303846153846155
1.3276923076923077
1.1065384615384615
1.1453846153846154
1.3965384615384617
1.5207692307692307
1.4023076923076923
1.4165384615384615
1.246923076923077
1.3076923076923077
1.3796153846153845
1.5053846153846153
1.5342307692307693
1.5592307692307692
1.5938461538461537
1.7096153846153848
1.6326923076923079
1.606923076923077
1.6523076923076923
1.6192307692307693
1.691923076923077
1.7980769230769231
1.8053846153846154
1.7915384615384615
1.7496153846153848
1.6715384615384616
1.8488461538461538
1.8807692307692307
1.6861538461538461
1.8084615384615386
1.8711538461538462
1.8065384615384614
1.8815384615384616
1.98
1.9830769230769232
2.076923076923077
2.0323076923076924
2.0746153846153845
2.036153846153846
1.9853846153846153
2.016153846153846
2.3103846153846153
2.6576923076923076
2.4365384615384618
2.52
2.527307692307692
2.360384615384615
2.185769230769231
2.335769230769231
2.221923076923077
2.147692307692308
2.1788461538461537
2.38
2.663846153846154
2.596538461538462
2.5276923076923077
2.5992307692307692
2.534615384615385
2.7046153846153844
2.7176923076923076
2.6938461538461542
2.9492307692307693
2.6953846153846155
2.6484615384615386
2.582692307692308
2.648846153846154
2.852307692307692
2.818076923076923
2.789230769230769
2.7026923076923075
2.6996153846153845
2.7203846153846154
2.906538461538461
2.806923076923077
2.757307692307692
2.7773076923076925
2.8819230769230773
2.9030769230769233
2.7880769230769227
2.9296153846153845
3.0523076923076924
3.1661538461538465
3.130769230769231
3.133076923076923
2.9130769230769227
2.775384615384615
2.718461538461539
2.660769230769231
2.6619230769230766
2.5961538461538463
2.6734615384615386
2.7607692307692306
2.7673076923076922
2.6215384615384614
2.652307692307692
2.633846153846154
2.7584615384615385
2.632307692307692
2.896153846153846
2.955
3.003076923076923
2.891538461538462
2.8015384615384615
2.707307692307692
2.8053846153846154
2.753076923076923
2.8103846153846153
2.9646153846153847
2.9438461538461533
2.8796153846153847
2.796923076923077
2.8515384615384614
2.9334615384615383
2.8603846153846155
2.852692307692308
2.9042307692307694
2.7899999999999996
2.740769230769231
2.743846153846154
2.7853846153846153
2.938846153846154
2.986923076923077
2.9180769230769235
2.855769230769231
2.813076923076923
2.740769230769231
2.869230769230769
2.8819230769230773
2.861923076923077
2.884230769230769
3.0923076923076924
3.0596153846153844
2.870769230769231
2.792692307692308
2.854230769230769
2.843461538461539
2.831153846153846
3.001923076923077
2.8703846153846153
2.728846153846154
2.7496153846153844
2.604230769230769
2.4857692307692307
2.5342307692307693
2.6096153846153842
2.6584615384615384
2.6173076923076923
2.5503846153846155
2.5515384615384615
2.548076923076923
2.425
2.636923076923077
2.4657692307692307
2.5465384615384616
2.6149999999999998
2.518076923076923
2.5896153846153847
2.4365384615384618
2.2473076923076922
2.331153846153846
2.3592307692307695
2.2515384615384617
2.3042307692307693
2.2642307692307693
2.302692307692308
2.376153846153846
2.3134615384615382
2.206923076923077
2.306153846153846
2.1384615384615384
2.043846153846154
2.0326923076923076
1.9796153846153846
2.0488461538461538
1.8926923076923077
1.8834615384615385
2.1388461538461536
2.083076923076923
2.148076923076923
2.1796153846153845
2.129230769230769
2.064230769230769
2.0353846153846153
2.0919230769230768
2.167692307692308
1.9849999999999999
1.8896153846153847
1.7915384615384615
1.7461538461538462
1.7353846153846153
1.6726923076923077
1.6846153846153848
1.5915384615384613
1.8296153846153846
1.7950000000000002
1.7984615384615383
1.7030769230769232
1.6111538461538462
1.426923076923077
1.4203846153846154
1.491923076923077
1.5065384615384616
1.508076923076923
1.548846153846154
1.6726923076923077
1.5657692307692308
1.4396153846153845
1.3503846153846153
1.308076923076923
1.4226923076923077
1.2957692307692308
1.3819230769230768
1.4323076923076923
1.3803846153846153
1.4153846153846152
1.225
1.1984615384615385
1.291153846153846
1.1673076923076924
1.2623076923076924
1.1373076923076924
1.1311538461538462
1.198076923076923
0.9976923076923078
1.1292307692307693
1.0853846153846154
1.061923076923077
1.2146153846153847
1.16
1.2307692307692308
1.2023076923076923
1.1896153846153845
1.1676923076923076
1.1542307692307694
1.2053846153846153
1.1311538461538462
0.9646153846153847
0.9603846153846154
0.8896153846153846
0.9526923076923077
0.9007692307692309
0.8657692307692308
0.836923076923077
0.8753846153846154
0.9384615384615385
0.8999999999999999
0.893846153846154
0.801923076923077
0.7553846153846154
0.8403846153846154
0.8842307692307693
0.7492307692307693
0.8815384615384616
0.8111538461538461
0.7423076923076923
0.7642307692307693
0.7053846153846154
0.6596153846153846
0.6607692307692308
0.6611538461538462
0.7361538461538462
0.6938461538461538
0.7273076923076923
0.7126923076923077
0.7626923076923077
0.6665384615384616
0.5480769230769231
0.5880769230769232
0.5611538461538461
0.5549999999999999
0.66
0.7346153846153847
0.6442307692307693
0.6542307692307693
0.693076923076923
0.7088461538461538
0.6276923076923077
0.7100000000000001
0.6046153846153847
0.6
0.556923076923077
0.5661538461538462
0.5988461538461538
0.6361538461538461
0.5834615384615385
0.6784615384615384
0.7969230769230768
0.8
0.8988461538461539
0.7953846153846154
0.6053846153846154
0.6853846153846154
0.6107692307692308
0.5630769230769231
0.7807692307692308
0.7338461538461538
0.7230769230769231
