pet
0.24095238095238097
0.2642857142857143
0.25142857142857145
0.24619047619047618
0.2566666666666667
0.42523809523809525
0.43285714285714283
0.24523809523809526
0.20095238095238094
0.3495238095238095
0.3657142857142857
0.3938095238095238
0.3595238095238095
0.320952380952381
0.4604761904761905
0.3457142857142857
0.30857142857142855
0.3919047619047619
0.34476190476190477
0.26666666666666666
0.3342857142857143
0.3642857142857143
0.3147619047619048
0.4685714285714286
0.38619047619047614
0.5161904761904762
0.4261904761904762
0.43285714285714283
0.26666666666666666
0.28047619047619043
0.4176190476190476
0.4614285714285714
0.4
0.3395238095238095
0.3719047619047619
0.2571428571428572
0.27809523809523806
0.36952380952380953
0.4195238095238095
0.2733333333333333
0.26857142857142857
0.34619047619047616
0.44857142857142857
0.32904761904761903
0.4452380952380952
0.5980952380952381
0.572857142857143
0.4333333333333333
0.4247619047619048
0.6161904761904762
0.49761904761904757
0.6285714285714286
0.5914285714285714
0.5561904761904761
0.49142857142857144
0.6190476190476191
0.4876190476190476
0.5652380952380953
0.4604761904761905
0.3823809523809524
0.4414285714285714
0.36333333333333334
0.38190476190476186
0.5133333333333333
0.6228571428571429
0.5976190476190476
0.6619047619047619
0.6014285714285714
0.6771428571428572
0.6338095238095238
0.5695238095238095
0.6976190476190476
0.8333333333333334
0.9723809523809523
0.82
0.928095238095238
0.86
0.9428571428571428
0.8204761904761905
1.0414285714285714
0.9785714285714286
0.8942857142857144
0.9961904761904763
1.0895238095238096
1.1842857142857144
1.2961904761904761
1.1076190476190477
1.1457142857142857
1.0428571428571427
1.198095238095238
0.9714285714285713
1.2738095238095237
1.2552380952380953
1.2719047619047619
1.3828571428571428
1.2657142857142856
0.9666666666666667
1.3199999999999998
1.4428571428571428
1.3842857142857143
1.4128571428571428
1.379047619047619
1.5090476190476192
1.658095238095238
1.6795238095238096
1.5971428571428572
1.5890476190476188
1.538095238095238
1.7823809523809524
1.9804761904761907
2.083809523809524
2.2285714285714286
2.1757142857142857
2.047142857142857
1.8023809523809524
1.5171428571428571
1.5657142857142858
1.575238095238095
1.7047619047619047
1.6347619047619046
1.7414285714285715
1.8557142857142856
1.7876190476190477
2.1209523809523807
2.0204761904761903
2.0633333333333335
2.3600000000000003
2.1604761904761904
2.3195238095238095
2.4061904761904764
2.1657142857142855
2.244761904761905
1.9880952380952381
1.9928571428571429
2.2495238095238097
2.1195238095238094
2.2876190476190477
1.9847619047619047
2.3023809523809526
2.1133333333333333
2.1766666666666667
2.1123809523809522
2.152857142857143
2.277142857142857
2.3814285714285712
2.434761904761905
2.363809523809524
2.4233333333333333
2.4823809523809524
2.611904761904762
2.892857142857143
2.8385714285714285
2.5628571428571427
2.3119047619047617
2.050952380952381
2.053809523809524
2.295714285714286
2.548095238095238
2.333809523809524
2.335238095238095
2.3000000000000003
1.99
1.9914285714285715
1.7547619047619047
1.9395238095238096
2.0961904761904764
2.2163636363636363
2.1654545454545455
2.009090909090909
1.7963636363636366
1.9231818181818183
1.815
1.945
2.005909090909091
1.9204545454545454
2.050909090909091
2.223181818181818
2.1336363636363633
2.205454545454545
2.1631818181818185
2.1213636363636366
2.152727272727273
2.028636363636364
2.111818181818182
2.1159090909090907
1.9336363636363636
1.979090909090909
1.893181818181818
1.8445454545454545
1.9436363636363636
2.067727272727273
2.0422727272727275
1.8240909090909092
1.741818181818182
1.9795454545454545
2.035
2.1468181818181815
2.212727272727273
2.3531818181818185
2.1999999999999997
1.9904545454545455
1.9259090909090908
2.252272727272727
2.125909090909091
2.075909090909091
2.2022727272727276
2.0731818181818182
1.8513636363636363
1.744090909090909
1.6618181818181819
1.6636363636363638
1.625
1.8009090909090908
1.8063636363636364
1.8327272727272728
1.742727272727273
1.8127272727272725
1.6327272727272728
1.4481818181818182
1.6209090909090909
1.7113636363636362
1.6163636363636364
1.5554545454545454
1.7409090909090907
1.8386363636363638
1.6863636363636365
1.491818181818182
1.5131818181818182
1.5077272727272728
1.4481818181818182
1.3868181818181817
1.446818181818182
1.425
1.5450000000000002
1.4954545454545454
1.285909090909091
1.4077272727272727
1.0681818181818181
1.184090909090909
1.1877272727272727
1.1059090909090907
1.0972727272727274
1.1422727272727273
1.1009090909090908
1.2536363636363637
1.3113636363636365
1.3904545454545454
1.3418181818181818
1.1290909090909091
1.1881818181818182
1.325
1.1595454545454544
1.2659090909090909
1.2249999999999999
1.0540909090909092
1.1495454545454544
0.9277272727272727
0.9963636363636365
0.9381818181818182
0.8090909090909091
0.9472727272727273
0.9777272727272727
0.9318181818181818
1.0931818181818183
0.9409090909090909
0.755
0.8209090909090908
0.8527272727272728
0.8995454545454545
0.8254545454545454
1.0763636363636364
0.924090909090909
0.9045454545454544
0.7961904761904761
0.7852380952380952
0.6690476190476191
0.6042857142857143
0.7066666666666667
0.7142857142857143
0.8099999999999999
0.8714285714285714
0.7042857142857143
0.7595238095238095
0.7357142857142857
0.7609523809523809
0.6976190476190476
0.6409523809523809
0.47714285714285715
0.5804761904761905
0.6495238095238095
0.5466666666666666
0.6233333333333333
0.5452380952380952
0.5833333333333334
0.5347619047619048
0.5914285714285714
0.589047619047619
0.5104761904761905
0.6376190476190476
0.809047619047619
0.589047619047619
0.5733333333333334
0.7414285714285714
0.6404761904761904
0.6047619047619047
0.49809523809523815
0.46952380952380957
0.5342857142857144
0.49523809523809526
0.4847619047619047
0.4266666666666667
0.31
0.37666666666666665
0.5204761904761904
0.43238095238095237
0.3542857142857143
0.3880952380952381
0.5352380952380953
0.5885714285714286
0.4004761904761905
0.3933333333333333
0.45428571428571424
0.3771428571428571
0.3647619047619048
0.3442857142857143
0.1742857142857143
0.28619047619047616
0.31333333333333335
0.2028571428571429
0.3442857142857143
0.27666666666666667
0.27809523809523806
0.2814285714285714
0.2838095238095238
0.24761904761904763
0.2
0.16999999999999998
0.3028571428571429
0.3042857142857143
0.2976190476190476
0.3057142857142857
0.28476190476190477
0.3566666666666667
0.41047619047619044
0.26666666666666666
0.35
0.2357142857142857
0.27142857142857146
0.3047619047619048
0.31190476190476196
0.29428571428571426
0.27809523809523806
0.33476190476190476
0.29238095238095235
0.3823809523809524
0.4014285714285714
0.5466666666666666
0.3947619047619047
0.3538095238095238
0.310952380952381
0.34904761904761905
0.3419047619047619
0.4357142857142857
0.44761904761904764
0.5047619047619047
