temperature
5.294615384615384
4.7069230769230765
4.533076923076923
4.378846153846154
4.543461538461538
4.429615384615385
5.092307692307693
4.930384615384615
4.580384615384616
4.816923076923077
5.133461538461538
5.4180769230769235
5.18076923076923
4.762692307692308
4.787307692307692
4.428461538461539
4.266538461538461
4.667692307692308
4.853846153846154
4.049615384615384
3.598846153846154
4.311153846153847
4.102692307692307
4.026923076923077
4.457307692307692
4.510384615384615
4.8696153846153845
4.970384615384615
4.770769230769231
4.095
4.596153846153846
4.8307692307692305
4.736923076923077
4.806923076923077
5.637692307692307
5.7153846153846155
4.88
4.4811538461538465
4.54576923076923
4.604615384615385
4.2676923076923075
4.899615384615385
4.8707692307692305
4.445769230769231
4.932307692307693
5.837307692307693
5.3149999999999995
5.727307692307692
5.34076923076923
5.775
6.0503846153846155
6.42576923076923
6.05076923076923
6.147307692307693
5.94423076923077
5.819615384615385
5.709615384615384
5.537307692307692
5.189615384615385
5.104230769230769
5.40076923076923
5.253076923076923
4.994615384615385
5.606538461538462
5.906923076923078
6.575384615384616
6.974230769230768
7.33576923076923
7.213846153846154
6.990384615384615
7.2373076923076916
6.415384615384615
7.74
8.237307692307693
8.138076923076923
7.601923076923077
7.179615384615384
7.076153846153845
6.842307692307693
7.251538461538461
7.043846153846153
7.370384615384615
7.496538461538462
7.660769230769231
7.488461538461538
7.70423076923077
8.192307692307692
8.585769230769232
9.116923076923076
8.763461538461538
8.551923076923076
9.014615384615384
8.889615384615384
8.548076923076923
9.064615384615385
8.391923076923076
7.838846153846154
8.108846153846155
8.953461538461537
8.657307692307693
8.121153846153847
8.454615384615384
8.863846153846154
9.131923076923076
9.081538461538461
8.885769230769231
9.203846153846154
9.112692307692308
9.249615384615385
9.560384615384615
10.656153846153845
11.172692307692309
11.052307692307693
11.561538461538463
10.779230769230768
9.903846153846153
10.30153846153846
10.481538461538461
9.821153846153846
10.438076923076922
10.811923076923078
10.774615384615384
10.916923076923077
10.715000000000002
11.19076923076923
11.58
12.201538461538462
12.373846153846152
12.852692307692308
12.867692307692307
12.311153846153845
11.853461538461538
12.126923076923077
11.675384615384615
12.127692307692307
12.872692307692308
12.759615384615385
12.855384615384615
13.168846153846154
13.236153846153845
13.154615384615385
13.158846153846154
13.51
13.522692307692306
13.890384615384615
14.045769230769231
13.900769230769232
13.642692307692307
13.561153846153845
13.811923076923078
13.870000000000001
15.149230769230769
15.246153846153845
14.502692307692307
14.161538461538461
14.13076923076923
14.298461538461538
14.470769230769232
14.636538461538462
15.360000000000001
14.954615384615384
15.099615384615383
15.044615384615385
15.47
15.724230769230768
15.696538461538463
16.208846153846153
16.654999999999998
16.369615384615386
16.134615384615383
16.151923076923076
15.941153846153847
15.735384615384616
16.376153846153844
16.48153846153846
16.298076923076923
16.690384615384616
16.751923076923077
16.37153846153846
16.833846153846153
16.51615384615385
17.024615384615384
17.24653846153846
16.736153846153847
17.358461538461537
17.68307692307692
17.270384615384618
17.011153846153846
17.311923076923076
17.323076923076922
17.450384615384614
17.065384615384616
16.982307692307693
17.005
17.361153846153847
17.533846153846152
18.146153846153847
18.158076923076923
18.779230769230768
19.036923076923078
18.301923076923078
17.808846153846154
17.863076923076925
18.56269230769231
18.652692307692305
18.72153846153846
18.56
18.36653846153846
18.333076923076923
18.186153846153847
17.898076923076925
17.99615384615385
18.551538461538463
18.266538461538463
18.314230769230768
18.085
18.317307692307693
18.835384615384616
18.442307692307693
18.90153846153846
18.086923076923078
18.09846153846154
19.126538461538463
18.011153846153846
18.456153846153846
18.183461538461536
17.77230769230769
17.340384615384615
18.002692307692307
17.95730769230769
17.655384615384616
17.433846153846154
17.634999999999998
17.779999999999998
17.48076923076923
16.942692307692308
17.798846153846153
16.989615384615384
16.547307692307694
16.52846153846154
16.488076923076925
15.86923076923077
15.841923076923077
15.718846153846155
16.654230769230768
16.27769230769231
16.42153846153846
16.70653846153846
16.090769230769233
15.810384615384615
16.03
15.732307692307693
16.338076923076922
16.261153846153846
15.32076923076923
15.223461538461539
14.90230769230769
15.043076923076923
14.816923076923077
14.18576923076923
15.026153846153846
14.949615384615385
14.941153846153846
14.695384615384615
14.561538461538463
14.329615384615384
13.895
13.87923076923077
13.774999999999999
14.027692307692307
14.01423076923077
13.981153846153846
14.32346153846154
13.726153846153846
12.927692307692308
12.795384615384616
12.19576923076923
12.621538461538462
12.008846153846154
11.971538461538461
12.611923076923079
12.704615384615384
12.873461538461537
11.949615384615385
11.99076923076923
12.006538461538462
11.57846153846154
11.487307692307693
11.618461538461538
10.723846153846154
10.99423076923077
10.85153846153846
10.891153846153847
11.19923076923077
10.775384615384617
11.214615384615383
11.18153846153846
11.288846153846153
10.75423076923077
10.653846153846153
10.485000000000001
10.150769230769232
10.18923076923077
10.113846153846152
9.694230769230769
9.621923076923077
9.170769230769231
8.676923076923076
8.727307692307692
8.668461538461539
8.54076923076923
8.242692307692307
8.05846153846154
8.52076923076923
8.475
8.08576923076923
7.932307692307693
7.554230769230769
7.827307692307692
7.4096153846153845
7.258846153846154
7.256923076923077
6.508461538461538
6.251538461538461
6.38
6.380769230769231
5.952307692307692
6.399230769230769
6.290384615384616
6.5126923076923084
6.434615384615385
6.484999999999999
6.161538461538461
5.973076923076923
5.721153846153846
5.524230769230769
5.317692307692307
5.196538461538462
5.780384615384615
5.821923076923077
5.446153846153846
5.520384615384615
5.101923076923077
5.244230769230769
4.921153846153846
5.270384615384615
4.939615384615385
5.0200000000000005
5.3161538461538465
4.8803846153846155
4.520384615384615
4.426923076923077
4.292307692307692
4.482692307692307
5.286538461538461
5.667307692307692
6.570769230769231
6.524615384615384
5.280384615384615
5.25
4.651153846153846
3.9257692307692307
4.480769230769231
5.302307692307693
4.932307692307693
