temperature
1.0715384615384616
0.37307692307692314
0.017692307692307743
0.7188461538461538
0.9992307692307693
0.9823076923076923
0.7534615384615384
0.9165384615384615
0.6342307692307692
0.8415384615384615
0.5507692307692308
-0.0861538461538461
0.8819230769230769
1.185
1.2496153846153844
0.603076923076923
0.41461538461538466
0.8292307692307692
1.1884615384615385
1.353076923076923
1.3588461538461538
1.1965384615384616
0.9730769230769231
0.5611538461538461
-0.5361538461538461
-0.06615384615384615
-0.5219230769230768
0.4623076923076922
0.838076923076923
0.05846153846153848
0.16884615384615384
0.5080769230769231
1.3892307692307695
1.1515384615384614
1.1700000000000002
1.8992307692307693
1.0134615384615384
0.19423076923076926
-0.2696153846153846
0.14269230769230773
-0.14653846153846153
-0.2003846153846154
0.14115384615384607
-0.3369230769230768
-0.5623076923076924
-0.7884615384615384
-0.35
0.2692307692307693
0.2834615384615385
0.6384615384615384
0.7246153846153847
1.3415384615384616
1.4553846153846153
1.4892307692307691
1.4726923076923077
0.9665384615384617
0.7626923076923078
1.716923076923077
1.1973076923076924
1.3061538461538462
1.646923076923077
1.6246153846153848
2.1823076923076923
2.9496153846153845
3.2653846153846158
3.563846153846154
2.6907692307692312
2.576923076923077
2.898076923076923
2.8076923076923075
2.866153846153846
2.105
1.4442307692307692
1.4430769230769231
1.6807692307692306
2.0515384615384615
1.3657692307692306
1.4596153846153845
1.415769230769231
1.6434615384615383
2.1623076923076923
2.0576923076923075
2.171923076923077
2.4123076923076923
2.3034615384615384
2.36
2.1938461538461542
2.898846153846154
3.3134615384615387
3.5215384615384617
3.3188461538461542
2.48
2.3123076923076926
3.1846153846153844
3.177692307692308
3.332692307692308
2.704230769230769
2.9311538461538467
3.5334615384615384
4.5115384615384615
4.246538461538462
3.543461538461538
3.4415384615384617
5.014615384615384
5.408846153846154
4.7519230769230765
4.913076923076923
4.987692307692308
4.705769230769231
4.730384615384615
5.206153846153845
4.842692307692308
4.852307692307692
4.980769230769231
4.745
5.321538461538462
5.180000000000001
5.123461538461539
5.683461538461539
5.491153846153846
5.4180769230769235
5.274615384615384
5.731538461538462
6.0346153846153845
5.656538461538461
6.3549999999999995
6.695384615384615
6.649230769230769
6.143076923076923
6.413461538461538
6.056153846153847
6.809615384615385
6.803076923076923
7.135
6.8792307692307695
6.258076923076923
7.450769230769231
7.151923076923077
7.3100000000000005
7.871153846153846
8.153076923076922
7.648846153846154
8.342692307692307
8.483461538461539
8.784230769230769
8.542307692307691
8.366538461538461
8.243076923076924
8.370384615384616
8.690384615384614
9.118461538461538
9.669615384615385
9.305
9.306923076923077
9.00576923076923
9.184615384615386
9.506923076923076
9.618846153846153
9.731538461538461
9.646153846153847
9.13423076923077
9.611153846153845
9.527307692307692
9.386538461538462
9.646153846153847
9.986153846153845
10.218076923076923
10.42153846153846
10.474615384615383
10.904230769230768
10.461923076923076
10.198846153846155
10.458076923076923
10.441538461538462
10.626923076923077
11.107692307692307
10.67923076923077
10.561538461538463
10.84153846153846
11.238461538461538
11.16576923076923
11.181153846153846
11.418076923076923
11.839615384615383
12.031923076923077
11.803846153846154
12.447307692307692
12.661538461538461
12.093076923076923
11.89576923076923
12.272692307692306
12.50076923076923
12.033846153846154
12.298076923076923
12.19576923076923
11.803846153846154
10.906153846153845
11.85423076923077
11.648846153846154
12.771153846153847
12.377692307692307
11.756538461538462
11.707307692307692
12.100384615384616
12.058076923076923
12.54076923076923
12.828846153846154
12.94076923076923
13.32
12.959999999999999
12.622692307692308
12.196153846153846
12.51423076923077
12.538076923076924
11.965384615384616
12.066153846153846
12.01
11.873461538461537
11.504615384615384
11.72653846153846
11.827307692307691
11.666153846153845
12.299615384615386
12.081923076923077
11.945
12.243846153846153
12.414230769230768
11.549615384615386
11.729615384615386
11.707307692307692
12.047692307692309
12.14576923076923
11.781923076923077
10.95923076923077
11.666153846153845
11.599230769230768
11.233076923076924
11.31576923076923
10.925
11.458846153846155
10.815384615384614
10.462692307692306
11.044615384615383
10.643461538461539
10.330769230769231
10.70346153846154
10.26
9.61346153846154
9.343461538461538
10.135
9.986153846153845
9.631538461538462
8.895384615384616
8.71076923076923
8.963076923076922
8.692692307692308
8.797307692307692
8.696153846153846
9.951538461538462
9.611538461538462
9.236153846153845
9.346923076923078
9.327692307692308
8.924615384615384
8.730384615384615
8.408076923076923
7.575384615384616
7.5407692307692304
7.556153846153847
7.29576923076923
8.355384615384615
8.605384615384615
8.608846153846153
8.27576923076923
8.097692307692308
7.658461538461538
7.686923076923076
7.739230769230769
7.554615384615384
7.249230769230769
7.682307692307693
7.3342307692307696
6.6850000000000005
6.643461538461538
5.8100000000000005
5.975769230769231
6.5284615384615385
6.143846153846154
5.813076923076922
5.77576923076923
5.956153846153847
5.570384615384616
4.717307692307693
5.330384615384616
5.492692307692308
6.0600000000000005
5.822692307692307
5.34923076923077
5.546153846153847
5.308076923076923
5.244230769230769
5.108846153846154
5.232307692307692
4.686538461538461
4.801923076923076
4.825384615384616
4.8803846153846155
4.331538461538462
3.9707692307692306
4.252307692307692
4.6899999999999995
4.161153846153846
4.100769230769231
4.04576923076923
3.454230769230769
2.8307692307692305
2.8834615384615385
3.097692307692308
3.0134615384615384
2.276923076923077
2.3103846153846153
2.4930769230769227
1.8303846153846155
1.741153846153846
2.9769230769230766
3.2146153846153847
2.7946153846153843
2.528461538461538
2.6076923076923078
2.0234615384615386
2.2046153846153844
1.8896153846153847
1.3603846153846155
1.7546153846153847
2.1
2.6469230769230765
2.7915384615384613
2.503076923076923
2.32
1.2623076923076924
0.6057692307692307
0.9903846153846154
1.4430769230769231
1.9538461538461538
1.536923076923077
1.5792307692307692
1.7184615384615385
1.615
1.6023076923076922
1.468076923076923
1.183846153846154
1.643076923076923
1.3057692307692306
1.23
1.0780769230769232
1.3084615384615383
1.3853846153846154
1.7146153846153847
1.7215384615384615
0.9065384615384615
0.4103846153846154
0.5142307692307692
0.01653846153846146
0.46461538461538454
0.8246153846153846
