pet
0.4288461538461539
0.47961538461538467
0.3665384615384616
0.3853846153846154
0.5907692307692307
0.42615384615384616
0.44461538461538463
0.5
0.6142307692307691
0.6238461538461538
0.4592307692307692
0.4357692307692308
0.46807692307692306
0.5438461538461539
0.5611538461538461
0.4896153846153846
0.29230769230769227
0.3526923076923077
0.40653846153846157
0.4357692307692308
0.6353846153846153
0.6011538461538461
0.6053846153846154
0.5661538461538462
0.5665384615384615
0.48384615384615387
0.5242307692307692
0.5084615384615385
0.5592307692307693
0.48615384615384616
0.5700000000000001
0.5265384615384615
0.48000000000000004
0.5996153846153847
0.6092307692307692
0.768076923076923
0.8361538461538461
0.6880769230769231
0.5846153846153845
0.5850000000000001
0.5557692307692308
0.58
0.5088461538461538
0.42807692307692313
0.39923076923076917
0.43615384615384617
0.41923076923076924
0.558076923076923
0.5553846153846154
0.5176923076923077
0.5846153846153845
0.6242307692307693
0.6257692307692307
0.7746153846153846
0.7180769230769231
0.6726923076923078
0.6680769230769231
0.7980769230769231
0.815
0.8807692307692307
0.9984615384615385
0.9215384615384615
0.8907692307692308
1.0334615384615384
1.1176923076923075
1.166923076923077
1.1946153846153846
1.1057692307692308
1.3369230769230769
1.2284615384615383
1.228076923076923
1.146153846153846
1.1288461538461538
1.1092307692307692
1.2107692307692308
1.3634615384615385
1.4353846153846155
1.1934615384615386
1.2773076923076923
1.2926923076923076
1.2446153846153847
1.4615384615384615
1.5253846153846153
1.4211538461538462
1.3746153846153848
1.3046153846153847
1.3411538461538461
1.3773076923076923
1.4446153846153846
1.7488461538461537
1.7242307692307692
1.603076923076923
1.433846153846154
1.3030769230769232
1.5376923076923075
1.6453846153846154
1.6596153846153845
1.4719230769230767
1.6396153846153847
1.9346153846153844
1.863076923076923
1.9273076923076924
1.7838461538461539
1.8023076923076924
2.0065384615384616
2.0773076923076923
1.866923076923077
1.9015384615384614
2.117692307692308
1.9815384615384617
2.165
2.413846153846154
2.078076923076923
2.007307692307692
2.069230769230769
2.0273076923076925
1.9853846153846153
2.0765384615384614
2.1173076923076923
2.27
2.2
2.4092307692307693
2.2657692307692305
2.292692307692308
2.4007692307692308
2.477692307692308
2.6630769230769227
2.630769230769231
2.647307692307692
2.6426923076923075
2.539230769230769
2.696923076923077
2.6296153846153847
2.6453846153846152
2.8350000000000004
2.7796153846153846
2.5688461538461542
2.6584615384615384
2.79
3.0188461538461535
2.756153846153846
2.964230769230769
2.9523076923076923
3.0592307692307696
2.914230769230769
3.0107692307692306
2.8126923076923074
2.6980769230769233
2.9365384615384613
2.8815384615384616
3.038846153846154
2.9796153846153848
2.792692307692308
2.7150000000000003
2.744230769230769
2.8165384615384617
2.8173076923076925
2.8923076923076922
2.8826923076923077
2.7600000000000002
2.688846153846154
2.726153846153846
2.6403846153846158
2.840384615384615
2.7415384615384615
2.64
2.8565384615384612
2.6530769230769233
2.8288461538461536
2.899230769230769
2.8438461538461537
2.793461538461538
2.695
2.7057692307692305
2.8065384615384614
2.898846153846154
3.006153846153846
2.9515384615384614
2.9073076923076924
2.861923076923077
3.018076923076923
3.043461538461538
2.950384615384615
2.928846153846154
3.2242307692307692
3.1738461538461538
3.223076923076923
3.227307692307692
3.4000000000000004
3.1165384615384615
3.1438461538461535
3.2473076923076927
3.081153846153846
3.251923076923077
3.3092307692307688
3.102692307692308
2.920384615384615
2.9253846153846155
2.903461538461538
3.1423076923076922
3.0961538461538463
3.0250000000000004
3.009230769230769
3.0203846153846152
2.9000000000000004
3.0488461538461538
3.0915384615384616
3.203076923076923
3.1976923076923076
3.343461538461539
3.4299999999999997
3.212307692307692
2.954230769230769
3.0869230769230773
3.1153846153846154
2.960384615384615
2.861923076923077
2.9334615384615383
2.852692307692308
2.9434615384615386
2.9226923076923077
2.8123076923076926
2.850769230769231
2.816923076923077
2.9011538461538464
3.102307692307692
3.0592307692307696
2.8492307692307692
2.7053846153846157
2.7596153846153846
2.9403846153846156
2.897692307692308
2.9346153846153844
2.581538461538462
2.4050000000000002
2.4265384615384615
2.508076923076923
2.4096153846153845
2.276153846153846
2.423076923076923
2.464230769230769
2.328076923076923
2.2315384615384617
2.327692307692308
2.2992307692307694
2.2357692307692307
2.2665384615384614
2.1561538461538463
2.0034615384615386
2.23
2.2742307692307695
2.276153846153846
2.043846153846154
1.9530769230769232
1.9073076923076924
1.6957692307692307
1.7703846153846154
1.7880769230769231
1.9103846153846153
1.8288461538461538
1.8469230769230771
1.6511538461538462
1.7615384615384615
1.815
1.6807692307692308
1.7834615384615384
1.56
1.533076923076923
1.605
1.503076923076923
1.585
1.6788461538461539
1.5261538461538462
1.473076923076923
1.4830769230769232
1.4307692307692308
1.4076923076923078
1.3726923076923077
1.363846153846154
1.1896153846153845
1.3819230769230768
1.445
1.388076923076923
1.3353846153846154
1.3403846153846155
1.116923076923077
0.98
1.005
0.8953846153846154
1.0084615384615385
1.0061538461538462
1.0061538461538462
0.8653846153846154
0.7938461538461539
0.8257692307692307
0.9188461538461539
0.9792307692307692
0.9238461538461539
0.8615384615384615
0.9019230769230769
0.8203846153846155
0.8215384615384616
0.9234615384615386
0.8880769230769231
0.8746153846153846
0.9303846153846155
0.7757692307692309
0.7207692307692307
0.6365384615384616
0.578076923076923
0.8169230769230769
0.7807692307692308
0.7265384615384616
0.83
0.6142307692307691
0.5142307692307693
0.5311538461538462
0.5207692307692308
0.5257692307692308
0.4673076923076923
0.5384615384615384
0.5988461538461538
0.42769230769230765
0.3403846153846154
0.45576923076923076
0.5546153846153846
0.66
0.5103846153846153
0.565
0.48730769230769233
0.4284615384615385
0.3526923076923077
0.3242307692307692
0.4773076923076923
0.5273076923076924
0.6776923076923077
0.6092307692307692
0.5542307692307692
0.4584615384615385
0.38653846153846155
0.41346153846153844
0.40923076923076923
0.3215384615384615
0.39
0.37576923076923074
0.4519230769230769
0.3834615384615384
0.40923076923076923
0.4284615384615385
0.385
0.4296153846153846
0.4242307692307693
0.4653846153846154
0.5253846153846153
0.5696153846153846
0.5273076923076924
0.5292307692307692
0.535
0.5080769230769231
0.5553846153846154
0.6276923076923077
0.658076923076923
0.5176923076923077
0.38
0.3988461538461538
