pet
0.48000000000000004
0.4342307692307692
0.4176923076923077
0.39538461538461545
0.4880769230769231
0.5015384615384616
0.5326923076923077
0.4553846153846154
0.47423076923076923
0.4984615384615385
0.6203846153846153
0.6038461538461539
0.533076923076923
0.533076923076923
0.6192307692307693
0.5653846153846154
0.4807692307692308
0.5769230769230769
0.6169230769230769
0.4888461538461538
0.5373076923076924
0.47846153846153844
0.5138461538461538
0.5415384615384615
0.5065384615384615
0.5103846153846153
0.5576923076923077
0.6157692307692308
0.6126923076923076
0.5946153846153847
0.5734615384615385
0.6276923076923077
0.6261538461538462
0.5703846153846154
0.6373076923076924
0.643076923076923
0.5857692307692308
0.5969230769230769
0.5792307692307692
0.5484615384615384
0.621923076923077
0.6900000000000001
0.6465384615384615
0.61
0.7480769230769231
0.8169230769230769
0.7526923076923077
0.7692307692307693
0.73
0.8538461538461538
0.8480769230769231
0.8280769230769232
0.8746153846153846
0.8515384615384616
0.785
0.8011538461538462
0.7223076923076923
0.7761538461538462
0.7030769230769232
0.7503846153846153
0.8273076923076922
0.7180769230769232
0.6080769230769231
0.73
0.948076923076923
1.0542307692307693
1.1626923076923077
1.1603846153846153
1.1815384615384614
1.1934615384615386
0.9715384615384615
1.041153846153846
1.2265384615384616
1.3696153846153847
1.2865384615384616
1.2896153846153846
1.2046153846153846
1.3007692307692307
1.3065384615384614
1.366153846153846
1.418076923076923
1.4542307692307692
1.441923076923077
1.6238461538461537
1.6292307692307693
1.5957692307692308
1.5830769230769233
1.5561538461538462
1.6196153846153847
1.6915384615384614
1.7242307692307692
1.7626923076923076
1.6388461538461538
1.6211538461538462
1.8003846153846155
1.7734615384615384
1.59
1.7873076923076923
1.9076923076923078
1.7950000000000002
1.833076923076923
1.9065384615384615
1.8884615384615384
2.014615384615385
1.988846153846154
2.043076923076923
2.033846153846154
1.9776923076923079
2.0326923076923076
2.3242307692307693
2.649230769230769
2.435769230769231
2.518076923076923
2.458076923076923
2.2796153846153846
2.1192307692307693
2.2246153846153844
2.168076923076923
2.0111538461538463
2.0707692307692307
2.23
2.530384615384615
2.476923076923077
2.331923076923077
2.397692307692308
2.4084615384615384
2.661153846153846
2.648076923076923
2.643076923076923
2.8396153846153847
2.666153846153846
2.57
2.439230769230769
2.5069230769230773
2.7423076923076923
2.6757692307692307
2.6223076923076927
2.4673076923076924
2.5300000000000002
2.511923076923077
2.6530769230769233
2.598076923076923
2.5992307692307692
2.633846153846154
2.746153846153846
2.776923076923077
2.7423076923076923
2.8576923076923078
2.899230769230769
3.11
3.0203846153846152
3.0415384615384613
2.834230769230769
2.7688461538461535
2.555769230769231
2.5561538461538467
2.582307692307692
2.5492307692307694
2.5430769230769235
2.6753846153846155
2.656538461538461
2.5107692307692306
2.521153846153846
2.4915384615384615
2.585769230769231
2.501153846153846
2.7823076923076924
2.8469230769230767
2.895769230769231
2.754230769230769
2.667692307692308
2.584230769230769
2.6146153846153846
2.616153846153846
2.7211538461538463
2.871153846153846
2.8438461538461537
2.773076923076923
2.705
2.7284615384615383
2.742692307692308
2.7084615384615387
2.7326923076923078
2.7750000000000004
2.6180769230769227
2.5707692307692307
2.566153846153846
2.661153846153846
2.795
2.891538461538462
2.8423076923076924
2.6873076923076926
2.721538461538462
2.61
2.7734615384615386
2.743846153846154
2.7146153846153847
2.805769230769231
3.078076923076923
3.0265384615384616
2.735
2.671923076923077
2.733076923076923
2.7392307692307694
2.7373076923076924
2.9042307692307694
2.736923076923077
2.526153846153846
2.5696153846153846
2.4826923076923078
2.32
2.3696153846153845
2.5696153846153846
2.543846153846154
2.490769230769231
2.4023076923076925
2.481923076923077
2.411153846153846
2.3315384615384613
2.6103846153846155
2.394615384615385
2.4211538461538464
2.5
2.3815384615384616
2.4915384615384615
2.312692307692308
2.1696153846153843
2.161923076923077
2.193846153846154
2.0757692307692306
2.1330769230769233
2.0946153846153845
2.1384615384615384
2.2607692307692306
2.191538461538461
2.0107692307692306
2.2003846153846154
2.02
1.8884615384615384
1.8523076923076922
1.7988461538461538
1.8900000000000001
1.7565384615384616
1.7873076923076923
2.006923076923077
1.9807692307692308
2.0461538461538464
2.0384615384615383
1.9823076923076923
1.9273076923076924
1.9207692307692308
1.9053846153846155
1.9988461538461537
1.8857692307692309
1.75
1.6076923076923075
1.5796153846153846
1.6134615384615385
1.5711538461538461
1.5638461538461539
1.5484615384615383
1.7065384615384613
1.6969230769230768
1.6942307692307692
1.5723076923076924
1.4703846153846156
1.3065384615384614
1.334230769230769
1.3800000000000001
1.3661538461538463
1.3723076923076922
1.4849999999999999
1.5003846153846152
1.335
1.2588461538461537
1.1992307692307693
1.116153846153846
1.2165384615384616
1.0726923076923076
1.1534615384615385
1.2646153846153847
1.1896153846153845
1.2484615384615385
1.0146153846153845
1.0776923076923077
1.1596153846153845
1.0307692307692309
1.1026923076923079
0.9584615384615385
0.9292307692307692
0.9896153846153847
0.8123076923076924
0.9015384615384616
0.9261538461538461
0.8538461538461538
1.0
1.0015384615384615
0.9680769230769232
0.9738461538461538
0.9746153846153847
1.008076923076923
0.9657692307692307
1.0
0.9492307692307692
0.8376923076923077
0.8007692307692308
0.6753846153846154
0.7507692307692307
0.7407692307692308
0.6853846153846154
0.6357692307692309
0.6392307692307693
0.6842307692307692
0.6919230769230769
0.6438461538461537
0.5807692307692308
0.5807692307692307
0.6373076923076924
0.6838461538461539
0.5457692307692308
0.6396153846153846
0.5549999999999999
0.5192307692307693
0.5026923076923077
0.4819230769230769
0.4369230769230769
0.4765384615384616
0.48730769230769233
0.5253846153846153
0.5123076923076924
0.51
0.5288461538461539
0.5603846153846154
0.5111538461538461
0.41884615384615387
0.43961538461538463
0.3861538461538462
0.4003846153846154
0.4826923076923077
0.5584615384615385
0.4519230769230769
0.4734615384615385
0.49807692307692303
0.5084615384615385
0.4453846153846154
0.5026923076923077
0.42500000000000004
0.43
0.41346153846153844
0.41807692307692307
0.3961538461538462
0.4715384615384615
0.4253846153846154
0.49076923076923074
0.6034615384615385
0.5930769230769231
0.7003846153846154
0.6065384615384615
0.46076923076923076
0.4988461538461539
0.47923076923076924
0.3988461538461538
0.6038461538461538
0.5684615384615385
0.5507692307692308
