temperature
5.93076923076923
5.565384615384615
5.288076923076924
5.1899999999999995
5.4350000000000005
5.3442307692307685
5.451153846153845
5.143461538461538
5.166923076923077
5.795
6.401923076923077
6.486923076923077
6.0903846153846155
6.229615384615385
6.337307692307693
6.108076923076923
5.871153846153846
5.901153846153846
5.937307692307693
5.365384615384615
5.635769230769231
5.483846153846154
5.430000000000001
5.447307692307692
5.444615384615385
5.193076923076924
5.489615384615385
5.639615384615384
5.69423076923077
5.570384615384616
5.354230769230769
5.44423076923077
5.41
5.462692307692308
6.033461538461538
6.03923076923077
5.590769230769231
5.481538461538462
5.304615384615384
5.132692307692308
5.373461538461539
5.677692307692308
5.9653846153846155
5.709615384615384
5.958461538461538
6.329615384615384
6.114230769230769
6.257692307692308
6.125384615384615
6.538076923076924
6.4799999999999995
6.382307692307692
6.388076923076923
6.233461538461539
6.017692307692308
6.054230769230769
5.715769230769231
5.5734615384615385
5.253846153846154
5.236153846153846
5.761923076923077
5.499615384615385
5.062307692307693
5.504230769230769
6.153076923076923
6.622307692307692
7.148076923076923
7.157307692307692
7.155384615384615
7.107692307692308
6.381923076923077
6.694615384615385
7.288461538461538
7.8076923076923075
7.475
7.266538461538461
6.71
7.153846153846154
7.3319230769230765
7.504615384615385
7.6376923076923084
7.767692307692308
7.6911538461538465
8.222307692307693
8.203076923076923
7.9873076923076916
7.966923076923076
7.788461538461538
8.01576923076923
8.232692307692307
8.242692307692307
8.314615384615385
7.944999999999999
7.745384615384615
8.292692307692308
8.285384615384617
7.661538461538461
8.161153846153846
8.61076923076923
8.286538461538461
8.375384615384615
8.600384615384614
8.549615384615384
8.847307692307693
8.815
8.964615384615385
8.996923076923077
8.80923076923077
8.995000000000001
9.899615384615384
10.853846153846153
10.291153846153845
10.57346153846154
10.436538461538463
9.915384615384616
9.502692307692307
9.840384615384615
9.69
9.290384615384616
9.425384615384615
9.725769230769231
10.488076923076923
10.397307692307692
10.081153846153846
10.321923076923078
10.303076923076922
11.093846153846155
11.127692307692307
11.151538461538461
11.727307692307694
11.237307692307693
11.096923076923076
10.865384615384615
11.032692307692308
11.730384615384615
11.56
11.545384615384616
11.252692307692307
11.444230769230769
11.415384615384616
11.901923076923076
11.749615384615385
11.866923076923078
11.998846153846152
12.331153846153846
12.441538461538462
12.319230769230769
12.701923076923077
12.890769230769232
13.409999999999998
13.25076923076923
14.088461538461539
13.799230769230768
13.665384615384616
13.159230769230769
13.231153846153846
13.265384615384615
13.276538461538461
13.363846153846152
13.764615384615384
13.731538461538461
13.416538461538462
13.524999999999999
13.527692307692307
13.846153846153847
13.665384615384616
14.475000000000001
14.648076923076925
14.838076923076924
14.484615384615385
14.30423076923077
14.085384615384616
14.329615384615384
14.419230769230769
14.769615384615385
15.158846153846154
15.122307692307693
15.023846153846154
14.893076923076924
15.013846153846155
15.13846153846154
15.052692307692308
15.171923076923077
15.361153846153845
14.99
14.91
14.939615384615385
15.224230769230768
15.668076923076923
15.969615384615384
15.876153846153844
15.51576923076923
15.685384615384615
15.438076923076922
15.927692307692308
15.874615384615385
15.864615384615385
16.15653846153846
16.894615384615385
16.796153846153846
16.11230769230769
15.941153846153847
16.216923076923077
16.281923076923075
16.29
16.77653846153846
16.39
15.93153846153846
16.08923076923077
15.831538461538461
15.464615384615383
15.680769230769231
16.29923076923077
16.296923076923076
16.188076923076924
15.997307692307693
16.238846153846154
16.096153846153847
15.900384615384617
16.69076923076923
16.13576923076923
16.25346153846154
16.498076923076923
16.213846153846156
16.53923076923077
16.040384615384617
15.662307692307694
15.723461538461539
15.825
15.513076923076925
15.669230769230769
15.60153846153846
15.728461538461538
16.108076923076922
15.931923076923077
15.387692307692307
15.951923076923077
15.483076923076924
15.11153846153846
15.016923076923076
14.72923076923077
15.011538461538462
14.646923076923077
14.681153846153846
15.28730769230769
15.221923076923076
15.411153846153846
15.409230769230769
15.180384615384614
15.03346153846154
15.04076923076923
14.996538461538462
15.264999999999999
14.893076923076924
14.496923076923078
14.106923076923076
14.008076923076922
14.150769230769232
13.839615384615383
13.913846153846153
13.944615384615386
14.399230769230769
14.36576923076923
14.345769230769232
13.941923076923077
13.53076923076923
13.065384615384614
13.120384615384616
13.163076923076924
13.227307692307694
13.183076923076923
13.603076923076923
13.685384615384615
12.878461538461538
12.494615384615384
12.289230769230768
11.959615384615384
12.468846153846155
11.827692307692306
12.078076923076923
12.438461538461537
12.267692307692307
12.351923076923075
11.655
11.801153846153845
11.82423076923077
11.434615384615386
11.84
11.180384615384614
10.963076923076924
11.136923076923077
10.60153846153846
10.835769230769232
10.803846153846154
10.631153846153847
10.885
10.789230769230768
10.865384615384615
10.887307692307692
10.50423076923077
10.469615384615384
10.407692307692308
10.583461538461538
10.388076923076921
9.811153846153847
9.708076923076923
9.318846153846154
9.482307692307693
9.518461538461539
9.231923076923078
9.018461538461539
8.846153846153847
8.903846153846153
9.169230769230769
8.959615384615384
8.573846153846153
8.301538461538462
8.46923076923077
8.838461538461539
8.192307692307692
8.538846153846153
8.105
7.816923076923077
7.4726923076923075
7.317692307692307
7.11
7.191923076923077
7.429230769230769
7.303076923076923
7.328846153846154
7.102307692307692
7.101538461538462
7.2288461538461535
6.755
6.3234615384615385
6.4057692307692315
6.418461538461538
6.413846153846153
6.701923076923077
7.04
6.601923076923077
6.5661538461538465
6.885
6.876538461538461
6.591538461538462
6.753076923076923
6.240769230769231
6.384615384615385
6.21923076923077
5.961923076923076
5.993846153846154
6.153846153846154
5.876153846153846
6.096153846153846
6.677692307692308
6.711923076923076
7.181538461538461
6.794615384615384
6.065384615384615
6.147692307692308
5.651153846153846
5.433461538461539
6.3888461538461545
6.186923076923078
6.073076923076924
