temperature
3.3530769230769235
3.3669230769230767
3.145769230769231
3.508846153846154
4.227692307692307
3.5415384615384613
3.5488461538461538
4.17
4.427692307692308
4.287692307692308
3.322307692307692
2.9615384615384617
3.1384615384615384
3.7311538461538465
3.846538461538462
3.3607692307692307
2.4657692307692307
2.9234615384615386
3.0773076923076923
3.4753846153846153
4.382307692307692
4.051153846153846
4.152692307692307
3.7403846153846154
3.546923076923077
3.161923076923077
3.2119230769230764
3.352692307692308
3.4226923076923077
2.7453846153846153
3.1742307692307694
3.005769230769231
3.230769230769231
3.6584615384615384
3.571923076923077
4.3938461538461535
4.460769230769231
3.832307692307692
3.381153846153846
3.0157692307692305
2.8646153846153846
3.0757692307692306
2.6557692307692307
2.144230769230769
1.9280769230769232
2.0603846153846153
2.2515384615384617
2.910769230769231
2.858076923076923
2.461153846153846
2.746153846153846
3.1873076923076926
3.411538461538462
3.936153846153846
3.7761538461538464
3.4269230769230767
3.488846153846154
4.155769230769231
4.2092307692307696
4.476538461538461
4.828076923076923
4.37
4.202692307692308
4.94923076923077
5.197692307692307
5.432307692307693
5.532307692307692
5.265
6.053846153846154
5.612692307692308
5.663846153846153
5.280384615384615
5.2299999999999995
5.143461538461538
5.444999999999999
5.737692307692308
6.251538461538461
5.4557692307692305
5.678846153846154
5.7807692307692315
5.526538461538461
6.376923076923077
6.528846153846154
6.263461538461538
6.100384615384614
5.660769230769231
5.644615384615384
5.810769230769231
6.000384615384615
7.196538461538461
7.000384615384615
6.417692307692307
5.7711538461538465
5.30076923076923
6.1765384615384615
6.604615384615385
6.586538461538462
5.813846153846153
6.494230769230769
7.451923076923077
7.381153846153846
7.41423076923077
6.985769230769231
7.253846153846154
7.896923076923077
8.092307692307692
7.492692307692308
7.513461538461538
8.258846153846154
7.80576923076923
8.465769230769231
9.263461538461538
8.157692307692308
7.966538461538462
8.040384615384616
8.036538461538461
7.907692307692307
8.363846153846154
8.448846153846153
9.083461538461538
8.616538461538461
9.142692307692307
8.913846153846153
8.955384615384615
9.393076923076922
9.81576923076923
10.315384615384614
10.23653846153846
10.218461538461538
10.243076923076924
10.011923076923077
10.468076923076923
10.390384615384615
10.54653846153846
11.033846153846154
10.975769230769231
10.452692307692306
10.771538461538462
11.090769230769231
11.834615384615384
11.30423076923077
11.848076923076924
11.881923076923076
12.176153846153845
11.833461538461538
12.161923076923076
11.617692307692307
11.425384615384615
12.192307692307692
11.998846153846156
12.66576923076923
13.102692307692308
12.834615384615384
12.673461538461538
12.844615384615384
13.187692307692307
13.191538461538462
13.477692307692308
13.551153846153845
13.218076923076923
13.143846153846154
13.26346153846154
13.204615384615384
13.702692307692306
13.396923076923077
13.333461538461538
14.078846153846154
13.641153846153847
14.08
14.426153846153845
14.369615384615384
14.196538461538463
13.929230769230768
14.0
14.377692307692307
14.835769230769232
15.107307692307693
15.00923076923077
15.021153846153847
14.84423076923077
15.32423076923077
15.397692307692306
15.167307692307693
15.156923076923077
16.088846153846156
15.917307692307691
16.228076923076923
16.196923076923078
16.77576923076923
16.07346153846154
16.19846153846154
16.47346153846154
16.055384615384614
16.686153846153847
16.86769230769231
16.31576923076923
15.833076923076923
15.748076923076923
15.757307692307693
16.60076923076923
16.4
16.31153846153846
16.230384615384615
16.188846153846153
15.93423076923077
16.415384615384617
16.651153846153846
17.019615384615385
17.067692307692308
17.425
17.784230769230767
17.085384615384616
16.468076923076925
16.876538461538463
17.020769230769233
16.565
16.353461538461538
16.496153846153845
16.404615384615383
16.573461538461537
16.57423076923077
16.23384615384615
16.44076923076923
16.306538461538462
16.671153846153846
17.28153846153846
17.129615384615384
16.513846153846153
16.078461538461536
16.302307692307693
16.805
16.72269230769231
16.84730769230769
15.771538461538462
15.341153846153846
15.268846153846154
15.665000000000001
15.334615384615384
14.92923076923077
15.325384615384614
15.55153846153846
15.017307692307693
14.883461538461539
15.092307692307692
14.941538461538462
14.662692307692309
14.876153846153844
14.481153846153846
14.00423076923077
14.78346153846154
14.808461538461538
14.90846153846154
14.115384615384615
13.861923076923075
13.75576923076923
13.146923076923077
13.241923076923078
13.208461538461538
13.838076923076924
13.50576923076923
13.561923076923078
12.975384615384616
13.402692307692309
13.483076923076924
13.06076923076923
13.427307692307693
12.593846153846155
12.52730769230769
12.748846153846156
12.395
12.671923076923077
12.975769230769231
12.467307692307692
12.048076923076923
12.049230769230768
11.767307692307693
11.796153846153846
11.707692307692307
11.734615384615385
11.022692307692306
11.748461538461537
11.92653846153846
11.485384615384616
11.218461538461538
11.333846153846155
10.45
9.931538461538462
9.95
9.404230769230768
9.860384615384616
10.01423076923077
9.875
9.128076923076923
8.878846153846153
9.16423076923077
9.471538461538461
9.706538461538461
9.55076923076923
9.291538461538462
9.093461538461538
8.708076923076923
8.557307692307692
9.048846153846155
8.952307692307691
8.723076923076924
8.701923076923077
8.015384615384615
7.741153846153846
7.162307692307692
7.006153846153846
8.051538461538462
7.886923076923077
7.525384615384615
8.039615384615384
7.107307692307692
6.446923076923077
6.17
5.938076923076922
6.132307692307692
5.795
6.002692307692308
6.273846153846154
5.506538461538461
4.977307692307692
5.234615384615385
5.596153846153846
5.931538461538461
5.706153846153845
5.922307692307692
5.110769230769231
4.72076923076923
4.112307692307692
3.8146153846153847
4.495
4.931923076923076
5.616153846153846
5.533846153846154
5.672307692307692
5.116923076923077
4.403846153846154
4.518461538461539
4.166923076923077
3.745
3.903461538461538
3.824230769230769
4.134230769230769
4.220384615384615
4.253076923076923
4.6753846153846155
4.466538461538462
4.51
4.413461538461538
4.619230769230769
4.8076923076923075
4.9484615384615385
4.379615384615385
4.241153846153846
4.360769230769231
4.2676923076923075
4.673846153846154
4.572692307692308
4.479230769230769
3.9092307692307693
3.0623076923076926
3.126153846153846
