temperature
4.927307692307693
4.3792307692307695
4.318076923076923
4.276538461538461
4.264615384615384
4.156923076923077
4.93076923076923
4.671538461538462
4.534230769230769
4.6692307692307695
5.028846153846154
5.306153846153847
4.936538461538461
4.577307692307692
4.5965384615384615
4.196153846153846
4.133461538461538
4.5673076923076925
4.707692307692308
3.960769230769231
3.3923076923076922
4.036538461538462
4.0053846153846155
4.013461538461538
4.348461538461539
4.451538461538461
4.631923076923077
4.684615384615385
4.652692307692307
4.031153846153846
4.358461538461539
4.50076923076923
4.555000000000001
4.712307692307692
5.3549999999999995
5.444615384615385
4.6207692307692305
4.26
4.343846153846154
4.339230769230769
4.131538461538462
4.775384615384615
4.673461538461539
4.450769230769231
4.846153846153846
5.693846153846153
5.067692307692307
5.501923076923077
5.015
5.5211538461538465
5.827307692307692
6.155384615384615
5.828076923076923
5.981538461538462
5.781153846153846
5.798461538461538
5.542307692307692
5.268461538461538
4.977307692307692
4.945384615384615
5.177692307692308
5.022692307692308
4.940384615384615
5.373846153846154
5.666923076923077
6.39
6.66
7.30076923076923
6.873461538461539
6.803846153846154
7.046153846153846
6.1692307692307695
7.525
8.056153846153846
7.988846153846154
7.478076923076923
7.061538461538461
6.932307692307693
6.730769230769231
7.0407692307692304
6.740384615384615
7.207307692307692
7.213846153846154
7.545000000000001
7.298461538461538
7.466923076923077
8.041923076923077
8.398461538461538
8.971153846153847
8.491538461538461
8.42423076923077
8.801538461538462
8.600384615384616
8.417692307692308
8.812307692307693
8.335384615384616
7.65
8.00576923076923
8.705384615384615
8.516923076923076
7.958076923076923
8.25423076923077
8.69
8.965384615384615
8.660384615384617
8.547692307692309
9.060769230769232
8.935384615384615
9.009615384615385
9.347692307692308
10.392307692307693
10.970384615384615
11.03076923076923
11.426923076923078
10.617692307692307
9.74076923076923
10.216923076923077
10.365384615384615
9.550384615384615
10.223076923076924
10.696153846153846
10.751538461538463
10.768846153846154
10.538846153846153
11.254999999999999
11.32
12.04076923076923
12.32423076923077
12.826923076923077
12.708846153846155
12.05076923076923
11.818461538461538
12.103076923076923
11.548076923076923
12.137692307692307
12.800384615384615
12.606538461538461
12.794615384615383
13.24576923076923
13.167307692307693
12.937307692307693
13.044230769230769
13.456538461538461
13.356153846153846
13.677307692307693
13.782692307692308
13.738846153846152
13.512307692307692
13.53076923076923
13.601153846153846
13.666538461538462
14.925384615384615
15.029230769230768
14.322692307692307
13.929615384615385
14.028846153846153
14.078076923076924
14.436153846153845
14.492692307692307
15.09423076923077
14.698461538461537
14.760769230769231
14.881538461538462
15.308076923076923
15.37923076923077
15.583076923076922
16.051923076923078
16.492307692307694
16.08346153846154
16.079615384615384
15.960769230769232
15.788076923076924
15.647307692307692
16.338076923076922
16.336153846153845
15.991153846153846
16.261153846153846
16.467307692307692
16.133846153846154
16.55576923076923
16.101153846153846
16.838846153846156
17.076153846153847
16.580384615384613
17.33153846153846
17.566538461538464
17.00807692307692
16.821538461538463
17.154999999999998
17.119615384615386
17.465
16.882692307692306
16.731153846153845
16.786923076923078
16.98
17.406923076923075
18.051538461538463
18.011923076923075
18.575384615384614
18.946923076923078
18.17153846153846
17.63076923076923
17.674615384615382
18.44076923076923
18.69346153846154
18.595769230769232
18.45576923076923
18.302692307692308
18.143076923076922
18.174615384615386
17.728076923076923
17.906923076923075
18.31153846153846
18.266923076923078
18.190384615384616
17.899615384615384
18.301153846153845
18.853846153846153
18.292307692307695
18.67076923076923
17.96846153846154
18.072307692307692
18.98576923076923
17.87
18.363846153846154
18.15730769230769
17.829615384615384
17.240384615384617
17.908461538461538
17.912307692307692
17.60576923076923
17.393076923076922
17.595769230769232
17.78153846153846
17.448846153846155
16.936153846153847
17.57423076923077
16.756153846153843
16.49192307692308
16.581153846153846
16.44576923076923
15.723076923076924
15.742692307692307
15.780384615384616
16.74153846153846
16.33076923076923
16.37
16.714615384615385
16.16
15.977307692307694
15.920384615384616
15.857307692307693
16.243076923076924
16.348846153846154
15.422692307692309
15.091153846153846
15.077692307692306
15.043076923076923
14.865384615384615
14.161538461538461
14.822307692307692
14.911153846153846
14.96923076923077
14.796923076923077
14.792692307692308
14.354615384615386
13.886538461538462
13.967692307692309
13.561153846153845
14.10153846153846
14.11423076923077
13.97653846153846
14.14076923076923
13.581923076923077
12.811538461538463
12.8
12.28076923076923
12.621923076923078
11.673461538461538
12.00423076923077
12.543461538461539
12.478076923076923
12.67653846153846
11.941923076923077
11.92576923076923
11.96653846153846
11.538461538461538
11.53076923076923
11.48
10.68423076923077
10.856923076923076
10.794230769230769
10.783076923076923
11.08769230769231
10.625384615384615
10.982692307692307
11.098076923076924
11.123846153846156
10.70346153846154
10.399230769230769
10.249615384615385
9.881153846153845
10.125
10.025384615384613
9.747692307692308
9.62346153846154
9.245000000000001
8.655384615384616
8.671153846153846
8.594615384615384
8.405
8.198076923076924
7.9057692307692315
8.448846153846153
8.308846153846154
8.08576923076923
7.747692307692308
7.587692307692308
7.9423076923076925
7.355769230769231
7.151923076923078
6.931538461538461
6.333461538461539
6.143846153846154
6.233846153846153
6.271538461538461
5.7869230769230775
6.141538461538461
6.0661538461538465
6.276153846153846
6.455384615384616
6.148076923076923
5.938846153846153
5.90923076923077
5.518461538461538
5.369230769230769
5.158076923076924
5.05076923076923
5.687692307692307
5.632692307692308
5.019230769230769
5.220384615384615
4.928076923076923
5.048076923076923
4.87
5.1996153846153845
4.798076923076923
4.783461538461538
5.235384615384616
4.762692307692308
4.263846153846154
4.032692307692307
4.160384615384616
4.288076923076923
4.967307692307693
5.2700000000000005
6.266538461538461
6.243461538461539
5.018461538461538
4.984615384615385
4.5503846153846155
3.7284615384615383
4.173076923076923
5.060769230769231
4.745384615384615
