temperature
5.073846153846153
4.529230769230769
4.357307692307692
3.977307692307692
4.266923076923077
4.122307692307692
4.736153846153846
4.705384615384616
4.281538461538462
4.653076923076923
4.950384615384616
5.248076923076923
5.098846153846154
4.730769230769231
4.858846153846153
4.460384615384616
4.1826923076923075
4.443846153846154
4.475384615384615
3.6876923076923074
3.57
4.028846153846154
3.8834615384615385
3.781538461538462
4.32423076923077
4.224230769230769
4.5673076923076925
4.787307692307692
4.615769230769231
3.8826923076923077
4.360384615384616
4.537692307692308
4.346153846153846
4.310384615384615
5.225769230769231
5.1850000000000005
4.374615384615384
4.274230769230769
4.168461538461538
4.077692307692308
3.9153846153846152
4.55076923076923
4.8926923076923075
3.9665384615384616
4.6899999999999995
5.397692307692308
5.021923076923077
5.461923076923076
5.035
5.573846153846153
5.626923076923077
6.179615384615384
5.658846153846154
5.766923076923077
5.366153846153846
5.333846153846154
5.243076923076923
5.07923076923077
4.690384615384615
4.7773076923076925
5.011153846153846
4.955384615384616
4.593076923076923
4.862692307692307
5.673846153846155
6.146538461538461
6.676923076923076
6.953076923076923
7.0200000000000005
6.77576923076923
6.843076923076923
6.053461538461539
7.325769230769231
7.930384615384615
7.531923076923078
7.214230769230769
6.755769230769231
6.750769230769231
6.570384615384615
7.100384615384616
6.802692307692308
7.100769230769231
7.195769230769231
7.285769230769231
7.375384615384615
7.435384615384615
8.061153846153847
8.236153846153845
8.421923076923077
8.041923076923077
8.106923076923078
8.462307692307693
8.335
7.942692307692307
8.393461538461539
7.876153846153846
7.345769230769231
7.718076923076923
8.673846153846155
8.263076923076923
7.8161538461538465
8.079230769230769
8.271153846153847
8.588846153846154
8.680769230769231
8.605384615384615
8.886538461538462
8.713846153846154
8.813846153846153
9.273076923076923
10.460769230769232
10.648846153846154
10.696923076923078
10.910384615384617
10.066538461538462
9.66
9.772692307692308
9.850000000000001
9.437692307692307
10.059615384615386
10.284615384615384
10.318076923076923
10.635
10.433846153846153
10.690384615384614
11.210769230769232
11.75576923076923
11.785769230769231
12.041153846153845
12.524999999999999
12.117307692307692
11.595769230769232
11.834999999999999
11.329230769230769
11.968461538461538
12.296923076923076
12.30076923076923
12.348076923076924
12.450384615384614
12.620384615384616
12.738076923076923
12.7
12.961923076923076
13.056153846153846
13.549230769230768
13.57076923076923
13.525384615384617
13.159230769230769
13.489615384615385
13.69923076923077
13.623846153846156
14.805769230769231
14.788076923076924
14.336153846153847
14.058076923076923
13.868846153846155
13.88076923076923
13.831153846153846
14.222307692307691
14.899615384615384
14.569230769230769
14.671153846153846
14.372307692307693
14.946153846153846
15.123461538461537
15.012307692307692
15.605384615384615
15.99653846153846
15.780384615384616
15.648076923076925
15.456538461538461
15.297692307692309
15.093461538461538
15.76076923076923
15.703846153846154
15.961923076923076
16.376153846153844
16.083076923076923
16.02230769230769
16.28576923076923
16.146923076923077
16.482692307692307
16.19923076923077
16.006923076923076
16.04269230769231
16.54653846153846
16.629615384615384
16.37923076923077
16.676153846153845
16.838076923076922
16.531153846153845
16.37076923076923
16.340769230769233
16.395769230769233
16.831923076923076
16.949615384615385
17.313076923076924
17.358461538461537
17.861538461538462
18.224615384615383
17.247307692307693
17.162692307692307
17.002692307692307
17.62846153846154
17.587307692307693
18.028846153846153
17.656923076923075
17.552307692307693
17.516538461538463
17.23423076923077
16.905384615384616
17.13423076923077
17.615384615384617
17.195384615384615
17.495384615384616
17.295
17.386923076923075
17.59730769230769
17.354615384615386
17.936923076923076
17.38346153846154
17.365000000000002
17.94576923076923
17.256153846153847
17.53
17.261153846153846
16.695384615384615
16.493076923076924
16.86923076923077
16.876153846153844
16.568846153846156
16.40076923076923
16.607307692307693
16.97423076923077
16.59
16.064230769230768
17.03230769230769
16.23576923076923
15.699615384615385
15.579615384615384
15.563846153846155
15.233076923076924
15.312692307692307
14.953846153846154
15.916538461538462
15.668461538461539
15.927307692307693
15.928461538461537
15.651538461538461
15.048846153846153
15.486923076923079
15.03
15.77076923076923
15.415384615384616
14.648076923076925
14.568076923076923
14.221923076923076
14.367692307692307
14.167307692307693
13.753076923076922
14.241538461538463
14.143846153846154
14.441923076923077
14.027692307692307
13.78346153846154
13.629615384615384
13.431538461538462
13.284230769230769
13.276153846153846
13.429615384615385
13.435384615384615
13.422307692307694
13.80076923076923
13.100769230769231
12.416923076923078
12.257307692307693
11.596923076923076
12.14846153846154
11.614615384615385
11.577692307692306
12.167692307692308
12.173076923076923
12.621923076923078
11.350000000000001
11.476153846153846
11.530384615384616
11.007307692307693
11.005384615384616
11.216923076923077
10.302692307692308
10.518461538461539
10.403461538461539
10.411153846153846
10.657692307692308
10.336153846153847
10.665384615384616
10.602307692307694
10.843846153846155
10.444230769230769
10.332692307692307
10.096153846153847
9.826923076923077
9.885384615384615
9.953846153846154
9.20076923076923
8.956153846153846
8.582692307692309
8.195
8.253461538461538
8.408076923076923
8.103846153846153
7.748461538461539
7.718076923076923
8.26
8.179615384615385
7.655384615384615
7.763076923076923
7.061923076923076
7.499615384615385
6.984615384615385
7.077307692307692
6.961538461538462
6.385769230769231
6.239615384615385
6.178461538461538
6.082692307692308
5.595384615384615
6.2907692307692304
6.121538461538462
6.355769230769231
6.125384615384615
6.185384615384615
5.791153846153846
5.517692307692308
5.3307692307692305
5.115769230769231
5.071923076923077
5.078461538461538
5.373076923076923
5.875
5.344615384615385
5.241538461538462
4.957307692307692
5.049230769230769
4.625384615384616
5.151153846153846
4.787307692307692
5.0307692307692315
4.889230769230769
4.595769230769231
4.479615384615385
4.476538461538461
4.019230769230769
4.382692307692308
5.30076923076923
5.518076923076923
6.396538461538461
6.255384615384615
5.167692307692307
5.0407692307692304
4.501153846153846
3.9042307692307694
4.595
5.1303846153846155
4.8792307692307695
