pet
0.4869230769230769
0.4107692307692308
0.3880769230769231
0.3496153846153846
0.39269230769230773
0.40807692307692306
0.5342307692307693
0.4646153846153846
0.43230769230769234
0.4330769230769231
0.5715384615384616
0.5280769230769231
0.5184615384615385
0.41884615384615387
0.5434615384615384
0.5046153846153846
0.40538461538461534
0.5307692307692308
0.6034615384615385
0.45346153846153847
0.35500000000000004
0.42192307692307696
0.41884615384615387
0.43346153846153845
0.49
0.4646153846153846
0.5465384615384615
0.5784615384615385
0.5573076923076923
0.5
0.6107692307692308
0.6426923076923077
0.6480769230769231
0.5726923076923077
0.72
0.7219230769230769
0.5707692307692308
0.5834615384615385
0.6261538461538462
0.5388461538461539
0.5334615384615384
0.6934615384615385
0.6526923076923077
0.5269230769230769
0.625
0.8065384615384615
0.7138461538461539
0.7657692307692308
0.6873076923076924
0.8307692307692308
0.8792307692307693
0.9307692307692308
0.8561538461538463
0.8896153846153846
0.8269230769230769
0.8423076923076922
0.7780769230769231
0.7892307692307692
0.7323076923076923
0.7615384615384616
0.8026923076923077
0.7515384615384615
0.7038461538461539
0.7538461538461539
0.9638461538461538
1.1196153846153847
1.165
1.308076923076923
1.2657692307692305
1.196923076923077
1.1207692307692307
1.0261538461538462
1.3757692307692309
1.5169230769230768
1.363076923076923
1.4115384615384616
1.271153846153846
1.2746153846153847
1.2757692307692308
1.3611538461538462
1.291923076923077
1.4326923076923077
1.418076923076923
1.4553846153846155
1.515769230769231
1.5392307692307694
1.7015384615384617
1.662692307692308
1.7815384615384615
1.8026923076923076
1.7876923076923075
1.8484615384615386
1.8546153846153846
1.7496153846153848
1.8326923076923076
1.7930769230769232
1.566153846153846
1.7676923076923077
1.9084615384615384
1.8042307692307693
1.75
1.7699999999999998
1.9319230769230769
2.0342307692307693
2.0542307692307693
1.958076923076923
2.0569230769230766
1.9303846153846154
1.9776923076923079
2.191538461538461
2.487692307692308
2.5
2.491153846153846
2.6215384615384614
2.3376923076923077
2.1915384615384617
2.2476923076923074
2.212307692307692
2.0334615384615384
2.2638461538461536
2.4469230769230768
2.5234615384615386
2.5107692307692306
2.539230769230769
2.6361538461538463
2.6315384615384616
2.9134615384615383
2.902307692307692
2.865769230769231
3.0296153846153846
2.8453846153846154
2.745
2.668846153846154
2.6384615384615384
2.9311538461538467
2.887307692307692
2.792692307692308
2.8446153846153845
2.9723076923076923
2.8830769230769233
2.840384615384615
2.924615384615384
2.9457692307692307
2.9076923076923076
3.031538461538461
3.113076923076923
3.13
3.0157692307692305
3.0246153846153847
3.085384615384615
3.1284615384615386
3.2849999999999997
3.069230769230769
2.930769230769231
2.7596153846153846
2.7507692307692304
2.693076923076923
2.7023076923076923
2.79
3.0100000000000002
2.8999999999999995
2.9053846153846155
2.6769230769230767
2.8638461538461537
2.8984615384615386
2.8684615384615384
3.176153846153846
3.166153846153846
3.0984615384615384
3.036153846153846
2.9346153846153844
2.9030769230769233
2.8969230769230774
3.0246153846153847
2.983846153846154
3.088461538461538
3.227307692307692
2.988076923076923
3.042692307692308
3.1580769230769232
3.058846153846154
3.1926923076923077
3.085384615384615
3.126923076923077
3.046923076923077
3.125
3.1603846153846153
3.130769230769231
3.212307692307692
3.2211538461538463
3.1723076923076925
3.07
3.0546153846153845
2.938076923076923
3.1350000000000002
3.1223076923076927
3.2792307692307694
3.223846153846154
3.4303846153846154
3.4946153846153845
3.1496153846153847
3.085384615384615
3.0707692307692307
3.165769230769231
3.0915384615384616
3.321153846153846
3.1753846153846155
3.045
3.036153846153846
2.9134615384615383
2.855
2.9238461538461538
2.994230769230769
2.9042307692307694
2.891538461538462
2.824230769230769
2.8803846153846155
2.838076923076923
2.7826923076923076
2.957692307692308
2.8288461538461536
2.6665384615384613
2.8723076923076927
2.7384615384615385
2.7515384615384613
2.6265384615384617
2.504230769230769
2.519615384615385
2.505769230769231
2.4669230769230768
2.4584615384615387
2.401923076923077
2.4446153846153846
2.620769230769231
2.4123076923076923
2.2515384615384617
2.4511538461538462
2.228846153846154
2.1357692307692306
2.0342307692307693
2.0103846153846154
1.978846153846154
1.9061538461538463
1.9284615384615384
2.268076923076923
2.15
2.251923076923077
2.1961538461538463
2.110384615384615
2.0307692307692307
2.063076923076923
1.9757692307692307
2.2234615384615384
2.045769230769231
1.883846153846154
1.771153846153846
1.7396153846153846
1.7684615384615383
1.6296153846153847
1.6092307692307695
1.6930769230769231
1.7434615384615384
1.7284615384615383
1.7565384615384616
1.6603846153846153
1.6003846153846153
1.5042307692307693
1.4676923076923076
1.4849999999999999
1.5296153846153848
1.5423076923076924
1.5576923076923077
1.6196153846153847
1.4230769230769231
1.3453846153846152
1.2880769230769231
1.198076923076923
1.2788461538461537
1.1246153846153846
1.1411538461538462
1.3623076923076924
1.2365384615384616
1.3915384615384616
1.1346153846153846
1.1542307692307692
1.178076923076923
1.063076923076923
1.0569230769230769
1.0684615384615386
0.8984615384615384
0.961923076923077
0.8988461538461539
0.8923076923076922
0.9861538461538462
0.838076923076923
1.0107692307692309
1.0357692307692308
1.0396153846153846
0.9507692307692307
0.9769230769230769
0.9965384615384616
0.9142307692307692
0.9830769230769231
0.9161538461538462
0.8280769230769232
0.7969230769230768
0.6707692307692307
0.6753846153846154
0.6988461538461539
0.6326923076923077
0.5399999999999999
0.5853846153846154
0.6223076923076923
0.67
0.628076923076923
0.5700000000000001
0.5826923076923077
0.5415384615384615
0.6388461538461538
0.5111538461538462
0.5861538461538461
0.5388461538461539
0.4326923076923077
0.41923076923076924
0.4357692307692308
0.3576923076923077
0.32384615384615384
0.4103846153846154
0.43653846153846154
0.4853846153846154
0.49961538461538463
0.4761538461538462
0.4507692307692308
0.49346153846153845
0.4242307692307692
0.4507692307692308
0.33999999999999997
0.36538461538461536
0.4846153846153846
0.5611538461538461
0.4276923076923077
0.45269230769230767
0.36615384615384616
0.36
0.3192307692307692
0.4826923076923077
0.37307692307692314
0.42230769230769233
0.39
0.385
0.32538461538461544
0.33653846153846156
0.33076923076923076
0.4211538461538462
0.5642307692307692
0.5823076923076923
0.6692307692307692
0.59
0.46384615384615385
0.46653846153846157
0.428076923076923
0.31153846153846154
0.5026923076923077
0.5549999999999999
0.5261538461538462
