temperature
3.2946153846153843
3.2100000000000004
2.5880769230769234
2.8396153846153847
2.9811538461538465
3.2353846153846155
3.420769230769231
3.0096153846153846
2.955
3.9069230769230767
4.029615384615385
4.163846153846154
3.727307692307692
3.8499999999999996
4.0249999999999995
3.5349999999999997
3.457692307692308
3.6165384615384615
3.5096153846153846
2.6926923076923077
2.738076923076923
2.8842307692307694
3.0757692307692306
3.4711538461538463
3.6423076923076922
3.6092307692307695
3.612692307692308
3.411923076923077
2.894615384615385
2.626923076923077
3.2142307692307694
3.435769230769231
3.2746153846153847
3.487692307692308
3.8296153846153844
3.5276923076923077
2.965384615384615
3.0957692307692306
2.9130769230769227
2.6165384615384615
2.7434615384615384
3.4492307692307693
3.7973076923076925
3.1553846153846155
3.8376923076923077
4.178846153846154
3.6842307692307696
3.601923076923077
3.7915384615384613
4.2226923076923075
4.091153846153846
4.254615384615385
4.164230769230769
3.898846153846154
3.5403846153846152
4.066923076923077
3.515
3.1273076923076926
2.8461538461538463
2.683846153846154
2.8457692307692306
2.8242307692307693
2.359230769230769
3.1234615384615383
3.7453846153846153
4.196153846153846
4.705
4.994230769230769
4.791153846153846
4.593076923076923
4.228846153846154
4.431923076923077
5.206538461538462
5.72
5.446153846153846
5.326923076923077
4.725384615384615
5.171153846153846
4.826153846153846
4.868461538461538
5.117307692307692
5.37
5.642307692307692
5.745
5.716153846153846
5.549230769230769
5.9399999999999995
5.944999999999999
6.120384615384615
6.188846153846153
6.037692307692307
5.898846153846154
6.104615384615385
5.745
6.214230769230769
5.914615384615384
5.181923076923076
6.247692307692308
6.170384615384616
5.84
6.311923076923078
5.866153846153846
6.336923076923076
6.6657692307692304
6.549615384615384
6.638076923076923
6.864615384615385
6.386153846153846
6.450384615384616
7.352692307692307
8.370384615384616
8.445
8.488846153846154
8.673076923076923
7.803461538461539
7.557307692307693
7.618461538461539
7.296538461538462
7.359615384615385
7.686153846153847
8.161923076923078
8.381923076923076
8.638076923076923
8.518846153846154
8.399615384615384
8.106538461538461
9.376153846153846
9.179230769230768
9.361153846153847
9.81653846153846
9.076923076923077
9.342692307692307
9.636538461538462
9.327307692307691
9.965384615384616
9.673846153846155
9.781923076923077
9.760384615384616
9.911538461538461
9.922692307692309
10.129999999999999
9.873846153846156
10.149615384615384
10.005384615384616
10.950384615384614
10.60576923076923
10.742307692307692
10.723846153846154
10.975000000000001
11.119615384615384
11.832307692307692
12.673076923076923
12.194615384615386
11.581538461538461
11.320384615384615
11.468076923076923
11.458846153846155
11.699615384615385
11.766153846153847
12.128846153846155
12.137692307692307
11.451538461538462
11.576153846153847
11.623461538461537
11.825384615384614
11.95
12.883076923076922
12.595769230769232
13.044230769230769
12.478846153846153
12.273846153846154
12.21653846153846
12.411538461538461
12.785384615384617
12.830384615384615
13.043846153846154
13.712692307692306
13.038461538461538
13.10423076923077
13.418846153846154
13.193461538461538
13.481538461538461
13.636538461538462
13.643076923076924
13.36423076923077
13.722307692307691
13.31076923076923
13.385384615384615
13.533846153846154
13.970769230769232
14.062692307692307
13.668846153846154
13.32
12.862692307692308
13.747307692307693
13.762307692307692
14.010384615384615
14.041538461538462
15.099615384615387
14.943076923076923
13.978461538461538
13.735000000000001
14.549615384615386
14.700769230769232
14.111923076923075
14.898846153846154
14.15230769230769
14.406923076923077
14.084999999999999
14.100769230769231
13.738461538461538
13.893076923076924
14.410384615384617
14.512307692307692
14.371923076923078
14.202307692307691
14.169615384615385
14.341923076923077
13.904230769230768
14.532692307692308
14.455
14.005384615384616
14.48653846153846
14.350000000000001
14.433076923076923
14.435384615384615
13.496538461538462
13.966923076923077
13.836923076923076
13.68423076923077
13.724615384615383
13.665000000000001
13.600384615384616
13.86076923076923
13.71923076923077
12.855384615384615
13.605384615384615
13.09423076923077
12.963461538461539
12.820384615384615
12.293461538461539
12.456538461538461
12.203846153846154
12.331153846153846
13.21923076923077
12.687307692307693
13.314615384615385
13.188846153846155
12.756923076923076
12.566538461538462
12.659230769230769
12.555
12.999615384615385
12.63576923076923
12.258461538461539
11.901153846153846
11.506538461538462
12.03730769230769
11.031153846153845
11.423461538461538
11.674615384615386
11.82
11.549615384615386
11.820384615384615
11.538846153846153
11.042307692307693
10.727692307692308
11.001923076923077
10.701538461538462
10.915384615384616
11.295384615384616
11.113076923076923
11.638846153846155
10.549230769230771
9.81423076923077
9.84423076923077
9.470384615384615
9.926923076923078
9.296538461538463
9.78076923076923
10.218461538461538
9.618846153846153
9.802307692307691
9.084615384615384
9.506153846153847
9.46076923076923
9.148461538461538
9.205
8.978461538461538
8.081153846153846
8.417307692307691
8.375769230769231
8.126153846153846
8.521923076923077
8.143846153846154
8.272307692307692
8.48576923076923
8.390384615384615
8.275384615384615
8.551923076923076
7.723846153846154
7.71
8.201923076923077
8.096153846153847
7.656538461538461
7.662692307692307
6.913076923076924
6.922307692307692
7.021538461538461
6.906153846153846
6.515
6.303076923076923
6.20423076923077
6.866153846153846
6.544615384615384
6.374615384615385
6.030384615384615
6.395384615384615
6.74
6.167307692307692
6.287692307692307
5.547307692307692
5.229615384615385
4.905769230769231
4.720384615384615
4.149230769230769
4.678461538461539
4.9692307692307685
4.841153846153846
5.184615384615385
4.756153846153846
4.643461538461539
4.630000000000001
4.444615384615385
4.068846153846154
4.037307692307692
4.088846153846154
4.208846153846154
4.774615384615385
4.685384615384615
4.526923076923077
4.311538461538461
4.45423076923077
4.289615384615384
4.075
4.248461538461538
3.601153846153846
3.555
4.006538461538462
3.787692307692308
3.3092307692307696
3.356923076923077
3.2507692307692304
3.4026923076923077
4.311923076923077
4.452692307692308
4.771538461538461
4.283846153846154
3.6680769230769235
3.6742307692307694
3.214230769230769
2.793461538461538
3.536153846153846
4.073076923076924
3.9703846153846154
