pet
0.30079999999999996
0.2908
0.2568
0.26
0.2768
0.3768
0.36200000000000004
0.2648
0.2864
0.374
0.38439999999999996
0.3648
0.2732
0.2792
0.342
0.3044
0.2596
0.3256
0.254
0.2316
0.3288
0.41240000000000004
0.37079999999999996
0.42160000000000003
0.396
0.4372
0.38280000000000003
0.40399999999999997
0.2444
0.3532
0.4572
0.408
0.4236
0.40880000000000005
0.386
0.32
0.2584
0.348
0.38
0.3628
0.3488
0.402
0.42839999999999995
0.43119999999999997
0.5372
0.5644
0.5256000000000001
0.48480000000000006
0.4456
0.5508
0.5408
0.55
0.5192
0.5744
0.4736
0.5936
0.5084000000000001
0.48560000000000003
0.44839999999999997
0.4192
0.44
0.4368
0.43479999999999996
0.5072
0.59
0.6676000000000001
0.7051999999999999
0.6056
0.6388
0.6923999999999999
0.664
0.8928
0.868
0.9359999999999999
0.9508
0.9956
0.9224
0.968
0.9556
1.0075999999999998
0.9228000000000001
0.8948
0.9084
1.028
1.1292
1.1916
1.0836
1.0848
1.0764
1.182
1.0336
1.2168
1.226
1.1743999999999999
1.3456000000000001
1.2548000000000001
1.1836
1.4080000000000001
1.3668
1.4068
1.2688
1.23
1.3144
1.4468
1.51
1.452
1.3072
1.4391999999999998
1.62
1.7428
1.9416
2.044
1.8284
1.8784
1.6288
1.5412000000000001
1.5628
1.7156
1.6316
1.534
1.7412
1.8112000000000001
1.9216
2.1704
2.0576
2.1688
2.2056
2.2119999999999997
2.2712
2.2272
2.2328
2.1596
2.2424
2.2612
2.3068
2.1752000000000002
2.2872
2.1376
2.4415999999999998
2.3132
2.2024
2.1648
2.2024
2.2647999999999997
2.2447999999999997
2.2028
2.2664
2.2996
2.2708
2.3
2.6752
2.6028000000000002
2.386
2.1519999999999997
2.0692
1.9844
2.1352
2.3004
2.2184
2.248
2.2412
1.8412
1.8272
1.7664
1.8512
1.9792
2.0624000000000002
2.1704
2.0692
1.9028
2.0728
1.916
2.0856
2.1812
1.9884
2.0308
2.1984
2.1532
2.2132
2.1228
2.0656
2.2144
2.1616
2.2236
2.2168
2.0752
1.9556
2.0176
1.9696
2.1152
2.0952
2.0180000000000002
1.8163999999999998
1.8908
1.8947999999999998
1.9991999999999999
2.0872
2.1352
2.1332
2.13
1.9908000000000001
1.9512
2.2328
2.164
2.1244
2.0508
2.122
2.0476
1.9032
1.862
1.8068
1.8207999999999998
2.0036
1.9484000000000001
1.9707999999999999
1.8444
1.9268
1.8175999999999999
1.686
1.7648000000000001
1.7108
1.6640000000000001
1.6192
1.6747999999999998
1.7928
1.7064
1.5519999999999998
1.53
1.5352000000000001
1.4696
1.4336000000000002
1.4992
1.4547999999999999
1.4880000000000002
1.4696
1.4376
1.4347999999999999
1.2588
1.3692
1.3159999999999998
1.1840000000000002
1.2568
1.2972
1.2984
1.3832
1.3352000000000002
1.4524000000000001
1.4380000000000002
1.3208000000000002
1.2668
1.3880000000000001
1.1767999999999998
1.2671999999999999
1.2768000000000002
1.2172
1.1616
0.9404
1.0124
0.9316
0.8984000000000001
0.9768000000000001
0.9843999999999999
1.1876
1.2124
0.9968
0.8420000000000001
0.9384
0.9620000000000001
0.932
0.9224
0.9948
0.8964
0.9420000000000001
0.8433333333333333
0.7491666666666666
0.6283333333333333
0.6258333333333334
0.6895833333333333
0.6783333333333333
0.7775
0.8195833333333334
0.8075
0.7320833333333333
0.6754166666666667
0.69625
0.8145833333333333
0.7841666666666667
0.5883333333333333
0.5554166666666667
0.5695833333333333
0.5491666666666667
0.5779166666666666
0.6170833333333333
0.6295833333333333
0.6275000000000001
0.6291666666666667
0.58625
0.5225
0.5970833333333333
0.71
0.5704166666666667
0.5583333333333333
0.6479166666666667
0.6475000000000001
0.49291666666666667
0.47291666666666665
0.43583333333333335
0.3879166666666667
0.43249999999999994
0.4575
0.4691666666666667
0.39875
0.34958333333333336
0.395
0.39875
0.3354166666666667
0.3475
0.50625
0.4945833333333334
0.3772
0.36839999999999995
0.4496
0.39280000000000004
0.37799999999999995
0.33240000000000003
0.1764
0.32799999999999996
0.292
0.24280000000000002
0.4276
0.37200000000000005
0.2764
0.27440000000000003
0.33399999999999996
0.2216
0.3024
0.174
0.2716
0.38079999999999997
0.34759999999999996
0.3504
0.344
0.4296
0.3932
0.2756
0.2864
0.3256
0.3732
0.29960000000000003
0.35119999999999996
0.29719999999999996
0.3008
0.30079999999999996
0.2736
0.34600000000000003
0.3836
0.4836
0.34119999999999995
0.258
0.2652
0.2232
0.24359999999999998
0.36719999999999997
0.3772
0.4092
