pet
0.38961538461538464
0.40538461538461534
0.32923076923076927
0.3076923076923077
0.4003846153846154
0.45615384615384613
0.49461538461538457
0.35192307692307695
0.3515384615384616
0.47692307692307695
0.4957692307692308
0.5038461538461538
0.4342307692307692
0.4419230769230769
0.4761538461538461
0.3946153846153846
0.36692307692307696
0.43615384615384617
0.428076923076923
0.2996153846153846
0.3523076923076923
0.40807692307692306
0.40653846153846157
0.5215384615384615
0.47961538461538467
0.5315384615384615
0.4938461538461538
0.5103846153846153
0.3761538461538461
0.4369230769230769
0.5323076923076923
0.5553846153846154
0.5276923076923077
0.5196153846153847
0.5246153846153846
0.48538461538461536
0.4257692307692308
0.475
0.5380769230769231
0.43346153846153845
0.4103846153846154
0.5184615384615385
0.5926923076923077
0.4819230769230769
0.6096153846153846
0.7257692307692308
0.6496153846153846
0.6092307692307692
0.5773076923076923
0.7303846153846153
0.6588461538461539
0.755
0.7196153846153847
0.6876923076923076
0.6453846153846154
0.7761538461538462
0.6503846153846153
0.6115384615384616
0.5811538461538461
0.5188461538461538
0.5992307692307692
0.5207692307692308
0.49076923076923074
0.5973076923076923
0.7784615384615384
0.8096153846153846
0.8846153846153846
0.9273076923076923
0.9226923076923076
0.9453846153846153
0.7926923076923077
0.8496153846153847
1.113076923076923
1.1996153846153847
1.1457692307692307
1.07
1.0165384615384616
1.12
1.02
1.1246153846153846
1.1688461538461539
1.1773076923076924
1.2246153846153847
1.276923076923077
1.3003846153846155
1.3603846153846153
1.3103846153846155
1.3726923076923077
1.416153846153846
1.484230769230769
1.3165384615384614
1.4884615384615385
1.484230769230769
1.416153846153846
1.4884615384615383
1.4615384615384615
1.2369230769230768
1.4634615384615384
1.5265384615384614
1.488076923076923
1.4849999999999999
1.4576923076923076
1.5769230769230769
1.7034615384615384
1.6884615384615385
1.6292307692307693
1.681923076923077
1.636153846153846
1.734230769230769
1.9273076923076924
2.1188461538461536
2.206153846153846
2.154230769230769
2.106923076923077
1.9653846153846155
1.7607692307692309
1.7569230769230768
1.781923076923077
1.8699999999999999
1.856923076923077
2.0103846153846154
2.132307692307692
2.1738461538461538
2.2126923076923077
2.128076923076923
2.128846153846154
2.5380769230769227
2.4046153846153846
2.456923076923077
2.558846153846154
2.3757692307692304
2.433076923076923
2.4319230769230766
2.32
2.5453846153846156
2.448846153846154
2.496923076923077
2.2773076923076925
2.548076923076923
2.352307692307692
2.3742307692307696
2.373846153846154
2.3253846153846154
2.328076923076923
2.5349999999999997
2.5742307692307693
2.541923076923077
2.4796153846153848
2.645
2.5846153846153848
2.8003846153846155
2.755
2.4415384615384617
2.365
2.1765384615384615
2.183461538461539
2.283846153846154
2.3803846153846155
2.266923076923077
2.348076923076923
2.379230769230769
2.1053846153846156
2.1142307692307694
1.9826923076923075
2.1234615384615383
2.1742307692307694
2.3873076923076924
2.4353846153846153
2.3853846153846154
2.216153846153846
2.289230769230769
2.131153846153846
2.194230769230769
2.256923076923077
2.191923076923077
2.27
2.4099999999999997
2.2484615384615383
2.3003846153846155
2.359230769230769
2.27
2.3492307692307692
2.3888461538461536
2.3346153846153848
2.3449999999999998
2.3034615384615384
2.286153846153846
2.1846153846153844
2.1992307692307693
2.2903846153846152
2.34
2.2807692307692307
2.0553846153846154
2.003461538461538
2.0503846153846155
2.1365384615384615
2.233846153846154
2.279230769230769
2.473076923076923
2.4365384615384618
2.221923076923077
2.111923076923077
2.3261538461538462
2.275384615384615
2.1703846153846156
2.230769230769231
2.1388461538461536
2.096923076923077
2.026153846153846
2.0184615384615383
1.9957692307692307
2.0930769230769233
2.1326923076923077
2.1146153846153846
2.083076923076923
2.1242307692307696
2.0323076923076924
1.9661538461538461
1.8153846153846156
1.9757692307692307
2.0330769230769232
1.9265384615384618
1.9707692307692308
2.0323076923076924
2.079230769230769
1.9461538461538461
1.7684615384615383
1.8003846153846155
1.7365384615384616
1.7457692307692307
1.8299999999999998
1.7049999999999998
1.6123076923076924
1.6557692307692307
1.6842307692307692
1.5646153846153845
1.651923076923077
1.4430769230769231
1.5238461538461539
1.475
1.3373076923076925
1.3503846153846153
1.4473076923076924
1.441923076923077
1.6546153846153844
1.5388461538461538
1.6780769230769232
1.6788461538461539
1.462307692307692
1.523846153846154
1.5338461538461539
1.3900000000000001
1.5069230769230768
1.5084615384615385
1.3434615384615385
1.2823076923076924
1.1676923076923076
1.2146153846153847
1.1123076923076924
1.1284615384615384
1.1788461538461539
1.2673076923076925
1.2807692307692307
1.3092307692307692
1.2576923076923079
1.0684615384615386
1.111923076923077
1.133076923076923
1.1061538461538463
1.0761538461538462
1.2669230769230768
1.1384615384615384
1.1773076923076924
1.0596153846153846
1.0153846153846153
0.9323076923076924
0.8892307692307693
0.8773076923076922
0.8411538461538461
0.9938461538461538
1.03
0.9019230769230769
0.9603846153846154
0.8307692307692308
0.8757692307692307
0.9476923076923077
0.8946153846153847
0.7857692307692308
0.885
0.7992307692307693
0.7892307692307692
0.8026923076923077
0.7488461538461538
0.8253846153846154
0.7642307692307693
0.8315384615384616
0.9084615384615385
0.7726923076923077
0.7984615384615383
0.9453846153846153
0.7207692307692307
0.7211538461538461
0.8015384615384615
0.7784615384615384
0.7400000000000001
0.66
0.6196153846153846
0.6180769230769231
0.5873076923076923
0.5807692307692307
0.5742307692307692
0.49807692307692303
0.5234615384615384
0.5700000000000001
0.5888461538461539
0.5130769230769231
0.4696153846153846
0.5361538461538461
0.7
0.5576923076923077
0.5726923076923077
0.5296153846153846
0.45038461538461544
0.3934615384615385
0.4153846153846154
0.30115384615384616
0.3703846153846154
0.41000000000000003
0.3626923076923077
0.4603846153846154
0.4330769230769231
0.4376923076923077
0.46192307692307694
0.40923076923076923
0.3626923076923077
0.37307692307692303
0.23038461538461538
0.3426923076923077
0.42038461538461536
0.43192307692307697
0.46653846153846157
0.44384615384615383
0.45769230769230773
0.48615384615384616
0.36538461538461536
0.42153846153846153
0.3526923076923077
0.315
0.38653846153846155
0.4084615384615385
0.32384615384615384
0.35615384615384615
0.38769230769230767
0.38846153846153847
0.46153846153846156
0.4969230769230769
0.6530769230769231
0.5053846153846154
0.3807692307692308
0.39115384615384613
0.3707692307692308
0.3203846153846154
0.4580769230769231
0.5496153846153846
0.5603846153846154
