pet
0.5530769230769231
0.42538461538461536
0.48000000000000004
0.43
0.4707692307692308
0.43615384615384617
0.4215384615384616
0.38769230769230767
0.5046153846153846
0.563076923076923
0.6330769230769231
0.6638461538461538
0.55
0.46307692307692305
0.5592307692307693
0.5361538461538461
0.5646153846153846
0.8115384615384615
0.8784615384615384
0.6584615384615385
0.46076923076923076
0.45769230769230773
0.4492307692307692
0.32923076923076927
0.4230769230769231
0.4061538461538462
0.5053846153846154
0.5184615384615385
0.5861538461538461
0.5169230769230769
0.5869230769230769
0.6046153846153847
0.5315384615384615
0.5869230769230769
0.7476923076923078
0.696923076923077
0.6746153846153846
0.7353846153846154
0.6346153846153846
0.5623076923076924
0.6792307692307692
1.093846153846154
0.8023076923076923
0.5446153846153846
0.49153846153846154
0.58
0.52
0.6830769230769231
0.7338461538461538
0.72
0.7507692307692307
0.9146153846153846
0.8653846153846154
0.7523076923076922
0.7100000000000001
0.7923076923076924
0.7292307692307692
0.8123076923076924
0.6553846153846153
0.78
0.8492857142857143
0.8078571428571429
0.7435714285714285
0.6885714285714285
1.0542857142857143
1.195714285714286
1.2057142857142857
0.9642857142857143
1.1649999999999998
1.0357142857142858
1.042857142857143
0.9514285714285714
1.22
1.2421428571428572
1.3607142857142858
1.3442857142857143
1.1057142857142856
1.0471428571428572
1.2014285714285715
1.287857142857143
1.3464285714285715
1.4371428571428573
1.3578571428571427
1.352857142857143
1.3578571428571427
1.322142857142857
1.4785714285714284
1.4328571428571428
1.487142857142857
1.7285714285714284
1.895
1.8814285714285715
1.815
1.6585714285714286
1.7414285714285713
1.4885714285714287
1.2571428571428573
1.3635714285714287
1.605
1.4557142857142857
1.4921428571428572
1.6707142857142858
1.7107142857142856
1.6607142857142858
1.772857142857143
1.7464285714285714
1.8542857142857143
1.6835714285714285
1.5692857142857142
1.8635714285714287
2.198571428571429
2.277857142857143
2.275
2.46
2.2521428571428572
2.322142857142857
2.4735714285714288
2.357142857142857
2.2035714285714287
2.15
2.3442857142857143
2.6392857142857147
2.6357142857142857
2.470714285714286
2.2457142857142856
2.310714285714286
2.3685714285714288
2.587857142857143
2.6242857142857146
2.8714285714285714
3.0421428571428573
3.085
2.664285714285714
2.7592857142857143
2.906428571428571
2.9628571428571426
2.7135714285714285
2.5421428571428573
2.527142857142857
2.6771428571428575
2.494285714285714
2.4971428571428573
2.7192857142857143
2.809285714285714
2.592142857142857
2.7585714285714285
2.722857142857143
2.608571428571428
2.7807142857142857
2.9614285714285713
2.792857142857143
3.1021428571428573
2.6757142857142857
2.525714285714286
2.4628571428571426
2.7935714285714286
2.5242857142857145
2.5471428571428567
2.6557142857142857
2.952142857142857
2.8542857142857145
2.7535714285714286
2.447142857142857
2.7257142857142855
2.6621428571428574
2.732142857142857
2.9923076923076923
2.8092307692307696
3.05
2.9507692307692306
2.8376923076923077
2.519230769230769
2.5923076923076924
2.4946153846153845
2.550769230769231
2.713846153846154
2.556923076923077
2.536153846153846
2.668461538461538
2.936153846153846
2.6784615384615384
2.7361538461538464
2.7992307692307694
2.8046153846153845
2.723846153846154
2.6215384615384614
2.611538461538461
2.6276923076923073
2.775384615384615
2.7684615384615388
2.6984615384615385
2.792307692307692
2.68
2.6169230769230767
2.8446153846153845
3.0546153846153845
3.1361538461538463
2.7238461538461536
2.863076923076923
3.0415384615384613
2.6630769230769227
2.6538461538461537
2.781538461538462
2.856923076923077
2.86
2.9138461538461535
2.826923076923077
2.916923076923077
3.0007692307692304
3.0430769230769235
2.856923076923077
2.769230769230769
2.689230769230769
2.7253846153846153
2.7684615384615388
2.7384615384615385
2.8746153846153844
2.8499999999999996
2.726153846153846
2.8746153846153844
2.753076923076923
2.6576923076923076
2.6653846153846152
2.4130769230769227
2.6030769230769235
2.4423076923076925
2.31
2.3407692307692307
2.416923076923077
2.430769230769231
2.2423076923076923
2.316153846153846
2.270769230769231
2.2315384615384612
2.462307692307692
2.2053846153846157
2.4315384615384614
2.153076923076923
2.0007692307692304
1.860769230769231
1.82
2.0676923076923077
1.9207692307692308
1.7515384615384615
2.1115384615384616
2.1138461538461537
2.147692307692308
2.3423076923076924
2.2515384615384617
2.0107692307692306
1.933076923076923
1.9092307692307693
2.0015384615384617
2.029230769230769
1.7069230769230768
1.6823076923076923
1.5507692307692307
1.4915384615384615
1.3076923076923077
1.5246153846153847
1.6076923076923075
1.580769230769231
1.6261538461538463
1.603076923076923
1.5353846153846153
1.643846153846154
1.366923076923077
1.32
1.4538461538461538
1.48
1.4792307692307693
1.6530769230769229
1.823846153846154
1.3907692307692305
1.263076923076923
1.1276923076923078
0.9976923076923077
1.1438461538461537
1.113076923076923
1.166153846153846
1.3946153846153846
1.1853846153846155
1.4307692307692308
1.183846153846154
1.2730769230769232
1.4123076923076923
1.4092307692307693
1.32
1.1053846153846154
0.8307692307692308
0.8392307692307692
0.7723076923076924
1.0023076923076923
1.0653846153846154
0.8207692307692308
1.0123076923076924
1.06
1.1776923076923078
0.99
1.0815384615384616
1.1284615384615384
1.0746153846153845
0.8615384615384615
0.8661538461538462
0.8230769230769232
0.87
0.6284615384615384
0.8223076923076923
0.8500000000000001
0.6953846153846153
0.8507692307692308
0.8053846153846155
0.6576923076923078
0.6484615384615384
0.6107692307692308
0.4938461538461538
0.46153846153846156
0.5192307692307693
0.5176923076923077
0.44846153846153847
0.583076923076923
0.46846153846153843
0.42769230769230765
0.4646153846153846
0.4276923076923077
0.34461538461538466
0.42461538461538456
0.5423076923076923
0.5115384615384616
0.5907692307692307
0.7115384615384616
0.5700000000000001
0.5992307692307692
0.7307692307692307
0.6153846153846154
0.6284615384615384
0.446923076923077
0.5646153846153846
0.5692307692307692
0.643076923076923
0.4176923076923077
0.5307692307692308
0.49461538461538457
0.45692307692307693
0.4253846153846154
0.5492307692307692
0.49769230769230766
0.40384615384615385
0.24769230769230768
0.3607692307692308
0.2746153846153846
0.36615384615384616
0.3261538461538462
0.40692307692307694
0.49230769230769234
0.5076923076923077
0.716923076923077
0.7861538461538462
0.47230769230769226
0.37307692307692303
0.34923076923076923
0.21076923076923076
0.3930769230769231
0.4723076923076924
0.48230769230769227
