temperature
5.223076923076922
4.656153846153846
4.833846153846154
5.056923076923076
4.884615384615385
4.5053846153846155
4.476923076923077
4.086923076923076
4.273076923076923
5.296923076923077
5.4484615384615385
6.302307692307693
5.8561538461538465
5.545384615384616
5.910769230769231
5.626923076923077
5.716923076923077
6.823846153846154
6.972307692307693
6.009230769230769
5.3100000000000005
4.964615384615384
4.581538461538462
3.9538461538461536
3.9030769230769233
4.2615384615384615
4.806923076923077
4.890769230769231
5.516923076923077
5.237692307692308
5.414615384615384
4.781538461538461
4.493846153846154
4.995384615384615
6.04
5.604615384615385
5.387692307692307
5.796923076923077
5.091538461538462
4.781538461538461
5.4484615384615385
7.326153846153845
6.388461538461538
4.980769230769231
4.728461538461539
5.207692307692308
4.563846153846153
5.311538461538461
5.7092307692307696
5.659230769230769
5.828461538461538
6.5030769230769225
6.217692307692308
5.4592307692307696
5.411538461538461
5.522307692307693
5.341538461538462
5.498461538461539
4.6523076923076925
5.024615384615386
5.1971428571428575
5.17
5.027857142857143
4.862857142857143
6.250714285714286
7.119285714285715
7.1499999999999995
5.839285714285714
6.894285714285714
6.434285714285714
6.386428571428572
6.060714285714285
7.148571428571429
7.216428571428572
7.61
7.557142857142857
6.573571428571428
6.387142857142857
6.8100000000000005
7.1850000000000005
7.46
7.725714285714285
7.511428571428572
7.437857142857142
7.2700000000000005
7.159285714285715
7.511428571428572
7.388571428571429
7.67
8.36357142857143
8.938571428571429
8.705714285714285
8.560714285714285
7.8585714285714285
8.135714285714286
7.507857142857143
6.594285714285713
6.783571428571428
7.715714285714286
7.351428571428571
7.402142857142857
7.968571428571429
8.037857142857144
7.7335714285714285
8.227142857142857
8.197857142857142
8.629999999999999
8.010714285714286
7.711428571428572
8.714285714285714
9.812142857142858
10.105714285714287
10.103571428571428
10.656428571428572
10.086428571428572
10.327857142857143
10.729285714285714
10.528571428571428
10.065714285714284
9.906428571428572
10.257857142857144
11.004285714285714
11.040714285714285
10.605
9.977857142857143
10.041428571428572
10.384285714285713
11.1
11.252857142857142
11.917142857142858
12.481428571428571
12.570714285714287
11.567142857142857
11.81357142857143
12.332857142857142
12.487857142857141
11.85
11.517857142857142
11.544285714285715
11.844285714285714
11.506428571428572
11.583571428571428
12.189285714285715
12.452857142857143
11.924285714285714
12.385
12.188571428571427
12.10142857142857
12.68142857142857
13.11357142857143
12.775714285714285
14.330714285714285
13.414285714285715
13.039285714285715
12.924285714285714
13.905000000000001
13.197857142857144
13.142857142857142
13.672857142857143
14.537857142857144
14.322142857142856
14.043571428571429
13.234285714285715
14.092857142857143
14.022142857142857
14.272142857142857
15.057692307692308
14.555384615384614
15.306923076923077
14.997692307692308
14.69846153846154
13.791538461538462
14.098461538461539
13.892307692307693
14.163076923076924
14.63076923076923
14.233846153846153
14.20923076923077
14.673076923076923
15.474615384615383
14.814615384615385
14.983076923076924
15.19076923076923
15.261538461538462
15.033846153846154
14.766923076923076
14.87076923076923
14.953076923076923
15.406923076923077
15.397692307692308
15.265384615384615
15.521538461538462
15.299230769230768
15.202307692307691
15.852307692307694
16.407692307692308
16.766923076923078
15.67153846153846
16.134615384615383
16.63076923076923
15.708461538461538
15.763076923076925
16.145384615384614
16.391538461538463
16.38923076923077
16.56846153846154
16.413076923076922
16.74076923076923
16.984615384615385
17.164615384615384
16.745384615384616
16.513076923076923
16.33923076923077
16.583846153846153
16.705384615384613
16.734615384615385
17.133076923076924
17.134615384615383
16.856153846153845
17.306923076923077
16.894615384615385
16.825384615384618
16.863076923076925
16.152307692307694
16.766923076923078
16.233076923076922
15.876923076923077
16.086923076923078
16.346153846153847
16.40076923076923
15.836923076923076
16.116923076923076
16.066153846153846
15.90846153846154
16.664615384615384
15.87923076923077
16.53153846153846
15.716153846153846
15.285384615384617
14.833076923076923
14.714615384615387
15.389999999999999
14.985384615384616
14.260769230769231
15.457692307692307
15.423846153846153
15.526153846153846
16.133846153846154
15.816153846153847
15.00076923076923
14.893846153846154
14.70923076923077
15.066923076923077
15.045384615384616
14.00076923076923
14.05
13.661538461538461
13.502307692307692
12.535384615384617
13.48076923076923
13.813846153846155
13.732307692307693
13.844615384615384
13.839230769230769
13.572307692307692
13.65230769230769
12.936153846153847
12.724615384615387
13.23
13.174615384615386
13.10923076923077
13.853076923076923
14.416923076923077
12.792307692307693
12.137692307692307
11.493076923076924
10.786153846153846
11.655384615384616
11.575384615384614
11.85923076923077
12.27076923076923
11.927692307692308
12.579230769230769
11.725384615384616
12.094615384615384
12.279230769230768
12.451538461538462
12.071538461538463
11.183846153846153
9.888461538461538
9.797692307692309
9.962307692307691
10.475384615384616
10.684615384615386
9.820769230769232
10.205384615384617
10.382307692307693
11.006153846153845
10.36153846153846
10.543076923076923
10.352307692307694
10.194615384615386
9.407692307692308
9.316923076923077
8.721538461538461
8.915384615384616
8.381538461538462
8.966153846153846
9.404615384615385
8.891538461538461
9.576923076923077
9.081538461538461
8.12076923076923
8.288461538461538
7.883846153846154
7.248461538461539
7.009230769230769
6.904615384615385
6.9338461538461535
6.587692307692308
7.341538461538462
6.776153846153846
6.609230769230769
6.764615384615384
6.503076923076923
6.053076923076923
6.333076923076923
7.006153846153846
6.739230769230769
6.842307692307693
7.411538461538461
6.8076923076923075
6.797692307692308
7.334615384615384
6.592307692307693
6.2446153846153845
5.51
5.806153846153847
6.143076923076923
6.549230769230769
5.582307692307693
6.05076923076923
5.765384615384615
5.451538461538462
5.240769230769231
5.921538461538462
5.978461538461539
5.288461538461538
4.315384615384615
4.430000000000001
4.233076923076923
4.975384615384614
4.111538461538461
3.863076923076923
4.983846153846153
5.358461538461539
6.413846153846153
7.065384615384615
5.491538461538462
4.414615384615384
3.89
3.0684615384615386
3.9407692307692304
4.363076923076923
4.462307692307692
