pet
0.4845
0.4325
0.34249999999999997
0.372
0.6155
0.378
0.4285
0.4755
0.5565
0.5845
0.5485
0.553
0.5265
0.501
0.5955
0.4525
0.354
0.43499999999999994
0.47850000000000004
0.5085
0.5690000000000001
0.40750000000000003
0.48600000000000004
0.465
0.395
0.39
0.487
0.5860000000000001
0.6094999999999999
0.6214999999999999
0.675
0.5635
0.607
0.744
0.8415000000000001
0.8765000000000001
0.924
0.7064999999999999
0.6060000000000001
0.6545
0.638
0.775
0.6174999999999999
0.5165
0.5955
0.6675
0.49000000000000005
0.6725
0.7110000000000001
0.7150000000000001
0.7110000000000001
0.6990000000000001
0.766
0.8480000000000001
0.6045
0.706
0.7985
0.9490000000000001
0.8035
0.7685000000000001
0.7925
0.8380000000000001
0.976
1.1465
1.2255
1.3355000000000001
1.238
1.1595
1.339
1.1085
1.2415
1.2675
1.2765
1.2675
1.4055
1.55
1.338
1.1575
1.274
1.2985
1.418
1.4205
1.264
1.1635
1.2115
1.2785
1.205
1.428
1.6375
1.8039999999999998
1.6705
1.5295
1.4300000000000002
1.353
1.4285
1.5215
1.3125
1.456
1.8219999999999998
1.6945000000000001
1.707
1.6565
1.3635
1.5175
1.613
1.783
1.6175000000000002
1.7335
1.847
1.8664999999999998
2.2199999999999998
2.268
2.0940000000000003
2.161
2.0845
2.1670000000000003
2.1335
2.1835
2.2335000000000003
2.335
2.3945
2.533
2.414
2.4255
2.4565
2.484
2.6535
2.5490000000000004
2.5025
2.5415
2.4204999999999997
2.4995000000000003
2.4850000000000003
2.636
2.714
2.733
2.6335
2.4850000000000003
2.7115
2.795
2.529
2.7605
2.92
2.903
2.912
2.7760000000000002
2.5490000000000004
2.5735
2.895
2.7075
2.9915
2.814
2.5445
2.423
2.1985
2.573
2.634
2.443
2.73
2.582
2.4965
2.5075
2.4585
2.788
2.641
2.675
2.8545000000000003
2.9575
2.9555
3.0185
3.0695
2.7295000000000003
2.675
2.575
2.6995
2.863
3.1130000000000004
2.864
3.013
2.8615000000000004
2.891
2.73
2.846
2.9539999999999997
3.0355
3.0065
3.152
3.2439999999999998
3.194
2.9725
3.0275
3.146
3.0565
3.1265
3.1655
3.1195
3.0025
2.7965
2.869
3.0975
3.0315000000000003
2.9745
3.0635
3.1015
2.9855
2.937
3.0065
3.2165
3.1905
3.372
3.2409999999999997
2.988
2.9035
3.036
2.8564999999999996
2.695
2.6734999999999998
2.8945
2.648
2.742
2.7255
2.822
2.791
2.5905
2.763
2.837
2.7640000000000002
2.7445
2.628
2.7359999999999998
2.916
2.7675
2.7845
2.645
2.5185
2.397
2.3395
2.1079999999999997
2.1625
2.2954999999999997
2.179
2.1495
2.214
2.285
2.3605
2.069
1.9555
1.8305
1.7875
1.9475000000000002
1.8375
1.925
1.9465
1.8485
1.73
1.7025
1.6305
1.563
1.5775000000000001
1.763
1.709
1.5645
1.5825
1.6695
1.5205
1.6300000000000001
1.3425
1.3904999999999998
1.4925000000000002
1.4955
1.612
1.6245
1.6355
1.5450000000000002
1.4425000000000001
1.3365
1.366
1.428
1.3455
1.1595
1.247
1.419
1.144
1.0539999999999998
1.191
1.17
1.1105
1.103
1.058421052631579
0.8615789473684211
0.9078947368421053
0.9521052631578947
0.9110526315789473
0.9057894736842106
0.8726315789473683
0.8805263157894737
0.8994736842105263
0.9531578947368421
0.8505263157894737
0.8621052631578947
0.7263157894736842
0.7873684210526316
0.7952631578947368
0.7126315789473685
0.771
0.6925
0.6995
0.686
0.5850000000000001
0.577
0.7685
0.6845
0.6225
0.6715
0.655
0.6094999999999999
0.489
0.409
0.449
0.4165
0.40049999999999997
0.46799999999999997
0.395
0.28500000000000003
0.3275
0.3445
0.488
0.517
0.553
0.446
0.403
0.44799999999999995
0.4415
0.562
0.5665
0.688
0.592
0.5115000000000001
0.40650000000000003
0.389
0.3175
0.41100000000000003
0.33199999999999996
0.40800000000000003
0.47050000000000003
0.5065000000000001
0.323
0.373
0.387
0.49450000000000005
0.503
0.43999999999999995
0.487
0.45150000000000007
0.47350000000000003
0.4955
0.46799999999999997
0.6005
0.48100000000000004
0.488
0.49400000000000005
0.5945
0.5335
0.4625
0.4205
