temperature
3.777857142857143
3.040714285714286
3.2364285714285717
3.6385714285714283
3.8114285714285714
3.766428571428571
3.8035714285714284
3.749285714285714
3.8164285714285713
4.275
4.525
5.510714285714286
5.310714285714285
4.739285714285714
4.735
4.567142857142857
4.642857142857143
5.425714285714285
5.7250000000000005
5.037142857142858
3.785
3.244285714285714
3.266428571428571
2.835
3.049285714285714
3.055
3.3178571428571426
3.4199999999999995
3.8035714285714284
3.8757142857142854
4.037142857142857
3.6478571428571427
3.584285714285714
4.095714285714286
4.9871428571428575
4.514285714285714
3.615714285714286
3.9114285714285715
3.6078571428571427
3.762857142857143
4.9192857142857145
6.055
5.452857142857143
3.7864285714285715
3.732142857142857
4.547857142857143
3.8164285714285713
4.103571428571429
4.017857142857143
3.8892857142857147
4.123571428571428
4.665714285714286
4.634285714285714
4.829285714285715
4.07
4.628571428571428
4.469285714285714
4.521428571428571
3.73
4.272857142857143
4.323571428571428
4.109285714285714
4.190714285714286
3.9535714285714287
5.660714285714286
6.505
5.915
6.173571428571428
6.240714285714286
5.586428571428572
5.22
4.792857142857143
6.125
6.563571428571429
7.3100000000000005
7.3
5.831428571428572
5.663571428571429
5.744285714285715
5.976428571428571
6.484999999999999
6.945714285714286
7.005
6.726428571428571
6.678571428571429
6.292142857142857
6.918571428571428
6.963571428571428
7.3028571428571425
8.262857142857142
8.635384615384615
8.455384615384615
7.996923076923077
7.201538461538462
7.846923076923076
6.5346153846153845
5.608461538461539
6.202307692307692
6.983846153846153
6.943846153846153
6.5661538461538465
7.197692307692308
6.789230769230769
7.407692307692307
7.353076923076923
7.637692307692307
7.722307692307693
7.220769230769231
7.1838461538461535
7.953846153846154
9.436923076923078
10.051538461538463
9.540000000000001
10.503846153846153
9.846153846153847
10.210769230769232
10.863076923076923
10.277692307692309
9.271538461538462
9.614615384615384
10.245384615384616
10.639999999999999
10.298461538461538
10.284615384615384
9.77076923076923
9.518461538461539
10.382307692307693
10.947692307692307
10.665384615384616
11.32846153846154
11.535384615384613
11.679230769230768
11.433846153846153
11.083076923076923
12.314615384615385
11.84769230769231
11.639999999999999
11.168461538461539
11.37923076923077
11.485384615384616
10.674615384615386
10.834615384615384
11.805384615384614
11.463076923076924
11.713846153846154
12.263076923076925
12.096153846153847
11.216153846153846
11.973076923076924
12.65846153846154
12.857692307692307
14.085384615384616
13.10923076923077
13.195384615384615
12.836923076923076
13.936153846153845
13.665384615384616
13.753076923076922
14.166153846153845
14.927692307692308
14.427692307692308
14.174615384615386
13.213846153846154
13.862307692307693
14.140769230769232
14.67
15.123846153846152
15.36923076923077
15.722307692307693
15.375384615384615
14.634615384615385
13.700769230769229
14.225384615384616
14.331538461538461
14.338461538461539
14.304615384615385
14.511538461538462
13.586923076923076
14.964615384615383
15.116923076923078
14.67
15.145384615384616
15.537692307692309
15.22923076923077
15.061538461538463
15.561538461538463
15.24923076923077
15.290000000000001
15.87846153846154
15.377692307692307
15.442307692307692
15.175384615384615
15.476153846153846
15.251538461538463
16.266923076923078
16.524615384615384
16.427692307692308
15.63923076923077
16.20230769230769
17.005384615384614
16.065384615384616
16.01615384615385
16.31230769230769
16.533076923076923
16.34769230769231
16.243846153846157
16.516923076923078
16.682307692307692
17.75846153846154
17.696923076923078
16.998461538461537
16.693846153846156
16.404615384615383
16.47
16.51846153846154
16.746153846153845
17.533076923076923
17.983076923076922
17.296153846153846
17.41846153846154
17.302307692307693
17.016923076923078
17.305384615384614
16.503846153846155
16.405384615384612
16.402307692307694
15.913076923076924
16.29769230769231
16.72153846153846
16.67076923076923
16.113846153846154
15.86076923076923
15.937692307692307
15.817692307692308
16.42076923076923
15.563846153846155
16.094615384615384
15.188461538461537
14.82
14.708461538461536
14.943846153846154
15.140769230769232
15.142307692307693
14.506153846153847
15.643846153846154
14.936153846153845
15.636153846153848
16.084615384615383
15.773076923076925
14.456153846153846
14.399999999999999
14.193846153846154
14.971538461538461
14.985384615384616
14.371538461538462
13.928461538461537
13.543846153846154
13.477692307692308
12.700769230769229
13.376153846153844
13.95
13.404615384615385
13.665384615384616
13.820769230769232
13.080769230769231
13.11076923076923
12.788461538461538
12.633846153846154
12.840769230769231
12.883076923076922
12.894615384615385
13.265384615384615
13.485384615384616
12.23857142857143
11.109285714285715
11.203571428571427
10.258571428571429
11.188571428571427
11.17357142857143
11.397142857142857
11.919285714285715
11.442857142857141
11.667857142857143
11.382857142857144
11.417857142857143
11.417857142857143
11.732857142857142
11.334285714285715
10.84142857142857
9.413571428571428
9.428571428571429
9.597142857142858
9.307857142857143
9.870000000000001
9.262142857142857
9.546428571428573
9.89
9.97
9.607857142857142
9.6
9.227857142857143
9.062857142857142
8.635
8.137142857142857
8.062857142857142
8.375714285714286
7.707142857142857
7.617142857142857
8.315714285714286
8.020714285714286
8.557142857142857
7.955
7.0564285714285715
7.542857142857143
6.880714285714285
6.708571428571429
6.270714285714285
5.926428571428572
6.611428571428571
5.797857142857143
5.451428571428571
5.125
5.345714285714286
5.0928571428571425
4.914285714285714
4.911428571428572
4.997142857142856
6.107142857142857
5.835714285714286
6.087142857142857
6.699285714285714
6.214285714285714
5.8428571428571425
5.962142857142857
5.473571428571428
5.484285714285714
5.11
5.011428571428572
5.034999999999999
5.077857142857143
4.1899999999999995
4.304285714285714
4.009285714285714
3.6464285714285714
4.008571428571429
4.758571428571429
4.775714285714286
4.075714285714286
3.3214285714285716
3.209285714285714
3.019285714285714
3.299285714285714
2.7214285714285715
2.2378571428571425
3.582142857142857
4.286428571428572
4.942142857142857
5.4835714285714285
3.7949999999999995
3.027857142857143
2.5664285714285713
1.9478571428571427
2.2764285714285712
2.960714285714286
3.082142857142857
