pet
0.39653846153846156
0.38038461538461543
0.36230769230769233
0.31384615384615383
0.41000000000000003
0.39961538461538465
0.5015384615384615
0.3734615384615385
0.36730769230769234
0.4688461538461538
0.5111538461538461
0.5161538461538462
0.435
0.3988461538461538
0.47230769230769226
0.4061538461538462
0.3303846153846154
0.45038461538461544
0.48192307692307695
0.37269230769230766
0.2876923076923077
0.3830769230769231
0.4034615384615385
0.4761538461538462
0.5023076923076923
0.5192307692307693
0.5207692307692308
0.5507692307692308
0.4369230769230769
0.4146153846153846
0.5253846153846153
0.5796153846153846
0.5265384615384615
0.5411538461538462
0.6223076923076923
0.5611538461538461
0.48615384615384616
0.4815384615384615
0.5665384615384615
0.4761538461538462
0.4453846153846154
0.5811538461538461
0.6134615384615385
0.5157692307692308
0.6234615384615385
0.7461538461538461
0.6446153846153846
0.6753846153846154
0.661923076923077
0.746923076923077
0.7423076923076923
0.8049999999999999
0.7280769230769231
0.8103846153846154
0.6507692307692307
0.7819230769230769
0.6676923076923077
0.643076923076923
0.6446153846153847
0.5753846153846154
0.6811538461538462
0.565
0.545
0.6115384615384616
0.7815384615384615
0.9299999999999999
0.9400000000000001
1.0703846153846153
1.0230769230769232
1.04
0.92
0.9811538461538463
1.1623076923076923
1.286153846153846
1.308076923076923
1.2646153846153847
1.1365384615384615
1.2034615384615384
1.1173076923076923
1.1311538461538462
1.188076923076923
1.1973076923076922
1.2411538461538463
1.393076923076923
1.3599999999999999
1.3461538461538463
1.3838461538461537
1.419230769230769
1.570769230769231
1.5338461538461539
1.4538461538461538
1.4515384615384617
1.5453846153846154
1.568076923076923
1.6603846153846153
1.5438461538461539
1.3111538461538463
1.5480769230769231
1.651923076923077
1.5350000000000001
1.455769230769231
1.4623076923076925
1.6042307692307693
1.6673076923076924
1.69
1.7453846153846155
1.75
1.6442307692307692
1.665769230769231
1.9
2.161153846153846
2.2484615384615383
2.246538461538462
2.2388461538461537
2.003076923076923
1.8865384615384617
1.9546153846153846
1.881153846153846
1.8288461538461538
1.9165384615384615
2.0915384615384616
2.17
2.256153846153846
2.306153846153846
2.301153846153846
2.289230769230769
2.5453846153846156
2.4511538461538462
2.5807692307692305
2.670384615384615
2.4734615384615384
2.393076923076923
2.403076923076923
2.285
2.581538461538462
2.5807692307692305
2.589230769230769
2.5900000000000003
2.7130769230769234
2.643076923076923
2.714230769230769
2.5942307692307693
2.667692307692308
2.588461538461538
2.728846153846154
2.650384615384615
2.7011538461538462
2.5657692307692304
2.743846153846154
2.708846153846154
2.9084615384615384
2.9038461538461537
2.6173076923076923
2.4946153846153845
2.213076923076923
2.2515384615384617
2.315769230769231
2.461153846153846
2.4992307692307696
2.5803846153846157
2.5603846153846153
2.4034615384615385
2.2915384615384613
2.2992307692307694
2.272307692307692
2.3442307692307693
2.7165384615384616
2.7169230769230768
2.7180769230769233
2.5707692307692307
2.4026923076923077
2.4015384615384616
2.503846153846154
2.541923076923077
2.54
2.4461538461538463
2.539615384615385
2.523076923076923
2.4526923076923075
2.579230769230769
2.431153846153846
2.5953846153846154
2.733846153846154
2.579230769230769
2.667307692307692
2.7115384615384617
2.6599999999999997
2.555769230769231
2.5384615384615383
2.6061538461538465
2.6361538461538463
2.5353846153846153
2.395
2.3842307692307694
2.378461538461538
2.542692307692308
2.6826923076923075
2.6907692307692304
2.8230769230769233
2.8715384615384614
2.6319230769230773
2.4492307692307693
2.5953846153846154
2.6865384615384613
2.5626923076923074
2.664615384615385
2.5696153846153846
2.586153846153846
2.458846153846154
2.456923076923077
2.360384615384615
2.433846153846154
2.5142307692307693
2.4276923076923076
2.503846153846154
2.4038461538461537
2.371923076923077
2.3984615384615386
2.2253846153846153
2.353076923076923
2.3265384615384614
2.213076923076923
2.389615384615385
2.2800000000000002
2.3434615384615385
2.2826923076923076
2.071923076923077
2.1123076923076924
2.0846153846153848
2.132307692307692
2.1415384615384614
2.01
2.0173076923076922
2.042692307692308
2.0503846153846155
1.8599999999999999
1.8926923076923077
1.7146153846153847
1.725
1.7238461538461538
1.5499999999999998
1.5953846153846152
1.6080769230769232
1.665
1.926923076923077
1.7703846153846154
1.8746153846153848
1.91
1.7603846153846152
1.7515384615384615
1.7488461538461537
1.661923076923077
1.771153846153846
1.7126923076923077
1.5538461538461539
1.43
1.445
1.363076923076923
1.3057692307692306
1.2707692307692307
1.3134615384615385
1.3988461538461539
1.3392307692307692
1.3942307692307692
1.4046153846153848
1.225
1.2349999999999999
1.2538461538461538
1.1861538461538461
1.2303846153846154
1.41
1.2346153846153847
1.3103846153846155
1.178076923076923
1.0669230769230769
1.065
0.9488461538461538
0.9911538461538462
0.9415384615384615
1.044230769230769
1.0973076923076923
0.9892307692307691
1.028076923076923
0.9376923076923076
0.9588461538461538
1.0765384615384614
0.9096153846153846
0.8534615384615385
0.878076923076923
0.7580769230769231
0.7880769230769231
0.7838461538461539
0.7603846153846153
0.8646153846153847
0.7749999999999999
0.816923076923077
0.8784615384615384
0.8065384615384615
0.7888461538461538
0.9265384615384615
0.75
0.7088461538461538
0.7861538461538462
0.7876923076923077
0.7738461538461539
0.7100000000000001
0.6238461538461538
0.6373076923076924
0.5930769230769231
0.5230769230769231
0.5496153846153846
0.4857692307692308
0.5146153846153846
0.5503846153846154
0.5457692307692308
0.5592307692307692
0.49076923076923074
0.5238461538461539
0.6696153846153846
0.5319230769230769
0.5465384615384615
0.47846153846153844
0.43615384615384617
0.39384615384615385
0.3942307692307692
0.2938461538461538
0.3607692307692308
0.37153846153846154
0.3346153846153846
0.4180769230769231
0.44346153846153846
0.4519230769230769
0.4257692307692308
0.4688461538461538
0.36576923076923074
0.3934615384615385
0.27384615384615385
0.33653846153846156
0.4776923076923077
0.4473076923076923
0.3776923076923077
0.38
0.3469230769230769
0.4107692307692308
0.3315384615384615
0.44269230769230766
0.38461538461538464
0.34153846153846157
0.38576923076923075
0.35615384615384615
0.3323076923076923
0.3457692307692308
0.3853846153846154
0.3376923076923077
0.4242307692307692
0.5142307692307692
0.6103846153846154
0.5284615384615384
0.4196153846153846
0.38307692307692304
0.3553846153846154
0.2907692307692308
0.3992307692307693
0.5007692307692307
0.5326923076923077
