pet
0.36115384615384616
0.3553846153846154
0.3096153846153846
0.3019230769230769
0.3873076923076923
0.38307692307692304
0.45884615384615385
0.365
0.35192307692307695
0.41923076923076924
0.49192307692307696
0.46961538461538466
0.42461538461538456
0.3880769230769231
0.4707692307692308
0.4269230769230769
0.3776923076923077
0.4776923076923077
0.49807692307692303
0.36576923076923074
0.3
0.35038461538461535
0.3723076923076923
0.41884615384615387
0.45884615384615385
0.4403846153846154
0.4969230769230769
0.5084615384615385
0.4407692307692308
0.46153846153846156
0.5319230769230769
0.5169230769230769
0.5234615384615385
0.47923076923076924
0.5765384615384616
0.5446153846153846
0.43230769230769234
0.48115384615384615
0.5080769230769231
0.4453846153846154
0.4296153846153846
0.5642307692307692
0.5488461538461539
0.4407692307692308
0.5792307692307692
0.676923076923077
0.5996153846153847
0.6230769230769231
0.5788461538461539
0.6961538461538462
0.7134615384615385
0.7357692307692307
0.716923076923077
0.6988461538461539
0.6080769230769231
0.6734615384615386
0.6211538461538461
0.6123076923076923
0.625
0.6303846153846154
0.6649999999999999
0.5715384615384616
0.5288461538461539
0.6411538461538461
0.8026923076923077
0.9192307692307693
0.9673076923076922
1.0534615384615384
1.0323076923076924
1.0034615384615384
0.8584615384615385
0.8923076923076922
1.1196153846153847
1.2103846153846154
1.1411538461538462
1.183846153846154
1.041923076923077
1.0907692307692307
1.0846153846153845
1.0946153846153845
1.1211538461538462
1.2134615384615386
1.2215384615384617
1.2842307692307693
1.29
1.2726923076923078
1.3788461538461538
1.378076923076923
1.4826923076923075
1.4830769230769232
1.4326923076923077
1.4515384615384617
1.4711538461538463
1.4296153846153847
1.4976923076923077
1.4519230769230769
1.253076923076923
1.4949999999999999
1.5703846153846153
1.4626923076923077
1.521923076923077
1.4469230769230768
1.6276923076923078
1.7526923076923078
1.6788461538461539
1.6476923076923078
1.6711538461538462
1.568076923076923
1.628076923076923
1.875
2.1111538461538464
2.086153846153846
2.1703846153846156
2.186153846153846
1.9530769230769232
1.8038461538461539
1.8653846153846154
1.7723076923076921
1.725769230769231
1.9023076923076923
2.039230769230769
2.0919230769230768
2.143076923076923
2.088076923076923
2.15
2.1550000000000002
2.437307692307692
2.3515384615384614
2.3765384615384617
2.5069230769230773
2.266153846153846
2.3215384615384616
2.208076923076923
2.2842307692307693
2.5342307692307693
2.367692307692308
2.316153846153846
2.2484615384615383
2.3861538461538463
2.370769230769231
2.4465384615384616
2.3596153846153847
2.3934615384615383
2.3438461538461537
2.548076923076923
2.495769230769231
2.560769230769231
2.5280769230769233
2.558076923076923
2.589230769230769
2.7603846153846154
2.816923076923077
2.5969230769230767
2.4292307692307693
2.2784615384615385
2.2992307692307694
2.2557692307692307
2.3015384615384615
2.351153846153846
2.423076923076923
2.435
2.3065384615384614
2.2161538461538464
2.2734615384615386
2.3615384615384616
2.3438461538461537
2.602692307692308
2.5288461538461537
2.600769230769231
2.5188461538461535
2.3876923076923076
2.3596153846153847
2.33
2.458076923076923
2.4365384615384618
2.5492307692307694
2.699230769230769
2.453076923076923
2.5146153846153845
2.5969230769230767
2.490769230769231
2.6096153846153842
2.5311538461538463
2.575
2.4703846153846154
2.536538461538462
2.4719230769230767
2.5142307692307693
2.553846153846154
2.674615384615384
2.6034615384615383
2.464230769230769
2.457692307692308
2.355769230769231
2.523076923076923
2.516153846153846
2.538846153846154
2.616923076923077
2.8261538461538462
2.8146153846153847
2.478846153846154
2.4319230769230766
2.5
2.5961538461538463
2.435
2.680769230769231
2.5034615384615386
2.4246153846153846
2.3303846153846153
2.3223076923076924
2.228076923076923
2.266153846153846
2.43
2.373846153846154
2.3546153846153848
2.1884615384615382
2.2588461538461537
2.2199999999999998
2.128846153846154
2.3442307692307693
2.3026923076923076
2.1065384615384612
2.2357692307692307
2.2096153846153848
2.223076923076923
2.1046153846153848
1.9184615384615387
1.9426923076923077
1.9523076923076923
1.8853846153846152
1.9415384615384614
1.8957692307692307
1.8996153846153847
1.9861538461538462
1.8857692307692309
1.7307692307692308
1.8873076923076924
1.6673076923076924
1.661153846153846
1.5503846153846155
1.5326923076923078
1.5742307692307693
1.4992307692307694
1.5007692307692309
1.7703846153846154
1.6107692307692305
1.7215384615384615
1.706923076923077
1.6719230769230768
1.5884615384615384
1.5876923076923077
1.5692307692307692
1.713076923076923
1.5634615384615385
1.4707692307692308
1.3876923076923076
1.3330769230769233
1.3773076923076923
1.2796153846153848
1.2488461538461537
1.2953846153846154
1.353846153846154
1.323076923076923
1.3896153846153847
1.298846153846154
1.2546153846153845
1.1180769230769232
1.1526923076923077
1.1215384615384616
1.1473076923076924
1.2434615384615384
1.2534615384615386
1.3215384615384616
1.115
1.0642307692307693
0.976923076923077
0.9199999999999999
0.9865384615384615
0.8753846153846154
0.9515384615384614
1.1280769230769232
0.9446153846153845
1.0376923076923077
0.8611538461538462
0.9180769230769231
0.9823076923076923
0.8446153846153847
0.8511538461538461
0.83
0.7403846153846154
0.7930769230769231
0.716923076923077
0.7030769230769232
0.7638461538461538
0.663076923076923
0.8200000000000001
0.8311538461538461
0.7911538461538462
0.7573076923076923
0.8369230769230769
0.8015384615384615
0.768076923076923
0.8326923076923076
0.7311538461538463
0.6915384615384615
0.6715384615384615
0.5926923076923077
0.5992307692307692
0.6061538461538462
0.5588461538461538
0.45884615384615385
0.5073076923076922
0.52
0.5865384615384616
0.5230769230769231
0.4776923076923077
0.46923076923076923
0.5042307692307693
0.5976923076923076
0.4538461538461539
0.5215384615384615
0.4592307692307692
0.41461538461538466
0.37269230769230766
0.36961538461538457
0.29538461538461536
0.3323076923076923
0.34730769230769226
0.3638461538461539
0.44307692307692303
0.44576923076923075
0.44846153846153847
0.4153846153846154
0.4326923076923077
0.375
0.3692307692307692
0.2926923076923077
0.32923076923076927
0.42500000000000004
0.4746153846153846
0.3723076923076923
0.40230769230769237
0.3353846153846154
0.36961538461538457
0.3353846153846154
0.42653846153846153
0.3346153846153846
0.35807692307692307
0.36076923076923073
0.3638461538461539
0.3161538461538462
0.3465384615384615
0.3192307692307692
0.3819230769230769
0.49961538461538463
0.5
0.5888461538461539
0.4869230769230769
0.40923076923076923
0.4115384615384615
0.36230769230769233
0.2996153846153846
0.46153846153846156
0.5007692307692307
0.5026923076923077
