pet
0.4586363636363636
0.5195454545454545
0.4186363636363637
0.48863636363636365
0.6113636363636363
0.3718181818181818
0.44181818181818183
0.5245454545454545
0.5286363636363637
0.58
0.5068181818181818
0.4522727272727272
0.49318181818181817
0.5409090909090909
0.5863636363636364
0.4777272727272727
0.44136363636363635
0.49272727272727274
0.5
0.5354545454545454
0.5454545454545454
0.4022727272727273
0.4318181818181818
0.525
0.3981818181818182
0.3890909090909091
0.4113636363636364
0.5499999999999999
0.5986363636363636
0.62
0.6718181818181818
0.5281818181818182
0.6109090909090908
0.770909090909091
0.8572727272727273
0.9713636363636364
0.8068181818181818
0.625
0.6445454545454545
0.6809090909090909
0.5154545454545455
0.5890909090909091
0.5963636363636364
0.5286363636363637
0.5986363636363636
0.5745454545454546
0.44727272727272727
0.6136363636363636
0.6181818181818182
0.6095454545454545
0.5927272727272727
0.5786363636363636
0.6740909090909091
0.7322727272727273
0.6613636363636364
0.655
0.7077272727272728
0.879090909090909
0.7163636363636363
0.7695454545454545
0.8509090909090908
0.73
0.8522727272727273
1.0522727272727272
1.0572727272727271
1.115
1.083181818181818
1.0822727272727273
1.1477272727272727
1.1563636363636363
1.1931818181818181
1.2181818181818183
1.0368181818181819
1.0259090909090909
1.0822727272727273
1.1531818181818183
0.9718181818181818
0.9040909090909092
0.9568181818181819
0.9268181818181819
1.049090909090909
1.0977272727272727
1.1195454545454544
1.0754545454545454
1.1245454545454545
1.1113636363636363
1.1209090909090909
1.2531818181818182
1.3027272727272727
1.5313636363636363
1.4577272727272728
1.125
1.1972727272727273
1.2704545454545455
1.3318181818181818
1.3809090909090909
1.395909090909091
1.3718181818181818
1.57
1.7395454545454543
1.7013636363636364
1.627727272727273
1.4172727272727272
1.658181818181818
1.7236363636363636
1.8486363636363636
1.6172727272727272
1.829090909090909
1.6809090909090907
1.6804545454545454
1.9422727272727274
2.0786363636363636
2.0731818181818182
2.11
1.9986363636363635
2.145909090909091
2.2931818181818184
2.286818181818182
2.296818181818182
2.187727272727273
2.316818181818182
2.528636363636364
2.549090909090909
2.4227272727272724
2.237727272727273
2.4727272727272727
2.5686363636363634
2.391818181818182
2.284090909090909
2.4022727272727273
2.5222727272727274
2.775
2.921818181818182
2.9931818181818177
3.0486363636363634
2.725909090909091
2.78
2.56
2.817727272727273
2.897727272727273
2.687272727272727
2.7572727272727273
2.8704545454545456
2.9004545454545454
2.8895454545454546
2.6568181818181817
2.5795454545454546
2.5127272727272727
2.838181818181818
2.930909090909091
3.0481818181818183
2.9004545454545454
2.5786363636363636
2.623181818181818
2.549545454545455
2.59
2.5009090909090905
2.4145454545454546
2.617272727272727
2.6177272727272727
2.6145454545454547
2.3713636363636366
2.4227272727272724
2.397727272727273
2.2927272727272725
2.4604545454545454
2.637272727272727
2.7195454545454543
2.7177272727272728
3.0895454545454544
2.730909090909091
2.4677272727272728
2.412272727272727
2.273636363636364
2.4095454545454547
2.3886363636363637
2.5245454545454544
2.5145454545454546
2.686818181818182
2.683181818181818
2.5854545454545454
2.364090909090909
2.557727272727273
2.6027272727272726
2.6922727272727274
2.713181818181818
2.8018181818181818
2.8390909090909093
2.8663636363636367
2.898181818181818
2.8631818181818183
2.9254545454545453
2.778181818181818
2.7904545454545455
2.6777272727272727
2.438181818181818
2.500909090909091
2.3231818181818182
2.519090909090909
2.8136363636363635
2.846363636363636
2.631818181818182
2.658181818181818
2.7713636363636365
2.7845454545454547
2.833181818181818
2.7718181818181815
2.847826086956522
2.6982608695652175
2.7795652173913044
2.887391304347826
2.5895652173913044
2.618695652173913
2.846086956521739
2.6621739130434783
2.4569565217391305
2.4434782608695653
2.5656521739130436
2.090869565217391
2.3417391304347825
2.2543478260869567
2.408695652173913
2.4613043478260868
2.1895652173913045
2.2265217391304346
2.237391304347826
2.257391304347826
2.0782608695652174
2.2026086956521738
2.3834782608695653
2.539565217391304
2.442608695652174
2.3378260869565217
2.1430434782608696
2.0521739130434784
2.0130434782608697
1.9017391304347826
1.8221739130434782
1.9169565217391307
2.0178260869565214
1.9827272727272727
1.9113636363636362
2.0177272727272726
1.867727272727273
2.0822727272727275
1.9549999999999998
1.9236363636363636
1.744090909090909
1.6977272727272728
1.9213636363636366
1.8559090909090907
1.8127272727272725
1.6986363636363635
1.5581818181818183
1.5172727272727273
1.3627272727272728
1.336818181818182
1.3936363636363636
1.5977272727272727
1.7813636363636363
1.5745454545454545
1.6595454545454544
1.670909090909091
1.5690909090909093
1.4813636363636362
1.5618181818181818
1.270909090909091
1.2577272727272728
1.2895454545454546
1.3272727272727272
1.5613636363636365
1.44
1.5972727272727274
1.3936363636363636
1.3172727272727274
1.285909090909091
1.305909090909091
1.2368181818181818
1.208181818181818
1.1913636363636364
1.3863636363636365
1.4113636363636364
1.0986363636363636
1.0813636363636363
1.2090909090909092
1.2313636363636364
1.11
1.000909090909091
0.9077272727272727
0.7995454545454546
0.8786363636363635
0.9768181818181817
0.7727272727272727
0.7890909090909091
0.8127272727272726
0.8677272727272727
0.879090909090909
0.8886363636363637
0.8027272727272727
0.838181818181818
0.7572727272727273
0.7936363636363637
0.9681818181818183
0.8040909090909092
0.7963636363636364
0.8136363636363636
0.7918181818181819
0.6840909090909091
0.6054545454545455
0.5618181818181818
0.7818181818181817
0.6668181818181819
0.645909090909091
0.7227272727272728
0.7036363636363636
0.6386363636363637
0.5645454545454546
0.5890909090909091
0.5618181818181818
0.5568181818181818
0.6286363636363637
0.6195454545454546
0.42227272727272724
0.4145454545454546
0.5263636363636364
0.6772727272727272
0.6345454545454546
0.5545454545454546
0.6581818181818182
0.5386363636363636
0.49318181818181817
0.48318181818181816
0.4227272727272728
0.5427272727272727
0.5859090909090909
0.7563636363636363
0.5659090909090909
0.44909090909090904
0.35363636363636364
0.3731818181818182
0.33818181818181814
0.4390909090909091
0.41500000000000004
0.5322727272727272
0.5222727272727273
0.4272727272727273
0.4186363636363636
0.4063636363636363
0.4231818181818182
0.49090909090909096
0.4754545454545455
0.4231818181818182
0.36590909090909096
0.425
0.39499999999999996
0.4
0.4422727272727273
0.6254545454545455
0.5345454545454545
0.5545454545454546
0.5418181818181819
0.5768181818181818
0.5413636363636364
0.5581818181818181
0.49954545454545457
