temperature
3.1709090909090905
3.3018181818181818
3.173636363636364
3.377272727272727
3.89
2.7427272727272727
2.900909090909091
3.255454545454546
3.2095454545454545
3.069090909090909
2.8804545454545454
2.567727272727273
2.898636363636364
3.3686363636363637
3.3663636363636367
3.088181818181818
3.016818181818182
3.207727272727273
3.002727272727273
3.2631818181818186
3.269090909090909
2.6999999999999997
2.789090909090909
3.0850000000000004
2.403636363636364
2.1013636363636365
2.006818181818182
2.911363636363636
3.3236363636363637
3.2395454545454543
3.311818181818182
2.959090909090909
3.402727272727273
3.8231818181818182
4.316363636363636
4.758181818181819
3.8368181818181815
3.1236363636363635
3.1818181818181817
3.2068181818181816
2.640909090909091
2.992272727272727
3.075
2.7177272727272728
2.837727272727273
2.773181818181818
2.312727272727273
3.087727272727273
3.0650000000000004
2.9127272727272726
2.8613636363636363
2.876818181818182
3.2313636363636364
3.4959090909090906
3.4068181818181817
3.472272727272727
3.6122727272727273
4.338181818181818
3.6777272727272727
3.764090909090909
4.032272727272727
3.571818181818182
4.053636363636364
4.820909090909091
5.056818181818182
5.180454545454546
5.080909090909091
5.097272727272728
5.371818181818182
5.321363636363636
5.578636363636364
5.595454545454546
4.934545454545455
4.931818181818182
4.881818181818182
5.104090909090909
4.761363636363637
4.540909090909091
4.638181818181819
4.523181818181818
4.791363636363636
5.284090909090909
5.378181818181818
5.215909090909091
5.44
5.288636363636363
5.276818181818182
5.758636363636364
5.864090909090908
6.541363636363636
6.076363636363637
5.112272727272727
5.1886363636363635
5.432727272727273
5.672727272727273
5.930909090909091
6.01409090909091
5.883636363636364
6.463636363636363
6.870909090909091
6.619090909090909
6.5622727272727275
5.723636363636364
6.448181818181819
6.892272727272727
7.274090909090909
6.547727272727273
7.126818181818181
6.831363636363636
6.872272727272727
7.625454545454545
8.002727272727272
7.891363636363636
7.956363636363636
7.7322727272727265
8.304545454545455
8.696818181818182
8.710909090909091
8.872272727272728
8.611818181818181
8.500454545454545
9.076818181818181
9.064545454545454
8.81590909090909
8.337272727272726
9.106363636363637
9.412272727272727
8.972727272727273
8.729090909090909
9.057272727272727
9.355
10.087727272727273
10.581363636363635
10.848181818181818
11.077727272727273
10.297272727272727
10.34681818181818
9.878181818181817
10.583636363636364
10.80409090909091
10.432727272727274
10.674545454545454
10.98
11.117272727272727
11.145454545454545
10.573636363636364
10.530909090909091
10.458181818181819
11.311818181818182
11.549090909090909
11.877727272727272
12.239090909090908
11.683636363636365
11.860454545454546
11.798181818181819
12.019545454545455
11.85590909090909
11.675
12.31409090909091
12.43
12.465000000000002
11.882272727272726
12.05909090909091
12.033636363636363
11.876363636363635
12.423181818181819
12.918181818181818
13.208181818181817
13.240909090909092
14.195454545454545
13.404545454545454
12.750454545454545
12.68590909090909
12.445
12.806818181818182
12.927727272727275
13.260909090909092
13.285909090909092
13.791818181818183
13.826818181818181
13.643181818181818
13.20318181818182
13.72090909090909
13.912727272727272
14.174090909090909
14.315454545454545
14.585
14.701363636363636
14.855
15.003181818181817
14.864545454545453
15.129545454545456
14.886363636363637
14.89590909090909
14.717272727272729
14.118636363636364
14.35090909090909
13.950454545454544
14.427272727272726
15.166363636363638
15.315454545454545
14.816818181818183
14.937727272727273
15.265909090909092
15.304545454545455
15.417727272727273
15.356363636363636
15.553043478260872
15.218260869565217
15.444782608695652
15.76304347826087
14.968695652173912
15.110434782608696
15.67782608695652
15.361304347826087
14.88
14.838260869565216
15.245217391304347
14.040869565217392
14.628695652173912
14.44217391304348
14.934347826086958
15.076521739130435
14.329565217391304
14.499130434782609
14.547826086956523
14.57217391304348
14.13391304347826
14.379565217391304
14.95304347826087
15.351739130434781
15.098260869565218
14.85304347826087
14.278695652173914
13.951739130434783
13.94217391304348
13.640869565217391
13.385652173913044
13.62913043478261
13.975652173913044
13.853636363636362
13.618181818181819
13.905454545454546
13.430909090909092
13.933636363636365
13.598636363636365
13.473636363636365
12.845454545454546
12.693636363636363
13.37
13.136818181818182
13.051363636363636
12.734090909090908
12.257727272727273
12.009545454545453
11.712727272727273
11.554545454545455
11.685
12.227727272727272
12.810454545454546
12.233636363636363
12.459545454545456
12.450454545454544
11.893181818181818
11.786818181818182
11.972272727272726
11.204545454545455
11.076363636363636
11.105454545454545
11.053636363636365
11.866363636363637
11.396818181818183
11.857727272727272
11.142727272727273
10.811363636363636
10.50590909090909
10.627272727272727
10.45409090909091
10.528636363636364
10.290909090909091
10.894090909090908
10.995
9.881363636363636
9.81090909090909
10.082272727272727
10.05090909090909
9.504545454545454
9.156363636363636
8.819545454545455
8.241818181818182
8.747272727272728
8.980454545454545
8.067727272727273
8.27909090909091
8.153636363636364
8.279545454545454
8.45590909090909
8.457272727272727
8.211818181818181
8.135909090909092
7.56
7.828636363636363
8.305454545454545
7.6859090909090915
7.632272727272727
7.609545454545454
7.45
6.968636363636364
6.569545454545454
6.505000000000001
7.3927272727272735
7.1022727272727275
6.672272727272727
7.003636363636364
6.91
6.420000000000001
5.880000000000001
5.835454545454545
6.028181818181818
5.626363636363636
5.867727272727273
5.869999999999999
5.162272727272727
4.656818181818182
4.8136363636363635
5.305909090909091
5.206818181818182
5.178181818181819
5.712272727272727
4.918181818181818
4.588636363636364
4.281363636363636
4.3559090909090905
4.702272727272727
4.759545454545454
5.526363636363636
4.74
4.3522727272727275
4.1863636363636365
3.862727272727273
3.5290909090909093
3.787272727272727
3.7659090909090907
4.157727272727272
4.085
3.8354545454545454
3.6759090909090912
3.5404545454545455
3.9863636363636363
4.199090909090909
3.7677272727272726
3.4177272727272725
3.1540909090909093
3.014545454545455
3.1313636363636363
3.1072727272727274
3.615
4.245
3.815909090909091
3.6336363636363633
3.171818181818182
3.458181818181818
3.2468181818181816
3.5722727272727273
3.2290909090909095
