pet
0.408
0.3873333333333333
0.2846666666666667
0.2806666666666667
0.3473333333333333
0.38266666666666665
0.51
0.37466666666666665
0.2853333333333333
0.4106666666666667
0.47933333333333333
0.43333333333333335
0.33066666666666666
0.3373333333333334
0.47933333333333333
0.388
0.2886666666666667
0.39799999999999996
0.29133333333333333
0.26066666666666666
0.23866666666666667
0.448
0.45
0.5326666666666667
0.6106666666666667
0.5553333333333333
0.5593333333333333
0.5966666666666666
0.42733333333333334
0.312
0.4086666666666667
0.4706666666666666
0.386
0.336
0.45466666666666666
0.4393333333333333
0.33866666666666667
0.448
0.5353333333333333
0.4186666666666667
0.26066666666666666
0.228
0.413125
0.413125
0.54375
0.7943749999999999
0.74
0.7325
0.688125
0.805
0.8262499999999999
0.95875
0.89
0.94
0.823125
0.87375
0.7162499999999999
0.69625
0.720625
0.5925
0.75
0.555625
0.5875
0.67625
0.801875
0.855
0.91125
1.104375
1.04375
1.1881249999999999
1.056875
1.096875
1.198125
1.3175000000000001
1.184375
1.083125
1.23375
1.204375
1.074375
1.2068750000000001
1.184375
1.071875
1.21125
1.400625
1.37875
1.32625
1.4468750000000001
1.386875
1.5831250000000001
1.398125
1.285625
1.3425
1.494375
1.53125
1.6868750000000001
1.76
1.488125
1.6981249999999999
1.89625
1.70625
1.558125
1.5975000000000001
1.764375
1.788125
1.87
1.878125
1.88625
1.845
1.879375
2.134375
2.2525
2.408125
2.49125
2.216875
1.876875
1.7825
1.758125
1.749375
1.715625
1.89625
1.978125
1.881875
2.09125
2.22625
2.524375
2.42125
2.633125
2.450625
2.60625
2.66
2.410625
2.2525
2.31875
2.17125
2.33125
2.395
2.473125
2.553125
2.5625
2.61125
2.9375
2.823125
2.868125
2.79875
2.851875
2.754375
2.75
2.5481249999999998
2.745
2.79375
3.0125
2.935
2.808125
2.60875
2.245
2.166875
2.1462499999999998
2.41
2.394375
2.435625
2.5775
2.4575
2.35375
2.31625
2.16375
2.234375
2.733125
2.61125
2.45875
2.380625
2.353125
2.4925
2.544375
2.53375
2.595625
2.570625
2.741875
2.72375
2.5475
2.6675
2.611875
2.72625
2.654375
2.495625
2.685625
2.730625
2.6175
2.473125
2.4274999999999998
2.575
2.58625
2.665625
2.4025
2.421875
2.35
2.5525
2.659375
2.748125
3.005
3.0375
2.5875
2.310625
2.61
2.83125
2.756875
2.895625
2.72125
2.566875
2.283125
2.11375
2.1418749999999998
2.3775
2.625625
2.453125
2.536875
2.315
2.316875
2.1525
2.17375
2.220625
2.1825
2.1125
2.314375
2.231875
2.324375
2.340625
2.05875
1.991875
1.92375
2.064375
2.15125
2.180625
2.190625
2.26375
2.093125
2.005625
2.003125
1.775625
1.863125
1.7962500000000001
1.59625
1.62875
1.529375
1.756875
1.98625
1.760625
1.7775
1.783125
1.6018750000000002
1.829375
1.9012499999999999
1.838125
1.84
1.67
1.458125
1.415625
1.439375
1.400625
1.399375
1.09625
1.194375
1.39375
1.3225
1.3225
1.498125
1.26375
1.153125
1.253125
1.07125
1.118125
1.3475
1.193125
1.2225
1.052
1.0313333333333332
1.0666666666666667
0.876
0.968
0.9246666666666667
1.0486666666666666
1.1320000000000001
0.9533333333333333
1.0533333333333335
0.9013333333333333
1.0013333333333334
1.0406666666666666
0.7493333333333333
0.7926666666666667
0.7373333333333334
0.706
0.8013333333333333
0.8353333333333333
0.8493333333333334
0.8013333333333333
0.724
0.85
0.8366666666666667
0.6833333333333333
0.75
0.9339999999999999
0.6633333333333333
0.5513333333333333
0.8106666666666666
0.936
0.8226666666666667
0.594
0.5413333333333333
0.5533333333333333
0.4293333333333333
0.4633333333333333
0.42866666666666664
0.422
0.5646666666666665
0.5133333333333333
0.53
0.5453333333333333
0.574
0.572
0.7866666666666667
0.596
0.554
0.5533333333333333
0.49333333333333335
0.494
0.5053333333333333
0.3446666666666667
0.32466666666666666
0.27599999999999997
0.20533333333333334
0.32333333333333336
0.3453333333333333
0.3766666666666667
0.27266666666666667
0.2813333333333333
0.21066666666666667
0.26666666666666666
0.17066666666666666
0.2533333333333333
0.41
0.38333333333333336
0.30866666666666664
0.37
0.31333333333333335
0.2866666666666667
0.17933333333333332
0.304
0.20199999999999999
0.3046666666666667
0.364
0.32066666666666666
0.378
0.4653333333333334
0.534
0.43066666666666664
0.5786666666666667
0.6126666666666666
0.558
0.40800000000000003
0.43200000000000005
0.45
0.4713333333333333
0.39133333333333337
0.49066666666666664
0.56
0.6326666666666667
