temperature
1.1073076923076923
0.8296153846153846
0.8284615384615385
0.7365384615384615
0.7346153846153847
0.8676923076923078
0.6342307692307692
0.25730769230769224
0.7073076923076923
1.4280769230769232
1.5092307692307694
1.7399999999999998
1.0907692307692307
1.368846153846154
1.545769230769231
0.7984615384615386
0.673846153846154
0.7400000000000001
0.07230769230769232
0.2915384615384615
1.301923076923077
1.5350000000000001
1.459230769230769
1.5334615384615384
1.6192307692307693
1.8246153846153845
1.3361538461538462
1.271923076923077
0.46692307692307694
0.6834615384615385
0.8653846153846154
0.8896153846153847
0.9476923076923077
1.5623076923076922
1.1996153846153847
1.0061538461538462
0.7538461538461537
0.3984615384615384
0.6553846153846153
0.4380769230769231
0.35692307692307695
0.9726923076923077
1.3465384615384615
1.5534615384615384
2.375769230769231
2.430769230769231
2.2284615384615383
1.931923076923077
1.3399999999999999
1.9030769230769229
1.9800000000000002
1.6603846153846153
1.5519230769230767
1.556923076923077
1.2823076923076924
1.941923076923077
1.6257692307692309
1.2838461538461539
0.6638461538461538
0.6365384615384616
0.7911538461538462
1.1823076923076923
0.8119230769230769
1.1111538461538462
2.088076923076923
2.511923076923077
2.5157692307692305
2.2546153846153847
2.5349999999999997
2.763076923076923
2.550769230769231
3.4153846153846152
3.583076923076923
3.69
3.7657692307692305
3.756153846153846
3.3819230769230773
3.5142307692307693
3.306923076923077
3.730769230769231
3.463461538461538
3.400384615384615
3.6253846153846156
4.061153846153847
4.127307692307692
4.297692307692308
3.8257692307692306
4.103846153846154
3.9396153846153843
4.008076923076923
3.6388461538461536
4.24923076923077
3.9092307692307693
3.688076923076923
4.4399999999999995
4.4423076923076925
4.0369230769230775
4.705
4.812692307692307
5.150384615384615
4.3476923076923075
4.155384615384615
4.3342307692307696
4.758846153846154
5.18576923076923
5.1
4.517307692307693
4.989615384615385
5.221153846153846
5.996153846153846
6.701153846153845
6.931538461538461
6.440769230769231
6.4630769230769225
5.766923076923077
5.565769230769231
5.570384615384616
5.940384615384615
5.824999999999999
5.830384615384616
6.03923076923077
6.2299999999999995
6.5515384615384615
7.1984615384615385
6.666153846153846
6.989230769230769
7.22
7.355769230769231
7.848076923076923
7.538846153846153
7.395384615384615
7.5211538461538465
7.846153846153846
8.07576923076923
8.278076923076924
7.860769230769231
8.465
7.99923076923077
8.711923076923076
8.598846153846154
8.03
8.008461538461539
8.397307692307692
8.791538461538462
8.778461538461539
8.606153846153846
8.888846153846153
9.145384615384616
9.214615384615383
9.35923076923077
10.667307692307693
11.056923076923077
10.456153846153846
9.76423076923077
9.672692307692309
9.310384615384615
9.766923076923076
10.641153846153847
10.25
10.647692307692306
10.725000000000001
9.560384615384615
9.59
9.34
9.75153846153846
10.371923076923078
10.646923076923077
11.066923076923077
10.710384615384616
10.359230769230768
10.831923076923077
10.576538461538462
11.221923076923076
11.553461538461537
11.015384615384615
10.945
11.441923076923077
11.819230769230769
12.253076923076922
11.882692307692308
11.768846153846154
12.066538461538462
11.844615384615384
12.277692307692307
12.373076923076923
12.092692307692307
11.805769230769231
11.815
11.76346153846154
12.379999999999999
12.302692307692308
12.123846153846156
11.36923076923077
11.72
11.963846153846154
12.508846153846154
12.907692307692308
12.72923076923077
12.703076923076923
12.973076923076924
12.715769230769231
12.54076923076923
13.451153846153847
13.346153846153847
13.125384615384615
12.64576923076923
13.00576923076923
13.267307692307693
12.523846153846154
12.401153846153846
12.406923076923077
12.299615384615386
12.857692307692307
12.726923076923075
13.13576923076923
12.916153846153845
12.927692307692308
12.802307692307693
12.357307692307693
12.335769230769232
12.258076923076922
12.243846153846153
12.012692307692307
12.61576923076923
12.944615384615386
12.65576923076923
11.881153846153847
12.05923076923077
12.198846153846155
11.752307692307692
11.958461538461538
11.896923076923077
11.793461538461539
11.73
11.474230769230768
11.297307692307694
11.242307692307692
11.006538461538462
11.378846153846155
11.308076923076923
10.791923076923077
10.69
10.945
10.848846153846154
11.72269230769231
11.209999999999999
11.383846153846154
11.523846153846154
11.093076923076923
10.801153846153845
11.351153846153846
10.672307692307694
11.114230769230769
11.017692307692307
10.551923076923078
10.321923076923078
9.56653846153846
9.518846153846154
9.427692307692308
9.324615384615385
9.623076923076923
9.59153846153846
10.545
10.47653846153846
9.577692307692308
9.026538461538461
9.436923076923078
9.183076923076923
8.928461538461537
9.103076923076923
9.411153846153846
8.716153846153846
8.766153846153847
8.126923076923077
7.914615384615384
7.582307692307692
7.201153846153845
7.562307692307693
7.379615384615385
7.718076923076922
7.944615384615385
7.601153846153846
7.1680769230769235
6.765769230769231
7.265
7.549615384615384
7.1753846153846155
6.771538461538461
6.185769230769231
5.811153846153847
5.849230769230768
5.6911538461538465
5.7869230769230775
6.096923076923077
5.916538461538461
6.118461538461539
6.07923076923077
5.9934615384615375
5.800000000000001
5.938846153846153
5.507692307692308
4.899230769230769
5.583461538461539
5.868461538461539
5.135
5.11
4.890384615384615
4.291923076923077
3.9438461538461533
4.52
4.189230769230769
3.573846153846154
3.677692307692308
3.8176923076923073
3.875
3.4930769230769227
3.4103846153846153
4.666923076923077
4.6450000000000005
3.667307692307692
3.063846153846154
2.953461538461539
2.736923076923077
2.694230769230769
2.335769230769231
1.708846153846154
2.460769230769231
2.351923076923077
2.0265384615384616
2.976923076923077
2.561153846153846
2.016153846153846
1.441153846153846
1.6523076923076923
1.3599999999999999
2.058461538461539
1.2857692307692308
1.330769230769231
1.518076923076923
1.2207692307692308
1.8523076923076922
2.3400000000000003
2.858846153846154
2.1703846153846156
1.4811538461538463
1.1961538461538461
1.4746153846153847
2.066153846153846
1.72
1.3392307692307692
0.7015384615384617
0.9423076923076923
0.7430769230769231
0.9011538461538462
0.8446153846153847
1.2126923076923077
1.8996153846153847
0.9892307692307691
0.008076923076923084
0.415
0.21115384615384608
-0.2692307692307692
0.618076923076923
1.2780769230769233
1.4892307692307691
