pet
0.4073076923076923
0.4269230769230769
0.35076923076923083
0.5096153846153846
0.6019230769230769
0.3738461538461539
0.435
0.5534615384615384
0.5346153846153846
0.5653846153846154
0.4126923076923077
0.3619230769230769
0.38692307692307687
0.46076923076923076
0.45769230769230773
0.3626923076923077
0.29653846153846153
0.35461538461538455
0.36653846153846154
0.4461538461538461
0.5303846153846153
0.49192307692307696
0.5161538461538462
0.5176923076923077
0.47000000000000003
0.4653846153846154
0.4238461538461538
0.4519230769230769
0.47807692307692307
0.4369230769230769
0.46807692307692306
0.455
0.5
0.5953846153846154
0.5834615384615385
0.6965384615384616
0.6723076923076923
0.595
0.5226923076923077
0.5288461538461539
0.4730769230769231
0.49461538461538457
0.44153846153846155
0.38923076923076927
0.35346153846153844
0.39384615384615385
0.40653846153846157
0.49961538461538463
0.4407692307692308
0.4834615384615385
0.47923076923076924
0.49
0.5926923076923077
0.6523076923076924
0.54
0.5030769230769231
0.6796153846153847
0.7069230769230769
0.678076923076923
0.7273076923076923
0.8776923076923077
0.8150000000000001
0.8484615384615384
0.9788461538461538
1.0038461538461538
1.0103846153846154
0.931923076923077
0.9534615384615385
1.1496153846153847
1.0003846153846154
1.0123076923076924
1.0015384615384615
0.9357692307692308
0.9192307692307692
0.9615384615384616
1.0126923076923076
1.003076923076923
0.9053846153846153
0.9407692307692308
0.9503846153846154
1.0011538461538463
1.1365384615384615
1.1792307692307693
1.1180769230769232
1.1307692307692307
1.1376923076923076
1.1099999999999999
1.1976923076923076
1.2984615384615383
1.4030769230769233
1.3103846153846155
1.143076923076923
1.0692307692307692
1.178076923076923
1.225
1.3526923076923079
1.356923076923077
1.2403846153846154
1.4030769230769229
1.6365384615384615
1.7223076923076923
1.665769230769231
1.498076923076923
1.6111538461538462
1.9126923076923075
1.853076923076923
1.7292307692307693
1.916153846153846
1.768076923076923
1.7969230769230768
1.9146153846153846
2.0565384615384614
1.7730769230769232
1.881153846153846
1.8446153846153845
1.905
1.9130769230769231
1.9276923076923076
1.9957692307692307
1.9738461538461538
1.8330769230769233
2.006153846153846
2.0973076923076923
2.1265384615384617
2.233846153846154
2.29
2.4353846153846153
2.305
2.1746153846153846
2.3223076923076924
2.42
2.3673076923076923
2.3934615384615383
2.42
2.486923076923077
2.2584615384615385
2.3203846153846155
2.323076923076923
2.5446153846153843
2.701923076923077
2.5746153846153845
2.7523076923076926
2.722692307692308
2.8576923076923078
2.618846153846154
2.708076923076923
2.5673076923076925
2.4749999999999996
2.650384615384615
2.4696153846153845
2.7465384615384614
2.6165384615384615
2.398846153846154
2.3830769230769233
2.338461538461538
2.4749999999999996
2.4326923076923075
2.4846153846153842
2.4707692307692306
2.4103846153846153
2.331923076923077
2.3796153846153847
2.3223076923076924
2.3426923076923076
2.333846153846154
2.4476923076923076
2.6896153846153847
2.575
2.5207692307692304
2.582307692307692
2.674615384615385
2.455
2.4661538461538464
2.468461538461539
2.5153846153846158
2.6076923076923078
2.6423076923076922
2.5765384615384614
2.6634615384615383
2.662692307692308
2.7119230769230764
2.6234615384615383
2.588461538461538
2.7953846153846156
2.923461538461538
2.808076923076923
2.7973076923076925
2.9507692307692306
2.9326923076923075
2.8592307692307695
2.7992307692307694
2.8461538461538463
2.772692307692308
2.8576923076923078
2.8084615384615383
2.735
2.5646153846153847
2.472692307692308
2.5153846153846158
2.7415384615384615
2.6388461538461536
2.5492307692307694
2.5665384615384617
2.6376923076923076
2.4753846153846153
2.7176923076923076
2.7011538461538462
2.793846153846154
2.6976923076923076
2.728846153846154
2.8046153846153845
2.4061538461538463
2.414615384615385
2.575384615384615
2.4273076923076924
2.395769230769231
2.4346153846153844
2.246923076923077
2.1142307692307694
2.338461538461538
2.1819230769230766
2.2315384615384617
2.311153846153846
2.248076923076923
2.3076923076923075
2.3723076923076922
2.288076923076923
2.161538461538462
2.1365384615384615
2.1742307692307694
2.3392307692307694
2.426923076923077
2.386923076923077
2.1946153846153846
2.0092307692307694
2.0646153846153847
2.073076923076923
1.9357692307692307
1.933076923076923
1.9992307692307691
1.9453846153846153
1.8453846153846156
1.8396153846153847
1.775
1.8096153846153844
1.6719230769230768
1.7065384615384613
1.5742307692307693
1.655
1.8176923076923077
1.705769230769231
1.7073076923076924
1.4423076923076923
1.4507692307692308
1.4146153846153846
1.3703846153846155
1.3142307692307693
1.3476923076923077
1.4846153846153847
1.4703846153846156
1.3573076923076923
1.2765384615384614
1.3326923076923076
1.3992307692307693
1.2776923076923077
1.338076923076923
1.1792307692307693
1.1557692307692309
1.161923076923077
1.1846153846153846
1.3223076923076924
1.2392307692307691
1.2126923076923077
1.1226923076923077
1.213076923076923
1.1265384615384615
1.0657692307692308
1.04
1.0138461538461538
0.9780769230769231
1.1188461538461538
1.1826923076923077
0.9573076923076923
0.9750000000000001
0.9865384615384615
0.8130769230769231
0.7838461538461539
0.7403846153846154
0.7042307692307692
0.7126923076923077
0.7838461538461539
0.7865384615384615
0.7407692307692308
0.6499999999999999
0.6892307692307693
0.7711538461538462
0.6507692307692309
0.7523076923076922
0.6657692307692307
0.6984615384615385
0.6388461538461538
0.7242307692307693
0.8515384615384616
0.7876923076923077
0.8142307692307693
0.7811538461538461
0.6973076923076923
0.6292307692307693
0.5053846153846154
0.5230769230769231
0.768076923076923
0.6419230769230769
0.6603846153846153
0.696923076923077
0.5626923076923076
0.47346153846153843
0.4930769230769231
0.4815384615384615
0.4573076923076923
0.4015384615384615
0.49153846153846154
0.5288461538461539
0.3692307692307692
0.3569230769230769
0.38846153846153847
0.5342307692307693
0.6473076923076923
0.4896153846153846
0.5542307692307692
0.4465384615384615
0.3853846153846154
0.34423076923076923
0.33384615384615385
0.4284615384615385
0.48384615384615387
0.615
0.5438461538461539
0.4869230769230769
0.3596153846153846
0.3323076923076923
0.34461538461538466
0.2823076923076923
0.3030769230769231
0.37884615384615383
0.3957692307692308
0.4480769230769231
0.39576923076923076
0.43615384615384617
0.39692307692307693
0.34884615384615386
0.39384615384615385
0.35692307692307695
0.4123076923076923
0.48307692307692307
0.4553846153846154
0.4634615384615385
0.45307692307692304
0.5215384615384615
0.5115384615384615
0.573076923076923
0.6173076923076923
0.6238461538461538
0.43192307692307697
0.3553846153846154
0.44423076923076926
