temperature
2.186153846153846
2.11
1.9107692307692308
2.5157692307692305
3.1203846153846153
2.2746153846153847
2.493846153846154
2.962307692307692
2.9626923076923077
2.852692307692308
2.019230769230769
1.488846153846154
1.841923076923077
2.531538461538461
2.505769230769231
1.981923076923077
1.4207692307692308
1.7049999999999998
2.003076923076923
2.437307692307692
2.826923076923077
2.5461538461538464
2.548076923076923
2.5126923076923076
2.1053846153846156
1.7726923076923078
1.6388461538461538
1.951153846153846
1.9923076923076921
1.4423076923076923
1.6384615384615384
1.9469230769230768
2.4434615384615386
2.6203846153846153
2.4930769230769227
3.018076923076923
2.8411538461538464
2.5446153846153843
2.011923076923077
1.9096153846153845
1.4826923076923075
1.6346153846153846
1.6176923076923078
1.0030769230769232
0.708076923076923
0.7023076923076924
1.044230769230769
1.7726923076923076
1.3584615384615384
1.2396153846153846
1.3446153846153845
1.8807692307692307
2.1915384615384617
2.3400000000000003
2.3415384615384616
1.948076923076923
2.3403846153846155
2.8073076923076923
2.582307692307692
2.888076923076923
3.218461538461538
2.993846153846154
3.194230769230769
3.8392307692307694
3.954615384615385
4.021153846153846
4.056153846153847
3.823846153846154
4.485384615384616
4.086538461538462
4.174230769230769
3.9884615384615385
3.4296153846153845
3.4192307692307695
3.5838461538461535
3.7961538461538464
4.061923076923077
3.7503846153846156
3.705
3.6765384615384615
3.8084615384615383
4.507692307692308
4.395
4.280384615384615
4.286538461538462
4.08
4.085769230769231
4.6134615384615385
4.774615384615385
5.279615384615385
5.187692307692307
4.407692307692307
4.183461538461538
4.345
4.7480769230769235
4.868461538461538
4.711538461538462
4.191538461538462
5.026153846153846
5.647692307692308
6.178846153846154
5.948846153846154
5.301923076923076
5.904615384615385
6.790384615384616
6.8442307692307685
6.177307692307693
6.854230769230769
6.577692307692308
6.478076923076923
7.250384615384615
7.538461538461538
6.640000000000001
6.5576923076923075
6.636538461538462
6.944999999999999
6.788846153846153
6.887307692307692
7.207692307692308
7.298846153846155
6.71
7.168461538461538
7.59
7.808076923076923
7.958846153846154
8.612692307692308
9.006923076923076
8.452692307692308
8.067692307692308
8.565384615384614
8.570384615384615
8.805769230769231
8.750769230769231
8.957307692307692
9.162692307692307
8.770384615384616
9.074615384615385
8.670384615384616
9.660769230769231
10.00576923076923
9.738461538461538
10.318846153846154
10.137692307692307
10.525384615384617
10.410384615384617
10.451538461538462
9.959615384615384
10.128076923076922
10.272307692307692
10.085769230769232
10.737692307692308
11.27076923076923
10.852307692307694
11.00923076923077
11.035
11.489615384615385
11.352307692307694
11.203076923076923
11.707692307692307
11.30923076923077
11.44076923076923
11.451153846153847
11.333461538461538
11.417692307692308
11.364230769230769
11.748461538461537
12.415000000000001
12.284615384615384
12.34423076923077
12.64846153846154
12.49423076923077
12.219615384615384
12.380384615384616
12.276153846153846
12.467692307692309
12.896923076923077
13.159230769230769
12.85576923076923
13.034615384615384
13.221538461538461
13.688076923076922
13.313846153846153
13.449615384615385
13.919230769230769
14.352692307692308
14.184615384615386
14.253076923076922
14.704615384615384
14.558846153846153
14.483461538461539
14.28346153846154
14.81076923076923
14.323846153846155
14.973461538461539
14.715769230769231
14.383461538461539
14.084615384615384
13.793076923076923
13.937692307692307
14.743076923076924
14.330384615384615
14.264615384615384
14.379999999999999
14.444230769230769
14.256923076923076
14.765384615384615
14.808846153846153
15.282307692307691
14.850384615384616
15.231538461538461
15.558461538461538
14.390769230769232
14.42
14.85423076923077
14.727692307692308
14.368076923076924
14.46923076923077
14.173076923076923
13.526538461538461
13.97923076923077
13.702692307692306
13.967692307692309
14.455384615384615
14.10423076923077
14.543846153846154
14.798076923076923
14.587692307692306
14.05
13.935384615384615
14.227307692307694
14.656538461538462
14.814615384615385
14.558846153846153
13.79076923076923
13.600384615384616
13.722307692307691
13.534999999999998
13.187307692307693
13.179230769230768
13.452692307692306
13.481538461538461
12.958461538461538
13.178076923076922
12.81576923076923
12.961153846153847
12.518846153846154
12.527692307692309
11.904615384615385
11.958846153846155
12.751153846153844
12.32076923076923
12.638076923076921
11.624615384615385
11.47923076923077
11.404230769230768
11.154230769230768
11.040000000000001
10.775384615384617
11.899999999999999
11.602692307692308
11.132692307692308
11.122692307692308
11.233461538461539
11.026153846153846
10.674615384615386
11.170384615384616
10.315384615384614
10.232692307692307
10.214230769230769
10.004615384615384
10.611153846153845
10.419615384615383
10.552692307692308
10.082307692307692
10.275769230769232
9.869615384615384
9.588846153846154
9.641923076923076
9.686923076923078
9.146153846153847
9.625384615384615
9.789615384615384
8.786153846153846
8.902307692307692
9.052307692307691
7.9861538461538455
7.962692307692308
8.004615384615384
7.461153846153847
7.479230769230769
7.944999999999999
7.93076923076923
6.95423076923077
7.017692307692308
7.416153846153846
7.737692307692308
7.78
7.650384615384615
7.3730769230769235
7.224615384615385
6.8403846153846155
6.913461538461538
7.541153846153846
7.266153846153846
7.07923076923077
7.100769230769231
6.513076923076923
6.292692307692308
5.646923076923077
5.561153846153847
6.586153846153847
6.292692307692308
5.961923076923076
6.2773076923076925
5.761538461538461
4.9592307692307696
4.71
4.566923076923077
4.755
4.109615384615385
4.301153846153846
4.6292307692307695
4.019230769230769
3.700384615384615
3.9084615384615384
4.4823076923076925
4.6207692307692305
4.411923076923077
4.74
3.7884615384615383
3.417307692307692
2.927692307692308
2.7773076923076925
3.2
3.82
4.342692307692308
4.241923076923078
4.221923076923077
3.593461538461539
3.0076923076923077
2.7596153846153846
2.745769230769231
2.6557692307692307
3.0142307692307693
2.9257692307692307
3.145
3.0834615384615387
3.253846153846154
3.6996153846153845
3.1815384615384614
3.005
2.9946153846153845
3.1915384615384617
3.3046153846153845
3.0796153846153844
2.664615384615385
2.855384615384615
3.036538461538462
3.0007692307692304
2.998846153846154
2.9557692307692305
3.2603846153846154
2.6092307692307695
2.0965384615384615
2.2623076923076924
