temperature
3.5285714285714285
3.261904761904762
3.0252380952380955
2.9295238095238094
3.1876190476190476
3.302380952380952
3.8971428571428572
3.5685714285714285
3.5714285714285716
4.377142857142857
4.212857142857143
4.2804761904761905
3.893809523809524
3.2490909090909095
3.7372727272727273
3.475454545454545
2.78
3.4145454545454546
3.811363636363636
3.2627272727272727
2.8227272727272728
3.305454545454545
3.2631818181818177
3.4645454545454544
4.204545454545454
4.111818181818182
3.9681818181818183
3.873181818181818
3.055909090909091
2.5504545454545453
3.151818181818182
3.602727272727273
3.255
3.408181818181818
3.671818181818182
3.4068181818181817
3.0822727272727275
3.23
3.1140909090909092
2.7427272727272727
2.560909090909091
3.149090909090909
3.5181818181818185
3.22
3.7518181818181815
4.418636363636363
4.100454545454546
4.110454545454545
3.9154545454545455
4.033636363636363
4.24
4.865454545454546
4.232272727272727
4.543636363636363
4.041363636363636
4.42
3.9227272727272724
3.539090909090909
3.216818181818182
2.930909090909091
3.1763636363636363
3.108181818181818
3.4490909090909088
3.7859090909090907
4.111818181818181
4.6872727272727275
5.087272727272727
5.7318181818181815
5.495454545454546
5.259545454545455
4.569999999999999
4.876818181818181
5.52
6.198181818181819
6.15
5.704999999999999
5.578636363636364
5.911363636363637
5.379545454545454
5.757727272727273
5.6872727272727275
5.647272727272727
6.081363636363636
6.558181818181819
6.531363636363636
6.368636363636363
6.208181818181817
6.565454545454545
7.185454545454545
6.983636363636363
6.425454545454546
6.545000000000001
6.95090909090909
6.944090909090908
7.26409090909091
6.927727272727273
6.071818181818181
6.580909090909091
7.135454545454545
6.998636363636364
6.828181818181818
6.784545454545454
7.379090909090909
7.572272727272727
7.717727272727273
7.843181818181818
7.890909090909091
7.51409090909091
7.570454545454546
8.30090909090909
9.041363636363636
9.374545454545455
9.387727272727274
9.34590909090909
8.640454545454546
8.290909090909091
8.27818181818182
7.909090909090909
7.7281818181818185
8.167272727272728
8.319545454545455
8.450000000000001
8.753181818181817
9.328181818181818
9.534090909090908
9.282272727272728
9.85909090909091
9.615909090909092
10.124090909090908
10.412727272727272
10.000909090909092
9.68909090909091
9.719545454545456
9.292727272727273
10.194545454545455
10.393181818181818
10.73090909090909
10.771818181818182
11.209090909090909
10.956363636363635
11.782272727272726
11.380454545454546
11.617727272727272
11.605
11.909090909090908
11.75
12.029545454545454
11.455
11.802727272727275
11.92181818181818
12.585454545454546
13.408636363636363
13.057727272727272
12.786818181818182
11.914545454545454
12.022727272727273
11.998636363636363
12.8
13.045
13.274545454545455
13.364090909090908
13.235454545454546
12.835
12.785909090909092
12.787272727272727
13.15227272727273
14.500454545454545
14.422272727272725
14.067727272727273
13.426363636363636
13.262272727272727
13.554545454545455
14.132272727272728
14.306363636363637
14.44909090909091
14.014090909090909
14.393636363636364
14.65227272727273
14.295
14.876363636363635
14.642272727272728
15.005454545454546
15.242272727272727
14.819545454545455
15.110000000000001
15.287727272727272
15.150454545454545
14.973636363636365
14.568181818181818
14.910909090909092
15.239999999999998
15.163181818181817
14.694090909090908
14.773181818181818
14.947727272727274
15.471363636363636
16.07090909090909
16.197727272727274
16.465
16.330454545454543
15.751363636363635
15.19818181818182
15.810454545454546
16.12909090909091
15.942272727272728
16.277727272727272
16.215
16.07181818181818
15.753181818181817
15.535454545454543
15.32181818181818
15.450454545454546
15.987727272727273
15.57318181818182
16.137272727272727
15.672272727272729
15.79090909090909
15.476818181818182
15.161818181818182
15.461363636363636
15.47181818181818
15.122727272727273
15.685
15.486363636363636
15.70409090909091
15.548636363636364
15.106818181818182
15.100909090909092
15.215909090909092
15.380454545454546
15.220454545454546
15.085909090909091
15.264090909090909
15.415454545454544
15.300454545454546
14.769545454545455
14.672272727272729
13.840000000000002
14.233636363636363
14.18
13.516818181818183
13.578636363636365
13.33
13.695454545454545
14.55
14.182272727272727
14.305
14.377727272727272
13.655454545454546
13.729545454545455
13.828636363636365
13.855454545454545
13.897727272727273
13.936818181818182
13.495
13.089090909090908
13.115909090909092
12.571363636363635
12.49909090909091
11.958181818181817
12.316363636363635
12.711818181818183
12.415
12.771818181818183
12.480454545454545
11.748636363636365
11.392727272727273
11.857727272727272
11.523636363636363
11.763636363636364
12.281818181818181
11.72090909090909
12.006363636363636
11.100952380952382
10.956666666666667
10.831428571428571
10.015714285714287
10.765238095238095
10.265238095238095
10.644285714285715
10.923809523809524
10.322857142857142
10.65904761904762
10.634761904761906
10.52904761904762
10.445714285714287
9.676190476190476
9.50904761904762
9.321428571428571
9.166190476190476
9.15
8.892857142857142
8.812857142857142
9.203809523809523
8.890476190476189
8.949523809523809
8.950476190476191
8.988571428571428
8.68
9.015714285714285
8.411428571428571
7.833809523809523
8.650952380952381
8.797619047619047
8.384285714285713
8.270476190476192
7.498095238095239
7.281428571428571
7.056190476190476
7.147142857142858
7.0442857142857145
6.4957142857142856
6.573333333333333
7.080952380952381
7.089999999999999
7.01095238095238
6.766666666666667
6.91047619047619
7.527619047619048
6.641904761904762
6.675714285714285
6.224285714285715
5.6814285714285715
5.459047619047619
5.118571428571428
4.615238095238095
4.82
5.24
4.717142857142857
4.938095238095238
4.78952380952381
4.602380952380953
4.386666666666667
4.246190476190476
4.08952380952381
4.063809523809524
3.9047619047619047
4.298095238095239
4.538571428571428
4.047142857142857
4.009047619047619
3.6576190476190478
3.7495238095238093
3.895714285714286
3.281428571428571
3.642857142857143
3.641904761904762
3.644285714285714
4.1657142857142855
3.4457142857142857
3.195238095238095
3.177142857142857
3.5595238095238093
3.3538095238095242
3.6147619047619046
4.492857142857143
5.166190476190476
4.448095238095238
3.79
3.8528571428571428
3.662380952380952
2.97047619047619
3.340952380952381
4.005238095238095
4.128571428571429
