pet
0.33
0.2988461538461538
0.265
0.25846153846153846
0.3242307692307692
0.3465384615384615
0.4284615384615385
0.30153846153846153
0.3046153846153846
0.38653846153846155
0.4592307692307692
0.445
0.3988461538461538
0.3569230769230769
0.4288461538461539
0.37730769230769234
0.3303846153846154
0.4123076923076923
0.4523076923076923
0.33076923076923076
0.2423076923076923
0.31807692307692303
0.33
0.41000000000000003
0.40576923076923077
0.4
0.4357692307692308
0.4534615384615384
0.3823076923076923
0.4196153846153846
0.5123076923076924
0.49461538461538457
0.4884615384615385
0.44346153846153846
0.5238461538461539
0.4853846153846154
0.3765384615384615
0.4530769230769231
0.4511538461538462
0.3903846153846154
0.4084615384615385
0.5442307692307693
0.5342307692307693
0.3869230769230769
0.5196153846153846
0.6315384615384616
0.5188461538461538
0.558076923076923
0.533076923076923
0.6288461538461539
0.6373076923076924
0.6838461538461539
0.6757692307692308
0.6246153846153846
0.5053846153846154
0.6165384615384616
0.5342307692307693
0.5226923076923077
0.5492307692307693
0.536923076923077
0.5542307692307692
0.4569230769230769
0.41500000000000004
0.5615384615384615
0.7392307692307691
0.8084615384615385
0.8715384615384616
0.9453846153846153
0.9353846153846154
0.8934615384615385
0.7576923076923077
0.7684615384615385
0.9634615384615385
1.1053846153846154
1.0142307692307693
1.0657692307692308
0.9392307692307692
1.013076923076923
0.9638461538461538
0.95
0.9796153846153846
1.1107692307692307
1.13
1.191923076923077
1.1973076923076922
1.1211538461538462
1.2607692307692309
1.2246153846153847
1.3407692307692307
1.4138461538461538
1.3457692307692308
1.3465384615384615
1.3438461538461537
1.268076923076923
1.4288461538461539
1.3557692307692308
1.0953846153846154
1.406923076923077
1.463076923076923
1.32
1.406923076923077
1.3284615384615384
1.514230769230769
1.6346153846153846
1.5746153846153845
1.5692307692307692
1.5719230769230772
1.4753846153846153
1.4869230769230768
1.758076923076923
2.0676923076923077
2.043846153846154
2.042692307692308
2.085
1.8523076923076924
1.6842307692307692
1.7457692307692307
1.6273076923076923
1.638076923076923
1.7384615384615385
1.8661538461538463
1.9153846153846152
2.005
1.9407692307692308
1.9634615384615386
1.9253846153846155
2.3030769230769232
2.1961538461538463
2.2446153846153845
2.3076923076923075
2.076923076923077
2.1750000000000003
2.102692307692308
2.0965384615384615
2.289230769230769
2.1553846153846155
2.123846153846154
2.0676923076923077
2.1223076923076922
2.1415384615384614
2.207307692307692
2.1084615384615386
2.1573076923076924
2.0996153846153844
2.3115384615384618
2.2811538461538463
2.375769230769231
2.318846153846154
2.418461538461538
2.438846153846154
2.5715384615384616
2.665769230769231
2.435
2.191153846153846
2.0834615384615387
2.083076923076923
2.0596153846153844
2.128846153846154
2.1157692307692306
2.2357692307692307
2.27
2.08
1.9876923076923076
1.996923076923077
2.0734615384615385
2.0342307692307693
2.3669230769230767
2.2603846153846154
2.3915384615384614
2.2615384615384615
2.0834615384615387
2.0684615384615386
2.0776923076923075
2.183076923076923
2.158846153846154
2.3146153846153847
2.4892307692307694
2.210769230769231
2.2826923076923076
2.316538461538461
2.2134615384615386
2.31
2.248846153846154
2.23
2.176153846153846
2.1965384615384616
2.110384615384615
2.0903846153846155
2.1765384615384615
2.3180769230769234
2.2526923076923078
2.1599999999999997
2.098846153846154
1.94
2.1184615384615384
2.1423076923076922
2.141153846153846
2.208846153846154
2.4650000000000003
2.472692307692308
2.1357692307692306
2.0784615384615384
2.15
2.268846153846154
2.082692307692308
2.332692307692308
2.105769230769231
2.0496153846153846
1.9834615384615384
2.015
1.901923076923077
1.8776923076923078
2.108076923076923
2.098076923076923
2.0265384615384616
1.9342307692307692
1.9500000000000002
1.99
1.8469230769230771
2.038846153846154
2.0126923076923076
1.8211538461538461
1.9784615384615383
1.945
1.9688461538461537
1.896923076923077
1.665769230769231
1.7338461538461538
1.708076923076923
1.6134615384615385
1.7219230769230771
1.6503846153846153
1.643846153846154
1.7292307692307693
1.6407692307692305
1.4519230769230769
1.611923076923077
1.41
1.3734615384615385
1.3180769230769231
1.2669230769230768
1.3611538461538462
1.333846153846154
1.315
1.57
1.3757692307692306
1.5653846153846156
1.4915384615384615
1.4719230769230767
1.4223076923076923
1.4146153846153846
1.4057692307692307
1.536923076923077
1.3896153846153845
1.3373076923076925
1.2188461538461537
1.1542307692307694
1.238846153846154
1.0942307692307691
1.133076923076923
1.138076923076923
1.1592307692307693
1.1253846153846154
1.2142307692307692
1.1273076923076923
1.0746153846153847
1.0053846153846153
1.031153846153846
0.9611538461538461
1.0626923076923076
1.155
1.1165384615384615
1.1896153846153845
0.9557692307692308
0.8803846153846154
0.8469230769230769
0.8046153846153847
0.8138461538461539
0.72
0.8423076923076922
0.9846153846153847
0.8096153846153846
0.9203846153846154
0.7061538461538461
0.7965384615384615
0.86
0.7757692307692309
0.7642307692307693
0.7288461538461538
0.6184615384615384
0.7034615384615385
0.6273076923076922
0.5911538461538461
0.6896153846153846
0.5750000000000001
0.6988461538461539
0.7473076923076923
0.7015384615384614
0.7069230769230769
0.7934615384615384
0.6903846153846154
0.6853846153846154
0.7669230769230769
0.6584615384615385
0.6273076923076922
0.6130769230769231
0.5238461538461539
0.5515384615384615
0.5411538461538462
0.5234615384615384
0.4153846153846154
0.4507692307692307
0.4534615384615384
0.49923076923076926
0.46307692307692305
0.3973076923076923
0.40384615384615385
0.455
0.5773076923076923
0.43153846153846154
0.46846153846153843
0.4176923076923077
0.36961538461538457
0.32499999999999996
0.34769230769230763
0.23576923076923076
0.27884615384615385
0.30615384615384617
0.31884615384615383
0.41384615384615386
0.38769230769230767
0.41500000000000004
0.39
0.385
0.3426923076923077
0.32538461538461544
0.26692307692307693
0.30230769230769233
0.39807692307692305
0.42653846153846153
0.3626923076923077
0.3703846153846154
0.3007692307692308
0.3526923076923077
0.31846153846153846
0.41000000000000003
0.29615384615384616
0.29538461538461536
0.3157692307692308
0.3319230769230769
0.26576923076923076
0.2853846153846154
0.28692307692307695
0.3330769230769231
0.48115384615384615
0.4734615384615385
0.5453846153846154
0.4538461538461539
0.3703846153846154
0.3515384615384616
0.3353846153846154
0.2653846153846154
0.4257692307692308
0.46615384615384614
0.49615384615384617
