pet
0.43346153846153845
0.4776923076923077
0.40692307692307694
0.55
0.6365384615384616
0.36846153846153845
0.42153846153846153
0.5057692307692307
0.5196153846153846
0.5642307692307692
0.5019230769230769
0.4165384615384615
0.455
0.5334615384615385
0.4696153846153846
0.44999999999999996
0.3396153846153846
0.3930769230769231
0.4476923076923077
0.5219230769230769
0.5761538461538461
0.5503846153846154
0.5688461538461539
0.5484615384615384
0.5257692307692308
0.5423076923076924
0.5057692307692307
0.5115384615384616
0.5192307692307693
0.47423076923076923
0.5573076923076923
0.5634615384615385
0.5938461538461538
0.6569230769230768
0.6988461538461538
0.7888461538461539
0.786923076923077
0.6996153846153846
0.6503846153846153
0.6542307692307692
0.6053846153846154
0.658076923076923
0.5903846153846154
0.4988461538461539
0.44461538461538463
0.5046153846153847
0.5453846153846154
0.6469230769230769
0.56
0.6311538461538462
0.6153846153846154
0.6484615384615384
0.7784615384615384
0.7880769230769231
0.7111538461538462
0.6680769230769231
0.8015384615384615
0.8919230769230769
0.8811538461538462
0.8896153846153846
0.966923076923077
0.9496153846153846
0.9865384615384615
1.071923076923077
1.1246153846153846
1.1400000000000001
1.0965384615384617
1.0569230769230769
1.2238461538461538
1.1238461538461537
1.12
1.186923076923077
1.1357692307692309
1.1307692307692307
1.1134615384615385
1.2030769230769232
1.198076923076923
1.123076923076923
1.1730769230769231
1.1526923076923077
1.2234615384615384
1.3465384615384615
1.3946153846153846
1.3603846153846153
1.3415384615384616
1.3623076923076924
1.293076923076923
1.3619230769230768
1.4265384615384618
1.6165384615384615
1.473076923076923
1.3296153846153846
1.2523076923076923
1.3800000000000001
1.4469230769230768
1.5792307692307692
1.6319230769230768
1.5376923076923075
1.6723076923076923
1.853846153846154
1.8623076923076924
1.878076923076923
1.7880769230769231
1.838076923076923
2.030769230769231
2.0992
1.9504
2.12
2.0512
1.9676
2.1304
2.2447999999999997
2.1536
2.1932
2.1272
2.1988
2.25
2.2464
2.2768
2.2568
2.1588
2.3952
2.3912
2.4168000000000003
2.4872
2.4828
2.5784000000000002
2.5276
2.4676
2.4936
2.5936000000000003
2.55
2.5736000000000003
2.5627999999999997
2.7992000000000004
2.678
2.64
2.6456
2.7948000000000004
2.9592
2.9063999999999997
3.0183999999999997
3.0624000000000002
3.1168
2.9827999999999997
2.986
2.8871999999999995
2.7656
2.842
2.7788
2.958
2.7763999999999998
2.5980000000000003
2.5547999999999997
2.5076
2.696
2.5928000000000004
2.6216000000000004
2.6812
2.6944
2.614
2.6456
2.6536
2.5704000000000002
2.6924
2.7204
2.968
2.7676
2.7456
2.7872000000000003
2.9748
2.7708
2.762
2.7083999999999997
2.7464
2.8348
2.9348
2.8036000000000003
2.8996
2.8964
2.8604000000000003
2.7612
2.7192000000000003
2.9492000000000003
3.0995999999999997
3.0227999999999997
2.9463999999999997
3.0027999999999997
3.0776
3.0024
2.9252
2.9816
2.9619999999999997
3.0448000000000004
2.9751999999999996
2.8739999999999997
2.8016
2.7636000000000003
2.798
3.0008
2.9156
2.8016
2.7248
2.784
2.6736
2.8928
2.8148
2.9824
2.8628000000000005
2.9551999999999996
3.0183999999999997
2.6408
2.7007999999999996
2.8492
2.7176
2.6428000000000003
2.7152
2.5088
2.4268
2.6204
2.5224
2.4816
2.5636
2.4484
2.4776
2.5748
2.6004
2.4588
2.3896
2.4423999999999997
2.5772000000000004
2.6056
2.5924
2.3404
2.1972
2.3108
2.2603999999999997
2.1912000000000003
2.1536
2.178
2.1436
2.0568
2.08
2.0584000000000002
2.0568
1.9172
1.9707999999999999
1.8423999999999998
1.8824
2.0632
1.9868000000000001
1.9764
1.7016
1.7331999999999999
1.7388
1.5688
1.5596
1.6564
1.6968
1.6747999999999998
1.672
1.5384
1.534
1.5231999999999999
1.4631999999999998
1.5148
1.4272
1.4043999999999999
1.3932
1.422
1.476
1.3603999999999998
1.358
1.2636
1.338
1.318
1.2896
1.272
1.2568
1.2444
1.3128
1.3556
1.1176000000000001
1.1392
1.1752
1.0008
1.0288
0.9224000000000001
0.8523999999999999
0.8623999999999999
0.9056000000000001
0.9472
0.9571999999999999
0.7552
0.7704000000000001
0.9144
0.8708
0.9784
0.8852
0.8344
0.7731999999999999
0.8428
0.9236
0.8856
0.9661538461538461
0.9326923076923077
0.8223076923076923
0.786923076923077
0.6630769230769231
0.7153846153846154
0.9146153846153846
0.7823076923076923
0.7723076923076924
0.7738461538461539
0.6761538461538461
0.5630769230769231
0.5549999999999999
0.5911538461538461
0.5719230769230769
0.5238461538461539
0.6238461538461538
0.6157692307692308
0.44384615384615383
0.44846153846153847
0.485
0.5911538461538461
0.6457692307692308
0.5184615384615385
0.58
0.5019230769230769
0.3984615384615384
0.33538461538461534
0.4061538461538462
0.5676923076923077
0.5757692307692308
0.6565384615384615
0.5823076923076923
0.5630769230769231
0.42346153846153844
0.4015384615384615
0.4757692307692307
0.3630769230769231
0.34923076923076923
0.4411538461538462
0.44846153846153847
0.5392307692307692
0.52
0.5276923076923077
0.49115384615384616
0.5242307692307692
0.4819230769230769
0.4453846153846154
0.5076923076923077
0.6038461538461538
0.5615384615384615
0.5642307692307692
0.5457692307692308
0.5753846153846154
0.5823076923076923
0.6469230769230769
0.6311538461538462
0.6915384615384615
0.5192307692307693
0.4242307692307692
0.4826923076923077
