temperature
1.7265384615384616
1.5038461538461538
1.258076923076923
1.7396153846153848
2.3426923076923076
1.8773076923076923
1.9576923076923076
2.4680769230769233
2.3842307692307694
2.165
1.5596153846153844
1.2080769230769233
1.731923076923077
2.1
1.9853846153846155
1.4857692307692305
1.2426923076923078
1.4134615384615385
1.6584615384615384
2.0576923076923075
2.4615384615384617
1.9876923076923076
1.8126923076923078
1.6711538461538462
1.0376923076923077
1.2553846153846153
1.1042307692307693
1.3753846153846152
1.73
1.1088461538461538
1.1292307692307693
1.5276923076923077
2.3853846153846154
2.4707692307692306
2.2165384615384616
2.834230769230769
2.430769230769231
1.9253846153846155
1.4553846153846153
1.5207692307692307
1.001923076923077
1.0761538461538462
1.1242307692307691
0.8496153846153847
0.6003846153846154
0.4261538461538462
0.6973076923076924
1.2457692307692307
1.108076923076923
1.1538461538461537
1.2049999999999998
1.3926923076923077
1.9184615384615387
2.251923076923077
2.073846153846154
1.6442307692307692
1.7119230769230769
2.4265384615384615
2.105
2.4319230769230766
2.5953846153846154
2.417692307692308
2.9088461538461536
3.5323076923076924
3.785769230769231
4.042307692307692
3.5084615384615385
3.513076923076923
3.8411538461538464
3.64
3.689230769230769
3.493846153846154
2.766538461538462
2.7946153846153843
2.9903846153846154
3.2607692307692306
3.02
3.1438461538461535
2.7796153846153846
3.0069230769230773
3.2773076923076925
3.4711538461538463
3.5865384615384617
3.680769230769231
3.6084615384615386
3.446923076923077
3.414230769230769
4.099615384615385
4.4715384615384615
4.508846153846154
4.5
3.534615384615385
3.3176923076923077
3.7069230769230765
4.033076923076923
4.338076923076923
3.8473076923076923
3.3350000000000004
4.171923076923077
5.281923076923077
5.515384615384615
5.281153846153846
4.590769230769231
5.643461538461538
6.0
5.906923076923078
5.726538461538461
6.301153846153847
5.855769230769231
5.846923076923076
6.134615384615385
6.328846153846153
6.008461538461538
5.966538461538462
5.604230769230769
6.018461538461538
5.935384615384615
5.872692307692308
6.32423076923077
6.588461538461539
6.245
6.44423076923077
6.981538461538462
7.3307692307692305
6.867692307692308
7.716923076923076
7.939230769230769
7.561923076923078
7.507692307692308
7.663076923076924
7.6596153846153845
7.988076923076923
7.735384615384616
7.708846153846154
8.093461538461538
7.854230769230769
8.391923076923076
8.071538461538463
8.457307692307692
9.068076923076923
8.993461538461538
9.224615384615385
9.216153846153846
9.570769230769232
9.655384615384616
9.702692307692306
9.266923076923076
9.376153846153846
9.603076923076923
9.590769230769231
10.099230769230768
10.827692307692306
10.396153846153847
10.095769230769232
10.327307692307691
10.751153846153844
10.396538461538462
10.296923076923077
10.63423076923077
10.461923076923076
10.56846153846154
10.577307692307691
10.409230769230769
10.232692307692307
10.443846153846154
10.970769230769232
11.615
11.413076923076924
11.735000000000001
11.797307692307694
11.188461538461537
11.165000000000001
11.372307692307693
11.316923076923077
11.649230769230769
12.055384615384614
12.126923076923077
11.746923076923078
12.136923076923077
12.332307692307692
12.896538461538462
12.788846153846153
13.11423076923077
13.337307692307691
13.361923076923079
13.416153846153845
13.849230769230768
13.905000000000001
13.623461538461537
13.428461538461537
13.667307692307693
14.137692307692307
13.768461538461539
14.178846153846154
13.933461538461538
13.737307692307693
13.239615384615385
12.979615384615386
13.371923076923078
14.179230769230768
13.737307692307693
13.566153846153846
13.479615384615384
13.35423076923077
13.843846153846155
14.123076923076923
14.453076923076923
14.303846153846154
14.278846153846153
14.209615384615384
14.356153846153846
13.358846153846153
13.742307692307692
13.963076923076924
13.795384615384616
13.22923076923077
13.624615384615385
13.419230769230769
12.821153846153846
13.241538461538463
12.928076923076922
13.001923076923077
13.572307692307692
13.440384615384614
13.628846153846155
13.774999999999999
13.695769230769232
13.07846153846154
13.143461538461539
13.34153846153846
13.376153846153844
13.635
13.654230769230768
13.025384615384613
12.880384615384616
12.981538461538461
12.635
12.416538461538462
12.24923076923077
12.914615384615384
12.540384615384616
12.12076923076923
12.25576923076923
12.116538461538461
11.978076923076923
11.697307692307692
11.587307692307691
10.840384615384616
11.073846153846155
11.518846153846154
11.11576923076923
11.389615384615384
10.646153846153847
10.334999999999999
10.433846153846154
10.298076923076923
10.194230769230769
10.02
10.91
10.999615384615385
10.367692307692307
10.398076923076925
10.570384615384615
10.204615384615384
10.202692307692306
10.19923076923077
9.196923076923078
8.947307692307692
9.16423076923077
9.218846153846155
9.856538461538461
9.822692307692309
9.956923076923077
9.368076923076924
9.618846153846153
9.090769230769231
9.069230769230769
8.775769230769232
8.901923076923076
8.411923076923078
8.764615384615384
8.90076923076923
7.945769230769231
8.283846153846154
7.910769230769231
7.477692307692307
7.288461538461538
7.245384615384615
6.770384615384615
6.650769230769232
7.089615384615384
7.006923076923077
6.090769230769231
6.345
6.878461538461538
7.291923076923077
7.3015384615384615
6.985384615384616
6.641923076923077
6.519230769230769
6.199999999999999
6.104230769230769
6.664615384615384
6.337307692307693
6.135384615384615
6.389230769230769
6.1196153846153845
5.672307692307693
5.098076923076923
5.1450000000000005
5.819615384615385
5.779615384615385
5.167307692307692
5.665384615384616
5.068461538461539
4.388076923076923
4.057307692307692
4.011153846153847
3.996153846153846
3.646153846153846
3.4811538461538465
3.745
3.099615384615385
2.8826923076923077
3.451923076923077
3.9673076923076924
3.9673076923076924
3.7315384615384612
4.1207692307692305
3.3276923076923075
3.137307692307692
3.0296153846153846
2.507307692307692
2.645769230769231
3.183076923076923
3.7942307692307695
3.599615384615385
3.6273076923076926
3.438076923076923
2.5488461538461538
1.9492307692307693
2.1984615384615385
2.5730769230769233
2.738076923076923
2.548076923076923
2.6465384615384617
2.8334615384615387
2.995
3.161538461538462
2.7523076923076926
2.395769230769231
2.536153846153846
2.417307692307692
2.5446153846153843
2.4642307692307694
2.3473076923076923
2.647692307692308
2.775384615384615
2.776923076923077
2.4934615384615384
2.4426923076923077
2.6907692307692304
2.1107692307692307
1.7707692307692307
1.6926923076923077
