temperature
4.117692307692308
4.208461538461538
4.088461538461538
4.539615384615384
5.036538461538461
4.649615384615385
4.381923076923077
4.847307692307693
5.259230769230769
5.08576923076923
3.9661538461538464
3.686923076923077
3.9923076923076923
4.851923076923077
4.736538461538462
4.3149999999999995
3.483846153846154
3.8134615384615387
4.327307692307692
4.422307692307692
5.229615384615385
5.156538461538461
5.107307692307692
4.454615384615385
4.503076923076923
4.341923076923077
4.495384615384615
4.65
4.263846153846154
3.3473076923076923
3.8915384615384614
4.058076923076923
4.211538461538462
4.696923076923077
4.724230769230769
5.343846153846154
5.162307692307692
4.607692307692307
4.466923076923077
3.795769230769231
3.7315384615384612
3.7880769230769227
3.887307692307692
3.052692307692308
2.8003846153846155
3.055769230769231
3.1919230769230773
3.852692307692308
3.5069230769230773
3.5561538461538467
3.8096153846153844
3.9796153846153848
4.0842307692307696
4.693076923076923
4.423076923076923
4.2142307692307694
4.299230769230769
4.591538461538462
4.986538461538462
5.186538461538461
5.450769230769231
4.835384615384616
4.756923076923077
5.077692307692308
5.652692307692307
5.614230769230769
5.600769230769231
5.465769230769231
6.361538461538462
6.143076923076923
6.2288461538461535
5.866923076923077
5.916538461538462
6.1111538461538455
6.266923076923077
6.216538461538462
6.867692307692308
6.148846153846154
6.061538461538461
6.373076923076923
6.181923076923076
7.025
7.145384615384615
6.889230769230769
6.976538461538461
6.250769230769231
6.678461538461539
6.694615384615385
6.84
7.805384615384615
7.616538461538462
6.943461538461539
6.505
6.2807692307692315
6.58
7.208461538461538
7.586923076923076
6.732692307692307
7.115
8.10423076923077
7.634230769230769
8.145384615384616
7.883846153846154
7.8380769230769225
8.688846153846153
8.786153846153846
8.19
7.9726923076923075
8.548461538461538
8.528846153846153
9.198846153846153
9.938076923076922
9.138846153846153
8.882692307692308
8.676923076923076
8.845384615384615
8.976153846153846
9.021923076923077
9.393461538461539
9.94346153846154
9.404615384615385
9.832692307692309
9.540384615384614
9.811153846153847
10.318461538461538
10.238076923076923
10.605384615384615
10.426153846153845
10.86076923076923
10.942692307692308
10.936153846153847
11.218846153846155
11.022307692307692
10.957307692307692
11.885769230769231
11.719615384615384
11.048461538461538
11.516153846153847
11.978846153846153
12.113461538461538
11.563846153846155
12.323846153846155
12.219615384615384
12.71923076923077
12.765384615384615
12.879999999999999
12.243846153846153
11.882692307692308
12.93576923076923
12.653846153846153
13.101153846153846
13.504999999999999
13.195384615384615
13.091153846153846
12.873461538461537
13.211923076923076
13.593076923076923
13.42
13.623846153846156
13.800384615384615
13.660769230769231
13.345769230769232
13.350000000000001
14.047692307692309
13.975000000000001
13.868076923076924
14.49576923076923
13.82076923076923
14.180769230769231
14.575384615384614
14.565
14.65576923076923
14.50423076923077
14.555769230769231
14.958846153846155
14.786153846153846
15.59423076923077
15.46923076923077
15.561153846153845
15.439615384615385
15.976923076923075
15.53346153846154
15.451538461538462
15.903076923076924
16.526923076923076
16.302307692307693
16.403076923076924
16.490384615384617
16.921153846153846
16.59423076923077
16.388076923076923
16.521923076923077
16.764615384615386
16.969615384615384
16.744230769230768
16.345
16.27769230769231
15.94
16.11076923076923
16.49269230769231
16.782692307692308
16.77730769230769
16.813076923076924
16.439615384615387
16.322692307692307
16.95076923076923
16.678846153846152
17.05576923076923
16.988076923076925
17.433461538461536
17.5
17.381923076923076
16.784230769230767
17.15269230769231
17.479230769230767
17.204615384615384
16.61230769230769
16.773846153846154
16.361153846153847
17.227692307692305
17.068076923076923
16.61423076923077
16.536923076923078
16.443846153846156
16.802307692307693
17.259615384615383
17.12807692307692
16.57923076923077
16.279230769230768
16.431153846153844
16.999615384615385
16.984615384615385
17.32076923076923
16.329615384615384
15.716153846153846
15.64423076923077
15.781923076923077
16.08346153846154
15.225000000000001
15.758076923076922
15.758076923076922
15.416923076923077
15.211538461538462
15.443461538461538
15.156153846153845
14.880384615384616
14.74576923076923
14.551923076923078
14.38076923076923
14.686923076923078
14.997307692307693
14.92576923076923
14.243461538461538
14.161153846153846
13.793076923076923
13.438846153846153
13.461153846153847
13.761538461538462
13.579230769230769
13.871153846153845
14.061923076923078
13.452307692307691
13.424615384615386
13.508846153846154
13.322692307692307
13.405
13.36153846153846
12.867307692307692
13.401538461538461
12.735000000000001
12.953846153846154
13.369615384615384
12.82076923076923
12.56
12.61076923076923
12.451538461538462
12.258461538461537
11.778461538461539
11.813461538461537
11.41576923076923
12.05
12.572307692307692
12.161538461538461
11.885
11.959615384615384
10.992307692307692
10.782307692307693
10.768461538461539
10.126538461538463
10.50923076923077
10.60423076923077
10.513846153846155
10.37576923076923
9.68576923076923
9.564230769230768
9.897692307692306
10.147307692307692
10.42653846153846
10.022692307692306
9.692307692307692
9.18923076923077
9.571923076923078
9.704230769230769
9.614230769230769
9.40576923076923
9.427307692307691
8.603846153846153
8.303461538461537
7.542307692307692
7.806923076923078
9.058846153846154
8.866923076923076
8.43
8.755384615384616
8.212307692307693
7.500384615384615
7.068846153846153
6.80576923076923
7.003461538461538
6.802692307692308
7.1534615384615385
6.921923076923077
6.167692307692307
6.150384615384615
6.203076923076923
6.318846153846153
6.621538461538462
6.413076923076924
6.3780769230769225
5.619230769230769
5.207307692307692
4.935384615384615
5.061923076923078
5.83
5.937307692307693
6.507692307692308
6.0842307692307696
6.368461538461539
6.022307692307693
5.583846153846154
5.868076923076923
5.171153846153847
4.762307692307693
4.931538461538461
4.795384615384616
5.296923076923077
5.385
5.145769230769231
5.7288461538461535
5.522692307692308
5.496923076923077
5.418846153846153
5.523846153846154
5.7480769230769235
5.797307692307692
5.311538461538461
5.551923076923076
5.072307692307692
5.282307692307692
5.637307692307692
5.268461538461538
5.281923076923078
4.673461538461539
4.146923076923077
4.214230769230769
