pet
0.4357692307692308
0.36538461538461536
0.34730769230769226
0.33153846153846156
0.35884615384615387
0.3692307692307692
0.49461538461538457
0.43961538461538463
0.41115384615384615
0.41923076923076924
0.5111538461538461
0.4988461538461539
0.47000000000000003
0.38346153846153846
0.4926923076923077
0.42923076923076925
0.37115384615384617
0.4846153846153846
0.5561538461538461
0.455
0.2811538461538462
0.38653846153846155
0.4030769230769231
0.3961538461538462
0.48307692307692307
0.4423076923076923
0.5042307692307693
0.5707692307692308
0.5173076923076922
0.46076923076923076
0.5823076923076923
0.6138461538461539
0.5838461538461538
0.5465384615384615
0.6996153846153846
0.6838461538461539
0.5176923076923077
0.5230769230769231
0.6053846153846154
0.5376923076923077
0.5061538461538462
0.6526923076923077
0.6176923076923077
0.47423076923076923
0.5584615384615385
0.7565384615384616
0.6638461538461538
0.7392307692307691
0.6373076923076924
0.7696153846153847
0.8565384615384615
0.8703846153846153
0.8246153846153846
0.871923076923077
0.7896153846153846
0.8215384615384616
0.7580769230769231
0.7780769230769231
0.7330769230769231
0.7392307692307691
0.7803846153846153
0.7011538461538461
0.6719230769230768
0.7134615384615385
0.9015384615384616
1.063076923076923
1.083076923076923
1.2373076923076924
1.1815384615384614
1.1696153846153847
1.1273076923076923
0.9900000000000001
1.2915384615384615
1.463846153846154
1.3396153846153847
1.3534615384615383
1.2557692307692307
1.1873076923076924
1.1646153846153846
1.26
1.1938461538461538
1.3126923076923078
1.3369230769230769
1.3723076923076922
1.385
1.3442307692307693
1.548846153846154
1.6
1.7449999999999999
1.6853846153846155
1.6857692307692307
1.7334615384615384
1.761923076923077
1.6434615384615383
1.7746153846153847
1.6857692307692307
1.415
1.6665384615384615
1.8065384615384614
1.6646153846153846
1.5915384615384616
1.6546153846153848
1.7888461538461538
1.9173076923076924
1.8838461538461537
1.815
1.8942307692307692
1.856153846153846
1.8273076923076923
2.0173076923076922
2.26
2.375384615384615
2.3696153846153845
2.4615384615384617
2.207692307692308
2.0353846153846153
2.136923076923077
2.0707692307692307
1.9211538461538462
2.117692307692308
2.2526923076923078
2.313846153846154
2.3211538461538463
2.290769230769231
2.4469230769230768
2.5107692307692306
2.727307692307692
2.697307692307692
2.7023076923076923
2.7838461538461536
2.5676923076923077
2.483846153846154
2.481923076923077
2.3423076923076924
2.644230769230769
2.677692307692308
2.5973076923076923
2.625
2.803076923076923
2.7392307692307694
2.674615384615384
2.707692307692308
2.790769230769231
2.736923076923077
2.8049999999999997
2.792692307692308
2.881153846153846
2.7765384615384616
2.7634615384615384
2.7788461538461537
2.8815384615384616
3.0034615384615386
2.888076923076923
2.6465384615384617
2.4703846153846154
2.4903846153846154
2.4688461538461537
2.5523076923076924
2.5715384615384616
2.755
2.6353846153846154
2.6623076923076923
2.5765384615384614
2.727307692307692
2.713846153846154
2.743846153846154
2.9192307692307695
3.0069230769230773
2.9238461538461538
2.865769230769231
2.777307692307692
2.77
2.7311538461538456
2.848076923076923
2.816923076923077
2.810769230769231
2.9446153846153846
2.8226923076923076
2.8065384615384614
2.9323076923076923
2.852307692307692
3.021153846153846
2.987692307692308
2.938076923076923
2.9696153846153845
3.0846153846153848
3.0330769230769232
2.9626923076923077
3.0126923076923076
3.0296153846153846
3.031538461538461
2.8573076923076925
2.869230769230769
2.795769230769231
2.9238461538461538
2.980769230769231
3.1653846153846152
3.1388461538461536
3.3203846153846155
3.381923076923077
3.0373076923076923
2.8715384615384614
3.016923076923077
3.1242307692307696
3.0596153846153844
3.208846153846154
3.0807692307692305
2.987692307692307
2.963461538461538
2.843461538461539
2.7830769230769232
2.851153846153846
2.9453846153846155
2.8607692307692307
2.888076923076923
2.7911538461538465
2.8492307692307692
2.95
2.8430769230769233
2.946153846153846
2.785769230769231
2.660769230769231
2.9842307692307695
2.681923076923077
2.7399999999999998
2.633846153846154
2.5323076923076924
2.456923076923077
2.5265384615384616
2.5334615384615384
2.462307692307692
2.3880769230769228
2.4280769230769232
2.539615384615385
2.4153846153846152
2.2407692307692306
2.383846153846154
2.1715384615384616
2.0646153846153847
2.0165384615384614
1.9876923076923076
1.8896153846153845
1.8880769230769232
1.911923076923077
2.2373076923076924
2.042692307692308
2.176923076923077
2.1357692307692306
2.0646153846153847
1.9388461538461537
1.9961538461538462
1.9257692307692307
2.076923076923077
2.0273076923076925
1.7873076923076923
1.7565384615384616
1.7065384615384613
1.7053846153846153
1.636153846153846
1.5303846153846155
1.65
1.6557692307692307
1.6226923076923077
1.606923076923077
1.5592307692307692
1.5365384615384616
1.4234615384615383
1.4
1.408076923076923
1.478846153846154
1.4807692307692308
1.484230769230769
1.508076923076923
1.3826923076923079
1.2811538461538463
1.2269230769230768
1.1557692307692309
1.2138461538461538
1.0657692307692308
1.0726923076923076
1.2542307692307693
1.1507692307692308
1.3003846153846155
1.058076923076923
1.080769230769231
1.1007692307692307
1.0023076923076923
0.9488461538461539
0.9880769230769231
0.833076923076923
0.8853846153846153
0.8830769230769231
0.8461538461538461
0.9596153846153845
0.8138461538461539
0.9703846153846154
0.9761538461538461
0.9607692307692308
0.8411538461538461
0.9130769230769231
0.9142307692307692
0.8338461538461538
0.8742307692307693
0.8307692307692308
0.7684615384615385
0.7461538461538461
0.6711538461538461
0.6438461538461537
0.6461538461538462
0.5907692307692307
0.5303846153846155
0.5253846153846153
0.571923076923077
0.6126923076923076
0.5873076923076923
0.5457692307692308
0.5376923076923077
0.5338461538461539
0.6265384615384615
0.45999999999999996
0.5069230769230769
0.47269230769230774
0.40115384615384614
0.35038461538461535
0.38461538461538464
0.32346153846153847
0.30846153846153845
0.3853846153846154
0.37423076923076926
0.4411538461538462
0.46269230769230774
0.4346153846153846
0.3961538461538462
0.4507692307692308
0.38576923076923075
0.4184615384615385
0.28615384615384615
0.31846153846153846
0.43653846153846154
0.49153846153846154
0.37269230769230766
0.39692307692307693
0.31153846153846154
0.32384615384615384
0.2938461538461538
0.41384615384615386
0.3376923076923077
0.36230769230769233
0.37961538461538463
0.36730769230769234
0.29538461538461536
0.31884615384615383
0.3080769230769231
0.3553846153846154
0.46846153846153843
0.5180769230769231
0.5992307692307692
0.536923076923077
0.41500000000000004
0.40846153846153843
0.39269230769230773
0.26999999999999996
0.43538461538461537
0.5196153846153846
0.5023076923076923
