temperature
4.515384615384615
4.048461538461538
3.6353846153846154
3.6253846153846156
3.9288461538461537
3.861923076923077
4.430769230769231
4.3319230769230765
4.034230769230769
4.4557692307692305
4.760384615384615
5.048846153846155
4.7092307692307696
4.223846153846154
4.427692307692308
4.092307692307692
3.9042307692307694
4.365384615384615
4.397692307692308
3.7153846153846155
3.205
3.6403846153846158
3.703076923076923
3.6950000000000003
4.211153846153846
4.059230769230769
4.306923076923077
4.494230769230769
4.2057692307692305
3.7015384615384614
4.131153846153846
4.366923076923077
4.109230769230769
4.1838461538461535
5.165
4.840769230769231
4.025769230769231
4.015384615384615
4.006153846153846
3.802692307692308
3.6619230769230766
4.3465384615384615
4.581153846153846
3.9130769230769227
4.424615384615385
5.256923076923077
4.767307692307693
5.095
4.622692307692308
5.072692307692307
5.551923076923076
5.684615384615385
5.396923076923077
5.602307692307692
5.1619230769230775
5.3149999999999995
5.0369230769230775
4.958846153846154
4.382692307692308
4.402692307692307
4.560769230769231
4.390384615384615
4.386153846153847
4.5965384615384615
5.216923076923076
5.938846153846153
6.147307692307692
6.866153846153846
6.538846153846153
6.422692307692308
6.306538461538461
5.666153846153846
6.968846153846154
7.632692307692308
7.126538461538461
6.930384615384615
6.445769230769231
6.392692307692308
6.250384615384615
6.626538461538461
6.432307692307693
6.8015384615384615
6.928461538461538
7.047307692307692
7.023846153846154
6.851538461538461
7.604230769230769
7.7807692307692315
8.285
8.063846153846153
7.944615384615385
8.138461538461538
8.244615384615384
7.774230769230769
8.230384615384615
7.818461538461539
6.886538461538462
7.679615384615384
8.279230769230768
7.779615384615385
7.473461538461539
7.733846153846153
8.095769230769232
8.570769230769232
8.466923076923077
8.18423076923077
8.582307692307692
8.428846153846154
8.440384615384614
9.03076923076923
9.944230769230769
10.394615384615385
10.383076923076922
10.742692307692307
9.88846153846154
9.314615384615385
9.692692307692308
9.441538461538462
8.926923076923076
9.628076923076923
9.939615384615385
10.028461538461539
10.176153846153845
10.075
10.555769230769231
10.721153846153847
11.496923076923078
11.568461538461538
11.524999999999999
11.889615384615384
11.279615384615385
11.01
11.116153846153846
10.748846153846152
11.748076923076923
11.795
11.696153846153846
11.901153846153846
12.423076923076923
12.267307692307693
12.156538461538462
12.296923076923077
12.603846153846153
12.50423076923077
12.79653846153846
12.815384615384614
13.006153846153847
12.732307692307693
12.787307692307694
12.981923076923076
13.363076923076923
14.485000000000001
14.341923076923077
13.672307692307694
13.132692307692308
13.30423076923077
13.237692307692308
13.627692307692307
13.770384615384614
14.43423076923077
14.054615384615385
14.122692307692308
13.963076923076924
14.541538461538462
14.534230769230769
14.697307692307692
15.313461538461537
15.618461538461538
15.37076923076923
15.19076923076923
14.975769230769231
14.989615384615385
14.940384615384614
15.414615384615386
15.33769230769231
15.355384615384615
15.795769230769231
15.409615384615384
15.443461538461538
15.88923076923077
15.666923076923078
16.195384615384615
16.13153846153846
15.998846153846152
16.126153846153844
16.498846153846156
16.384999999999998
16.215384615384615
16.40153846153846
16.48576923076923
16.511923076923075
16.01076923076923
16.082692307692305
15.921153846153846
16.345384615384617
16.570769230769233
17.193461538461538
17.16769230769231
17.802692307692308
17.985
16.977307692307694
16.52730769230769
17.04346153846154
17.418076923076924
17.23576923076923
17.74423076923077
17.439615384615387
17.193846153846156
17.17576923076923
16.886923076923075
16.72346153846154
16.971153846153847
17.354230769230767
17.186923076923076
17.29153846153846
17.039615384615384
17.25307692307692
17.63576923076923
17.32846153846154
17.66423076923077
17.186923076923076
16.864615384615384
17.962307692307693
17.032307692307693
17.26923076923077
16.98
16.683461538461536
16.443846153846156
16.73
16.779230769230768
16.50576923076923
16.335
16.487692307692306
16.915
16.551923076923078
15.963461538461539
16.448846153846155
15.766538461538461
15.450769230769229
15.353076923076923
15.265384615384615
14.841153846153846
14.836153846153847
14.760384615384615
15.902692307692309
15.243461538461538
15.681923076923077
15.60153846153846
15.325384615384614
14.821538461538463
15.10153846153846
14.846923076923076
15.383846153846154
15.212307692307691
14.399230769230769
14.31423076923077
14.121923076923078
14.161538461538461
13.724615384615387
13.497692307692308
14.009615384615385
14.013076923076921
13.905384615384616
13.776153846153846
13.666923076923077
13.463076923076924
12.99576923076923
13.024999999999999
13.00076923076923
13.252692307692307
13.18576923076923
13.281153846153845
13.433076923076923
12.590384615384616
11.935384615384615
11.825
11.272307692307692
11.909615384615384
11.158076923076923
11.285
11.990384615384615
11.63923076923077
12.042307692307693
11.150769230769232
11.250384615384615
11.17
10.832307692307692
10.722307692307691
10.75
9.991923076923078
10.13923076923077
10.085384615384616
9.866923076923078
10.293846153846154
9.825384615384616
10.283846153846154
10.174230769230768
10.197307692307692
9.814615384615385
9.745384615384616
9.566923076923077
9.183076923076923
9.400384615384615
9.45923076923077
9.013461538461538
8.874615384615385
8.423846153846155
8.04923076923077
8.146923076923077
8.008076923076924
7.858846153846154
7.378461538461538
7.411538461538461
8.071153846153846
7.79
7.456538461538462
7.273461538461538
7.031923076923077
7.571153846153846
6.786538461538461
6.848076923076923
6.452307692307692
5.939615384615385
5.599615384615385
5.598076923076923
5.555384615384615
5.223076923076923
5.80576923076923
5.6461538461538465
6.041923076923077
5.873461538461539
5.586538461538462
5.388076923076923
5.274615384615386
4.9253846153846155
5.032692307692307
4.828461538461538
4.755769230769231
5.265769230769231
5.30076923076923
4.882692307692308
4.890384615384615
4.685769230769231
4.663076923076923
4.282307692307692
4.787692307692308
4.530769230769231
4.648461538461539
4.828846153846154
4.506153846153846
4.055769230769231
3.871923076923077
3.6484615384615386
3.762307692307692
4.635
5.0138461538461545
5.782307692307692
5.586538461538462
4.64
4.561923076923077
4.135
3.479230769230769
4.097307692307693
4.668846153846154
4.459615384615384
