pet
0.4257692307692308
0.46807692307692306
0.41307692307692306
0.5503846153846154
0.6234615384615385
0.4230769230769231
0.47846153846153844
0.5769230769230769
0.5926923076923077
0.5992307692307692
0.4623076923076923
0.41384615384615386
0.44384615384615383
0.5342307692307693
0.48307692307692307
0.4438461538461539
0.3203846153846154
0.38346153846153846
0.4626923076923077
0.5146153846153847
0.6096153846153846
0.566923076923077
0.625
0.553076923076923
0.5276923076923077
0.5523076923076923
0.5334615384615385
0.5426923076923077
0.5215384615384615
0.47961538461538467
0.5653846153846154
0.5553846153846154
0.5738461538461539
0.6407692307692308
0.6900000000000001
0.7942307692307692
0.7696153846153846
0.7065384615384616
0.6488461538461539
0.5926923076923077
0.5711538461538461
0.5930769230769231
0.5438461538461539
0.46076923076923076
0.435
0.48615384615384616
0.4988461538461539
0.6061538461538462
0.5223076923076924
0.5873076923076923
0.6096153846153846
0.5738461538461539
0.6742307692307693
0.7576923076923077
0.63
0.6157692307692308
0.7923076923076924
0.833076923076923
0.8838461538461538
0.8873076923076924
1.0092307692307692
0.9292307692307692
0.9384615384615385
1.0465384615384616
1.103076923076923
1.123076923076923
1.073076923076923
1.061923076923077
1.2138461538461538
1.153076923076923
1.126923076923077
1.1342307692307694
1.1073076923076923
1.1273076923076923
1.105
1.2203846153846154
1.2384615384615385
1.1815384615384614
1.1938461538461538
1.1934615384615386
1.231923076923077
1.4434615384615386
1.463846153846154
1.4
1.386923076923077
1.3803846153846153
1.34
1.3603846153846153
1.4342307692307692
1.6226923076923077
1.5773076923076923
1.4173076923076924
1.2950000000000002
1.3788461538461538
1.4230769230769231
1.5638461538461537
1.6534615384615385
1.508076923076923
1.6392307692307695
1.893076923076923
1.9011538461538462
1.926153846153846
1.8069230769230769
1.856153846153846
2.0900000000000003
2.104230769230769
1.9130769230769231
2.1215384615384614
2.0384615384615383
1.9603846153846154
2.2
2.38
2.125769230769231
2.129230769230769
2.1196153846153845
2.0923076923076924
2.208846153846154
2.201923076923077
2.261923076923077
2.3007692307692307
2.1826923076923075
2.437307692307692
2.476923076923077
2.434230769230769
2.5876923076923077
2.5349999999999997
2.6926923076923077
2.644615384615385
2.6030769230769235
2.725769230769231
2.7311538461538465
2.6184615384615384
2.6111538461538464
2.723076923076923
2.8826923076923077
2.7600000000000002
2.5869230769230773
2.713846153846154
2.9496153846153845
3.0403846153846152
2.9403846153846156
3.1792307692307693
3.100769230769231
3.183076923076923
3.1215384615384614
3.101923076923077
2.959230769230769
2.8565384615384612
3.0292307692307694
2.8753846153846156
3.11
2.972692307692308
2.7565384615384616
2.7634615384615384
2.715384615384615
2.9376923076923074
2.8453846153846154
2.9365384615384613
2.9484615384615385
2.8984615384615386
2.758846153846154
2.8084615384615383
2.748846153846154
2.7792307692307694
2.8034615384615384
2.9030769230769233
3.218461538461539
2.8965384615384617
2.930769230769231
3.0103846153846154
3.0946153846153845
2.903461538461538
2.9107692307692306
2.8903846153846158
2.9496153846153845
3.104230769230769
3.1576923076923076
3.031538461538461
3.0646153846153843
3.1315384615384616
3.171923076923077
3.1557692307692307
3.0176923076923075
3.231923076923077
3.498846153846154
3.3411538461538464
3.2565384615384616
3.3123076923076926
3.4703846153846154
3.3046153846153845
3.2396153846153846
3.2719230769230765
3.2676923076923075
3.33
3.286538461538462
3.163846153846154
3.0430769230769235
3.011923076923077
3.066923076923077
3.2053846153846157
3.185
3.0280769230769233
3.147307692307692
3.082307692307692
2.9526923076923075
3.175
3.178076923076923
3.2657692307692305
3.121153846153846
3.287692307692308
3.398846153846154
2.9434615384615386
2.9723076923076923
3.148076923076923
2.960384615384615
2.8926923076923075
2.920769230769231
2.7973076923076925
2.6392307692307693
2.855769230769231
2.8096153846153844
2.6926923076923077
2.8426923076923076
2.73
2.7788461538461537
2.852307692307692
2.852692307692308
2.743076923076923
2.6738461538461538
2.689230769230769
2.822307692307692
2.855384615384615
2.795
2.5603846153846153
2.353076923076923
2.485
2.495769230769231
2.4076923076923076
2.2765384615384616
2.437307692307692
2.4099999999999997
2.2557692307692307
2.211153846153846
2.2419230769230767
2.1819230769230766
2.0934615384615385
2.142692307692308
1.963846153846154
2.022692307692308
2.1934615384615386
2.1996153846153845
2.1003846153846153
1.8423076923076922
1.8465384615384615
1.7957692307692308
1.6688461538461539
1.7034615384615384
1.6896153846153845
1.79
1.7503846153846152
1.786923076923077
1.6007692307692307
1.6442307692307692
1.6042307692307693
1.584230769230769
1.5869230769230769
1.496923076923077
1.4803846153846154
1.496923076923077
1.4438461538461538
1.4892307692307691
1.4242307692307692
1.426923076923077
1.3219230769230768
1.3596153846153847
1.3619230769230768
1.3438461538461537
1.251923076923077
1.2065384615384616
1.168076923076923
1.2557692307692307
1.373076923076923
1.2296153846153846
1.2
1.195
0.9734615384615384
0.9957692307692307
0.9238461538461539
0.8242307692307692
0.9126923076923077
0.9538461538461539
0.9403846153846154
0.8915384615384615
0.7876923076923077
0.8373076923076923
0.9211538461538461
0.8876923076923078
0.97
0.8853846153846153
0.8680769230769231
0.7692307692307693
0.8584615384615385
0.9784615384615385
0.9149999999999999
0.9442307692307692
0.9153846153846155
0.7857692307692308
0.7426923076923077
0.6507692307692307
0.6569230769230769
0.8526923076923076
0.8161538461538461
0.7496153846153846
0.7780769230769231
0.6653846153846155
0.5619230769230769
0.5542307692307692
0.5546153846153846
0.5588461538461538
0.5042307692307693
0.5773076923076923
0.6269230769230769
0.43192307692307697
0.4519230769230769
0.4826923076923077
0.5861538461538461
0.683076923076923
0.5769230769230769
0.58
0.5596153846153846
0.4596153846153846
0.4
0.39076923076923076
0.5380769230769231
0.578076923076923
0.6415384615384615
0.6057692307692307
0.5392307692307692
0.41192307692307695
0.4003846153846154
0.4876923076923077
0.3438461538461538
0.3096153846153846
0.3988461538461538
0.43153846153846154
0.5103846153846153
0.4596153846153846
0.4969230769230769
0.48846153846153845
0.4815384615384616
0.5215384615384615
0.4326923076923077
0.48653846153846153
0.56
0.5426923076923077
0.5592307692307692
0.5673076923076923
0.5596153846153846
0.5230769230769231
0.5969230769230769
0.6188461538461538
0.6642307692307692
0.5019230769230769
0.39192307692307693
0.45153846153846156
