temperature
1.9715384615384615
1.3276923076923077
0.9715384615384615
1.9242307692307692
2.4211538461538464
1.8838461538461537
1.817692307692308
2.3392307692307694
1.8619230769230768
1.6276923076923078
1.1276923076923078
0.7592307692307693
1.7607692307692309
2.21
1.9561538461538461
1.4273076923076924
0.9646153846153845
1.3426923076923076
1.69
2.065769230769231
2.4096153846153845
2.0734615384615385
1.875
1.7026923076923075
0.9161538461538462
1.1011538461538461
1.075
1.478076923076923
1.615
0.89
0.95
1.643846153846154
2.4676923076923076
2.323846153846154
2.2334615384615386
2.7096153846153848
2.3446153846153845
1.6892307692307693
1.3965384615384617
1.4
0.8796153846153847
0.8765384615384615
1.116923076923077
0.7526923076923077
0.4365384615384616
0.2565384615384615
0.3849999999999999
1.1676923076923076
1.198076923076923
1.496923076923077
1.698076923076923
1.7407692307692306
2.1684615384615387
2.3473076923076923
2.213846153846154
2.0296153846153846
1.9753846153846153
2.667307692307692
2.233846153846154
2.12
2.353846153846154
2.1134615384615385
2.6538461538461537
3.4323076923076923
3.901923076923077
4.0588461538461535
3.3984615384615386
3.2465384615384614
3.6153846153846154
3.648076923076923
3.8380769230769234
3.3115384615384613
2.375769230769231
2.6196153846153845
2.7011538461538462
2.9711538461538463
2.3638461538461537
2.460769230769231
2.431153846153846
2.688846153846154
3.013076923076923
3.1696153846153843
3.4861538461538464
3.293846153846154
3.391923076923077
3.1653846153846152
3.039615384615385
3.886923076923077
4.170384615384615
4.564615384615385
4.286153846153846
3.397307692307692
3.2249999999999996
3.983076923076923
4.035384615384616
4.122307692307692
3.961153846153846
3.585
4.251538461538461
5.086923076923076
5.159230769230769
4.746538461538462
4.438076923076923
5.565769230769231
5.938076923076922
5.721923076923077
5.712692307692308
6.253461538461538
5.727692307692307
5.9057692307692315
6.200384615384616
5.912692307692307
5.868846153846154
6.061923076923078
5.668461538461538
6.154230769230769
5.928461538461538
5.974615384615385
6.422307692307692
6.512307692307692
6.096923076923077
6.311923076923076
6.687307692307693
7.053461538461538
6.5407692307692304
7.521538461538461
7.767307692307692
7.102692307692307
7.195384615384615
7.446538461538462
7.423461538461538
7.69923076923077
7.791923076923077
7.808461538461539
8.098846153846154
7.513076923076923
8.20076923076923
8.085384615384616
8.106538461538461
8.922692307692309
8.827307692307691
8.703461538461537
9.471923076923078
9.393846153846154
9.451538461538462
9.06653846153846
9.346538461538461
9.471153846153847
9.371153846153847
9.857692307692307
9.922307692307694
10.43
10.05076923076923
10.213461538461539
10.248076923076923
10.401153846153846
10.192307692307692
10.348076923076924
10.600384615384616
10.553076923076922
10.674615384615386
10.417307692307693
9.99923076923077
10.081538461538461
10.484230769230768
10.859615384615385
11.033076923076923
11.233076923076924
11.302692307692308
11.987307692307693
11.079615384615384
11.11153846153846
11.42
11.041153846153845
11.598846153846154
11.98576923076923
11.731923076923076
11.48
11.830384615384617
12.305
12.460384615384614
11.675
11.959615384615384
12.659615384615384
12.933846153846154
12.592692307692309
13.401923076923076
13.522307692307692
12.915384615384616
12.750384615384615
12.92576923076923
13.210769230769232
12.863461538461538
13.553846153846154
13.291923076923078
12.418846153846154
12.032307692307691
12.294615384615383
12.771923076923077
13.511538461538462
13.231538461538461
13.070384615384615
12.751538461538463
12.748461538461537
13.270384615384616
13.580769230769231
13.814615384615385
13.66576923076923
13.464230769230769
13.428461538461537
13.585769230769232
12.766538461538461
13.271153846153847
13.189615384615385
12.954615384615384
12.69923076923077
12.817692307692308
13.037692307692309
12.383461538461539
12.668461538461539
12.512692307692307
12.565384615384614
13.018461538461539
12.958461538461538
12.8
12.931153846153846
13.020384615384614
12.38923076923077
12.504999999999999
12.496153846153845
12.851153846153846
13.025769230769232
12.775769230769232
12.282692307692308
12.448076923076922
12.613076923076923
12.295769230769231
12.018076923076924
11.931153846153846
12.593076923076923
11.925
11.387307692307692
11.741538461538461
11.493076923076924
11.49923076923077
11.346923076923076
11.430769230769231
10.475384615384616
10.954615384615384
11.122692307692308
10.622692307692308
10.74076923076923
10.168461538461539
9.973846153846154
10.104615384615386
9.73076923076923
9.668076923076923
9.776153846153846
10.475384615384616
10.46923076923077
10.068846153846154
10.057692307692308
10.100384615384616
9.75423076923077
9.763461538461538
9.837692307692308
8.750769230769231
8.457692307692309
8.664615384615384
8.661153846153846
9.391153846153845
9.589230769230769
9.799615384615384
9.232692307692307
9.305769230769231
9.08
9.012307692307692
8.603846153846153
8.680384615384614
8.204615384615384
8.680769230769231
8.60923076923077
7.643076923076923
7.923076923076923
7.2361538461538455
7.21
7.296153846153846
7.2846153846153845
6.8950000000000005
6.617692307692308
6.884230769230769
6.684230769230769
5.919615384615384
6.30576923076923
6.900769230769232
7.134230769230769
6.832692307692308
6.67576923076923
6.514615384615384
6.348846153846154
6.328846153846154
6.38
6.646923076923077
5.681923076923076
5.625384615384615
5.845
5.8380769230769225
5.168846153846153
4.89
5.232307692307692
5.696923076923077
5.291153846153846
5.258076923076923
5.267307692307692
4.825769230769231
3.9538461538461536
3.5665384615384617
3.665769230769231
3.801153846153846
3.1165384615384615
3.2142307692307694
3.3303846153846157
2.4507692307692306
2.3665384615384615
3.2565384615384616
3.6923076923076925
3.590384615384615
3.4707692307692306
3.5088461538461533
2.516538461538462
2.7199999999999998
2.408846153846154
2.404230769230769
2.7034615384615384
3.024230769230769
3.686923076923077
3.541153846153846
3.55
3.1680769230769235
2.223846153846154
1.5203846153846154
1.6523076923076923
2.2753846153846156
2.400384615384615
2.3846153846153846
2.661538461538462
2.6723076923076925
2.8134615384615382
3.1773076923076924
2.4046153846153846
2.0126923076923076
2.488846153846154
2.1315384615384616
1.9723076923076923
2.1169230769230767
2.0915384615384616
2.6173076923076923
2.818076923076923
2.6784615384615384
2.0273076923076925
1.5007692307692306
1.9873076923076924
1.6123076923076924
1.884230769230769
1.7953846153846154
