temperature
2.622666666666667
2.5246666666666666
1.8486666666666667
1.8760000000000001
1.9586666666666668
2.126
2.6319999999999997
2.188
2.0473333333333334
3.1613333333333333
2.9566666666666666
2.759333333333333
2.1133333333333337
1.6400000000000001
2.324
1.8346666666666667
1.536
1.852
1.5566666666666669
1.2866666666666666
1.4133333333333333
2.267333333333333
2.2653333333333334
2.8546666666666667
3.5146666666666664
3.0373333333333337
2.8473333333333333
2.886
1.7040000000000002
1.1353333333333333
1.7046666666666668
1.7453333333333334
1.282
1.6346666666666667
2.0653333333333332
2.0893333333333337
1.4593333333333334
1.84
2.009333333333333
1.5793333333333333
0.4653333333333333
0.6246666666666667
1.756
1.8773333333333333
2.82
3.586
3.4819999999999998
3.4339999999999997
2.9979999999999998
3.5513333333333335
3.5806666666666667
4.092666666666667
3.85
3.8419999999999996
3.5926666666666667
4.058666666666666
3.304666666666667
2.8766666666666665
2.6246666666666667
2.533333333333333
2.9099999999999997
2.066
2.262
2.5146666666666664
2.6693333333333333
2.9680000000000004
3.5613333333333332
4.252666666666666
3.972
4.407333333333333
4.1433333333333335
4.332666666666666
4.665333333333334
5.369333333333333
4.438666666666666
4.009333333333333
5.035333333333333
4.884666666666666
4.252666666666666
4.801333333333333
4.604
4.169333333333333
4.660666666666667
5.173333333333333
5.11
4.986666666666666
5.151333333333333
5.284666666666666
5.496666666666667
4.851333333333334
4.3726666666666665
4.738
5.556666666666667
5.612666666666667
5.882000000000001
6.289333333333333
5.043333333333334
5.916666666666667
6.405333333333333
5.933333333333334
5.5
5.467333333333333
6.067333333333334
5.8853333333333335
5.923333333333333
6.573333333333333
6.375333333333333
6.322
6.797333333333333
7.600666666666667
7.473333333333334
8.081333333333333
8.498
7.267333333333334
6.453333333333333
6.33
5.908666666666666
6.104
6.164666666666666
6.671333333333333
6.614
6.469333333333334
6.9719999999999995
7.921333333333333
8.240666666666666
7.902
8.533333333333333
8.523333333333333
8.632666666666667
8.921333333333333
8.157333333333334
7.906000000000001
8.532
7.908
8.79
8.633999999999999
8.971333333333332
9.378666666666668
9.644
9.703333333333335
10.581999999999999
10.270666666666667
10.414
10.166
10.924
10.697333333333335
10.764666666666667
10.232666666666667
11.010666666666667
10.967333333333332
11.576666666666666
12.048
11.783333333333333
11.255333333333335
10.362
10.21
10.484
11.354666666666667
11.204666666666666
11.192
11.750666666666666
11.184666666666667
11.266666666666667
11.46
10.906666666666666
11.427333333333333
12.955333333333332
12.684666666666667
12.015333333333334
11.696
11.959333333333332
12.306000000000001
12.652666666666667
12.910666666666666
12.912666666666667
12.972666666666667
13.485999999999999
13.740666666666668
13.168666666666667
13.683333333333334
13.472666666666667
13.774666666666667
13.540666666666668
13.268
13.96
14.012
13.594
13.43
13.43
13.883333333333333
13.942
14.166
13.241333333333333
13.446666666666665
13.400666666666666
14.018
14.262666666666666
14.673333333333334
15.622666666666667
15.364
14.360000000000001
13.618
14.485333333333333
15.276666666666667
14.904
15.078
15.032
14.565333333333333
13.776666666666667
13.445333333333334
13.521333333333333
13.966000000000001
14.971333333333332
14.332666666666666
14.416666666666666
13.856
13.730666666666668
13.466666666666667
13.535333333333334
13.951333333333334
13.547333333333334
13.398666666666667
13.814666666666666
14.035333333333334
14.141333333333334
14.197333333333335
13.494666666666667
13.508000000000001
13.216000000000001
13.457333333333334
14.006666666666666
14.054
13.853333333333333
14.060666666666666
13.619333333333334
13.106
13.425333333333333
12.644
13.070666666666666
13.123333333333333
11.818666666666667
11.888666666666667
11.570666666666666
12.367333333333333
13.423333333333334
12.888666666666666
12.496
12.405333333333333
11.623333333333333
12.304666666666666
12.994
12.469333333333333
12.944666666666668
12.313333333333333
11.5
11.324666666666667
11.383999999999999
11.216000000000001
11.149333333333335
10.416666666666666
10.614
11.358
11.115333333333332
11.100666666666665
11.393333333333334
10.931333333333333
10.210666666666667
10.902666666666667
10.187999999999999
10.326666666666666
10.903333333333334
10.456
10.557333333333332
9.385714285714286
9.117857142857144
9.222142857142858
8.554285714285713
9.104285714285714
8.667857142857143
9.404285714285715
9.825000000000001
9.198571428571428
9.121428571428572
8.586428571428572
8.744285714285715
9.049285714285714
8.03
8.142857142857142
8.003571428571428
8.075
8.289285714285715
8.125
8.378571428571428
8.235714285714286
8.131428571428572
8.612142857142857
8.067142857142857
7.62
7.631428571428572
7.666428571428571
6.8
6.085
7.336428571428572
8.010714285714284
7.095
6.375714285714286
6.106428571428571
5.783571428571428
4.9957142857142856
5.4350000000000005
5.377857142857144
5.360714285714286
5.633333333333334
5.374
5.764666666666667
5.615333333333333
6.094666666666667
6.0120000000000005
6.656000000000001
5.794
5.632000000000001
5.28
4.997333333333334
4.531333333333333
4.234
3.8393333333333333
3.889333333333333
3.9126666666666665
3.2293333333333334
3.8026666666666666
3.6293333333333333
3.2946666666666666
2.7493333333333334
2.208666666666667
2.2319999999999998
2.448
2.227333333333333
2.694666666666667
2.993333333333333
3.0200000000000005
2.993333333333333
3.1346666666666665
3.1846666666666663
2.820666666666667
2.2906666666666666
2.3086666666666664
1.8806666666666667
2.271333333333333
2.9346666666666668
2.5746666666666664
2.784
2.920666666666667
3.3873333333333333
3.022
3.1413333333333333
3.8333333333333335
3.8126666666666664
2.8953333333333333
3.0780000000000003
3.348
3.1213333333333333
2.650666666666667
3.3426666666666667
3.964
3.6433333333333335
