temperature
2.8124000000000002
2.6784000000000003
2.522
2.186
2.6304000000000003
2.7068
2.8296000000000006
2.3324
2.4088
3.4315999999999995
3.2172
3.108
2.6376
2.2376
2.6995999999999998
2.3224
2.1768
2.5944
2.5496
1.9924000000000002
2.1772
2.6195999999999997
2.6936
2.8856
3.1924
3.0195999999999996
2.9524
2.8227999999999995
1.9680000000000002
2.1035999999999997
2.6516
2.7948000000000004
2.5268
2.8016
2.8888
2.5336
2.1948000000000003
2.106
2.3864
2.0628
1.8452000000000002
2.396
2.91
2.8480000000000003
3.3656
3.6672000000000002
3.1592000000000002
3.3092
3.2924
3.738
3.5208
3.6816000000000004
3.2584000000000004
3.7264
3.162
3.9124
3.2444
2.8628000000000005
2.39
1.916
2.5384
2.5188
2.33
2.4916
3.3656
4.0451999999999995
4.2888
4.3256
4.3392
4.1164
3.7836000000000003
4.3788
5.0280000000000005
5.1584
5.0363999999999995
5.05
4.7492
5.1588
4.8788
5.005199999999999
5.0588
4.8216
5.166399999999999
5.49
5.219200000000001
5.800800000000001
5.4776
5.7524
5.693200000000001
5.823200000000001
4.9072000000000005
5.6156
5.8576
5.9512
6.2416
5.8464
5.0936
5.9963999999999995
6.2288
5.7860000000000005
5.8096000000000005
5.3755999999999995
5.4336
6.0024
6.1975999999999996
6.0203999999999995
5.9639999999999995
5.9124
6.7836
7.373200000000001
7.9408
8.1196
8.0264
7.9879999999999995
7.4808
6.9848
6.7056000000000004
6.8064
7.0144
6.7696000000000005
7.1564
7.5112
7.6936
8.326
8.0476
8.0684
8.6608
8.634
8.94
9.1808
8.6792
8.5752
8.6588
8.8164
9.930399999999999
9.3428
9.7988
9.5288
10.228
9.803199999999999
10.1592
9.932
10.3408
10.0744
10.773599999999998
10.5176
10.412
10.4276
10.6924
10.1552
11.0556
11.9584
11.7024
11.2724
10.578399999999998
10.6472
10.882
11.298399999999999
11.7328
11.784
11.869200000000001
11.2124
11.279200000000001
11.444
11.205599999999999
12.0276
12.673599999999999
12.9676
12.88
12.364
12.825999999999999
12.51
12.6052
13.206800000000001
12.8016
12.5476
12.613199999999999
12.846400000000001
13.134400000000001
13.1692
13.128
13.3504
13.725999999999999
13.746400000000001
13.793199999999999
13.7052
13.3356
13.181600000000001
13.429200000000002
13.6872
13.7964
13.434800000000001
12.936000000000002
13.384
13.3604
13.8292
14.4248
14.451600000000001
14.8236
14.6504
14.043199999999999
13.876
14.357999999999999
14.57
14.2592
14.137599999999999
14.208800000000002
14.341199999999999
14.24
14.1188
13.8384
14.184000000000001
14.609615384615385
14.37423076923077
14.600384615384616
14.475769230769231
14.392692307692307
14.441153846153846
13.633846153846154
14.183461538461538
13.992692307692307
13.996538461538462
13.98076923076923
14.187692307692307
14.449615384615385
14.108461538461539
13.631923076923076
13.681153846153846
13.99076923076923
13.783076923076923
13.841153846153846
13.49923076923077
13.358076923076924
13.02730769230769
13.385384615384615
13.131538461538462
13.307692307692308
12.343846153846155
12.719999999999999
13.04653846153846
12.36076923076923
12.48
12.55423076923077
12.524615384615384
13.306153846153846
12.669230769230769
12.87423076923077
13.343846153846155
12.658076923076923
12.42923076923077
12.779230769230768
12.13846153846154
12.461923076923076
12.592307692307692
11.92576923076923
11.76076923076923
11.506923076923076
11.407692307692308
11.001923076923077
10.833846153846155
10.950769230769232
11.253076923076922
11.536153846153846
11.455384615384617
11.305384615384614
10.723846153846154
10.666538461538462
10.849230769230768
10.623076923076923
10.513076923076925
11.17653846153846
10.608076923076924
10.719615384615384
9.8924
9.6868
9.3996
8.922
9.2776
8.956
9.492
9.4976
9.3552
9.0832
8.876800000000001
8.7332
8.9964
8.6768
8.206
8.286
8.0992
7.8788
7.4676
7.6068
8.1136
7.7192
7.607200000000001
7.6724
7.678
7.7384
7.8404
6.9768
6.534
7.2124
7.47
6.9068
6.5048
6.2396
6.034800000000001
5.886
5.849600000000001
6.0872
5.5388
5.395599999999999
5.7736
5.8848
5.544
5.409199999999999
5.869200000000001
6.0592
5.185599999999999
5.1812000000000005
4.8856
4.7224
4.2756
3.8528
3.4208
4.3008
4.3472
3.8192000000000004
4.418
4.4244
3.968
3.5576
3.2876
3.048
3.24
2.6384
2.9424
3.3876
3.4332
3.322
3.2776
3.5008
3.48
2.9336
3.04
3.1060000000000003
3.21
3.122
2.694
2.2056
2.2403999999999997
2.4272
2.31
2.7148000000000003
3.4332
4.0572
3.4556
2.6016000000000004
2.6439999999999997
2.0932
1.3672
2.2332
2.9956
2.9956
