pet
0.4165384615384615
0.4511538461538462
0.3923076923076923
0.41500000000000004
0.5811538461538461
0.41307692307692306
0.4046153846153846
0.455
0.5884615384615385
0.6038461538461538
0.3926923076923077
0.3776923076923077
0.40884615384615386
0.5265384615384615
0.49807692307692303
0.43192307692307697
0.295
0.3153846153846154
0.3942307692307692
0.42653846153846153
0.6119230769230769
0.5965384615384616
0.5888461538461539
0.4930769230769231
0.545
0.5169230769230769
0.5634615384615385
0.5115384615384616
0.5438461538461539
0.4392307692307692
0.5288461538461539
0.536923076923077
0.5246153846153846
0.6219230769230768
0.6403846153846153
0.7980769230769231
0.84
0.7003846153846154
0.6315384615384616
0.5757692307692307
0.5365384615384615
0.5576923076923077
0.5584615384615385
0.43461538461538457
0.41346153846153844
0.4584615384615385
0.44884615384615384
0.58
0.5696153846153845
0.5530769230769231
0.6226923076923078
0.6361538461538461
0.6223076923076923
0.7946153846153846
0.6996153846153846
0.6530769230769231
0.6880769230769231
0.7603846153846153
0.8684615384615384
0.8796153846153847
1.0023076923076923
0.8596153846153846
0.8003846153846154
0.9161538461538462
1.04
1.0465384615384616
1.018076923076923
0.9603846153846154
1.198076923076923
1.1207692307692307
1.161923076923077
1.0703846153846153
1.0807692307692307
1.088076923076923
1.183846153846154
1.261153846153846
1.3396153846153847
1.161923076923077
1.1496153846153847
1.2092307692307693
1.1923076923076923
1.401923076923077
1.4946153846153847
1.4057692307692307
1.389230769230769
1.3038461538461539
1.4057692307692307
1.3492307692307692
1.4088461538461536
1.686923076923077
1.6315384615384616
1.5692307692307692
1.4134615384615385
1.381153846153846
1.488846153846154
1.5811538461538461
1.7484615384615385
1.4892307692307691
1.6565384615384615
1.9388461538461539
1.768076923076923
1.9453846153846153
1.7796153846153848
1.8215384615384616
2.0615384615384618
2.1453846153846152
1.9196153846153845
1.9011538461538462
2.0492307692307694
2.0
2.1976923076923076
2.465384615384615
2.0907692307692307
2.085769230769231
2.055769230769231
2.051923076923077
2.1169230769230767
2.0676923076923077
2.1696153846153847
2.275
2.2726923076923073
2.457307692307692
2.3465384615384615
2.360384615384615
2.5215384615384617
2.503076923076923
2.636923076923077
2.5476923076923077
2.6934615384615386
2.7430769230769227
2.663846153846154
2.7203846153846154
2.671923076923077
2.6092307692307695
2.8746153846153844
2.8196153846153846
2.5326923076923076
2.7126923076923077
2.8815384615384616
2.9323076923076923
2.68
2.979230769230769
2.9088461538461536
3.0992307692307692
2.9738461538461536
3.0673076923076925
2.871153846153846
2.686153846153846
3.008846153846154
2.8923076923076922
3.023076923076923
2.979230769230769
2.7534615384615386
2.675
2.651923076923077
2.7507692307692304
2.7515384615384613
2.791153846153846
2.855384615384615
2.802692307692308
2.6738461538461538
2.6111538461538464
2.558076923076923
2.813076923076923
2.7976923076923077
2.6957692307692307
2.979230769230769
2.6665384615384613
2.745
2.8473076923076923
2.83
2.785769230769231
2.7196153846153845
2.749615384615385
2.8576923076923078
2.7823076923076924
3.0603846153846157
2.985
2.9457692307692307
2.8742307692307696
3.0684615384615386
3.001153846153846
2.898846153846154
3.0007692307692304
3.3184615384615386
3.1496153846153847
3.1957692307692307
3.191153846153846
3.369230769230769
3.1557692307692307
3.055769230769231
3.098846153846154
3.145
3.248076923076923
3.208076923076923
2.9765384615384614
2.879230769230769
2.8334615384615387
2.86
3.0334615384615384
3.0930769230769233
2.9749999999999996
3.016923076923077
2.9226923076923077
2.81
3.031538461538461
3.0250000000000004
3.045769230769231
3.0319230769230767
3.2057692307692305
3.2484615384615387
3.011153846153846
2.840384615384615
2.978846153846154
3.023076923076923
2.947307692307692
2.730769230769231
2.745
2.6507692307692308
2.9234615384615386
2.8430769230769233
2.6896153846153847
2.7053846153846157
2.6523076923076925
2.736923076923077
2.8753846153846156
2.828076923076923
2.6876923076923074
2.5696153846153846
2.5715384615384616
2.7915384615384613
2.751153846153846
2.761923076923077
2.4892307692307694
2.266153846153846
2.264615384615385
2.355
2.356153846153846
2.1634615384615383
2.2453846153846153
2.2142307692307694
2.1696153846153843
2.055769230769231
2.1546153846153846
2.0753846153846154
1.9542307692307692
1.9715384615384615
1.9365384615384615
1.8507692307692307
1.981923076923077
2.0903846153846155
2.015769230769231
1.7730769230769232
1.7426923076923078
1.6253846153846152
1.5092307692307694
1.6099999999999999
1.6703846153846154
1.633076923076923
1.6557692307692307
1.706923076923077
1.5073076923076922
1.5050000000000001
1.5611538461538461
1.5192307692307692
1.5815384615384613
1.4846153846153847
1.4115384615384616
1.5261538461538462
1.3626923076923076
1.408076923076923
1.5303846153846155
1.3703846153846155
1.3323076923076924
1.3615384615384616
1.3661538461538463
1.2953846153846154
1.1853846153846155
1.183076923076923
1.0573076923076923
1.256153846153846
1.3903846153846153
1.3223076923076924
1.2146153846153847
1.3265384615384617
1.0542307692307693
0.9761538461538461
0.9465384615384616
0.8161538461538461
0.9369230769230769
0.9419230769230769
0.9780769230769231
0.9330769230769231
0.7896153846153846
0.7957692307692308
0.8311538461538461
0.8396153846153847
0.9688461538461539
0.8415384615384615
0.8746153846153846
0.7100000000000001
0.833076923076923
0.9192307692307692
0.8530769230769231
0.8676923076923077
0.9265384615384615
0.7438461538461538
0.6888461538461539
0.6019230769230769
0.5857692307692308
0.81
0.8099999999999999
0.7376923076923076
0.7884615384615384
0.625
0.5130769230769231
0.5292307692307692
0.5084615384615385
0.5392307692307692
0.446923076923077
0.5511538461538461
0.5788461538461539
0.37730769230769234
0.39807692307692305
0.5119230769230769
0.5203846153846153
0.5973076923076923
0.5076923076923077
0.5069230769230769
0.4519230769230769
0.4211538461538461
0.3303846153846154
0.32961538461538464
0.47923076923076924
0.5319230769230769
0.6488461538461539
0.5542307692307692
0.5019230769230769
0.4107692307692308
0.3930769230769231
0.4357692307692308
0.3930769230769231
0.33076923076923076
0.38846153846153847
0.37000000000000005
0.42192307692307696
0.3869230769230769
0.4296153846153846
0.4088461538461538
0.40846153846153843
0.46307692307692305
0.41884615384615387
0.4538461538461539
0.5315384615384615
0.5388461538461539
0.5084615384615385
0.5292307692307692
0.5096153846153846
0.4869230769230769
0.5353846153846153
0.5884615384615385
0.6476923076923077
0.47846153846153844
0.39076923076923076
0.4034615384615385
