pet
0.5134615384615384
0.4226923076923077
0.44576923076923075
0.37538461538461537
0.3923076923076923
0.3988461538461538
0.5426923076923077
0.5065384615384615
0.48500000000000004
0.44461538461538463
0.5480769230769231
0.5403846153846155
0.53
0.4465384615384615
0.5353846153846153
0.4869230769230769
0.41000000000000003
0.5334615384615384
0.6019230769230769
0.46961538461538466
0.3688461538461538
0.4338461538461539
0.455
0.39
0.49961538461538463
0.48384615384615387
0.5407692307692308
0.6042307692307692
0.5773076923076923
0.4896153846153846
0.6161538461538462
0.6638461538461539
0.655
0.5738461538461539
0.7323076923076923
0.7430769230769231
0.5719230769230769
0.5915384615384616
0.6057692307692307
0.5746153846153846
0.5688461538461538
0.6919230769230769
0.6892307692307693
0.5065384615384615
0.6146153846153847
0.7796153846153846
0.7153846153846154
0.8138461538461539
0.6873076923076924
0.8476923076923076
0.8684615384615384
0.9826923076923078
0.8823076923076923
0.913076923076923
0.8446153846153847
0.856153846153846
0.8123076923076924
0.8323076923076923
0.746923076923077
0.7930769230769231
0.8511538461538461
0.8126923076923076
0.7153846153846154
0.746923076923077
0.9926923076923077
1.1246153846153848
1.2161538461538461
1.2826923076923078
1.2865384615384616
1.2461538461538462
1.2550000000000001
1.0765384615384617
1.3792307692307693
1.5607692307692307
1.4565384615384613
1.4146153846153846
1.3384615384615384
1.2834615384615384
1.2834615384615384
1.393076923076923
1.313076923076923
1.4311538461538462
1.4357692307692307
1.4988461538461537
1.53
1.5592307692307692
1.7353846153846153
1.7465384615384616
1.8215384615384616
1.7503846153846152
1.791153846153846
1.8919230769230768
1.875
1.7623076923076924
1.8726923076923077
1.7665384615384616
1.6065384615384615
1.738846153846154
1.9642307692307692
1.8599999999999999
1.768076923076923
1.8223076923076924
1.9196153846153845
1.9946153846153847
2.046923076923077
1.9861538461538462
2.068846153846154
1.9957692307692307
2.011923076923077
2.213846153846154
2.537692307692308
2.5565384615384614
2.5515384615384615
2.6426923076923075
2.375769230769231
2.248076923076923
2.268846153846154
2.289615384615385
2.1273076923076926
2.3034615384615384
2.4276923076923076
2.468461538461539
2.541153846153846
2.4823076923076925
2.5403846153846152
2.7188461538461537
2.8934615384615388
2.858076923076923
2.93
3.116923076923077
2.9273076923076924
2.7515384615384617
2.7515384615384617
2.5676923076923077
2.8053846153846154
2.9123076923076923
2.8653846153846154
2.821923076923077
2.8426923076923076
2.8892307692307693
2.9061538461538463
2.87
2.941923076923077
2.9526923076923075
3.1226923076923074
3.1315384615384616
3.1134615384615385
3.013076923076923
3.051153846153846
3.101923076923077
3.0519230769230767
3.2046153846153844
3.0507692307692307
2.8934615384615388
2.7707692307692304
2.6926923076923077
2.6630769230769227
2.6046153846153848
2.7161538461538464
2.9346153846153844
2.8046153846153845
2.837307692307692
2.695
2.8499999999999996
2.914615384615385
2.8634615384615385
3.0761538461538462
3.1665384615384613
3.1092307692307695
3.0542307692307693
2.950384615384615
2.916153846153846
2.786923076923077
2.983461538461538
2.96
3.076923076923077
3.1903846153846156
3.075
3.050769230769231
3.119230769230769
3.096538461538462
3.2323076923076925
3.101153846153846
3.0484615384615386
2.9992307692307696
3.153461538461538
3.19
3.102307692307692
3.188846153846154
3.23
3.1226923076923074
3.0546153846153845
2.9903846153846154
2.9896153846153846
3.1576923076923076
3.1980769230769233
3.314230769230769
3.3019230769230767
3.4484615384615385
3.542307692307692
3.1792307692307693
3.1580769230769232
3.0919230769230768
3.263076923076923
3.258846153846154
3.4269230769230767
3.2434615384615384
3.209230769230769
3.1561538461538463
3.0311538461538463
2.8850000000000002
2.9596153846153848
3.0919230769230768
2.9292307692307693
3.001153846153846
2.9423076923076925
2.961153846153846
2.9680769230769233
2.888076923076923
3.065
2.9069230769230767
2.8638461538461537
3.0219230769230765
2.8134615384615387
2.8615384615384616
2.7584615384615385
2.566153846153846
2.506153846153846
2.588846153846154
2.590384615384615
2.474615384615385
2.4226923076923077
2.476923076923077
2.593461538461539
2.4553846153846153
2.3096153846153844
2.6165384615384615
2.352307692307692
2.1726923076923077
2.098076923076923
2.073846153846154
2.0307692307692307
1.9934615384615384
1.9703846153846152
2.2961538461538464
2.243076923076923
2.3026923076923076
2.2765384615384616
2.2253846153846153
2.0526923076923076
2.172307692307692
2.0257692307692308
2.2915384615384613
2.1373076923076924
1.923846153846154
1.838846153846154
1.7588461538461537
1.7923076923076924
1.7615384615384615
1.6242307692307691
1.7446153846153847
1.7296153846153846
1.8173076923076923
1.7269230769230768
1.6265384615384615
1.6442307692307692
1.5692307692307692
1.4853846153846153
1.4949999999999999
1.5638461538461539
1.5961538461538463
1.5750000000000002
1.6557692307692307
1.5261538461538462
1.386153846153846
1.3334615384615385
1.218076923076923
1.293076923076923
1.1400000000000001
1.1096153846153847
1.2857692307692308
1.2796153846153848
1.4326923076923077
1.0853846153846154
1.125
1.1792307692307693
1.041153846153846
1.05
1.0976923076923077
0.9115384615384615
0.9934615384615384
0.931923076923077
0.9873076923076923
1.0534615384615384
0.9073076923076923
1.0734615384615385
1.065
1.103076923076923
1.0
1.041153846153846
1.0676923076923077
0.9984615384615385
1.0046153846153847
0.9919230769230769
0.871923076923077
0.8396153846153845
0.7411538461538462
0.6961538461538461
0.7176923076923077
0.696923076923077
0.5930769230769231
0.6265384615384615
0.6453846153846154
0.7003846153846154
0.6946153846153845
0.6146153846153847
0.6438461538461537
0.5742307692307692
0.6642307692307692
0.541923076923077
0.5869230769230769
0.578076923076923
0.48615384615384616
0.48576923076923073
0.5042307692307693
0.44
0.37000000000000005
0.4984615384615385
0.49538461538461537
0.5161538461538462
0.5269230769230769
0.5542307692307692
0.4826923076923077
0.49961538461538463
0.45615384615384613
0.4815384615384615
0.34192307692307694
0.36615384615384616
0.4942307692307692
0.5769230769230769
0.4453846153846154
0.46653846153846157
0.3676923076923077
0.36846153846153845
0.34153846153846157
0.4876923076923077
0.3780769230769231
0.42807692307692313
0.4238461538461538
0.4115384615384616
0.3738461538461539
0.4003846153846154
0.3576923076923077
0.45038461538461544
0.5973076923076923
0.6257692307692307
0.731153846153846
0.64
0.5088461538461538
0.47423076923076923
0.446923076923077
0.32499999999999996
0.5038461538461538
0.6015384615384616
0.5484615384615384
