temperature
5.179615384615384
4.642307692307693
4.517307692307693
4.157692307692307
4.34
4.188461538461538
4.808461538461538
4.737307692307692
4.34
4.768846153846154
5.15076923076923
5.436538461538461
5.181538461538461
4.8926923076923075
5.023846153846154
4.658846153846154
4.363076923076923
4.608076923076923
4.593846153846154
3.867692307692308
3.825
4.213461538461538
3.9903846153846154
3.8534615384615383
4.390384615384615
4.344230769230769
4.634615384615385
4.8696153846153845
4.698846153846154
4.038846153846154
4.615384615384615
4.664230769230769
4.543461538461538
4.524230769230769
5.423076923076923
5.3476923076923075
4.571538461538461
4.502307692307692
4.342307692307693
4.233076923076923
4.138076923076923
4.733461538461539
5.128461538461538
4.253076923076923
4.862307692307692
5.563461538461539
5.258846153846154
5.702307692307692
5.17576923076923
5.705384615384616
5.770384615384615
6.341923076923076
5.8100000000000005
5.90076923076923
5.541538461538462
5.5200000000000005
5.426923076923076
5.243076923076923
4.781538461538462
4.867307692307692
5.1461538461538465
5.0649999999999995
4.782692307692307
4.9180769230769235
5.738461538461538
6.303846153846154
6.803076923076923
7.007692307692308
7.069615384615385
6.80076923076923
6.89
6.221923076923077
7.35
8.010769230769231
7.626923076923077
7.261153846153846
6.818076923076924
6.789230769230769
6.725769230769231
7.242692307692308
7.013846153846154
7.286153846153846
7.314615384615385
7.510384615384615
7.5588461538461535
7.697692307692308
8.234615384615385
8.253461538461538
8.456153846153846
8.208461538461538
8.235000000000001
8.506153846153847
8.462307692307693
8.09
8.390384615384615
8.044230769230769
7.481923076923077
7.853076923076923
8.703846153846154
8.35576923076923
7.981923076923077
8.181538461538462
8.423846153846153
8.658076923076923
8.812692307692307
8.70076923076923
9.021538461538462
8.771153846153847
8.892307692307693
9.563461538461539
10.619615384615384
10.688076923076922
10.698461538461537
10.985384615384616
10.151923076923076
9.767692307692307
9.85423076923077
9.96653846153846
9.510384615384616
10.024230769230769
10.24076923076923
10.291153846153845
10.585384615384614
10.447692307692307
10.683076923076923
11.11576923076923
11.723461538461539
11.76
11.961538461538462
12.545384615384616
12.059615384615386
11.639615384615384
11.741923076923078
11.331538461538461
12.01076923076923
12.24423076923077
12.226923076923075
12.275769230769232
12.373846153846156
12.51576923076923
12.682692307692308
12.625384615384615
12.840384615384616
12.943846153846154
13.425
13.48076923076923
13.403846153846153
13.187307692307693
13.454230769230769
13.655384615384616
13.577692307692306
14.772307692307692
14.599230769230768
14.236153846153845
13.939615384615385
13.806153846153846
13.79076923076923
13.670384615384616
14.055384615384614
14.742307692307692
14.418076923076923
14.501923076923077
14.24576923076923
14.753076923076922
14.955384615384617
14.85576923076923
15.509615384615385
15.779230769230768
15.649230769230769
15.487307692307693
15.280384615384616
15.140384615384615
14.922307692307694
15.57846153846154
15.57
15.883076923076922
16.232692307692307
15.92653846153846
15.946923076923078
16.153846153846153
16.124615384615385
16.529230769230768
16.213076923076922
16.096153846153847
16.009615384615383
16.451153846153847
16.604230769230767
16.418846153846154
16.693846153846156
16.84
16.56153846153846
16.435
16.286923076923078
16.346153846153847
16.803846153846152
16.954615384615384
17.331923076923076
17.376153846153848
17.822692307692307
18.11653846153846
17.189230769230768
17.19423076923077
17.051153846153845
17.579615384615384
17.583076923076923
18.05153846153846
17.624615384615385
17.57346153846154
17.477307692307694
17.220769230769232
16.879615384615384
17.10576923076923
17.606153846153845
17.25846153846154
17.48076923076923
17.37576923076923
17.435769230769232
17.517307692307693
17.343846153846155
17.848076923076924
17.39115384615385
17.358076923076922
17.881923076923076
17.322692307692307
17.50076923076923
17.242307692307694
16.72423076923077
16.561923076923076
16.868076923076924
16.840384615384615
16.521923076923077
16.423846153846153
16.627692307692307
16.98730769230769
16.63769230769231
16.15269230769231
17.04576923076923
16.323846153846155
15.819615384615386
15.64423076923077
15.570384615384615
15.37076923076923
15.29076923076923
15.038076923076924
16.019615384615385
15.882307692307693
16.031923076923075
15.957692307692307
15.772692307692308
15.203076923076923
15.621923076923078
15.154230769230768
15.97
15.444230769230769
14.841153846153846
14.618461538461538
14.277692307692307
14.50076923076923
14.236153846153845
13.903076923076924
14.350384615384616
14.335769230769232
14.571538461538463
14.174230769230768
13.922307692307694
13.841923076923077
13.538076923076924
13.365384615384615
13.436538461538463
13.588846153846154
13.583846153846155
13.559615384615386
13.983461538461539
13.207692307692307
12.503846153846155
12.408076923076923
11.768461538461539
12.368076923076924
11.751538461538463
11.72269230769231
12.347307692307691
12.318461538461538
12.678846153846154
11.51923076923077
11.682692307692308
11.678076923076922
11.171153846153846
11.284615384615384
11.373076923076923
10.499615384615385
10.694230769230769
10.538461538461538
10.597307692307691
10.774615384615384
10.446538461538463
10.850384615384616
10.686538461538463
10.903461538461539
10.638846153846155
10.392692307692307
10.285384615384617
10.04076923076923
10.038461538461538
10.136923076923077
9.49076923076923
9.279230769230768
8.951538461538462
8.463461538461539
8.499615384615385
8.632307692307693
8.373076923076923
8.033846153846154
8.07
8.532307692307693
8.463846153846154
7.918461538461538
7.977692307692307
7.352307692307692
7.802307692307692
7.322692307692307
7.41423076923077
7.310384615384615
6.779615384615385
6.648076923076923
6.549230769230769
6.403076923076923
5.832307692307692
6.520384615384615
6.3876923076923084
6.596153846153846
6.352307692307692
6.443461538461539
6.009230769230769
5.768846153846154
5.46
5.343846153846154
5.2153846153846155
5.236923076923077
5.6184615384615375
6.044615384615384
5.579615384615384
5.4034615384615385
5.148076923076923
5.19923076923077
4.803076923076923
5.481923076923077
5.095769230769231
5.331538461538462
5.148461538461539
4.821153846153846
4.695
4.771538461538461
4.246538461538462
4.734230769230769
5.55076923076923
5.783076923076923
6.586153846153847
6.395384615384615
5.388076923076923
5.151923076923077
4.711538461538462
4.093461538461538
4.774230769230769
5.3234615384615385
5.024615384615384
