pet
0.3539130434782609
0.3713043478260869
0.30130434782608695
0.2873913043478261
0.3743478260869565
0.41434782608695647
0.4895652173913043
0.3408695652173913
0.2839130434782609
0.4191304347826087
0.44086956521739135
0.42043478260869566
0.3634782608695652
0.35434782608695653
0.43782608695652175
0.3795652173913044
0.2917391304347826
0.388695652173913
0.4191304347826087
0.30521739130434783
0.33956521739130435
0.3756521739130435
0.3791304347826087
0.46478260869565224
0.45652173913043476
0.5282608695652175
0.5082608695652173
0.5260869565217391
0.3786956521739131
0.4191304347826087
0.5047826086956522
0.5482608695652174
0.4978260869565217
0.44782608695652176
0.5034782608695653
0.46304347826086956
0.4126086956521739
0.44782608695652176
0.4982608695652174
0.3773913043478261
0.3869565217391305
0.45695652173913043
0.5260869565217391
0.42565217391304344
0.5365217391304348
0.6513043478260869
0.6073913043478261
0.5839130434782609
0.5417391304347826
0.6743478260869565
0.5956521739130435
0.7495652173913043
0.6756521739130436
0.6747826086956522
0.6191304347826087
0.7382608695652174
0.6426086956521739
0.5991304347826086
0.5573913043478261
0.45869565217391306
0.5373913043478261
0.5156521739130434
0.48434782608695653
0.6078260869565217
0.7734782608695652
0.8147826086956522
0.8973913043478261
0.9439130434782609
0.9313043478260871
0.8952173913043479
0.7369565217391304
0.7660869565217392
0.9882608695652174
1.0808695652173912
1.0569565217391304
0.9978260869565218
1.0243478260869565
1.0917391304347825
0.9895652173913044
1.1147826086956523
1.102608695652174
1.113913043478261
1.1691304347826088
1.2347826086956522
1.2582608695652175
1.3304347826086957
1.2647826086956522
1.2560869565217392
1.3513043478260869
1.392173913043478
1.2778260869565217
1.453478260869565
1.482608695652174
1.382608695652174
1.4486956521739132
1.4247826086956523
1.1986956521739132
1.453478260869565
1.534782608695652
1.5047826086956522
1.5643478260869563
1.5356521739130435
1.6717391304347828
1.7578260869565216
1.7765217391304347
1.6795652173913045
1.7552173913043476
1.6760869565217391
1.8204347826086955
2.0182608695652173
2.1617391304347824
2.246521739130435
2.1656521739130437
2.1617391304347824
1.9839130434782606
1.7895652173913041
1.7234782608695653
1.7434782608695654
1.85
1.86
1.9700000000000002
2.0443478260869568
2.0682608695652176
2.219130434782609
2.152608695652174
2.1804347826086956
2.5599999999999996
2.428695652173913
2.513913043478261
2.6034782608695655
2.4391304347826086
2.4195652173913045
2.3443478260869566
2.2469565217391305
2.4830434782608695
2.3817391304347826
2.4166666666666665
2.2583333333333333
2.46625
2.345833333333333
2.5208333333333335
2.4562500000000003
2.4145833333333333
2.3808333333333334
2.627083333333333
2.6254166666666667
2.61875
2.5275
2.6458333333333335
2.5329166666666665
2.7533333333333334
2.8370833333333336
2.527083333333333
2.45375
2.1733333333333333
2.1133333333333333
2.2204166666666665
2.3645833333333335
2.3175
2.3937500000000003
2.4341666666666666
2.1991666666666667
2.1754166666666666
2.0545833333333334
2.203333333333333
2.2883333333333336
2.5145833333333334
2.5029166666666667
2.4583333333333335
2.2608333333333333
2.217916666666667
2.174166666666667
2.232083333333333
2.3141666666666665
2.2720833333333332
2.3720833333333333
2.5175
2.37
2.3783333333333334
2.450416666666667
2.3783333333333334
2.4529166666666664
2.504166666666667
2.41875
2.410416666666667
2.3608333333333333
2.32625
2.21625
2.2325
2.315
2.31375
2.285
2.0725000000000002
2.0554166666666664
2.095833333333333
2.2025
2.2883333333333336
2.3725
2.56375
2.48
2.2170833333333335
2.134583333333333
2.3658333333333332
2.3404166666666666
2.2516666666666665
2.32875
2.2475
2.1708333333333334
2.094583333333333
2.10125
2.1025
2.1983333333333333
2.3154166666666667
2.2383333333333333
2.2345833333333336
2.2329166666666667
2.1170833333333334
2.033333333333333
1.8416666666666668
1.9712500000000002
2.0841666666666665
1.8845833333333333
1.9916666666666665
2.0929166666666665
2.142916666666667
2.05
1.8150000000000002
1.85125
1.8533333333333333
1.8083333333333333
1.8166666666666667
1.7333333333333334
1.7254166666666666
1.7929166666666667
1.8083333333333333
1.6520833333333333
1.7483333333333333
1.5370833333333334
1.61625
1.5408333333333335
1.42
1.4041666666666668
1.42375
1.4066666666666665
1.5883333333333332
1.47875
1.61
1.6295833333333334
1.4041666666666668
1.43625
1.4704166666666667
1.3391666666666666
1.4845833333333334
1.4941666666666666
1.3466666666666667
1.2762499999999999
1.11875
1.1745833333333333
1.0808333333333333
1.0654166666666667
1.1133333333333333
1.1608333333333334
1.1541666666666666
1.2133333333333334
1.16875
1.0091666666666665
1.0333333333333334
1.01
1.0095833333333333
1.0062499999999999
1.1904166666666667
1.0262499999999999
1.0941666666666667
1.0147826086956522
1.0017391304347825
0.8586956521739131
0.8182608695652174
0.8334782608695653
0.811304347826087
0.9304347826086956
1.0047826086956522
0.8560869565217392
0.9330434782608696
0.8295652173913043
0.8469565217391305
0.8760869565217391
0.7982608695652174
0.7065217391304348
0.7708695652173914
0.732608695652174
0.7095652173913044
0.7234782608695652
0.7017391304347826
0.7017391304347826
0.6730434782608696
0.7465217391304348
0.7813043478260869
0.7165217391304348
0.751304347826087
0.8778260869565218
0.671304347826087
0.7104347826086956
0.7878260869565218
0.7386956521739131
0.6747826086956522
0.6156521739130435
0.5673913043478261
0.5860869565217391
0.5569565217391305
0.5460869565217391
0.5313043478260869
0.45173913043478264
0.4782608695652174
0.561304347826087
0.5630434782608695
0.5160869565217391
0.4991304347826087
0.5317391304347826
0.6069565217391305
0.44434782608695655
0.4904347826086957
0.4873913043478261
0.4073913043478261
0.3826086956521739
0.378695652173913
0.2995652173913043
0.3482608695652174
0.3734782608695652
0.31434782608695655
0.40608695652173915
0.3860869565217391
0.42260869565217396
0.43869565217391304
0.3952173913043478
0.3491304347826087
0.3556521739130435
0.2482608695652174
0.35130434782608694
0.43086956521739134
0.42347826086956525
0.4134782608695652
0.37478260869565216
0.3530434782608695
0.3804347826086957
0.3365217391304348
0.4121739130434783
0.31217391304347825
0.29347826086956524
0.33869565217391306
0.3243478260869565
0.28130434782608693
0.3065217391304348
0.3508695652173913
0.3743478260869565
0.47000000000000003
0.5182608695652174
0.6369565217391304
0.45130434782608697
0.37
0.3682608695652174
0.3660869565217391
0.33
0.43043478260869567
0.4860869565217391
0.5247826086956522
