pet
0.2976923076923077
0.31769230769230766
0.2753846153846154
0.2734615384615385
0.31384615384615383
0.4073076923076923
0.42615384615384616
0.2988461538461538
0.2957692307692308
0.38846153846153847
0.41423076923076924
0.3973076923076923
0.34923076923076923
0.3465384615384615
0.4184615384615385
0.33115384615384613
0.2969230769230769
0.36653846153846154
0.2976923076923077
0.2507692307692308
0.3273076923076923
0.38423076923076926
0.3630769230769231
0.4215384615384616
0.3861538461538462
0.47230769230769226
0.4107692307692308
0.42346153846153844
0.2753846153846154
0.35192307692307695
0.4834615384615385
0.46384615384615385
0.46384615384615385
0.45423076923076927
0.4407692307692308
0.3446153846153846
0.3396153846153846
0.3830769230769231
0.46192307692307694
0.3619230769230769
0.3515384615384616
0.4357692307692308
0.5211538461538462
0.43192307692307697
0.5484615384615384
0.6538461538461539
0.5592307692307692
0.5107692307692308
0.485
0.6638461538461539
0.5803846153846154
0.666923076923077
0.6253846153846153
0.6369230769230769
0.5184615384615385
0.663076923076923
0.5438461538461539
0.5576923076923077
0.4869230769230769
0.4869230769230769
0.51
0.4596153846153846
0.46307692307692305
0.5234615384615384
0.6842307692307692
0.7607692307692309
0.8111538461538461
0.8065384615384615
0.8099999999999999
0.821923076923077
0.7415384615384616
0.9265384615384615
1.0626923076923076
1.0942307692307691
1.0623076923076924
1.1088461538461538
0.9792307692307692
1.07
1.008846153846154
1.1073076923076923
1.0496153846153846
1.0596153846153846
1.1307692307692307
1.191923076923077
1.2153846153846155
1.2815384615384615
1.2253846153846153
1.3192307692307692
1.2753846153846153
1.4234615384615383
1.2353846153846153
1.426153846153846
1.3361538461538462
1.3684615384615384
1.4961538461538462
1.3873076923076924
1.2473076923076922
1.4807692307692308
1.566923076923077
1.4661538461538461
1.3992307692307693
1.4007692307692308
1.5226923076923078
1.6246153846153848
1.6265384615384615
1.5530769230769232
1.5415384615384615
1.5288461538461537
1.7346153846153847
1.9053846153846155
2.1296153846153847
2.146923076923077
2.106923076923077
2.106153846153846
1.9146153846153846
1.6596153846153845
1.7276923076923079
1.7996153846153846
1.8353846153846154
1.781923076923077
1.9246153846153846
2.1276923076923078
2.145
2.35
2.164230769230769
2.220769230769231
2.4034615384615385
2.3015384615384615
2.394230769230769
2.4526923076923075
2.32
2.308461538461539
2.286153846153846
2.3607692307692307
2.5576923076923075
2.4353846153846153
2.493076923076923
2.3030769230769232
2.6353846153846154
2.4323076923076923
2.4215384615384616
2.3634615384615385
2.37
2.431153846153846
2.5553846153846154
2.566923076923077
2.4857692307692307
2.503846153846154
2.589230769230769
2.564230769230769
2.8546153846153848
2.765
2.573846153846154
2.3865384615384615
2.2173076923076924
2.2115384615384617
2.333076923076923
2.4323076923076923
2.3465384615384615
2.3880769230769228
2.477307692307692
2.086923076923077
2.1
2.0315384615384615
2.043076923076923
2.1823076923076923
2.3449999999999998
2.460769230769231
2.3723076923076922
2.165
2.365
2.1357692307692306
2.238076923076923
2.325
2.1353846153846154
2.2361538461538464
2.3665384615384615
2.271923076923077
2.323846153846154
2.3223076923076924
2.2315384615384617
2.371153846153846
2.3584615384615386
2.4023076923076925
2.3096153846153844
2.2576923076923077
2.2476923076923074
2.195
2.251153846153846
2.3657692307692306
2.3596153846153847
2.289230769230769
2.0742307692307693
2.098076923076923
2.1734615384615386
2.2303846153846156
2.3392307692307694
2.310769230769231
2.495769230769231
2.4461538461538463
2.313076923076923
2.198076923076923
2.5065384615384616
2.4092307692307693
2.3334615384615387
2.3430769230769233
2.2746153846153847
2.225
2.088461538461538
2.0476923076923077
2.029230769230769
2.141923076923077
2.212307692307692
2.167692307692308
2.1957692307692307
2.087307692307692
2.115
2.043461538461538
1.8457692307692308
2.0753846153846154
2.0711538461538463
1.9826923076923075
1.8553846153846154
1.9684615384615385
2.1157692307692306
2.0034615384615386
1.7823076923076924
1.8280769230769232
1.7946153846153845
1.6746153846153846
1.7415384615384615
1.7492307692307691
1.6561538461538463
1.6873076923076922
1.6884615384615385
1.6
1.676923076923077
1.4584615384615385
1.5165384615384616
1.4603846153846154
1.331923076923077
1.3923076923076925
1.514230769230769
1.4684615384615385
1.665
1.57
1.6565384615384615
1.7111538461538462
1.426923076923077
1.4742307692307692
1.5473076923076923
1.330769230769231
1.4646153846153847
1.4769230769230768
1.2784615384615385
1.291923076923077
1.106153846153846
1.121923076923077
1.0799999999999998
1.028076923076923
1.1442307692307692
1.1457692307692307
1.2726923076923078
1.3165384615384614
1.1830769230769231
0.9942307692307693
1.0861538461538462
1.0707692307692307
1.0565384615384614
0.97
1.1742307692307692
1.0723076923076922
1.106923076923077
0.9626923076923077
0.9088461538461539
0.8342307692307693
0.7888461538461538
0.825
0.7915384615384616
0.9453846153846153
0.9138461538461538
0.8573076923076923
0.8130769230769231
0.7365384615384615
0.7761538461538462
0.8407692307692307
0.8503846153846154
0.675
0.7273076923076923
0.6842307692307692
0.6646153846153846
0.6676923076923077
0.6330769230769231
0.7292307692307692
0.6211538461538461
0.6857692307692307
0.7576923076923077
0.6211538461538461
0.7084615384615385
0.8107692307692308
0.6115384615384615
0.5892307692307692
0.6907692307692308
0.6915384615384615
0.6042307692307692
0.5280769230769231
0.5319230769230769
0.5215384615384615
0.46499999999999997
0.46076923076923076
0.47923076923076924
0.3923076923076923
0.35461538461538467
0.4553846153846154
0.4180769230769231
0.37153846153846154
0.3261538461538462
0.45423076923076927
0.5826923076923076
0.41730769230769227
0.41115384615384615
0.42500000000000004
0.3553846153846154
0.33384615384615385
0.3242307692307692
0.17384615384615387
0.3080769230769231
0.31115384615384617
0.2623076923076923
0.38384615384615384
0.3438461538461538
0.30653846153846154
0.32384615384615384
0.34923076923076923
0.28192307692307694
0.3261538461538462
0.19153846153846155
0.2784615384615385
0.35769230769230764
0.3688461538461538
0.3538461538461538
0.34500000000000003
0.43038461538461537
0.41000000000000003
0.24884615384615383
0.295
0.29615384615384616
0.2980769230769231
0.30846153846153845
0.3630769230769231
0.30653846153846154
0.2857692307692308
0.31769230769230766
0.2830769230769231
0.3676923076923077
0.3761538461538461
0.5076923076923077
0.37730769230769234
0.2846153846153846
0.2773076923076923
0.2703846153846154
0.25038461538461537
0.3526923076923077
0.40538461538461534
0.4523076923076923
