temperature
3.474615384615385
3.6107692307692307
3.242692307692308
3.2673076923076922
4.082692307692308
3.458076923076923
3.4719230769230767
4.166923076923077
4.3792307692307695
4.243076923076924
3.563846153846154
3.4223076923076925
3.4326923076923075
3.891153846153846
4.220384615384615
3.710384615384615
2.6923076923076925
3.1553846153846155
3.1946153846153846
3.5330769230769232
4.4338461538461535
4.053846153846154
4.107692307692307
3.6546153846153846
3.6184615384615384
3.1865384615384618
3.17
3.363076923076923
3.664615384615385
3.063846153846154
3.2211538461538463
3.089230769230769
3.319230769230769
3.7453846153846153
3.7830769230769232
4.471153846153846
4.5746153846153845
4.051923076923077
3.4784615384615383
3.3257692307692306
3.128076923076923
3.366153846153846
3.013076923076923
2.647692307692308
2.289615384615385
2.5442307692307695
2.540769230769231
3.171923076923077
3.1757692307692307
2.6826923076923075
3.0534615384615384
3.3307692307692305
3.503846153846154
4.060769230769231
4.076153846153846
3.6134615384615385
3.776153846153846
4.319230769230769
4.196153846153846
4.48
4.839615384615384
4.522692307692308
4.406538461538461
5.143076923076923
5.2192307692307685
5.7373076923076916
5.895769230769231
5.618846153846154
6.298846153846155
5.89
5.875769230769231
5.521923076923077
5.417307692307692
5.403076923076923
5.6049999999999995
5.987692307692308
6.343076923076922
5.566923076923077
5.918846153846153
5.943846153846153
5.593461538461539
6.5880769230769225
6.5819230769230765
6.676153846153847
6.345
5.950384615384616
5.72423076923077
6.013461538461538
6.1753846153846155
7.585
7.417692307692308
6.971923076923077
6.256153846153846
5.695384615384616
6.614615384615385
7.1534615384615385
6.927692307692308
6.309230769230769
7.000769230769231
7.773076923076923
7.851923076923077
7.70423076923077
7.325384615384616
7.438076923076924
8.051923076923076
8.393076923076922
7.807307692307693
7.99
8.838846153846154
8.313076923076922
8.948461538461538
9.450384615384616
8.610000000000001
8.254999999999999
8.438846153846153
8.492692307692307
8.194615384615386
8.810384615384615
8.941153846153846
9.412692307692307
9.023846153846154
9.322692307692307
9.223461538461539
9.109615384615385
9.692692307692308
9.978076923076923
10.526923076923076
10.629615384615384
10.432692307692308
10.353461538461538
10.101153846153846
10.935
10.774230769230769
10.82
11.472307692307691
11.272692307692306
10.887307692307692
11.166538461538462
11.488846153846152
12.264615384615384
11.540384615384616
11.913846153846153
12.146153846153847
12.404230769230768
11.961923076923076
12.452692307692306
11.900384615384617
11.773846153846154
12.520384615384614
12.426153846153845
12.981538461538461
13.30153846153846
12.99653846153846
13.036538461538461
13.12923076923077
13.402692307692307
13.664230769230768
13.65576923076923
13.688461538461537
13.572692307692307
13.375
13.526538461538461
13.61923076923077
13.861153846153845
13.568076923076925
13.410769230769231
13.958076923076923
13.915384615384616
14.24076923076923
14.491153846153846
14.26
14.19923076923077
14.196923076923078
14.188076923076922
14.463846153846154
15.02730769230769
15.038076923076924
15.126923076923077
15.190384615384614
14.851153846153846
15.446153846153846
15.569230769230769
15.526923076923076
15.276923076923076
16.196153846153848
16.29769230769231
16.429615384615385
16.37076923076923
17.068846153846152
16.11653846153846
16.603846153846153
16.793846153846154
16.16923076923077
16.77653846153846
17.267692307692307
16.530384615384616
15.899230769230769
16.257692307692306
16.063076923076924
16.81153846153846
16.595384615384617
16.501538461538463
16.390384615384615
16.615384615384617
16.207692307692305
16.530384615384616
16.735384615384614
17.557692307692307
17.42
17.803461538461537
17.955
17.467307692307692
16.721923076923076
17.165
17.33923076923077
17.079615384615384
16.698076923076922
16.946923076923078
16.746153846153845
16.83346153846154
16.845384615384617
16.693076923076923
16.76923076923077
16.756153846153847
17.095769230769232
17.770384615384614
17.665
16.840384615384615
16.321153846153848
16.895384615384614
17.038076923076922
16.953461538461536
17.162307692307692
16.026923076923076
15.74423076923077
15.659230769230769
15.939615384615385
15.315
15.336153846153847
15.864615384615385
16.035384615384615
15.439615384615385
15.44076923076923
15.23076923076923
15.349230769230768
14.963076923076922
14.901538461538461
14.583076923076923
14.122692307692308
14.868846153846153
15.017307692307693
15.113461538461538
14.413076923076924
14.07
13.977307692307694
13.378076923076922
13.601153846153846
13.39576923076923
14.251153846153848
13.883461538461539
13.800384615384615
13.261923076923077
13.825769230769232
13.739615384615385
13.286923076923076
13.616923076923078
12.723846153846154
12.698846153846155
12.953076923076924
12.637307692307692
12.965769230769231
13.287692307692309
12.74076923076923
12.318076923076923
12.228461538461538
12.011923076923077
11.991923076923078
12.09153846153846
12.113846153846152
11.290384615384616
11.885
11.976153846153846
11.590769230769231
11.425384615384615
11.565
10.677692307692308
10.151153846153846
10.23653846153846
9.651153846153846
10.085769230769232
10.224230769230768
9.978846153846153
9.231153846153846
9.172307692307692
9.371153846153847
9.670769230769231
10.003461538461538
9.627692307692307
9.446923076923078
9.257307692307693
9.004999999999999
8.660384615384615
9.33423076923077
9.068846153846154
8.681153846153846
8.772692307692308
8.136153846153846
7.819615384615385
7.285769230769231
7.211538461538462
8.279615384615385
7.996538461538462
7.813846153846153
8.12076923076923
7.175000000000001
6.519615384615384
6.3549999999999995
6.212692307692308
6.32923076923077
5.923461538461538
6.232692307692308
6.515384615384615
5.686538461538461
5.110384615384616
5.466153846153846
5.74
6.033076923076924
5.78923076923077
6.068461538461539
5.399230769230769
4.941923076923077
4.227692307692307
4.02
4.9484615384615385
5.284230769230769
5.915
5.826538461538462
5.937307692307693
5.243846153846154
4.4715384615384615
4.713461538461538
4.500384615384616
4.078461538461538
4.163846153846154
4.118076923076923
4.3999999999999995
4.452692307692308
4.286538461538462
4.702692307692308
4.441923076923077
4.586923076923077
4.542307692307692
4.82923076923077
4.981538461538461
5.225769230769231
4.756923076923077
4.635384615384615
4.639615384615384
4.345
4.961923076923076
4.713846153846154
4.703846153846154
4.124615384615384
3.338461538461538
3.2826923076923076
