temperature
4.4261904761904765
4.386190476190476
4.112380952380953
5.318095238095237
5.567142857142857
4.145238095238095
3.644285714285714
3.788095238095238
4.12952380952381
3.948571428571429
3.661904761904762
3.5838095238095233
3.639047619047619
3.8828571428571426
3.993333333333333
3.7014285714285715
3.389047619047619
4.068095238095238
4.037142857142857
4.247142857142857
4.258571428571429
3.850952380952381
4.265714285714286
3.9957142857142856
3.7161904761904765
3.374285714285714
3.711904761904762
4.137142857142857
4.42047619047619
4.01047619047619
4.27952380952381
3.785238095238095
4.248095238095239
4.9904761904761905
5.298095238095239
5.623333333333333
5.020952380952381
4.208571428571428
3.7628571428571425
3.8566666666666665
3.8899999999999997
4.373333333333333
3.846190476190477
3.0242857142857145
3.0023809523809524
3.4757142857142855
3.263333333333333
3.816666666666667
3.86047619047619
3.8976190476190475
3.5485714285714285
3.651904761904762
4.219047619047619
4.191904761904762
3.8366666666666664
4.178571428571429
4.976190476190476
5.198571428571428
4.795714285714285
4.578571428571429
4.679047619047619
4.905714285714286
4.857619047619048
5.709523809523809
6.599523809523809
6.4852380952380955
5.835714285714285
5.66047619047619
6.598571428571428
5.982857142857143
6.069047619047619
6.324285714285715
6.63904761904762
6.489999999999999
6.4090476190476195
6.699523809523809
6.3342857142857145
5.408571428571428
5.936190476190476
6.113333333333333
6.726190476190476
7.223333333333334
6.660952380952381
6.286666666666667
6.182857142857143
6.345714285714285
6.561428571428571
6.634285714285714
6.900476190476191
7.772380952380952
7.201428571428571
6.829047619047619
6.395238095238096
6.503809523809523
6.713809523809524
6.983809523809524
6.796666666666666
6.844285714285713
7.795714285714286
7.301428571428572
6.9176190476190484
6.953333333333334
6.293809523809523
6.647619047619047
7.309523809523809
7.469047619047619
7.046666666666666
7.546190476190477
7.7109523809523814
7.468571428571429
9.017142857142858
9.54047619047619
8.792380952380952
9.063333333333333
9.196666666666667
9.375238095238094
9.634285714285713
9.692857142857143
9.65904761904762
10.092380952380953
9.789047619047619
10.323809523809524
10.032857142857143
9.705714285714285
10.20142857142857
9.891904761904762
10.059999999999999
10.497619047619047
9.907142857142858
10.768571428571429
10.649523809523808
10.755238095238095
10.993333333333334
11.363809523809524
11.896666666666667
11.870000000000001
10.915000000000001
10.915000000000001
11.432500000000001
11.733
11.5955
11.9755
12.788
12.7
12.431000000000001
12.4845
11.85
11.4155
12.178999999999998
12.2605
12.9405
13.373
12.800999999999998
12.51
12.3475
13.207999999999998
12.805000000000001
13.232
13.273
13.4655
13.1675
13.124
12.986500000000001
13.463
13.300999999999998
14.154499999999999
14.755
14.64
14.59
14.897499999999999
15.4125
14.285
14.285
14.016499999999999
14.553
15.377
15.8085
15.128499999999999
15.754499999999998
15.384
15.655000000000001
15.3285
15.010499999999999
15.631499999999999
16.196
16.1875
16.187
16.1405
16.53
16.3345
16.467
16.5355
16.3615
16.773
16.5025
16.286
15.972
15.772499999999999
16.323
16.7425
16.9775
16.577
16.883
16.93
16.554499999999997
17.053
16.625999999999998
16.999000000000002
17.045499999999997
17.247
17.46
16.852
17.038
16.944499999999998
16.2585
16.0825
16.4315
16.5285
16.3605
16.813499999999998
16.894
16.7525
16.523500000000002
16.151
16.0975
16.243000000000002
16.2525
16.269
16.09
15.986
17.041999999999998
16.9265
16.787
16.309
15.541
15.493
16.047
15.155000000000001
14.593
14.950999999999999
14.972
15.035499999999999
14.95
15.094
14.9905
14.4605
14.131
13.813999999999998
13.732499999999998
14.324000000000002
14.086000000000002
13.838
13.8435
14.212
13.578999999999999
13.073500000000001
12.891
13.1875
13.208000000000002
13.733
14.124500000000001
13.0605
13.016
12.9305
12.910499999999999
13.000499999999999
12.591
12.36
12.749500000000001
12.8145
13.009
12.820500000000001
12.717
12.102500000000001
11.709999999999999
11.667
11.477
11.3905
11.225
10.9225
11.35
11.737
11.323
10.8555
11.237
10.895
10.6735
10.5885
10.1365
9.837
9.8265
10.049
9.871500000000001
9.128
9.0815
9.414
9.1575
10.016499999999999
9.323
9.2065
8.3495
9.0205
8.843
8.617999999999999
8.3505
8.157
7.891
7.849500000000001
7.17
7.6955
8.7955
8.584999999999999
8.1175
7.9845
7.9094999999999995
7.229000000000001
6.2955
5.7825
6.204
6.0600000000000005
6.279999999999999
6.357
5.6285
4.9125
4.761
4.4235
5.3885
6.4565
6.4030000000000005
5.8665
5.3875
5.4625
5.7805
6.282500000000001
6.1715
6.4235
5.8415
5.5695
4.7805
4.49
5.0075
4.8395
4.3454999999999995
4.1875
4.54
4.997999999999999
4.656000000000001
4.368
4.747
5.2535
5.2475000000000005
4.8305
5.029999999999999
5.042
5.221
4.66
4.750500000000001
5.4025
4.4945
4.4925
4.183000000000001
4.1659999999999995
3.566
3.7024999999999997
3.934
