temperature
4.583333333333333
4.311428571428571
3.7723809523809524
3.8504761904761904
4.006190476190476
4.176666666666667
4.95
4.577619047619048
4.523809523809524
5.393809523809524
5.498095238095238
5.483333333333333
5.015714285714286
4.895238095238095
5.486666666666666
5.103809523809524
4.514285714285714
4.908571428571428
5.214285714285714
4.482857142857143
4.214761904761905
4.3185714285714285
4.349523809523809
4.647142857142858
5.179047619047619
5.349047619047619
5.411428571428571
5.322857142857143
4.49
3.9657142857142857
4.753333333333334
5.182380952380952
4.817142857142857
4.734285714285714
5.164285714285715
4.795714285714286
4.092380952380952
4.622857142857143
4.715714285714286
4.020476190476191
3.8519047619047617
4.307142857142857
5.096666666666667
4.519047619047619
4.851428571428571
5.566666666666667
5.335238095238095
5.435238095238096
5.18
5.538095238095238
5.6276190476190475
6.29
5.803333333333334
5.986190476190477
5.6866666666666665
5.948095238095239
5.36047619047619
4.976666666666667
4.462380952380952
4.52952380952381
4.821428571428571
4.769047619047619
4.8028571428571425
5.091428571428572
5.595238095238095
5.953333333333333
6.435714285714286
7.1780952380952385
6.699999999999999
6.62047619047619
6.270476190476191
5.757727272727273
6.915454545454545
7.661363636363637
7.323181818181819
7.034545454545454
6.480909090909091
7.196818181818181
6.658181818181817
7.042727272727273
6.833636363636364
7.061818181818182
7.54
7.507727272727274
7.735454545454545
7.3486363636363645
7.579545454545454
8.070454545454545
8.43409090909091
8.548636363636364
8.009545454545455
8.309545454545455
8.701363636363636
8.139090909090909
8.656363636363636
8.446363636363635
7.315454545454545
8.317727272727273
8.439545454545454
8.43090909090909
8.715
8.604090909090909
9.278636363636364
9.528636363636364
9.495454545454546
9.269545454545455
9.588181818181818
9.135
8.956818181818182
9.905909090909091
10.61909090909091
10.94681818181818
10.926363636363636
10.971363636363636
10.371818181818183
9.736818181818181
9.771818181818182
9.712272727272726
9.543636363636365
9.997272727272728
10.317272727272726
10.247727272727273
10.500454545454545
10.927727272727273
11.085
10.707272727272727
11.64409090909091
11.397272727272728
11.69681818181818
12.287727272727272
11.438181818181818
11.45590909090909
11.49
11.020909090909091
11.874545454545455
11.95590909090909
12.040454545454544
12.202272727272726
12.585
12.219545454545454
13.068636363636363
12.798636363636364
12.99409090909091
12.97909090909091
13.5
13.591363636363637
13.750454545454545
13.381363636363636
13.513181818181819
13.62
14.219545454545454
15.184545454545455
14.55909090909091
13.932272727272727
13.806818181818182
13.784090909090908
13.757272727272726
14.41590909090909
14.357727272727272
14.655454545454546
14.984090909090908
14.515454545454544
14.323636363636364
14.31090909090909
14.461818181818183
14.745454545454544
15.991818181818182
15.657272727272726
15.410909090909092
14.811363636363636
14.806363636363637
14.862727272727273
15.118636363636364
15.613636363636363
15.45590909090909
15.760454545454547
16.478181818181817
15.818636363636363
15.80909090909091
16.202727272727273
16.173181818181817
16.436818181818182
16.416363636363638
16.27227272727273
16.22681818181818
16.415
16.27318181818182
16.134999999999998
16.01772727272727
16.168636363636363
16.338636363636365
16.325909090909093
16.112272727272728
15.55318181818182
16.385454545454547
16.644545454545455
16.92818181818182
17.049545454545452
18.097727272727273
17.65590909090909
16.829545454545453
16.382272727272724
17.12818181818182
17.532272727272726
16.959545454545456
17.778181818181817
17.27318181818182
17.120454545454546
16.785
16.806818181818183
16.53090909090909
16.450454545454544
17.044545454545457
17.07181818181818
17.44363636363636
16.977272727272727
16.74681818181818
16.632727272727273
16.185454545454544
16.808636363636364
16.94909090909091
16.224090909090908
17.170454545454547
16.89636363636364
17.010454545454547
17.118636363636366
16.279545454545453
16.552272727272726
16.575
16.61
16.371363636363636
16.49772727272727
16.63181818181818
16.859545454545454
16.434545454545454
15.673636363636364
16.001818181818184
15.290454545454544
15.484090909090908
15.365454545454547
14.949545454545454
15.0
14.363636363636363
14.380454545454546
15.60590909090909
15.07318181818182
15.68409090909091
15.432727272727272
14.706363636363637
14.819090909090908
14.805454545454547
14.87590909090909
15.123636363636363
14.988181818181818
14.561363636363637
14.403636363636364
13.870454545454544
14.023636363636363
13.442727272727273
13.290454545454544
13.514545454545454
13.730454545454545
13.560909090909092
14.033181818181818
13.337272727272728
12.90318181818182
12.484545454545453
13.131818181818181
12.638181818181819
12.77090909090909
13.315454545454545
13.010909090909092
13.283636363636363
12.53095238095238
12.242857142857144
11.953333333333333
11.690000000000001
12.452857142857143
11.56047619047619
11.857619047619048
12.38190476190476
11.642380952380952
12.294285714285715
11.662380952380952
11.845238095238095
11.416190476190476
10.868571428571428
10.75095238095238
10.708571428571428
10.231904761904762
10.513333333333334
10.215714285714286
10.196190476190477
10.529047619047619
10.060952380952381
10.25
10.357619047619048
10.384285714285713
10.119047619047619
10.319047619047618
9.84047619047619
9.345238095238095
10.243333333333334
9.875714285714285
9.264761904761905
9.236666666666666
8.597619047619048
8.401904761904762
8.481904761904762
8.394285714285715
7.812380952380953
7.584761904761905
7.754761904761905
8.72904761904762
8.393333333333333
8.084285714285715
7.96
7.7490476190476185
8.558571428571428
7.565714285714286
7.586190476190477
7.267142857142858
6.720000000000001
6.808571428571428
6.38
5.645714285714286
5.847619047619047
6.35
5.857142857142857
6.259523809523809
5.879047619047619
5.71
5.3776190476190475
5.275714285714285
5.212857142857143
5.231428571428571
5.337142857142857
5.5738095238095235
5.924285714285714
5.479047619047619
5.36
5.216666666666667
5.319047619047619
4.955238095238095
4.138571428571429
4.7890476190476186
4.5200000000000005
4.943333333333333
5.462857142857143
4.713333333333334
4.338095238095238
4.201904761904761
4.406666666666666
4.674761904761905
5.4261904761904765
5.657619047619048
6.230952380952381
5.634285714285714
4.994761904761905
4.949047619047619
4.7995238095238095
4.337142857142857
4.97047619047619
5.208571428571428
5.517142857142857
