pet
0.5342307692307693
0.43538461538461537
0.4288461538461539
0.3923076923076923
0.38346153846153846
0.39192307692307693
0.551923076923077
0.5230769230769231
0.49769230769230766
0.43961538461538463
0.5346153846153846
0.5392307692307692
0.5130769230769231
0.44
0.5030769230769231
0.44307692307692303
0.38923076923076927
0.5134615384615384
0.6246153846153847
0.5146153846153847
0.3107692307692308
0.4276923076923077
0.4592307692307692
0.4242307692307692
0.47807692307692307
0.4869230769230769
0.5496153846153846
0.6169230769230769
0.5842307692307692
0.4788461538461538
0.6203846153846153
0.6642307692307692
0.6538461538461539
0.62
0.768076923076923
0.8088461538461539
0.6323076923076923
0.583076923076923
0.6388461538461538
0.6403846153846153
0.5803846153846154
0.7173076923076922
0.6480769230769231
0.5434615384615384
0.6184615384615384
0.8207692307692308
0.713076923076923
0.7915384615384615
0.6950000000000001
0.8376923076923077
0.9076923076923078
0.9730769230769231
0.9107692307692308
0.9342307692307692
0.9038461538461539
0.8857692307692309
0.845
0.8365384615384616
0.8015384615384615
0.7957692307692308
0.8773076923076923
0.825
0.7415384615384616
0.8638461538461539
0.9576923076923076
1.135
1.1888461538461539
1.2730769230769232
1.2303846153846154
1.2296153846153846
1.2726923076923078
1.0423076923076924
1.3907692307692305
1.5146153846153845
1.5138461538461538
1.4130769230769231
1.3476923076923077
1.2638461538461538
1.1976923076923076
1.2784615384615385
1.1961538461538461
1.3465384615384615
1.3565384615384617
1.441923076923077
1.3915384615384616
1.435
1.5803846153846153
1.691153846153846
1.8634615384615385
1.7623076923076924
1.72
1.8715384615384614
1.8269230769230769
1.7615384615384615
1.8865384615384615
1.7146153846153847
1.5684615384615386
1.6388461538461538
1.8315384615384613
1.7753846153846153
1.6484615384615384
1.7426923076923078
1.8934615384615383
1.9776923076923079
1.9280769230769232
1.8588461538461538
1.9500000000000002
1.9273076923076924
1.9373076923076922
2.0311538461538463
2.330769230769231
2.496153846153846
2.4719230769230767
2.6223076923076927
2.376153846153846
2.0930769230769233
2.2165384615384616
2.2853846153846153
2.0684615384615386
2.2257692307692305
2.4292307692307693
2.4738461538461536
2.478846153846154
2.3661538461538463
2.5573076923076923
2.700384615384615
2.83
2.8896153846153845
3.0746153846153845
3.036153846153846
2.8296153846153844
2.6696153846153843
2.733846153846154
2.5234615384615386
2.6769230769230767
2.958846153846154
2.8534615384615383
2.8715384615384614
2.995769230769231
2.9846153846153842
2.894230769230769
2.9084615384615384
3.0
2.9930769230769227
3.063076923076923
3.0988461538461536
3.0834615384615387
2.9892307692307694
2.955
2.9646153846153847
2.9407692307692312
3.1453846153846152
3.084230769230769
2.8165384615384617
2.729230769230769
2.69
2.7199999999999998
2.743846153846154
2.748846153846154
2.9903846153846154
2.8080769230769227
2.8653846153846154
2.848076923076923
2.9792307692307696
3.0126923076923076
3.026923076923077
3.1769230769230767
3.3165384615384617
3.197307692307692
3.126923076923077
3.1142307692307694
3.0403846153846152
2.930769230769231
3.14
3.1561538461538463
3.0323076923076924
3.1365384615384615
3.1953846153846155
3.042307692307692
3.171923076923077
3.040769230769231
3.2265384615384614
3.289230769230769
3.1196153846153845
3.3726923076923074
3.4403846153846156
3.2553846153846155
3.141153846153846
3.2626923076923076
3.228846153846154
3.3442307692307693
3.1453846153846152
3.090384615384615
3.0803846153846157
3.1623076923076923
3.270769230769231
3.4811538461538465
3.421923076923077
3.6134615384615385
3.7296153846153848
3.480769230769231
3.2576923076923077
3.235
3.5126923076923076
3.5734615384615385
3.538846153846154
3.461153846153846
3.378076923076923
3.348076923076923
3.3046153846153845
3.1599999999999997
3.168461538461538
3.3196153846153846
3.205
3.207307692307692
3.0969230769230767
3.191153846153846
3.415769230769231
3.2188461538461537
3.3803846153846155
3.0923076923076924
3.082307692307692
3.394615384615385
2.998846153846154
3.1588461538461536
3.0465384615384616
2.8996153846153847
2.7326923076923078
2.953461538461539
2.9484615384615385
2.8515384615384614
2.7638461538461536
2.813846153846154
2.851923076923077
2.7253846153846153
2.542307692307692
2.821153846153846
2.575
2.422307692307692
2.391153846153846
2.3776923076923078
2.165769230769231
2.151153846153846
2.1969230769230768
2.4742307692307692
2.368076923076923
2.413846153846154
2.4842307692307695
2.3076923076923075
2.2446153846153845
2.2773076923076925
2.2184615384615385
2.3934615384615383
2.3830769230769233
2.0984615384615384
2.021153846153846
1.941923076923077
1.9642307692307692
1.9353846153846155
1.691923076923077
1.9523076923076923
1.9223076923076923
1.9492307692307693
1.8603846153846153
1.838076923076923
1.7811538461538463
1.628076923076923
1.6342307692307694
1.5657692307692308
1.6896153846153845
1.713076923076923
1.6507692307692308
1.7207692307692308
1.6515384615384614
1.4849999999999999
1.4253846153846155
1.331923076923077
1.3784615384615386
1.1453846153846154
1.1584615384615384
1.3207692307692307
1.3726923076923077
1.4334615384615383
1.205769230769231
1.1819230769230769
1.2576923076923079
1.1326923076923077
1.1092307692307692
1.1023076923076922
0.9196153846153846
1.0192307692307692
1.0196153846153846
1.0223076923076921
1.1173076923076923
0.9638461538461539
1.1015384615384616
1.1373076923076924
1.1538461538461537
0.9784615384615385
1.0146153846153845
1.0403846153846155
0.9519230769230769
0.9919230769230769
0.9184615384615384
0.8492307692307691
0.8469230769230769
0.7665384615384615
0.6719230769230768
0.6861538461538461
0.6626923076923077
0.6138461538461539
0.6276923076923077
0.6007692307692307
0.6742307692307693
0.6415384615384615
0.5880769230769232
0.5684615384615385
0.5515384615384615
0.6407692307692308
0.5261538461538462
0.5076923076923077
0.5196153846153846
0.41000000000000003
0.4019230769230769
0.47576923076923083
0.4219230769230769
0.36153846153846153
0.43038461538461537
0.41000000000000003
0.45769230769230773
0.49807692307692303
0.5142307692307692
0.45769230769230773
0.46807692307692306
0.41000000000000003
0.4603846153846154
0.30730769230769234
0.3126923076923077
0.49076923076923074
0.5307692307692308
0.385
0.4423076923076923
0.335
0.36846153846153845
0.37423076923076926
0.4369230769230769
0.3576923076923077
0.3734615384615384
0.4407692307692308
0.3892307692307692
0.32499999999999996
0.36346153846153845
0.3676923076923077
0.4169230769230769
0.5488461538461539
0.6042307692307692
0.7084615384615384
0.675
0.4826923076923077
0.47692307692307695
0.41307692307692306
0.2726923076923077
0.4273076923076923
0.591923076923077
0.5373076923076924
