pet
0.4244
0.37160000000000004
0.3868
0.3576
0.43
0.46520000000000006
0.5264
0.42560000000000003
0.43799999999999994
0.4276
0.5108
0.5396
0.46799999999999997
0.4608
0.5904
0.4864
0.41
0.5292
0.5816
0.4532
0.4704
0.42160000000000003
0.4188
0.4756
0.46480000000000005
0.4324
0.4968
0.5504
0.5138461538461538
0.53
0.551923076923077
0.573076923076923
0.5738461538461539
0.5130769230769231
0.5980769230769231
0.5742307692307692
0.5142307692307693
0.5496153846153846
0.5211538461538462
0.47846153846153844
0.5453846153846154
0.6480769230769231
0.5930769230769231
0.5080769230769231
0.6742307692307693
0.7380769230769231
0.6692307692307692
0.7061538461538461
0.6665384615384615
0.7842307692307693
0.7757692307692309
0.7980769230769231
0.7899999999999999
0.7857692307692308
0.6996153846153846
0.7146153846153845
0.663076923076923
0.7176923076923077
0.6626923076923077
0.705
0.7461538461538461
0.6361538461538461
0.5607692307692308
0.6546153846153846
0.8607692307692307
1.0003846153846154
1.1065384615384615
1.135
1.1403846153846153
1.1465384615384615
0.9346153846153846
0.9349999999999999
1.1634615384615385
1.3442307692307693
1.2476923076923077
1.294230769230769
1.1526923076923077
1.2303846153846154
1.1938461538461538
1.248076923076923
1.2934615384615387
1.3250000000000002
1.3134615384615385
1.4876923076923076
1.4753846153846153
1.46
1.5199999999999998
1.4573076923076924
1.5684615384615386
1.5953846153846156
1.6607692307692308
1.7084615384615385
1.6503846153846153
1.6092307692307695
1.7653846153846153
1.7411538461538463
1.5003846153846152
1.709230769230769
1.826153846153846
1.6965384615384616
1.7692307692307692
1.8753846153846152
1.8299999999999998
2.0007692307692304
1.916923076923077
1.9715384615384615
1.9476923076923076
1.8442307692307693
1.8680769230769232
2.188846153846154
2.4953846153846153
2.3534615384615383
2.457307692307692
2.4884615384615385
2.2696153846153844
2.040769230769231
2.176923076923077
2.1357692307692306
1.9003846153846153
2.036153846153846
2.2188461538461537
2.4523076923076923
2.4915384615384615
2.316153846153846
2.4273076923076924
2.478846153846154
2.683076923076923
2.7011538461538462
2.745769230769231
2.9046153846153846
2.703076923076923
2.6134615384615385
2.460769230769231
2.5111538461538463
2.733846153846154
2.6603846153846153
2.6257692307692304
2.4796153846153848
2.561923076923077
2.558076923076923
2.7353846153846155
2.696153846153846
2.621923076923077
2.7169230769230768
2.7757692307692308
2.8273076923076923
2.7765384615384616
2.7884615384615383
2.9119230769230766
3.0773076923076923
2.983846153846154
3.1465384615384617
2.756153846153846
2.728846153846154
2.525384615384615
2.5430769230769235
2.556923076923077
2.5046153846153847
2.534615384615385
2.634230769230769
2.6526923076923077
2.4753846153846153
2.508076923076923
2.5053846153846155
2.582692307692308
2.5292307692307694
2.833076923076923
2.892692307692308
2.903461538461538
2.7707692307692304
2.647692307692308
2.571923076923077
2.568076923076923
2.619230769230769
2.6811538461538458
2.818076923076923
2.8834615384615385
2.789615384615385
2.730384615384615
2.7176923076923076
2.793846153846154
2.7415384615384615
2.67
2.7296153846153848
2.6076923076923078
2.575384615384616
2.6580769230769232
2.6980769230769233
2.777307692307692
2.9257692307692307
2.788846153846154
2.7011538461538462
2.6846153846153844
2.5999999999999996
2.7657692307692305
2.7811538461538463
2.737692307692308
2.835384615384615
3.0257692307692308
3.046923076923077
2.744230769230769
2.644230769230769
2.6834615384615383
2.6526923076923077
2.708846153846154
2.946923076923077
2.761923076923077
2.5653846153846156
2.5584615384615383
2.459230769230769
2.3146153846153847
2.368076923076923
2.5276923076923077
2.535769230769231
2.52
2.394230769230769
2.4473076923076924
2.433846153846154
2.333846153846154
2.515
2.3892307692307693
2.440769230769231
2.4888461538461537
2.36
2.456538461538462
2.2884615384615383
2.1523076923076925
2.138076923076923
2.1065384615384612
2.069230769230769
2.0973076923076923
2.0753846153846154
2.1546153846153846
2.1726923076923077
2.1526923076923077
2.023076923076923
2.161538461538462
1.9792307692307693
1.8615384615384616
1.7946153846153845
1.7303846153846154
1.7953846153846154
1.6773076923076924
1.6846153846153844
1.8996153846153847
1.8753846153846152
1.8880769230769232
1.9361538461538463
1.8865384615384615
1.8323076923076924
1.8188461538461538
1.8399999999999999
1.9438461538461538
1.8084615384615386
1.6976923076923076
1.5703846153846153
1.514230769230769
1.563076923076923
1.5138461538461538
1.4423076923076923
1.3984615384615384
1.5646153846153845
1.5942307692307691
1.5357692307692308
1.4923076923076921
1.4015384615384614
1.2176923076923076
1.231923076923077
1.25
1.2526923076923078
1.2980769230769231
1.411153846153846
1.488076923076923
1.2696
1.1864
1.1164
1.0664
1.146
1.0312000000000001
1.0148
1.2188
1.0868
1.2076
0.9372
0.9915999999999999
1.1116
0.8844
1.0352
0.9148000000000001
0.8564
0.8896
0.6888
0.7608
0.8364
0.7476
0.9396
0.9156
0.9288
0.9284
0.9176000000000001
1.0088
0.9732000000000001
1.026
0.9296000000000001
0.7592
0.6892
0.5984
0.6544
0.674
0.5844
0.5379999999999999
0.6284000000000001
0.6204
0.6944
0.6275999999999999
0.5604
0.5412
0.5792
0.6268
0.5204
0.6096
0.5396
0.5196000000000001
0.5
0.452
0.42719999999999997
0.41960000000000003
0.434
0.4792
0.5064
0.5152
0.5188
0.4768
0.44880000000000003
0.3504
0.358
0.2756
0.3736
0.44480000000000003
0.5136
0.41
0.4424
0.4244
0.45039999999999997
0.41159999999999997
0.498
0.4156
0.4152
0.38480000000000003
0.3608
0.34240000000000004
0.38799999999999996
0.3204
0.43200000000000005
0.5816
0.5796
0.6928
0.5588000000000001
0.446
0.48560000000000003
0.4456
0.3576
0.57
0.5504
0.5028
