temperature
5.8088461538461535
5.170384615384616
5.131923076923077
4.765769230769231
4.813076923076923
4.708461538461538
5.383461538461538
5.233461538461539
4.842307692307693
5.173461538461538
5.53923076923077
5.999615384615385
5.643846153846154
5.340769230769231
5.473076923076923
5.016923076923077
4.756538461538462
5.098076923076923
5.152692307692307
4.439230769230769
4.3076923076923075
4.815769230769231
4.415
4.346153846153846
4.785769230769231
4.772307692307693
5.1196153846153845
5.421538461538462
5.238846153846154
4.5903846153846155
4.980769230769231
4.936538461538461
4.94923076923077
5.04
5.929230769230769
5.910384615384615
4.976153846153846
4.723461538461539
4.689615384615385
4.640384615384615
4.42076923076923
5.049230769230769
5.178076923076923
4.4253846153846155
5.123846153846154
5.778076923076923
5.457692307692308
5.871538461538462
5.4350000000000005
6.029615384615385
5.960384615384616
6.622307692307692
6.175000000000001
6.327307692307692
5.890384615384615
5.816538461538461
5.920384615384616
5.567692307692307
5.3611538461538455
5.368461538461539
5.614615384615385
5.6207692307692305
5.2153846153846155
5.493846153846154
6.163846153846153
6.611538461538462
7.144615384615384
7.402692307692307
7.546153846153846
7.086153846153847
7.402692307692307
6.616923076923077
7.820384615384615
8.395384615384616
8.101923076923077
7.657692307692307
7.203846153846154
7.049615384615384
7.125769230769231
7.491923076923077
7.3246153846153845
7.554615384615384
7.67076923076923
7.731538461538462
7.837692307692308
7.9969230769230775
8.438076923076922
8.62346153846154
8.919230769230769
8.607307692307693
8.49423076923077
8.895
8.628846153846153
8.338846153846154
8.670769230769231
8.214230769230769
7.728461538461539
7.899615384615386
8.837692307692308
8.608076923076924
8.349615384615385
8.463846153846154
8.58423076923077
8.852307692307692
8.973846153846154
8.879615384615384
9.092692307692307
9.038461538461538
9.175384615384615
9.791538461538462
10.886538461538462
10.792307692307693
10.903076923076924
11.101153846153846
10.411538461538461
10.061153846153845
10.071153846153846
10.433846153846153
10.040384615384616
10.237692307692308
10.518076923076924
10.349615384615387
10.562307692307693
10.523846153846154
10.765384615384615
11.319230769230769
11.72923076923077
11.961153846153847
12.227692307692308
12.776923076923076
12.39423076923077
11.63076923076923
11.87076923076923
11.458076923076922
11.944230769230769
12.553846153846154
12.38423076923077
12.414230769230768
12.458461538461538
12.687307692307693
12.832307692307692
12.702307692307691
13.053846153846154
13.196153846153846
13.771153846153847
13.684615384615386
13.592692307692309
13.30923076923077
13.588846153846154
13.761538461538462
13.628076923076922
14.90846153846154
14.961538461538462
14.418461538461539
14.234230769230768
14.078846153846154
14.203076923076923
13.853076923076923
14.344999999999999
14.99423076923077
14.649230769230769
14.779615384615385
14.743846153846155
14.911153846153846
15.473076923076924
15.141538461538461
15.794615384615383
16.121153846153845
16.043846153846154
15.98
15.803076923076922
15.524615384615384
15.220384615384615
15.911153846153846
16.04346153846154
16.13307692307692
16.447692307692307
16.351923076923075
16.31923076923077
16.49192307692308
16.307307692307692
16.747307692307693
16.55076923076923
16.311923076923076
16.263076923076923
16.872307692307693
16.784615384615385
16.56
16.830384615384617
16.834230769230768
16.722307692307695
16.678076923076922
16.421923076923076
16.59846153846154
16.998076923076923
17.211923076923078
17.478076923076923
17.54692307692308
17.85269230769231
18.342307692307692
17.340769230769233
17.340384615384615
17.12
17.793076923076924
17.929615384615385
18.225
17.80461538461538
17.801153846153845
17.67576923076923
17.58346153846154
17.19
17.232692307692307
17.895
17.593076923076925
17.841153846153848
17.715
17.825384615384614
18.02730769230769
17.696153846153845
18.29153846153846
17.898846153846154
17.825769230769232
18.345769230769232
17.816153846153846
17.904230769230768
17.658461538461538
17.250384615384615
16.946923076923078
17.488076923076925
17.540769230769232
17.086923076923078
16.96769230769231
17.111538461538462
17.445769230769233
16.924230769230768
16.631923076923076
17.58
16.89730769230769
16.14923076923077
16.081153846153846
16.04769230769231
15.910769230769231
15.55
15.187307692307693
16.05153846153846
16.052307692307693
16.063076923076924
16.255384615384614
15.96653846153846
15.565
15.8
15.399999999999999
16.128846153846155
15.846153846153847
14.943846153846154
14.803846153846154
14.346538461538461
14.683076923076923
14.51346153846154
14.110384615384616
14.595769230769232
14.456538461538461
14.774615384615384
14.25923076923077
14.008461538461539
13.997692307692308
13.743076923076924
13.583461538461538
13.636153846153848
13.806923076923077
13.717307692307692
13.593461538461538
14.352692307692308
13.79076923076923
13.098461538461539
12.915384615384616
12.38423076923077
12.845384615384615
12.322307692307692
12.262692307692307
12.792692307692308
12.878846153846155
13.240384615384615
11.975769230769231
12.056923076923077
12.22269230769231
11.666538461538462
11.613846153846152
11.866923076923078
10.978461538461538
11.381538461538462
11.101153846153846
11.185384615384615
11.310384615384615
11.045384615384616
11.417692307692308
11.348846153846154
11.572692307692307
11.229615384615386
11.028846153846153
10.725384615384616
10.67923076923077
10.585769230769232
10.665384615384616
9.817307692307692
9.72
9.349615384615385
8.758076923076924
8.879999999999999
8.889615384615384
8.684615384615386
8.439230769230768
8.306153846153846
8.876923076923077
8.907307692307693
8.11076923076923
8.308076923076923
7.65
7.956538461538462
7.5042307692307695
7.455384615384616
7.538846153846153
6.816923076923077
6.80576923076923
6.766153846153847
6.893461538461538
6.339615384615385
6.821153846153846
6.750769230769231
7.019230769230769
6.674615384615384
6.739615384615385
6.30576923076923
6.173846153846155
5.891923076923077
5.573846153846153
5.513076923076923
5.399615384615384
5.791923076923077
6.191538461538461
5.815769230769231
5.7299999999999995
5.266923076923077
5.293461538461538
4.890769230769231
5.551153846153847
5.099230769230768
5.563076923076922
5.4253846153846155
4.995384615384615
4.901538461538461
4.9034615384615385
4.571923076923077
5.032692307692307
5.878846153846154
6.091538461538462
7.114615384615385
6.839230769230769
5.628076923076923
5.4592307692307696
4.8573076923076925
4.180000000000001
4.837692307692308
5.481923076923077
5.289615384615384
