temperature
3.462307692307692
3.2492307692307696
3.18
2.7880769230769227
3.1599999999999997
3.4238461538461538
3.2484615384615383
2.82
3.2646153846153845
3.9873076923076924
4.037307692307692
4.039230769230769
3.543846153846154
3.5592307692307688
3.9673076923076924
3.1876923076923074
3.079230769230769
3.4665384615384616
2.868846153846154
2.6811538461538467
3.209230769230769
3.681923076923077
3.761923076923077
3.867692307692308
3.8023076923076924
3.9011538461538464
3.8296153846153844
3.8553846153846156
2.915769230769231
3.0700000000000003
3.615769230769231
3.6903846153846156
3.593461538461539
3.733846153846154
3.628076923076923
3.421923076923077
3.3815384615384616
3.237692307692308
3.6992307692307693
3.383076923076923
3.098076923076923
3.4253846153846155
3.8365384615384617
3.9007692307692308
4.338076923076923
4.810769230769231
4.418461538461538
4.351538461538461
3.918846153846154
4.634230769230769
4.742307692307692
4.847307692307693
4.465769230769231
4.743076923076923
4.1303846153846155
4.832307692307692
4.288846153846154
4.1207692307692305
3.696153846153846
3.5761538461538462
3.67
3.9396153846153847
3.900384615384615
3.6803846153846154
4.692692307692308
5.129615384615385
5.3173076923076925
5.294615384615384
5.140384615384615
5.201153846153845
5.07423076923077
5.984999999999999
6.141153846153847
6.177307692307693
6.211153846153847
6.382692307692308
5.779615384615385
6.046538461538462
5.968461538461539
6.216538461538462
5.96
6.010769230769231
6.258846153846154
6.659230769230769
6.555000000000001
6.960384615384616
6.440769230769231
6.924230769230769
6.642692307692308
7.00076923076923
6.53923076923077
6.823076923076924
6.5880769230769225
6.728076923076923
7.252692307692308
6.954615384615384
6.623461538461539
7.5346153846153845
7.408461538461538
7.388461538461538
6.866538461538462
6.8319230769230765
7.096923076923077
7.464230769230769
7.318461538461539
7.368461538461539
7.195769230769231
7.17576923076923
7.92576923076923
8.46076923076923
8.983846153846155
9.056538461538462
9.01923076923077
9.085384615384616
8.442692307692308
8.147307692307692
8.195
8.434615384615386
8.35153846153846
8.252307692307692
8.718846153846155
8.780384615384616
8.935384615384615
9.568461538461538
9.192307692307692
9.352307692307692
9.275769230769232
9.508076923076924
9.797307692307692
9.854615384615384
9.893076923076924
9.435384615384615
9.725769230769231
9.911923076923076
10.756153846153845
10.539615384615384
10.837307692307691
10.640384615384615
11.34153846153846
11.180769230769231
11.053461538461537
10.99653846153846
11.166153846153845
11.271538461538462
11.733846153846153
11.76923076923077
11.373461538461537
11.445384615384615
11.691538461538462
11.384615384615385
12.183846153846153
12.906538461538462
12.741153846153846
12.357692307692307
11.919230769230769
11.888076923076925
12.139999999999999
12.478076923076923
12.563461538461537
12.676153846153845
13.118076923076924
12.276923076923076
12.27730769230769
12.29076923076923
12.252692307692307
12.754999999999999
13.180384615384614
13.794615384615385
13.468461538461538
13.165000000000001
13.777692307692307
13.359230769230768
13.707307692307692
14.115
13.433076923076923
13.62423076923077
13.77346153846154
13.76076923076923
13.986923076923079
13.921923076923077
13.836538461538462
14.427692307692308
14.307692307692308
14.820384615384615
14.602307692307692
14.64423076923077
14.59153846153846
14.711538461538462
14.73076923076923
15.197307692307692
14.848846153846154
14.776538461538461
14.233461538461539
14.638846153846155
14.735000000000001
15.258846153846154
15.610000000000001
15.470384615384615
15.49423076923077
15.350769230769231
15.137307692307692
14.98
15.595
15.58
15.651538461538461
15.123461538461537
15.640384615384615
15.57
15.228846153846153
14.95923076923077
14.920384615384616
15.333076923076923
15.56076923076923
15.366538461538461
15.549230769230768
15.273846153846154
15.49
15.309615384615386
14.961923076923076
15.213461538461539
14.793461538461539
15.041538461538462
14.653461538461539
14.98653846153846
15.546153846153846
15.202692307692306
14.742692307692307
14.805
15.165384615384616
14.459999999999999
14.503461538461538
14.818076923076923
14.488461538461538
14.27730769230769
14.286538461538461
14.31576923076923
14.45346153846154
13.548076923076923
14.033076923076923
13.958076923076923
13.624615384615385
13.613461538461538
13.882307692307693
13.748846153846156
14.23076923076923
13.732692307692307
14.104615384615386
14.40576923076923
13.930769230769231
13.738076923076923
13.821153846153845
13.210384615384616
13.508461538461539
13.60153846153846
13.061538461538463
12.946923076923078
12.382692307692308
12.447692307692307
12.069230769230769
11.986153846153845
12.174230769230768
11.97653846153846
12.876538461538463
12.600000000000001
12.226923076923075
11.67576923076923
11.877692307692307
12.080769230769231
11.838076923076924
11.364615384615385
11.951923076923077
11.403461538461539
11.659230769230769
10.732307692307693
10.721538461538461
10.51
10.035769230769231
10.119615384615384
10.167307692307693
10.739615384615385
10.502692307692307
10.406923076923077
9.867307692307692
9.645
9.842692307692307
9.794615384615385
9.926923076923078
9.310769230769232
9.010769230769231
8.754999999999999
8.93576923076923
8.598846153846154
8.662307692307692
8.942307692307692
8.612692307692308
8.640384615384615
8.59923076923077
8.60576923076923
8.608461538461539
8.748846153846154
8.013846153846155
7.389615384615384
8.056538461538462
8.473461538461539
7.596923076923077
7.441538461538461
7.3961538461538465
6.866923076923077
6.648846153846154
6.759230769230769
6.734230769230769
6.190384615384615
6.221923076923077
6.373846153846154
6.446538461538462
6.0369230769230775
6.067692307692307
6.6292307692307695
7.026923076923078
6.05576923076923
5.67076923076923
5.519230769230769
5.401538461538461
5.282692307692307
4.8792307692307695
4.075769230769231
4.921923076923077
4.823846153846154
4.482307692307692
5.2638461538461545
5.216153846153846
4.548846153846154
4.138846153846154
4.075384615384615
3.879230769230769
4.277692307692307
3.5715384615384616
3.7280769230769235
4.13
3.810769230769231
3.832692307692308
4.188846153846153
4.8
4.354230769230769
3.521153846153846
3.5250000000000004
3.7119230769230764
4.194999999999999
4.126538461538461
3.865769230769231
3.2515384615384613
3.036153846153846
3.147692307692308
3.1584615384615384
3.4626923076923077
3.671538461538461
4.5503846153846155
3.819230769230769
3.0742307692307693
3.0115384615384615
2.673076923076923
2.2123076923076925
3.205
3.6296153846153847
3.6580769230769232
