temperature
3.595
3.55
3.4350000000000005
3.482727272727273
3.6599999999999997
4.047272727272727
3.9995454545454545
3.396818181818182
3.7759090909090904
4.234545454545454
4.302272727272728
4.404090909090909
3.9209090909090913
4.134090909090909
4.4395454545454545
3.705454545454545
3.5727272727272723
3.938636363636364
3.5895454545454544
3.191363636363636
3.587727272727273
3.6586363636363632
3.794090909090909
4.484545454545454
4.673636363636363
4.614090909090909
4.094545454545455
3.9622727272727274
3.315909090909091
3.235
3.8540909090909095
3.894545454545455
3.9963636363636366
3.8454545454545452
3.883181818181818
3.5854545454545454
3.5868181818181815
3.6181818181818177
3.575454545454545
3.1245454545454545
3.0577272727272726
3.546818181818182
3.985909090909091
3.8018181818181818
4.49
5.03090909090909
4.737272727272727
4.316818181818181
3.977272727272727
4.616363636363636
4.585
4.965454545454545
4.515454545454546
4.48
4.1459090909090905
4.698181818181818
4.135454545454546
4.045909090909091
3.495
3.556363636363636
3.7595454545454547
3.7045454545454546
3.865
4.272272727272727
4.7690909090909095
5.006818181818182
5.238181818181818
4.99
5.174545454545455
4.944545454545454
4.506818181818182
5.3113636363636365
5.906818181818181
5.966818181818183
5.602727272727273
5.991818181818181
5.6036363636363635
5.859090909090909
5.359090909090909
6.178636363636364
5.9409090909090905
5.8977272727272725
5.995454545454546
6.290909090909091
6.685454545454545
6.971818181818182
6.185
6.593181818181819
6.307272727272727
6.625
6.009090909090909
6.951363636363637
6.679090909090909
6.6054545454545455
6.997272727272727
6.718181818181819
6.3136363636363635
7.030909090909091
7.215
7.060454545454546
7.073636363636364
7.26
7.650454545454545
7.934545454545455
8.030454545454544
7.739545454545455
7.798636363636363
7.656818181818181
8.294545454545455
8.645454545454545
9.211818181818181
9.58090909090909
9.202727272727273
9.260909090909092
8.661818181818182
7.83909090909091
7.885
8.279545454545454
8.15
8.344090909090909
8.366363636363637
8.862272727272726
8.666818181818183
9.58
9.314545454545454
9.54318181818182
9.921363636363637
9.924545454545454
10.07409090909091
10.238181818181818
9.864090909090908
10.025
9.955
9.673181818181819
10.200000000000001
10.128181818181817
10.623181818181818
10.067826086956522
10.75608695652174
10.572173913043478
10.732173913043479
10.841304347826087
10.884782608695652
11.11
11.292608695652175
11.472608695652173
11.23608695652174
11.574347826086955
11.741739130434782
11.962173913043477
12.805217391304348
13.340434782608694
13.23217391304348
12.683913043478261
12.376521739130435
12.093913043478262
12.566086956521739
13.222608695652173
13.028260869565216
13.178260869565218
13.36304347826087
12.447826086956523
12.458260869565219
12.375652173913043
12.367826086956521
12.79695652173913
13.19304347826087
13.494347826086956
13.139130434782608
12.950869565217392
13.30782608695652
12.86826086956522
13.352608695652174
13.517391304347825
13.091739130434783
13.607391304347827
14.21782608695652
13.866521739130436
14.113043478260868
14.053043478260868
14.188695652173912
14.325652173913044
14.348260869565218
14.557391304347826
14.370869565217392
14.153478260869566
14.230869565217391
13.998260869565216
14.010434782608696
14.190434782608696
14.431304347826087
14.500434782608695
13.965217391304348
13.97391304347826
14.272608695652172
14.530434782608696
14.972608695652173
15.057391304347826
15.303043478260872
15.206521739130435
14.92608695652174
14.599130434782607
15.702173913043477
15.445652173913043
15.39521739130435
15.589565217391305
15.412608695652175
14.888260869565217
14.533478260869565
14.571304347826086
14.42608695652174
14.537391304347826
15.051304347826088
15.138260869565217
15.135217391304348
14.84695652173913
15.126521739130434
14.743043478260871
14.304782608695652
14.697826086956523
14.898695652173913
14.505217391304347
14.200869565217392
14.626086956521737
15.06
14.976086956521739
14.471739130434784
14.430869565217392
14.463478260869566
14.055652173913042
14.14
14.42608695652174
14.274347826086956
14.432173913043478
14.274782608695652
13.809565217391304
14.173913043478262
13.628260869565217
13.800869565217392
13.58304347826087
13.228695652173913
13.121304347826088
13.257391304347827
13.349130434782607
13.583043478260867
13.594782608695652
13.745217391304347
13.525217391304347
12.931304347826087
12.928695652173914
13.599565217391305
13.083913043478262
13.248260869565218
13.354782608695654
12.825652173913044
12.849130434782607
12.068695652173913
12.034782608695652
11.991304347826087
11.832173913043478
12.085217391304347
11.969565217391304
12.348260869565218
12.32695652173913
11.811304347826086
11.33608695652174
11.628695652173912
11.593478260869563
11.319565217391306
11.192608695652174
11.882173913043479
11.629565217391304
11.339130434782609
10.700454545454546
10.58
10.236363636363636
9.986818181818181
10.149090909090908
10.112272727272726
10.551818181818183
10.657727272727273
10.040909090909091
9.957272727272727
9.75
9.733181818181817
9.818181818181818
9.821363636363635
9.012727272727274
9.149090909090908
8.955
9.050454545454546
8.759545454545455
8.52909090909091
8.888181818181819
8.75590909090909
8.644545454545455
8.745454545454546
8.613181818181818
8.694545454545455
8.899090909090908
8.222727272727273
7.768636363636364
8.261363636363637
8.251363636363637
7.655
7.663181818181818
7.159090909090909
7.183181818181819
7.242272727272728
7.528181818181818
6.758181818181819
6.462272727272727
6.652272727272727
7.331363636363636
7.108636363636363
6.679090909090909
6.555454545454546
7.203181818181818
7.2368181818181805
6.375909090909091
6.251363636363636
6.183181818181819
6.026818181818182
5.669545454545455
5.029545454545455
4.627272727272727
5.386818181818182
5.284090909090909
4.879545454545454
5.566818181818181
5.17
4.971818181818182
4.6059090909090905
4.26409090909091
4.3518181818181825
4.79
4.285909090909091
4.573181818181818
4.660909090909091
4.462272727272727
4.51
4.336363636363637
5.088181818181818
4.693181818181818
3.964090909090909
3.963181818181818
4.173181818181818
4.46
4.343181818181818
4.122272727272727
3.799545454545455
3.6290909090909094
3.871818181818182
3.975909090909091
4.0640909090909085
4.348636363636364
5.130909090909091
4.138636363636364
3.657272727272727
3.713181818181818
3.462727272727273
3.1436363636363636
3.621818181818182
3.911363636363636
4.076363636363637
