temperature
4.180588235294117
4.040588235294117
3.77
3.574705882352941
3.5394117647058825
3.565294117647059
4.158823529411765
4.169411764705882
4.03764705882353
4.615882352941177
4.521176470588236
4.439411764705882
3.7664705882352942
3.358235294117647
3.9605882352941175
3.37
2.987058823529412
3.8805882352941174
3.838823529411765
2.721764705882353
2.4752941176470586
3.322352941176471
3.1405882352941177
3.3782352941176472
4.468235294117647
4.035294117647059
4.328823529411765
4.487058823529412
3.5988235294117645
2.9141176470588235
3.5011764705882356
3.7688235294117645
2.9417647058823526
3.198235294117647
3.744705882352941
3.448235294117647
3.17
3.2423529411764704
3.3805882352941174
2.9476470588235295
2.047058823529412
2.344705882352941
3.3664705882352943
3.8670588235294114
4.3623529411764705
5.092941176470588
4.982352941176471
4.9929411764705875
4.550588235294118
4.697647058823529
5.398823529411764
5.829411764705882
5.488235294117647
5.986470588235294
5.55
5.524705882352941
4.910588235294118
4.602941176470588
4.2964705882352945
3.9541176470588235
4.495882352941177
3.898823529411765
3.8970588235294117
4.363529411764706
4.2570588235294125
4.984705882352941
5.611176470588235
6.4276470588235295
5.889411764705883
6.196470588235294
5.873529411764705
5.934705882352941
6.351764705882353
6.586470588235294
6.128235294117648
5.832352941176471
6.2
6.077058823529412
5.597647058823529
6.158823529411765
6.12235294117647
5.871764705882352
6.368235294117647
7.114117647058824
7.047058823529412
6.775294117647059
6.92
7.33
7.736470588235295
7.152352941176471
6.465882352941176
6.377058823529412
6.86529411764706
7.29235294117647
7.957058823529413
7.8217647058823525
7.21
7.618823529411765
8.014117647058825
7.589411764705883
7.51235294117647
7.4670588235294115
7.866470588235294
7.79235294117647
8.334117647058823
8.440588235294118
8.242941176470588
8.19
8.085294117647058
8.834117647058823
9.127058823529412
9.84
10.070588235294117
9.614117647058823
8.62
8.381764705882354
8.457058823529412
8.09
7.8482352941176465
8.327058823529413
8.778823529411765
8.556470588235294
9.24470588235294
9.791764705882354
10.51705882352941
10.221176470588235
10.280588235294116
10.588823529411764
10.950000000000001
11.052352941176471
10.518823529411764
10.192941176470589
9.981764705882354
9.765882352941176
10.535882352941178
10.855294117647059
11.207058823529412
11.583529411764705
11.445294117647059
11.418235294117649
12.140588235294118
12.23235294117647
12.458823529411765
11.996470588235294
11.951764705882354
12.24705882352941
12.32235294117647
11.525882352941176
11.861764705882353
12.145294117647058
12.496470588235294
13.289411764705882
13.589411764705883
12.863529411764706
12.180588235294117
12.350588235294119
12.141176470588235
12.75764705882353
13.079411764705881
13.468235294117648
13.839411764705881
14.004705882352942
13.596470588235293
13.693529411764706
12.991764705882353
13.407058823529413
14.749411764705883
14.75235294117647
14.26
13.749411764705883
14.177647058823528
14.294117647058824
14.506470588235295
14.792941176470588
14.99470588235294
14.501764705882353
14.589411764705881
15.201176470588237
15.052941176470588
15.362352941176468
15.198823529411765
15.658823529411764
15.628235294117648
15.311176470588236
16.140588235294118
16.40235294117647
16.061764705882354
15.449411764705882
15.28
15.52235294117647
15.86470588235294
15.956470588235293
15.554705882352941
15.432352941176472
15.396470588235294
15.912941176470587
16.761764705882353
17.204117647058826
17.55235294117647
17.861176470588234
16.514117647058825
15.916470588235294
16.59764705882353
16.953529411764706
17.17529411764706
17.26823529411765
17.29941176470588
17.028823529411767
16.150000000000002
15.61470588235294
15.534117647058823
16.259411764705884
17.141764705882355
16.718823529411765
17.20529411764706
16.430588235294117
16.77823529411765
16.55764705882353
16.287647058823527
16.258235294117647
15.547058823529412
15.567647058823528
16.225882352941174
15.778823529411765
16.14529411764706
16.53705882352941
15.842941176470587
15.358235294117646
15.48058823529412
15.832941176470586
16.254117647058823
16.29941176470588
16.50529411764706
16.583529411764708
15.86176470588235
15.67
15.727058823529413
15.091764705882353
15.287647058823529
15.190588235294118
14.397058823529411
14.420588235294119
14.152941176470588
14.84764705882353
15.558823529411764
15.201176470588237
14.951764705882354
14.691764705882353
14.555882352941175
14.641764705882352
14.78
15.037647058823529
14.948235294117648
14.66764705882353
14.291764705882354
13.767647058823528
13.875882352941176
13.46235294117647
13.541176470588235
12.279411764705882
12.617647058823529
13.499411764705883
13.43470588235294
13.32294117647059
13.698235294117648
13.543529411764707
12.746470588235294
12.798235294117646
12.280588235294118
12.622941176470588
13.198235294117648
12.250588235294117
12.638823529411766
11.8
11.595
11.774375
10.806470588235294
11.75529411764706
10.645294117647058
11.408235294117647
11.764117647058825
11.299999999999999
11.704117647058823
11.49705882352941
11.557647058823528
11.377647058823529
10.65764705882353
10.51764705882353
10.34470588235294
10.088823529411764
10.223529411764707
10.084117647058823
10.117058823529412
10.330588235294117
9.49235294117647
9.946470588235295
9.851176470588236
9.831764705882351
9.620588235294118
10.040000000000001
9.397058823529411
8.563529411764707
9.533529411764706
9.778235294117646
8.906470588235294
8.641176470588235
7.961176470588235
7.395294117647059
7.174117647058824
7.378823529411765
7.593529411764706
7.20235294117647
7.364117647058824
7.5458823529411765
7.368823529411764
7.434117647058823
7.312941176470588
7.726470588235294
8.335882352941177
7.096470588235294
6.897058823529412
6.317058823529412
6.146470588235294
5.9941176470588236
5.8994117647058815
5.554705882352941
4.948823529411764
5.134117647058823
4.6905882352941175
5.115882352941177
5.222941176470589
4.7958823529411765
4.499411764705882
4.208235294117648
4.245882352941177
4.364117647058824
3.848823529411765
4.251764705882353
4.753529411764706
4.328235294117647
4.201764705882352
4.2047058823529415
3.9605882352941175
4.320588235294117
3.6276470588235297
3.7729411764705882
3.7805882352941174
4.157058823529412
4.531176470588235
3.758235294117647
3.3911764705882352
3.7023529411764704
4.291764705882352
3.894705882352941
4.261176470588235
5.076470588235294
4.987058823529412
4.315294117647059
3.8776470588235297
4.445294117647059
4.2170588235294115
3.392352941176471
4.028235294117647
4.9005882352941175
4.8217647058823525
