temperature
2.7311538461538465
1.9865384615384616
1.6634615384615385
2.5984615384615384
3.085384615384615
2.678846153846154
2.5807692307692305
3.0111538461538463
2.5673076923076925
2.4130769230769227
2.026153846153846
1.5065384615384616
2.5503846153846155
2.868846153846154
2.7942307692307695
2.1223076923076922
1.7307692307692308
2.068846153846154
2.415
2.8492307692307692
3.1599999999999997
2.8365384615384617
2.6423076923076922
2.448076923076923
1.6346153846153846
1.9130769230769231
1.8573076923076923
2.298076923076923
2.4661538461538464
1.7657692307692305
1.7323076923076923
2.371923076923077
3.176153846153846
2.9976923076923074
2.9646153846153847
3.5584615384615383
3.118076923076923
2.373846153846154
2.0707692307692307
2.1446153846153844
1.6842307692307692
1.5946153846153845
1.9088461538461536
1.5234615384615384
1.0926923076923076
1.0780769230769232
1.1346153846153846
1.9426923076923077
1.8923076923076925
2.151153846153846
2.4511538461538462
2.4400000000000004
3.008846153846154
3.1015384615384614
2.9476923076923076
2.676153846153846
2.7342307692307695
3.4180769230769235
3.051153846153846
3.1965384615384616
3.4619230769230773
3.245769230769231
3.793846153846154
4.5734615384615385
5.011923076923077
5.136538461538462
4.518461538461538
4.329615384615384
4.718846153846154
4.709615384615384
4.780769230769231
4.348461538461539
3.472692307692308
3.7546153846153847
3.9149999999999996
4.0734615384615385
3.4076923076923076
3.5657692307692304
3.4619230769230773
3.808846153846154
4.031153846153846
4.172692307692308
4.513076923076923
4.41
4.415384615384616
4.364615384615385
4.147692307692308
4.883461538461538
5.270384615384615
5.545384615384616
5.187307692307693
4.270769230769231
4.156153846153846
4.733461538461539
4.818846153846153
4.885769230769231
4.671538461538462
4.531923076923077
5.217307692307693
6.156538461538461
6.130384615384615
5.628846153846154
5.334615384615384
6.327307692307692
6.835
6.488076923076923
6.468461538461539
7.103461538461539
6.678846153846154
6.895769230769231
7.043846153846153
6.674230769230769
6.7215384615384615
6.929230769230769
6.518076923076923
6.99923076923077
6.72
6.8234615384615385
7.333076923076923
7.423461538461538
7.121153846153846
7.075769230769231
7.518076923076923
7.929615384615384
7.574999999999999
8.21923076923077
8.516923076923076
8.122307692307693
8.12923076923077
8.465
8.318846153846154
8.441153846153846
8.501153846153846
8.634615384615385
8.952307692307691
8.346923076923078
9.021538461538462
8.898846153846154
8.963461538461539
9.698076923076924
9.581153846153846
9.497692307692308
10.367692307692307
10.110000000000001
10.250384615384615
9.94076923076923
10.19
10.327307692307691
10.343846153846155
10.669615384615385
10.768076923076924
11.321153846153846
10.862692307692308
10.995384615384616
11.110000000000001
11.410769230769231
11.092307692307692
11.298846153846153
11.512307692307692
11.376923076923077
11.456153846153846
11.226923076923075
11.160384615384617
11.136153846153848
11.577307692307691
11.797307692307694
11.954615384615384
12.18423076923077
12.451153846153847
12.982692307692307
12.08769230769231
11.959615384615384
12.19076923076923
11.984615384615385
12.49923076923077
12.996153846153845
12.800384615384615
12.524615384615384
12.683846153846153
13.174615384615386
13.36076923076923
12.845
13.165384615384616
13.558846153846154
13.727307692307694
13.578076923076923
14.241538461538461
14.403076923076924
13.863846153846152
13.707692307692307
13.931923076923077
13.978461538461538
13.786153846153846
14.37923076923077
14.243076923076924
13.492692307692307
13.173076923076923
13.467307692307692
13.908076923076923
14.539615384615384
14.169615384615383
14.169615384615385
13.592307692307692
13.666538461538462
14.102692307692308
14.525384615384617
14.75
14.740384615384615
14.515384615384615
14.613846153846152
14.590384615384616
13.787692307692309
14.141538461538461
14.121923076923078
13.905
13.662307692307694
13.731538461538461
14.033076923076923
13.370000000000001
13.532307692307691
13.546153846153846
13.470769230769232
13.83423076923077
13.821153846153846
13.650769230769232
13.898846153846154
13.956538461538461
13.409999999999998
13.425384615384615
13.38846153846154
13.751923076923077
13.900384615384613
13.561923076923078
13.064615384615385
13.458846153846155
13.408076923076923
13.172307692307694
12.938846153846155
12.869615384615384
13.493461538461538
12.817692307692308
12.39576923076923
12.421923076923077
12.337692307692306
12.26346153846154
12.22269230769231
12.341153846153846
11.276923076923076
11.823076923076922
11.94
11.452692307692306
11.47653846153846
11.01346153846154
10.889999999999999
10.954230769230769
10.612307692307693
10.46653846153846
10.661923076923076
11.352692307692308
11.23076923076923
10.968461538461538
10.784615384615384
10.875384615384615
10.543846153846154
10.49576923076923
10.643076923076922
9.55923076923077
9.235000000000001
9.485384615384616
9.442307692307692
10.011153846153848
10.235384615384616
10.62576923076923
10.081153846153846
10.116923076923078
9.77
9.74076923076923
9.470769230769232
9.391923076923076
9.005384615384616
9.631923076923076
9.451538461538462
8.545
8.802692307692308
8.02576923076923
7.976923076923077
8.052692307692308
8.115
7.602692307692308
7.391153846153847
7.602307692307692
7.428846153846154
6.8380769230769225
7.017692307692308
7.538846153846153
7.921153846153846
7.695769230769231
7.43923076923077
7.276153846153846
6.868846153846154
7.010769230769231
7.024230769230769
7.327692307692308
6.381923076923077
6.332307692307693
6.558076923076923
6.380769230769231
5.797692307692308
5.466923076923076
5.818076923076922
6.188461538461539
5.771923076923077
5.82923076923077
5.789615384615384
5.413461538461538
4.554230769230769
4.193846153846153
4.393076923076923
4.395769230769231
3.691923076923077
3.7565384615384616
4.016153846153847
3.2023076923076923
3.0334615384615384
3.9653846153846155
4.436153846153847
4.223076923076923
4.155384615384615
4.193076923076923
3.1665384615384613
3.290769230769231
3.0034615384615386
2.9480769230769233
3.2553846153846155
3.5430769230769226
4.341923076923077
4.196538461538461
4.116153846153846
3.95
2.894230769230769
2.273846153846154
2.2203846153846154
2.8096153846153844
3.13
3.0115384615384615
3.1938461538461533
3.2930769230769235
3.4050000000000002
3.6284615384615386
2.9753846153846153
2.63
3.1434615384615388
2.743846153846154
2.536923076923077
2.766538461538462
2.7199999999999998
3.370769230769231
3.5507692307692307
3.3592307692307695
2.7007692307692306
2.1284615384615386
2.605769230769231
2.24
2.583076923076923
2.5519230769230767
