pet
0.5243478260869565
0.5639130434782609
0.5295652173913044
0.4956521739130435
0.6513043478260869
0.4730434782608695
0.4426086956521739
0.5217391304347826
0.6421739130434783
0.5808695652173913
0.4047826086956522
0.4121739130434783
0.5052173913043478
0.5217391304347826
0.5865217391304348
0.5273913043478261
0.3804347826086957
0.42913043478260876
0.5043478260869565
0.5213043478260869
0.6752173913043478
0.5969565217391305
0.5973913043478261
0.6339130434782608
0.6404347826086957
0.4921739130434783
0.6226086956521739
0.6186956521739131
0.5934782608695652
0.4852173913043478
0.6321739130434783
0.5852173913043479
0.532608695652174
0.6865217391304348
0.7813043478260869
0.9256521739130434
0.9860869565217392
0.7104347826086956
0.6169565217391304
0.657391304347826
0.6108695652173913
0.662608695652174
0.5543478260869565
0.5126086956521739
0.4865217391304348
0.5452173913043478
0.5252173913043479
0.668695652173913
0.7021739130434782
0.6734782608695652
0.7152173913043478
0.6791304347826087
0.6704347826086956
0.8826086956521739
0.761304347826087
0.7078260869565218
0.8152173913043478
0.9421739130434782
0.9439130434782609
1.0256521739130435
1.1695652173913043
1.008695652173913
0.8878260869565218
1.085217391304348
1.2421739130434784
1.2678260869565217
1.2395652173913043
1.0934782608695652
1.4082608695652175
1.248695652173913
1.3365217391304347
1.2543478260869565
1.297826086956522
1.2343478260869565
1.2747826086956522
1.4265217391304348
1.4278260869565218
1.1630434782608696
1.286086956521739
1.2069565217391303
1.2630434782608695
1.4591304347826088
1.4726086956521738
1.442608695652174
1.3395652173913042
1.393478260869565
1.4678260869565216
1.5047826086956522
1.5073913043478262
1.7882608695652171
1.6978260869565216
1.6095652173913042
1.4352173913043478
1.383913043478261
1.556086956521739
1.5708695652173914
1.5882608695652174
1.5895652173913044
1.7478260869565219
1.9391304347826088
1.7813043478260868
1.8682608695652174
1.7030434782608697
1.658695652173913
1.8817391304347826
1.98
1.7708695652173911
1.6873913043478261
2.047391304347826
1.9200000000000002
2.2221739130434783
2.426521739130435
2.2004347826086956
2.134782608695652
2.252608695652174
2.1943478260869567
2.0830434782608696
2.2865217391304347
2.3126086956521736
2.3908695652173915
2.3943478260869564
2.543913043478261
2.3547826086956523
2.32
2.4108695652173915
2.4191304347826086
2.6078260869565217
2.612608695652174
2.582173913043478
2.5660869565217395
2.6682608695652177
2.7256521739130433
2.7482608695652173
2.8373913043478263
2.920434782608696
2.948695652173913
2.761739130434783
2.6382608695652174
2.8943478260869564
3.0282608695652176
2.6669565217391304
2.8734782608695655
2.917391304347826
2.9717391304347824
2.954782608695652
3.0104347826086952
2.783478260869565
2.6769565217391302
3.0560869565217392
2.930434782608696
3.1665217391304346
3.172608695652174
2.92
2.8365217391304345
2.8782608695652177
2.9417391304347826
2.991304347826087
2.9008695652173913
2.832608695652174
2.727391304347826
2.7504347826086954
2.6469565217391304
2.5765217391304347
2.801304347826087
2.760869565217391
2.663478260869565
2.816521739130435
2.6769565217391302
2.8386956521739126
2.9882608695652175
3.016086956521739
2.76
2.6560869565217393
2.6721739130434785
2.682608695652174
2.718260869565217
2.9213043478260867
2.8739130434782605
2.9499999999999997
2.865217391304348
2.9821739130434786
2.930869565217391
2.987083333333333
2.9945833333333334
3.2604166666666665
3.2591666666666668
3.391666666666667
3.3504166666666664
3.49625
3.2108333333333334
3.2258333333333336
3.3775
3.2883333333333336
3.4454166666666666
3.2795833333333335
3.2241666666666666
3.109583333333333
3.080833333333333
3.0725
3.189583333333333
3.279166666666667
3.0829166666666663
3.095416666666667
3.2920833333333337
3.1604166666666664
3.2104166666666667
3.1625
3.314166666666667
3.3816666666666664
3.45375
3.4462499999999996
3.254583333333333
3.0991666666666666
3.237916666666667
3.185833333333333
3.18625
3.0404166666666668
3.14875
3.026666666666667
3.1358333333333337
3.1058333333333334
3.079166666666667
3.0508333333333333
2.952916666666667
2.9737500000000003
3.0887499999999997
3.05625
3.0008695652173913
2.847391304347826
2.8386956521739135
3.0500000000000003
3.0791304347826083
3.218695652173913
2.7291304347826086
2.522608695652174
2.46
2.544782608695652
2.392608695652174
2.2330434782608695
2.365217391304348
2.427391304347826
2.358695652173913
2.2708695652173914
2.307391304347826
2.2295652173913045
2.1643478260869564
2.2447826086956524
2.081304347826087
2.0278260869565217
2.2352173913043476
2.193478260869565
2.227391304347826
2.1339130434782607
2.005652173913043
1.8265217391304347
1.6373913043478259
1.731304347826087
1.7817391304347825
1.8282608695652172
1.878695652173913
1.997391304347826
1.702173913043478
1.7595652173913043
1.8656521739130434
1.6695652173913043
1.8030434782608695
1.6169565217391304
1.6682608695652172
1.791304347826087
1.644782608695652
1.677391304347826
1.7691304347826087
1.6778260869565218
1.572608695652174
1.4221739130434783
1.4295652173913045
1.4034782608695653
1.325217391304348
1.394782608695652
1.2347826086956522
1.434782608695652
1.5191304347826087
1.3747826086956523
1.2669565217391305
1.3556521739130434
1.1795652173913043
1.0860869565217393
1.1095652173913044
1.0078260869565216
1.0221739130434784
0.9556521739130435
1.1443478260869566
1.0321739130434782
0.957391304347826
0.9147826086956521
0.9282608695652175
0.938695652173913
0.9934782608695653
0.9104347826086957
0.976086956521739
0.8830434782608695
0.8691304347826087
0.7978260869565218
0.811304347826087
0.8517391304347826
0.8765217391304347
0.788695652173913
0.7295652173913044
0.6926086956521739
0.6495652173913044
0.8800000000000001
0.8243478260869566
0.8091304347826087
0.8534782608695651
0.6760869565217391
0.5569565217391305
0.5039130434782608
0.5208695652173914
0.5273913043478261
0.5369565217391304
0.5704347826086957
0.6630434782608695
0.4817391304347826
0.3830434782608696
0.4534782608695652
0.5599999999999999
0.6334782608695653
0.5047826086956522
0.5952173913043478
0.5552173913043478
0.43173913043478257
0.3804347826086957
0.3934782608695652
0.5121739130434783
0.5317391304347826
0.6226086956521739
0.5434782608695652
0.5021739130434782
0.3726086956521739
0.32869565217391306
0.37478260869565216
0.5313043478260869
0.46695652173913044
0.48000000000000004
0.48217391304347823
0.5256521739130434
0.41956521739130437
0.4699999999999999
0.46304347826086956
0.44173913043478263
0.5008695652173912
0.4969565217391304
0.4852173913043478
0.5126086956521739
0.5065217391304347
0.4991304347826087
0.6147826086956522
0.671304347826087
0.5756521739130435
0.5826086956521739
0.5673913043478261
0.5334782608695652
0.528695652173913
0.5078260869565218
0.4708695652173913
