temperature
4.471739130434782
4.3191304347826085
4.2926086956521745
4.582173913043478
5.1695652173913045
4.302173913043478
3.8678260869565215
4.506521739130435
4.986521739130435
4.368695652173913
3.3447826086956525
3.3056521739130433
3.7230434782608692
4.0917391304347825
4.331739130434783
4.018260869565218
3.3947826086956523
3.821304347826087
4.040434782608696
4.322608695652174
5.064782608695652
4.506521739130435
4.578695652173913
4.57695652173913
4.455652173913044
3.6969565217391307
4.241304347826087
4.454782608695652
4.32
3.582608695652174
4.247391304347826
3.8665217391304343
3.9417391304347826
4.60695652173913
5.053913043478261
5.731304347826087
5.677391304347825
4.422173913043478
4.022608695652174
3.7717391304347827
3.6534782608695653
3.996086956521739
3.5413043478260873
3.008260869565217
3.006521739130435
3.3552173913043477
3.5234782608695654
4.039565217391305
4.040869565217391
3.7652173913043474
3.933913043478261
3.9995652173913046
4.176086956521739
5.095217391304348
4.550869565217392
4.414782608695653
4.875217391304347
5.580869565217392
5.570434782608696
5.894347826086956
6.4052173913043475
5.616521739130435
5.178260869565217
6.162173913043477
6.853478260869565
6.854347826086957
6.727826086956522
6.175217391304348
7.374782608695653
6.793913043478261
7.1726086956521735
6.780869565217392
6.984782608695652
6.737391304347827
6.815217391304348
7.124347826086957
7.448695652173913
6.414782608695652
6.80304347826087
6.5773913043478265
6.707391304347826
7.469130434782608
7.464347826086957
7.377391304347826
6.957391304347826
7.013478260869565
7.176086956521738
7.361739130434782
7.381739130434783
8.425217391304347
7.936956521739131
7.57
6.944782608695652
6.634782608695652
7.368695652173914
7.418260869565217
7.453913043478261
7.388695652173913
7.9482608695652175
8.46
7.960000000000001
8.22695652173913
7.641739130434782
7.5252173913043485
8.30695652173913
8.783043478260868
8.095217391304347
7.771304347826088
8.97391304347826
8.490869565217391
9.59304347826087
10.299130434782608
9.54304347826087
9.358260869565218
9.581739130434782
9.614782608695652
9.224347826086957
10.044347826086957
10.14391304347826
10.464347826086957
10.100434782608696
10.45695652173913
10.003043478260869
9.897391304347826
10.368695652173912
10.337391304347825
11.01391304347826
11.046521739130435
10.942608695652174
10.934782608695652
11.285652173913043
11.52695652173913
11.62217391304348
11.997391304347826
12.339130434782609
12.421739130434782
11.898260869565219
11.593478260869563
12.355652173913043
12.796521739130435
11.94086956521739
12.537391304347826
12.795652173913044
12.943478260869565
12.933913043478261
13.146521739130435
12.604347826086956
12.340434782608694
13.532608695652174
13.20695652173913
13.965652173913043
14.726521739130433
14.252608695652174
14.004347826086958
14.190434782608696
14.460869565217392
14.641739130434782
14.427391304347825
14.35217391304348
14.099130434782607
14.27
13.930869565217392
13.876521739130435
14.539565217391305
14.486521739130435
14.355217391304349
14.873478260869566
14.527391304347827
15.07391304347826
15.531304347826088
15.678260869565218
14.970434782608695
14.710434782608695
14.818260869565217
14.910869565217391
15.14913043478261
15.803478260869566
15.718260869565217
15.995652173913042
15.789565217391305
16.199565217391303
16.041739130434784
16.194166666666664
16.267916666666668
17.089583333333334
17.109166666666667
17.59375
17.47375
17.927916666666665
17.138749999999998
17.24833333333333
17.736250000000002
17.528333333333332
18.026666666666667
17.625833333333333
17.530416666666667
17.179166666666667
17.099999999999998
17.075
17.473333333333333
17.731666666666666
17.26625
17.322916666666668
17.901666666666667
17.55
17.712083333333336
17.624583333333334
18.110416666666666
18.34125
18.576249999999998
18.5325
17.982083333333332
17.59375
18.010833333333334
17.93875
17.965416666666666
17.5675
17.879166666666666
17.557083333333335
17.860833333333332
17.839166666666667
17.7575
17.719583333333333
17.461666666666666
17.601666666666667
17.97458333333333
17.889583333333334
17.704347826086956
17.27
17.26086956521739
17.971739130434784
18.078695652173913
18.551304347826086
17.051304347826086
16.430434782608696
16.218260869565217
16.56
16.11304347826087
15.599130434782607
16.053043478260868
16.30217391304348
16.08913043478261
15.81086956521739
15.85695652173913
15.564347826086957
15.335217391304347
15.60304347826087
15.08608695652174
14.84695652173913
15.608695652173912
15.465217391304348
15.615217391304347
15.329999999999998
14.966521739130435
14.30782608695652
13.760000000000002
14.030434782608696
14.234347826086957
14.412173913043478
14.583913043478262
14.98391304347826
13.988695652173913
14.215217391304348
14.533478260869565
13.877391304347826
14.343478260869563
13.69
13.810434782608695
14.187391304347827
13.725217391304348
13.82304347826087
14.198695652173912
13.833913043478262
13.237391304347826
12.574347826086955
12.573478260869566
12.510000000000002
12.318695652173913
12.569130434782608
11.953478260869565
12.704782608695652
12.941739130434783
12.295652173913044
11.89
12.257826086956522
11.46913043478261
11.17086956521739
11.13304347826087
10.646521739130435
10.741304347826087
10.535652173913043
11.157826086956522
10.613043478260868
10.296521739130435
10.143478260869566
10.146086956521739
10.162173913043478
10.419565217391305
10.19217391304348
10.002608695652174
9.461739130434783
9.339130434782609
9.189130434782609
9.331304347826087
9.291304347826086
9.178695652173914
8.829565217391304
8.425217391304347
7.970434782608695
8.14391304347826
9.198260869565217
8.827391304347826
8.662608695652175
8.98608695652174
8.02695652173913
7.350434782608696
6.827826086956521
6.708260869565217
7.051304347826087
6.857826086956521
6.928260869565217
7.3795652173913036
6.589565217391304
5.766521739130434
5.8047826086956515
6.195652173913044
6.409565217391304
6.265652173913044
6.717391304347826
6.278260869565218
5.349130434782609
4.914782608695652
5.056521739130434
5.759130434782609
5.7208695652173915
6.007391304347825
5.711304347826087
5.75608695652174
5.033913043478261
4.503478260869565
5.05
5.392173913043478
5.1582608695652175
4.864782608695652
4.927826086956522
5.028695652173913
5.144347826086956
5.0660869565217395
5.491304347826087
5.296086956521739
5.450434782608696
5.349130434782609
5.388695652173913
5.296086956521739
5.235652173913044
4.935652173913043
5.374782608695652
5.59
5.2156521739130435
5.468695652173913
4.751304347826087
4.597391304347826
4.451739130434783
4.300869565217392
4.227826086956521
