temperature
1.7249999999999999
1.4466666666666665
1.4145833333333335
1.4845833333333334
1.5566666666666666
1.9466666666666665
1.6925
1.0633333333333335
1.4016666666666666
2.0825
2.1404166666666664
1.9225
1.6216666666666668
1.8245833333333332
2.209166666666667
1.5241666666666667
1.51875
1.8091666666666668
1.3966666666666667
1.145
1.5025000000000002
1.7462499999999999
1.9575000000000002
2.313333333333333
2.3333333333333335
2.4125
1.9591666666666665
1.9395833333333332
1.1824999999999999
1.4295833333333334
1.9408333333333332
1.89875
2.1441666666666666
2.2241666666666666
2.112083333333333
1.5904166666666668
1.4083333333333332
1.305
1.2525
1.0379166666666666
1.1104166666666666
1.5512500000000002
1.8354166666666665
1.7404166666666667
2.532083333333333
2.7466666666666666
2.56
2.30125
1.9179166666666667
2.52625
2.6175
2.6245833333333333
2.2125
2.2879166666666664
1.9370833333333335
2.7745833333333336
2.28125
2.0025
1.5179166666666666
1.4625000000000001
1.6849999999999998
1.64875
1.6329166666666666
1.83875
2.5995833333333334
2.8329166666666663
3.1158333333333332
2.7883333333333336
2.8200000000000003
2.8800000000000003
2.5345833333333334
3.502083333333333
3.452083333333333
3.7116666666666664
3.8520833333333333
4.0720833333333335
3.5395833333333333
4.042083333333333
3.624166666666667
3.9924999999999997
3.8295833333333333
3.62375
3.8545833333333337
4.1691666666666665
4.4325
4.571666666666666
4.1625000000000005
4.2475
4.06
4.555000000000001
3.95875
4.784583333333333
4.62875
4.330416666666667
4.88875
4.631666666666667
4.294583333333333
5.2404166666666665
5.050833333333333
5.16
4.887083333333333
4.859166666666667
5.059583333333333
5.457083333333333
5.491666666666667
5.3425
5.0108
5.154
6.056799999999999
6.4112
7.0716
7.5288
6.9048
6.9524
6.2860000000000005
5.816
5.904
6.4724
6.2964
6.0232
6.290800000000001
6.56
6.8839999999999995
7.5112
7.1424
7.486000000000001
7.6864
7.9144000000000005
8.027999999999999
8.0692
7.9304
8.020800000000001
8.1036
8.118400000000001
8.5084
8.2044
8.4988
8.0896
9.0288
8.6604
8.5336
8.5996
8.7012
8.978000000000002
9.0616
9.116
9.1416
9.3472
9.222000000000001
9.693999999999999
10.630799999999999
10.968399999999999
10.9208
10.332
10.0204
9.9412
10.421600000000002
10.9256
10.63
10.808399999999999
10.998399999999998
9.8496
9.989600000000001
9.9152
10.0528
10.55
10.844000000000001
11.3472
10.882
10.6692
11.1884
10.7592
11.318399999999999
11.6072
11.109200000000001
11.4828
12.152000000000001
11.703199999999999
11.9712
11.8696
11.7976
12.3936
12.347999999999999
12.6592
12.4548
12.206
12.0712
12.264800000000001
12.2444
12.7192
12.6988
12.5336
11.94
12.0636
12.2072
12.5156
12.829600000000001
12.9868
13.2836
13.1248
12.7852
12.6
13.578399999999998
13.3332
13.278799999999999
13.1908
13.3848
13.12
12.708
12.7444
12.6356
12.6296
13.2808
13.228399999999999
13.2368
12.9332
13.290799999999999
12.944
12.4968
12.9228
12.5952
12.5076
12.2192
12.544400000000001
12.998
12.8724
12.393999999999998
12.1984
12.2704
12.046
11.9548
12.125599999999999
11.915999999999999
12.0436
12.052
11.8128
12.202
11.4796
11.878
11.637599999999999
11.2152
11.245999999999999
11.332799999999999
11.329600000000001
11.645999999999999
11.5184
11.7404
11.7556
11.1488
11.1176
11.582
10.9504
11.292
11.148399999999999
10.6952
10.6328
9.8836
10.0168
9.624400000000001
9.762
10.1096
10.0936
10.7
10.548
9.8076
9.306000000000001
9.6356
9.499600000000001
9.25
9.1352
9.6104
9.5276
9.4788
8.8475
8.4725
7.986666666666667
7.748333333333334
8.071666666666667
8.147499999999999
8.60125
8.72375
8.447916666666666
8.075833333333334
7.896666666666667
8.007916666666667
8.24625
8.115
7.260833333333333
7.098333333333334
6.78625
6.977083333333333
6.727083333333333
6.73875
7.117083333333333
7.085
6.945833333333334
6.847916666666666
6.617916666666667
6.785
6.9245833333333335
6.316666666666666
5.892499999999999
6.572916666666667
6.414166666666667
5.5320833333333335
5.517916666666667
5.2325
4.930833333333333
4.901666666666666
5.23125
5.06
4.629583333333334
4.476666666666667
4.913333333333333
4.8029166666666665
4.418333333333333
4.347083333333333
5.0841666666666665
5.04625
3.9450000000000003
3.6466666666666665
3.8775
3.763333333333333
3.689583333333333
3.32625
2.69125
3.6208333333333336
3.3579166666666667
3.06375
3.73625
3.450416666666667
2.9495833333333334
2.5420833333333333
2.5858333333333334
2.3958333333333335
3.0104166666666665
2.2829166666666665
2.3537500000000002
2.62125
2.42625
2.5679166666666666
2.8020833333333335
3.3379166666666666
3.0054166666666666
2.4120833333333334
2.225
2.465
2.8266666666666667
2.625833333333333
2.652083333333333
2.0437499999999997
1.7833333333333334
1.7125000000000001
1.7974999999999997
2.2275
2.63625
3.348333333333333
2.5433333333333334
1.8579166666666664
1.8329166666666667
1.4375
1.1579166666666667
1.9983333333333333
2.2183333333333333
2.560416666666667
