pet
0.40884615384615386
0.43884615384615383
0.3538461538461538
0.5007692307692307
0.6123076923076923
0.37576923076923074
0.4376923076923077
0.5526923076923077
0.5380769230769231
0.5911538461538461
0.4330769230769231
0.39192307692307693
0.415
0.5007692307692307
0.4876923076923077
0.4030769230769231
0.3284615384615384
0.3830769230769231
0.4042307692307692
0.4584615384615385
0.5588461538461538
0.5115384615384616
0.5365384615384615
0.5315384615384615
0.48846153846153845
0.49
0.45000000000000007
0.46115384615384614
0.5015384615384616
0.45269230769230767
0.4876923076923077
0.4523076923076923
0.5096153846153846
0.6011538461538461
0.5946153846153847
0.7238461538461538
0.6880769230769231
0.6046153846153847
0.5415384615384615
0.5661538461538462
0.49615384615384617
0.5115384615384616
0.46499999999999997
0.40692307692307694
0.3723076923076923
0.4126923076923077
0.42192307692307696
0.5223076923076924
0.4642307692307692
0.4938461538461538
0.49769230769230777
0.5407692307692308
0.6365384615384616
0.6673076923076924
0.5611538461538461
0.5446153846153846
0.7007692307692307
0.7419230769230769
0.7288461538461538
0.7569230769230769
0.8919230769230768
0.833076923076923
0.8473076923076923
0.9942307692307693
1.0196153846153846
1.0176923076923077
0.9734615384615386
0.9753846153846154
1.1565384615384615
1.0323076923076924
1.0392307692307692
1.0365384615384614
0.9623076923076923
0.9576923076923076
1.0034615384615384
1.060769230769231
1.0746153846153847
0.966923076923077
0.9915384615384616
0.9919230769230769
1.0438461538461539
1.2107692307692308
1.2003846153846154
1.1703846153846154
1.1534615384615383
1.1515384615384616
1.1203846153846153
1.2403846153846154
1.2965384615384616
1.4280769230769232
1.363846153846154
1.1707692307692308
1.1192307692307693
1.209230769230769
1.2699999999999998
1.3699999999999999
1.3807692307692307
1.2488461538461537
1.406923076923077
1.6484615384615384
1.7184615384615385
1.6734615384615383
1.5107692307692309
1.6246153846153848
1.8688461538461536
1.8353846153846154
1.6946153846153846
1.9223076923076923
1.781923076923077
1.7892307692307694
1.9342307692307692
2.059230769230769
1.7953846153846154
1.8538461538461537
1.8611538461538462
1.883076923076923
1.8992307692307693
1.905
1.9861538461538462
1.981923076923077
1.8611538461538462
2.0165384615384614
2.0719230769230768
2.143076923076923
2.223076923076923
2.2830769230769232
2.4546153846153844
2.309230769230769
2.1903846153846156
2.338461538461538
2.413076923076923
2.4038461538461537
2.4069230769230767
2.4153846153846157
2.5053846153846155
2.289230769230769
2.323846153846154
2.3103846153846153
2.556923076923077
2.7011538461538462
2.5576923076923075
2.755
2.696153846153846
2.843461538461538
2.6388461538461536
2.724615384615385
2.558846153846154
2.5142307692307693
2.675
2.4996153846153844
2.7392307692307694
2.6542307692307694
2.433846153846154
2.425
2.367692307692308
2.526923076923077
2.472692307692308
2.515
2.5265384615384616
2.458076923076923
2.4030769230769233
2.418076923076923
2.3346153846153848
2.3953846153846152
2.363076923076923
2.453076923076923
2.6769230769230767
2.545769230769231
2.5534615384615384
2.598076923076923
2.6592307692307693
2.4661538461538464
2.4753846153846153
2.462307692307692
2.5342307692307693
2.6142307692307694
2.641538461538462
2.566923076923077
2.6361538461538463
2.6242307692307696
2.7188461538461537
2.6792307692307693
2.670769230769231
2.7973076923076925
2.963846153846154
2.8461538461538463
2.8484615384615384
2.990769230769231
2.9446153846153846
2.9015384615384616
2.871923076923077
2.901923076923077
2.8273076923076923
2.9257692307692307
2.886153846153846
2.8019230769230767
2.604230769230769
2.549615384615385
2.5969230769230767
2.837307692307692
2.7342307692307695
2.6526923076923077
2.661538461538462
2.663846153846154
2.545769230769231
2.8003846153846155
2.7611538461538463
2.8046153846153845
2.7838461538461536
2.7853846153846153
2.906538461538461
2.511153846153846
2.4823076923076925
2.645769230769231
2.5065384615384616
2.4511538461538462
2.4723076923076923
2.3457692307692306
2.2
2.393076923076923
2.2580769230769233
2.3173076923076925
2.381153846153846
2.315769230769231
2.3703846153846153
2.426153846153846
2.358076923076923
2.205
2.184230769230769
2.233076923076923
2.39
2.457692307692308
2.3984615384615386
2.1996153846153845
2.0623076923076926
2.1157692307692306
2.102692307692308
1.955769230769231
1.93
2.0376923076923075
2.0196153846153844
1.886153846153846
1.9
1.8503846153846153
1.8819230769230768
1.753076923076923
1.8053846153846154
1.6734615384615383
1.6969230769230772
1.8919230769230768
1.7673076923076925
1.7888461538461538
1.5503846153846155
1.5419230769230767
1.4923076923076921
1.4346153846153844
1.3826923076923079
1.4003846153846156
1.5776923076923075
1.4961538461538462
1.415769230769231
1.345
1.4061538461538463
1.44
1.3226923076923076
1.4130769230769231
1.2330769230769232
1.205
1.2153846153846155
1.2161538461538461
1.3684615384615384
1.2707692307692307
1.27
1.1953846153846155
1.2569230769230768
1.2046153846153846
1.1307692307692307
1.103076923076923
1.1180769230769232
1.021923076923077
1.185
1.2430769230769232
0.9750000000000001
1.0276923076923077
1.0246153846153847
0.841923076923077
0.8153846153846154
0.7773076923076924
0.7357692307692307
0.7596153846153846
0.8311538461538461
0.8357692307692308
0.7438461538461538
0.6757692307692308
0.7053846153846154
0.803076923076923
0.731923076923077
0.8042307692307692
0.7038461538461539
0.7057692307692308
0.6842307692307692
0.7426923076923078
0.885
0.7857692307692308
0.8196153846153845
0.8
0.7042307692307692
0.6607692307692308
0.5234615384615384
0.5319230769230769
0.7711538461538462
0.6623076923076923
0.663076923076923
0.7053846153846154
0.566923076923077
0.47000000000000003
0.4880769230769231
0.4826923076923077
0.4703846153846154
0.40269230769230774
0.475
0.525
0.3819230769230769
0.36115384615384616
0.415
0.5565384615384615
0.6523076923076924
0.4973076923076923
0.5619230769230769
0.4465384615384616
0.39076923076923076
0.35692307692307695
0.3426923076923077
0.4330769230769231
0.5003846153846154
0.6230769230769231
0.5511538461538461
0.5173076923076922
0.36846153846153845
0.3457692307692308
0.34307692307692306
0.30653846153846154
0.3057692307692308
0.38346153846153846
0.40076923076923077
0.45307692307692304
0.4123076923076923
0.4419230769230769
0.4226923076923077
0.37576923076923074
0.4211538461538461
0.3811538461538462
0.42769230769230765
0.4953846153846154
0.46384615384615385
0.46384615384615385
0.4646153846153846
0.5211538461538462
0.5103846153846153
0.5765384615384616
0.6065384615384615
0.6369230769230769
0.4623076923076923
0.37461538461538463
0.4357692307692308
