pet
0.5195454545454545
0.5809090909090909
0.5081818181818182
0.5490909090909091
0.6504545454545455
0.40318181818181825
0.3663636363636364
0.44863636363636367
0.5154545454545455
0.520909090909091
0.42
0.41
0.4627272727272727
0.4481818181818182
0.4772727272727273
0.4295454545454546
0.3331818181818182
0.41727272727272724
0.44
0.43863636363636366
0.565
0.5181818181818182
0.5086363636363637
0.509090909090909
0.49409090909090914
0.43000000000000005
0.49227272727272725
0.5440909090909091
0.5750000000000001
0.5404545454545455
0.5818181818181819
0.4731818181818182
0.5540909090909091
0.7009090909090909
0.7977272727272727
0.935
0.9104545454545455
0.6981818181818181
0.6231818181818182
0.6463636363636364
0.5963636363636363
0.7000000000000001
0.5581818181818182
0.4690909090909091
0.49227272727272725
0.5554545454545455
0.5045454545454545
0.6509090909090909
0.6622727272727272
0.6127272727272728
0.6340909090909091
0.6118181818181818
0.6236363636363637
0.7409523809523809
0.5957142857142858
0.6204761904761904
0.7752380952380953
0.8885714285714286
0.8938095238095238
0.9047619047619048
0.92
0.8252380952380951
0.8247619047619048
1.018095238095238
1.1923809523809523
1.2038095238095239
1.1066666666666667
1.0652380952380953
1.2942857142857143
1.120952380952381
1.1676190476190476
1.2395238095238095
1.3009523809523809
1.1671428571428573
1.2476190476190476
1.360952380952381
1.2847619047619048
1.0038095238095237
1.1471428571428572
1.1442857142857144
1.210952380952381
1.477142857142857
1.4038095238095238
1.3266666666666667
1.2809523809523808
1.3585714285714285
1.4457142857142857
1.4314285714285713
1.3952380952380952
1.6366666666666665
1.5747619047619048
1.4880952380952381
1.3647619047619048
1.4
1.4590476190476191
1.5328571428571427
1.4928571428571429
1.563809523809524
1.7928571428571427
1.8747619047619046
1.696190476190476
1.6885714285714286
1.5114285714285713
1.6128571428571428
1.8204761904761904
1.8857142857142857
1.6985714285714286
1.822857142857143
1.9242857142857142
1.8123809523809524
2.123809523809524
2.3323809523809524
2.0180952380952384
2.0938095238095236
2.1542857142857144
2.170952380952381
2.2157142857142857
2.3476190476190473
2.3233333333333333
2.4280952380952376
2.454285714285714
2.5819047619047617
2.460952380952381
2.3452380952380953
2.5276190476190474
2.4295238095238094
2.565714285714286
2.5604761904761904
2.374761904761905
2.5685714285714285
2.625714285714286
2.5742857142857143
2.800952380952381
2.833809523809524
2.9476190476190474
2.8823809523809523
2.677142857142857
2.606666666666667
2.793333333333333
2.9414285714285713
2.6480952380952383
2.840952380952381
2.924285714285714
2.9204761904761902
2.859047619047619
2.8633333333333333
2.6033333333333335
2.45
2.8242857142857143
2.7485714285714287
3.0385714285714287
2.9952380952380953
2.722857142857143
2.5904761904761906
2.534761904761905
2.854285714285714
2.7061904761904763
2.7876190476190477
2.7504761904761903
2.662380952380952
2.6995238095238094
2.617142857142857
2.494761904761905
2.7376190476190474
2.716190476190476
2.755714285714286
2.901904761904762
2.8071428571428574
2.800952380952381
2.9052380952380954
3.0504761904761906
2.698571428571429
2.665238095238095
2.5557142857142856
2.6476190476190475
2.7476190476190476
2.9833333333333334
2.7642857142857142
2.9309523809523808
2.8380952380952382
3.0033333333333334
2.84952380952381
2.6914285714285713
2.8495238095238093
3.1090476190476193
3.0438095238095237
3.124285714285714
3.1319047619047615
3.279047619047619
3.084285714285714
3.160476190476191
3.190952380952381
3.080952380952381
3.2342857142857144
3.179047619047619
3.0714285714285716
2.8238095238095235
2.7652380952380953
2.953333333333333
3.1671428571428573
3.205454545454545
2.9818181818181815
3.0472727272727274
3.0900000000000003
3.011818181818182
3.166818181818182
3.080454545454545
3.191818181818182
3.2145454545454544
3.244090909090909
3.2981818181818183
3.0645454545454545
3.044545454545455
3.0645454545454545
2.965909090909091
2.8763636363636365
2.941818181818182
2.945909090909091
2.8368181818181815
2.987727272727273
2.978181818181818
2.9622727272727274
2.924090909090909
2.766363636363636
2.6995454545454547
2.8272727272727276
2.7181818181818183
2.713636363636364
2.6331818181818183
2.6418181818181816
2.8563636363636364
2.7927272727272725
2.7927272727272725
2.5545454545454547
2.2927272727272725
2.2513636363636365
2.382727272727273
2.2327272727272724
2.076363636363636
2.2636363636363637
2.251818181818182
2.2618181818181817
2.1586363636363637
2.1854545454545455
2.194545454545455
2.028181818181818
2.0386363636363636
1.9586363636363637
1.89
2.057272727272727
2.059090909090909
1.9631818181818181
1.9354545454545453
1.9863636363636366
1.7413636363636364
1.5663636363636364
1.5527272727272725
1.64
1.741818181818182
1.872272727272727
1.9863636363636366
1.6254545454545453
1.5686363636363636
1.63
1.54
1.6704545454545454
1.4981818181818183
1.5031818181818182
1.5636363636363635
1.4631818181818181
1.5268181818181816
1.5704545454545453
1.6036363636363637
1.434090909090909
1.3377272727272727
1.3040909090909092
1.3245454545454545
1.2095454545454545
1.2218181818181817
1.1659090909090908
1.3336363636363637
1.3986363636363637
1.1913636363636364
1.0704545454545455
1.166818181818182
1.085
1.0281818181818183
1.0545454545454545
0.984090909090909
0.8677272727272727
0.9040909090909092
1.0018181818181817
0.8931818181818181
0.8368181818181818
0.8454545454545456
0.8772727272727273
0.8509090909090908
0.9690909090909091
0.8327272727272728
0.9486363636363637
0.8554545454545455
0.8768181818181818
0.8363636363636363
0.8368181818181818
0.8263636363636363
0.7918181818181819
0.7536363636363635
0.6713636363636364
0.5786363636363636
0.5559090909090909
0.7649999999999999
0.7559090909090909
0.7018181818181818
0.6659090909090909
0.6613636363636364
0.5386363636363636
0.46636363636363637
0.41590909090909095
0.509090909090909
0.4977272727272727
0.5172727272727273
0.5327272727272727
0.43681818181818177
0.37454545454545457
0.39272727272727276
0.5013636363636363
0.5713636363636364
0.5790909090909091
0.6331818181818182
0.5836363636363636
0.455
0.4586363636363636
0.43727272727272726
0.5718181818181818
0.615909090909091
0.7313636363636363
0.6072727272727273
0.5313636363636364
0.39272727272727276
0.44499999999999995
0.4304545454545455
0.4709090909090909
0.38727272727272727
0.4295454545454545
0.4731818181818182
0.5286363636363636
0.42772727272727273
0.5
0.3854545454545455
0.4713636363636363
0.5095454545454545
0.4304545454545455
0.43681818181818177
0.4904545454545454
0.47454545454545455
0.4872727272727273
0.5227272727272727
0.61
0.485
0.5109090909090909
0.48454545454545456
0.49500000000000005
0.4859090909090909
0.48636363636363633
0.46090909090909093
