temperature
3.983076923076923
3.7642307692307693
3.4303846153846154
3.4861538461538464
3.7673076923076922
3.7150000000000003
4.313461538461539
4.021153846153846
3.868846153846154
4.446153846153846
4.737307692307692
4.943846153846153
4.434615384615385
4.082692307692308
4.428461538461539
4.099230769230769
3.893076923076923
4.270384615384615
4.366153846153846
3.6634615384615383
3.336153846153846
3.501153846153846
3.553846153846154
3.8273076923076923
4.319615384615385
4.211923076923077
4.386923076923077
4.526153846153846
4.063846153846153
3.694230769230769
4.142692307692308
4.400384615384615
4.2057692307692305
4.362692307692307
5.061923076923076
4.781153846153846
3.9919230769230767
4.047692307692308
4.0661538461538465
3.773846153846154
3.7353846153846155
4.435384615384615
4.701923076923077
4.068076923076923
4.605384615384615
5.238846153846154
4.763076923076923
5.102307692307692
4.686923076923077
5.015769230769231
5.3780769230769225
5.681153846153847
5.345
5.552307692307692
4.961923076923076
5.473461538461539
4.910384615384616
4.664615384615384
4.2869230769230775
4.354230769230769
4.462692307692308
4.194615384615385
4.058461538461538
4.35
5.134615384615385
5.801923076923076
5.962307692307691
6.616538461538462
6.373461538461539
6.29
5.8403846153846155
5.648461538461538
6.848846153846154
7.227307692307692
7.044615384615384
7.015000000000001
6.225769230769231
6.470384615384615
6.125384615384615
6.493461538461539
6.4326923076923075
6.767692307692308
6.976538461538461
7.15923076923077
7.233846153846153
6.923846153846155
7.422692307692308
7.663846153846153
7.822307692307692
8.024230769230769
7.6899999999999995
7.644615384615384
7.885384615384615
7.498461538461539
7.9423076923076925
7.7846153846153845
6.7942307692307695
7.742307692307692
7.926153846153847
7.4180769230769235
7.6619230769230775
7.517692307692308
7.938076923076922
8.31076923076923
8.239230769230769
8.258846153846154
8.403461538461539
8.170384615384616
8.095769230769232
9.028846153846153
9.860384615384616
10.180384615384614
10.100384615384616
10.328076923076923
9.719615384615384
9.10153846153846
9.381923076923076
9.16
9.041538461538462
9.500384615384615
9.87846153846154
9.841153846153846
10.235000000000001
10.167307692307693
10.325
10.083076923076923
11.085769230769232
10.89576923076923
11.22
11.68153846153846
10.89076923076923
10.868846153846153
10.956538461538461
10.752307692307692
11.683461538461538
11.478076923076923
11.446538461538463
11.710769230769232
12.132692307692308
11.890769230769232
12.060384615384615
11.973846153846154
12.256923076923076
12.043846153846154
12.486923076923079
12.513846153846155
12.75423076923077
12.607692307692307
12.658076923076923
12.806153846153846
13.414230769230768
14.518461538461539
14.002692307692307
13.386923076923077
12.92
13.248076923076923
13.125
13.42576923076923
13.57076923076923
14.081923076923077
13.929230769230768
13.712307692307691
13.589230769230769
13.996538461538462
13.878846153846155
14.076153846153845
15.042307692307693
14.971153846153847
15.086923076923076
14.64576923076923
14.363076923076923
14.25076923076923
14.507692307692308
14.978461538461538
14.853461538461538
14.912692307692309
15.552307692307693
14.724615384615387
14.990384615384615
15.392692307692307
15.218461538461538
15.524615384615384
15.711153846153847
15.502307692307692
15.48
15.903461538461539
15.627307692307692
15.698076923076922
15.756538461538462
15.805769230769231
15.871153846153845
15.595
15.575769230769232
15.04
15.587692307692306
16.000384615384615
16.345000000000002
16.39346153846154
17.253461538461536
17.113076923076925
16.29346153846154
15.638076923076921
16.45346153846154
16.80576923076923
16.315
17.03
16.567307692307693
16.537307692307692
16.308461538461536
16.326923076923077
15.981153846153846
16.088846153846156
16.599615384615383
16.682307692307692
16.771153846153847
16.45307692307692
16.256153846153843
16.686153846153847
16.356153846153845
16.712692307692308
16.689230769230768
16.104230769230767
16.876538461538463
16.43769230769231
16.518846153846155
16.530384615384612
15.885
15.977692307692308
15.916923076923078
15.904230769230768
15.91576923076923
15.756153846153847
15.831153846153846
16.263846153846153
15.925
15.12076923076923
15.53346153846154
14.955
14.968461538461538
14.682692307692308
14.316923076923077
14.530384615384614
14.181153846153846
14.275384615384617
15.447692307692307
14.626153846153844
15.164230769230768
15.200384615384614
14.629999999999999
14.556923076923077
14.60576923076923
14.438846153846155
14.877692307692307
14.524615384615384
14.001153846153844
13.700384615384614
13.55
13.711153846153847
13.060384615384615
13.026923076923076
13.382307692307693
13.486153846153845
13.362692307692308
13.373076923076923
13.083461538461538
12.827307692307691
12.521538461538462
12.805384615384614
12.458846153846155
12.577692307692306
12.912692307692309
12.695384615384615
12.981538461538461
12.191600000000001
11.5132
11.3324
11.111600000000001
11.6952
10.9296
11.0944
11.739600000000001
11.376399999999999
11.644
10.93
10.9564
10.87
10.4564
10.4056
10.446800000000001
9.7696
9.9864
9.719199999999999
9.4716
9.953199999999999
9.5596
9.560799999999999
9.7216
9.682
9.274
9.574399999999999
9.1096
8.7952
9.375599999999999
9.1164
8.756
8.576
7.914
7.728400000000001
7.972799999999999
7.6339999999999995
7.5120000000000005
7.274
7.1824
7.9188
7.7676
7.573200000000001
7.2308
7.0952
7.6648000000000005
6.7564
6.8208
6.530399999999999
6.1268
5.8688
5.5032000000000005
5.203200000000001
5.271999999999999
5.7512
5.326923076923077
5.908461538461538
5.616538461538462
5.386923076923077
5.179615384615384
5.184230769230769
4.647307692307693
4.758461538461538
4.5442307692307695
4.703076923076923
5.2773076923076925
5.036538461538461
4.878461538461538
4.8015384615384615
4.712307692307692
4.609615384615385
4.148076923076923
4.630769230769231
4.2907692307692304
4.437692307692307
4.656153846153846
4.362692307692308
3.7665384615384614
3.5696153846153846
3.644230769230769
3.628846153846154
4.3730769230769235
4.821923076923077
5.376153846153846
5.125
4.325769230769231
4.100384615384615
3.792307692307692
3.416923076923077
3.9569230769230765
4.305384615384615
4.298076923076923
