pet
0.3961538461538462
0.3807692307692308
0.34346153846153843
0.3153846153846154
0.3923076923076923
0.3903846153846154
0.4888461538461539
0.405
0.37692307692307697
0.4376923076923077
0.5288461538461539
0.5130769230769231
0.4507692307692308
0.41384615384615386
0.51
0.475
0.4103846153846154
0.5180769230769231
0.5496153846153846
0.4042307692307692
0.32653846153846156
0.3792307692307692
0.39538461538461533
0.4211538461538462
0.48000000000000004
0.4580769230769231
0.5119230769230769
0.5573076923076923
0.47384615384615386
0.4719230769230769
0.5738461538461539
0.5738461538461539
0.5719230769230769
0.525
0.6319230769230769
0.5988461538461538
0.47807692307692307
0.525
0.5549999999999999
0.4869230769230769
0.4761538461538462
0.6203846153846153
0.6011538461538461
0.48000000000000004
0.6061538461538462
0.7184615384615385
0.6396153846153846
0.6849999999999999
0.6223076923076923
0.7526923076923077
0.7834615384615385
0.7842307692307693
0.7576923076923077
0.7365384615384615
0.663076923076923
0.7215384615384616
0.6634615384615384
0.6661538461538462
0.6492307692307692
0.6611538461538462
0.6934615384615385
0.6057692307692307
0.56
0.6673076923076924
0.8469230769230769
0.9826923076923078
1.0153846153846153
1.1111538461538462
1.093846153846154
1.0523076923076924
0.908076923076923
0.946923076923077
1.2161538461538461
1.3315384615384613
1.2403846153846154
1.2692307692307692
1.136923076923077
1.1842307692307692
1.1707692307692308
1.208846153846154
1.2107692307692308
1.2996153846153846
1.3157692307692308
1.4046153846153848
1.4003846153846153
1.4011538461538462
1.5234615384615384
1.4573076923076924
1.5861538461538462
1.6384615384615384
1.6388461538461538
1.6496153846153847
1.6973076923076924
1.6561538461538463
1.706923076923077
1.655
1.484230769230769
1.712307692307692
1.7957692307692308
1.676153846153846
1.7034615384615384
1.6803846153846154
1.8415384615384616
1.9726923076923077
1.9115384615384614
1.885
1.8953846153846154
1.7792307692307692
1.8592307692307695
2.14
2.392692307692308
2.331923076923077
2.428076923076923
2.4676923076923076
2.1815384615384614
2.0096153846153846
2.0765384615384614
1.9696153846153845
1.8792307692307693
2.0788461538461536
2.279230769230769
2.333076923076923
2.391923076923077
2.326923076923077
2.3803846153846155
2.391153846153846
2.6984615384615385
2.620769230769231
2.6392307692307693
2.8184615384615386
2.553076923076923
2.5542307692307693
2.464230769230769
2.5461538461538464
2.818076923076923
2.623076923076923
2.5734615384615385
2.4899999999999998
2.6934615384615386
2.646153846153846
2.686153846153846
2.6334615384615385
2.670769230769231
2.6180769230769227
2.7976923076923077
2.775384615384615
2.7984615384615386
2.8065384615384614
2.811153846153846
2.9103846153846153
3.0634615384615387
3.1149999999999998
2.871153846153846
2.7207692307692306
2.5173076923076922
2.548076923076923
2.495
2.545
2.616923076923077
2.7219230769230767
2.664230769230769
2.5549999999999997
2.4346153846153844
2.5519230769230767
2.6003846153846153
2.5876923076923077
2.878076923076923
2.8261538461538462
2.836153846153846
2.754230769230769
2.6434615384615388
2.5788461538461536
2.5561538461538458
2.731923076923077
2.7199999999999998
2.822307692307692
2.9930769230769227
2.691153846153846
2.7800000000000002
2.853846153846154
2.7388461538461537
2.8257692307692306
2.7503846153846156
2.8376923076923077
2.706538461538462
2.795
2.713846153846154
2.7988461538461538
2.851153846153846
2.985
2.9123076923076923
2.7434615384615384
2.7399999999999998
2.6061538461538465
2.787692307692308
2.786153846153846
2.815
2.916153846153846
3.123846153846154
3.14
2.7634615384615384
2.7207692307692306
2.7842307692307693
2.833846153846154
2.6946153846153846
3.012307692307693
2.798076923076923
2.667307692307692
2.5915384615384616
2.5592307692307688
2.459230769230769
2.505
2.710769230769231
2.608076923076923
2.599615384615385
2.411923076923077
2.4992307692307696
2.4184615384615387
2.4215384615384616
2.613076923076923
2.5334615384615384
2.3815384615384616
2.4676923076923076
2.443846153846154
2.481923076923077
2.319230769230769
2.158846153846154
2.149230769230769
2.167307692307692
2.083846153846154
2.126153846153846
2.121153846153846
2.081153846153846
2.211923076923077
2.096923076923077
1.9584615384615385
2.1153846153846154
1.896153846153846
1.9042307692307692
1.7430769230769232
1.7242307692307692
1.7269230769230768
1.6630769230769231
1.651923076923077
1.9438461538461538
1.7946153846153845
1.916153846153846
1.8957692307692307
1.8357692307692308
1.7538461538461538
1.7715384615384617
1.7019230769230769
1.9200000000000002
1.7257692307692307
1.5869230769230769
1.5053846153846153
1.4719230769230767
1.5273076923076923
1.4415384615384614
1.375
1.4657692307692307
1.543076923076923
1.4719230769230771
1.5476923076923077
1.435
1.378076923076923
1.2511538461538463
1.276923076923077
1.2507692307692309
1.2484615384615385
1.3761538461538463
1.4076923076923078
1.4453846153846153
1.2192307692307691
1.1526923076923077
1.0723076923076922
1.0003846153846154
1.088076923076923
0.9538461538461539
1.0207692307692307
1.2273076923076922
1.0553846153846154
1.1326923076923077
0.9261538461538461
0.9965384615384616
1.0811538461538461
0.9407692307692308
0.9492307692307692
0.9173076923076924
0.8273076923076924
0.8723076923076923
0.7715384615384615
0.7773076923076924
0.8446153846153847
0.7215384615384616
0.9038461538461539
0.9023076923076924
0.8907692307692308
0.8234615384615385
0.9165384615384615
0.9065384615384615
0.8488461538461538
0.9276923076923077
0.8123076923076924
0.7407692307692308
0.7138461538461538
0.6284615384615384
0.6380769230769231
0.6603846153846155
0.5761538461538461
0.49769230769230766
0.5496153846153846
0.5784615384615385
0.6223076923076923
0.5892307692307692
0.5076923076923077
0.5088461538461538
0.5457692307692308
0.643076923076923
0.4730769230769231
0.5619230769230769
0.48384615384615387
0.44153846153846155
0.3984615384615384
0.3988461538461539
0.32192307692307687
0.3496153846153846
0.37692307692307697
0.40230769230769237
0.4815384615384615
0.49461538461538457
0.47807692307692307
0.4538461538461539
0.4807692307692308
0.4169230769230769
0.41923076923076924
0.32230769230769235
0.3630769230769231
0.4703846153846154
0.5376923076923077
0.41346153846153844
0.4453846153846154
0.36961538461538457
0.3946153846153846
0.3607692307692308
0.46653846153846157
0.3626923076923077
0.415
0.40076923076923077
0.38153846153846155
0.3396153846153846
0.3819230769230769
0.34346153846153843
0.4211538461538462
0.573076923076923
0.5588461538461539
0.6649999999999999
0.5546153846153846
0.4642307692307692
0.4580769230769231
0.4123076923076923
0.32384615384615384
0.5042307692307693
0.5426923076923077
0.53
