pet
0.41923076923076924
0.4703846153846154
0.375
0.4326923076923077
0.5969230769230769
0.4061538461538462
0.43615384615384617
0.5096153846153846
0.6142307692307692
0.6223076923076923
0.45153846153846156
0.4196153846153846
0.46384615384615385
0.5223076923076924
0.5273076923076924
0.4580769230769231
0.2876923076923077
0.3576923076923077
0.4
0.4580769230769231
0.62
0.5911538461538461
0.5980769230769231
0.56
0.533076923076923
0.4846153846153846
0.5092307692307693
0.4969230769230769
0.5438461538461539
0.48115384615384615
0.5296153846153846
0.5015384615384616
0.49
0.5846153846153845
0.5938461538461538
0.745
0.7596153846153846
0.6380769230769231
0.5776923076923077
0.5757692307692308
0.5173076923076922
0.546923076923077
0.4634615384615385
0.4
0.38038461538461543
0.4096153846153846
0.4230769230769231
0.536923076923077
0.5142307692307693
0.5069230769230769
0.5507692307692308
0.6126923076923076
0.6592307692307693
0.7665384615384615
0.64
0.6465384615384615
0.6784615384615384
0.8088461538461539
0.7896153846153846
0.8926923076923077
0.9930769230769231
0.9111538461538462
0.8819230769230769
1.0592307692307692
1.125
1.1488461538461539
1.1657692307692307
1.086153846153846
1.286923076923077
1.191153846153846
1.228846153846154
1.1653846153846155
1.1203846153846153
1.1126923076923076
1.228076923076923
1.2815384615384615
1.3646153846153846
1.1473076923076924
1.2034615384615384
1.2184615384615385
1.1938461538461538
1.4646153846153847
1.5026923076923078
1.3857692307692309
1.3584615384615384
1.3165384615384614
1.3488461538461538
1.275
1.3673076923076921
1.685
1.6857692307692307
1.4911538461538463
1.3284615384615384
1.2938461538461539
1.4753846153846153
1.5473076923076923
1.609230769230769
1.333076923076923
1.5584615384615386
1.8919230769230768
1.805
1.7915384615384615
1.685
1.7503846153846152
1.9173076923076924
1.9734615384615386
1.7407692307692306
1.863076923076923
1.985769230769231
1.9061538461538463
2.033846153846154
2.3165384615384617
1.8876923076923076
1.906923076923077
1.9438461538461538
1.8773076923076923
1.8576923076923075
1.9426923076923077
1.9665384615384613
2.0711538461538463
2.0307692307692307
2.2173076923076924
2.1403846153846153
2.1746153846153846
2.2757692307692308
2.288846153846154
2.496153846153846
2.378076923076923
2.431153846153846
2.534615384615385
2.4007692307692308
2.463461538461538
2.4257692307692307
2.457307692307692
2.5949999999999998
2.5380769230769227
2.346923076923077
2.433846153846154
2.5353846153846153
2.8015384615384615
2.575
2.798076923076923
2.7253846153846153
2.833846153846154
2.7207692307692306
2.7792307692307694
2.6334615384615385
2.5292307692307694
2.6553846153846155
2.6276923076923073
2.802692307692308
2.7715384615384617
2.608076923076923
2.5107692307692306
2.5176923076923075
2.666923076923077
2.5969230769230767
2.6715384615384616
2.7226923076923075
2.5907692307692307
2.5515384615384615
2.534615384615385
2.5250000000000004
2.608461538461538
2.5492307692307694
2.5111538461538463
2.8261538461538462
2.548076923076923
2.6203846153846153
2.6403846153846158
2.7976923076923077
2.5961538461538463
2.4953846153846153
2.4992307692307696
2.6553846153846155
2.755
2.878846153846154
2.7584615384615385
2.7719230769230765
2.7199999999999998
2.855
2.913846153846154
2.7342307692307695
2.838076923076923
3.105384615384615
3.0111538461538463
3.004230769230769
3.129230769230769
3.1738461538461538
3.019230769230769
2.968461538461539
3.025384615384615
2.871153846153846
3.072307692307692
3.0819230769230765
2.935
2.8126923076923074
2.6926923076923077
2.755
3.0349999999999997
2.9203846153846156
2.8646153846153846
2.8673076923076923
2.7707692307692304
2.714230769230769
2.8965384615384617
2.9376923076923074
2.9823076923076925
3.013076923076923
3.093461538461538
3.271153846153846
2.9676923076923076
2.829230769230769
2.945
2.9203846153846156
2.7546153846153847
2.7688461538461535
2.7388461538461537
2.6526923076923077
2.7353846153846155
2.7676923076923075
2.6823076923076923
2.7430769230769227
2.6584615384615384
2.7596153846153846
2.9265384615384615
2.8603846153846155
2.652307692307692
2.5703846153846155
2.6346153846153846
2.805
2.773076923076923
2.751923076923077
2.4492307692307693
2.269230769230769
2.272307692307692
2.4030769230769233
2.3273076923076923
2.17
2.301153846153846
2.3857692307692306
2.227307692307692
2.1392307692307693
2.227307692307692
2.205
2.098076923076923
2.183461538461539
2.0876923076923077
1.9053846153846155
2.1226923076923074
2.144230769230769
2.165
1.905
1.886153846153846
1.7757692307692308
1.640769230769231
1.656923076923077
1.6892307692307693
1.813076923076923
1.7253846153846153
1.705769230769231
1.566923076923077
1.6584615384615384
1.7376923076923076
1.6157692307692306
1.7584615384615385
1.468076923076923
1.4523076923076923
1.51
1.4396153846153845
1.5003846153846152
1.5865384615384615
1.4396153846153845
1.3546153846153846
1.4126923076923075
1.3803846153846153
1.360769230769231
1.2746153846153847
1.2984615384615383
1.1096153846153847
1.3023076923076924
1.4026923076923077
1.2692307692307692
1.2623076923076924
1.2238461538461538
1.0015384615384615
0.8861538461538461
0.9338461538461539
0.801923076923077
0.925
0.9880769230769231
0.9450000000000001
0.8307692307692308
0.7161538461538461
0.8134615384615385
0.9096153846153846
0.9299999999999999
0.9061538461538461
0.865
0.8161538461538461
0.7811538461538461
0.8049999999999999
0.9484615384615385
0.8996153846153846
0.8961538461538462
0.9184615384615384
0.7757692307692309
0.7480769230769231
0.6130769230769231
0.5684615384615385
0.84
0.7615384615384616
0.713076923076923
0.8088461538461539
0.5907692307692307
0.5038461538461538
0.5188461538461538
0.5311538461538462
0.5196153846153846
0.4465384615384615
0.5257692307692308
0.6034615384615385
0.4061538461538462
0.3792307692307692
0.46692307692307694
0.5707692307692308
0.6803846153846153
0.5296153846153846
0.5619230769230769
0.4746153846153846
0.42615384615384616
0.3896153846153846
0.3515384615384616
0.48307692307692307
0.5307692307692308
0.6711538461538461
0.6138461538461538
0.5742307692307692
0.42500000000000004
0.4003846153846154
0.4103846153846154
0.40076923076923077
0.3130769230769231
0.3807692307692308
0.40576923076923077
0.44999999999999996
0.35923076923076924
0.45153846153846156
0.44384615384615383
0.39115384615384613
0.4534615384615384
0.3880769230769231
0.4453846153846154
0.5242307692307693
0.5361538461538462
0.5203846153846154
0.5223076923076924
0.5542307692307692
0.5257692307692308
0.5573076923076923
0.5988461538461538
0.6730769230769231
0.49038461538461536
0.37538461538461537
0.42
