pet
0.4064
0.4328
0.33120000000000005
0.4436
0.6052000000000001
0.40880000000000005
0.4264
0.504
0.5092
0.5768
0.5352
0.5296
0.4916
0.5264
0.528
0.4276
0.37439999999999996
0.3972
0.4292
0.496
0.62
0.515
0.5057692307692307
0.49153846153846154
0.4246153846153847
0.41000000000000003
0.3734615384615385
0.4623076923076923
0.5588461538461538
0.5046153846153847
0.5307692307692308
0.4973076923076923
0.5742307692307692
0.6534615384615384
0.6480769230769231
0.7684615384615385
0.785
0.6311538461538462
0.5234615384615384
0.5788461538461539
0.47000000000000003
0.4973076923076923
0.46846153846153843
0.38884615384615384
0.3830769230769231
0.43653846153846154
0.42923076923076925
0.5261538461538462
0.4846153846153846
0.4926923076923077
0.5434615384615384
0.5811538461538461
0.6880769230769231
0.696923076923077
0.6173076923076923
0.5488461538461539
0.5969230769230769
0.8
0.7123076923076923
0.8153846153846154
0.855
0.8265384615384614
0.8853846153846153
1.0565384615384614
1.1019230769230768
1.1353846153846154
1.0611538461538461
1.0342307692307693
1.133846153846154
1.086153846153846
1.0584615384615383
1.1065384615384615
0.9853846153846154
1.0038461538461538
1.05
1.1238461538461537
1.04
0.9957692307692307
0.9757692307692308
1.0057692307692307
1.1400000000000001
1.1534615384615385
1.1273076923076923
1.1426923076923077
1.1323076923076922
1.1088461538461538
1.0911538461538461
1.191153846153846
1.281923076923077
1.4565384615384613
1.4276923076923076
1.2030769230769232
1.1003846153846153
1.1611538461538462
1.281923076923077
1.3361538461538462
1.2376923076923076
1.1188461538461538
1.383076923076923
1.6373076923076924
1.6803846153846154
1.6376923076923076
1.4753846153846153
1.698846153846154
1.743846153846154
1.8988461538461539
1.676153846153846
1.9165384615384615
1.7511538461538463
1.72
1.8196153846153846
1.9784615384615383
1.8584615384615384
1.8023076923076924
1.768076923076923
1.8876923076923076
1.9207692307692308
1.7980769230769231
1.8711538461538462
1.9442307692307692
1.9342307692307692
2.0353846153846153
2.198076923076923
2.23
2.026153846153846
2.273846153846154
2.389615384615385
2.2173076923076924
2.1388461538461536
2.228846153846154
2.25
2.3461538461538463
2.278076923076923
2.288076923076923
2.4688461538461537
2.2742307692307695
2.477307692307692
2.325
2.563846153846154
2.688846153846154
2.5250000000000004
2.6396153846153845
2.5646153846153847
2.726153846153846
2.8376923076923077
2.789230769230769
2.4968
2.5948
2.6112
2.5795999999999997
2.7716
2.8132
2.5707999999999998
2.5364
2.4984
2.6919999999999997
2.6239999999999997
2.46
2.6356
2.4912
2.4819999999999998
2.4192
2.3928
2.4324
2.4192
2.4444
2.6948000000000003
2.562
2.6424000000000003
2.6568
2.5428
2.4576
2.5103999999999997
2.4219999999999997
2.4572
2.5572
2.6552
2.5212
2.542
2.5656
2.78
2.6104000000000003
2.5995999999999997
2.6844
2.7732
2.7268
2.9012000000000002
2.9816
2.78
2.78
2.7207999999999997
2.8775999999999997
2.8612
2.9092000000000002
2.8232
2.7739999999999996
2.6112
2.5103999999999997
2.5576
2.8215999999999997
2.6208
2.6212
2.5587999999999997
2.5692000000000004
2.5627999999999997
2.6632
2.6648
2.8248
2.6516
2.7695999999999996
2.7760000000000002
2.484
2.5536000000000003
2.7268
2.5668
2.3768000000000002
2.5248000000000004
2.4632
2.1852
2.2676
2.1715999999999998
2.2376
2.3712
2.286
2.4208
2.5092
2.5340000000000003
2.2847999999999997
2.1844
2.2544
2.336
2.392
2.4092000000000002
2.156
2.0896
2.1488
2.042
1.8672
1.9676
2.0328
2.0791999999999997
1.9024
1.9068
1.9407999999999999
1.9647999999999999
1.88
1.8156
1.6696
1.6012
1.7868000000000002
1.6536000000000002
1.8448
1.6840000000000002
1.5224000000000002
1.5504
1.4656
1.44
1.3907999999999998
1.6512
1.6476
1.4188
1.4384000000000001
1.4491999999999998
1.46
1.3403999999999998
1.4556
1.2064
1.1092
1.2176
1.2028
1.3408000000000002
1.2972
1.3372
1.1688
1.2572
1.2004
1.1543999999999999
1.114
1.0992
1.0088
1.1228
1.1416
0.8376
0.9364
0.9748
0.8636
0.7787999999999999
0.8395999999999999
0.6507999999999999
0.6268
0.6748000000000001
0.8356
0.6859999999999999
0.6268
0.6968000000000001
0.8192
0.8131999999999999
0.8284
0.7576
0.6728000000000001
0.7272
0.6772
0.8192
0.7248
0.7212000000000001
0.816
0.8324000000000001
0.6768000000000001
0.5904
0.6096
0.8032
0.6292
0.6828
0.7376
0.5472
0.46880000000000005
0.4836
0.5256000000000001
0.462
0.4268
0.4844
0.532
0.3848
0.3268
0.4692
0.6908
0.6464
0.5112
0.5684
0.44720000000000004
0.3592
0.3992
0.37799999999999995
0.4472
0.5584
0.6424000000000001
0.58
0.48839999999999995
0.41200000000000003
0.34600000000000003
0.2868
0.33880000000000005
0.3028
0.4152
0.42719999999999997
0.39440000000000003
0.4072
0.396
0.45280000000000004
0.3824
0.418
0.3856
0.3996
0.44079999999999997
0.4472
0.478
0.48119999999999996
0.5064
0.526
0.5732
0.5943999999999999
0.68
0.5724
0.45799999999999996
0.44
