pet
0.35807692307692307
0.37884615384615383
0.31846153846153846
0.2846153846153846
0.37423076923076926
0.38423076923076926
0.4519230769230769
0.3411538461538462
0.3215384615384615
0.4307692307692308
0.4603846153846154
0.4580769230769231
0.3961538461538462
0.38269230769230766
0.4519230769230769
0.3719230769230769
0.32230769230769235
0.39230769230769236
0.4288461538461539
0.29423076923076924
0.31230769230769234
0.3676923076923077
0.3676923076923077
0.47115384615384615
0.45692307692307693
0.5053846153846154
0.485
0.5026923076923077
0.37307692307692303
0.4180769230769231
0.51
0.5357692307692308
0.5057692307692307
0.5019230769230769
0.5369230769230768
0.49961538461538463
0.4380769230769231
0.445
0.5307692307692308
0.4284615384615385
0.41307692307692306
0.5130769230769231
0.5811538461538461
0.4807692307692308
0.5776923076923077
0.7050000000000001
0.6180769230769231
0.6280769230769232
0.5888461538461539
0.7261538461538461
0.6646153846153846
0.7596153846153846
0.7050000000000001
0.7203846153846154
0.6476923076923077
0.785
0.6561538461538461
0.62
0.5946153846153845
0.5253846153846153
0.6026923076923076
0.5346153846153846
0.5011538461538462
0.583076923076923
0.7626923076923077
0.7923076923076924
0.8753846153846154
0.95
0.916923076923077
0.9473076923076923
0.801923076923077
0.8365384615384616
1.0826923076923076
1.18
1.156923076923077
1.0973076923076923
1.036923076923077
1.1192307692307693
1.0234615384615384
1.0980769230769232
1.1342307692307692
1.17
1.2173076923076922
1.2761538461538462
1.2896153846153846
1.337307692307692
1.32
1.3680769230769232
1.411153846153846
1.4761538461538461
1.3853846153846152
1.5015384615384615
1.518846153846154
1.4853846153846153
1.53
1.4930769230769232
1.2596153846153846
1.4988461538461537
1.5607692307692307
1.511923076923077
1.5176923076923077
1.4984615384615385
1.6184615384615384
1.7015384615384617
1.705769230769231
1.688076923076923
1.7276923076923079
1.6353846153846154
1.7784615384615385
1.936923076923077
2.1234615384615383
2.198076923076923
2.165769230769231
2.1569230769230767
1.9946153846153847
1.8361538461538462
1.8188461538461538
1.841923076923077
1.9200000000000002
1.9242307692307692
2.073076923076923
2.1515384615384616
2.2596153846153846
2.312307692307692
2.176153846153846
2.1896153846153847
2.5673076923076925
2.473076923076923
2.5276923076923077
2.6423076923076922
2.480384615384615
2.5023076923076926
2.506153846153846
2.411923076923077
2.605384615384615
2.525384615384615
2.598076923076923
2.4276923076923076
2.6500000000000004
2.4965384615384614
2.563846153846154
2.505
2.464230769230769
2.454230769230769
2.685769230769231
2.6846153846153844
2.6715384615384616
2.618846153846154
2.7792307692307694
2.697307692307692
2.8969230769230765
2.924615384615385
2.5915384615384616
2.541923076923077
2.3084615384615383
2.3026923076923076
2.4092307692307693
2.5053846153846155
2.4415384615384617
2.5353846153846153
2.5615384615384613
2.3226923076923076
2.2996153846153846
2.1734615384615386
2.2853846153846153
2.363076923076923
2.5926923076923076
2.623076923076923
2.613076923076923
2.4242307692307694
2.416923076923077
2.3303846153846157
2.3734615384615383
2.4615384615384617
2.39
2.4523076923076923
2.566153846153846
2.4719230769230767
2.4665384615384616
2.542307692307692
2.4461538461538463
2.5273076923076925
2.6357692307692306
2.539615384615385
2.542692307692308
2.5015384615384617
2.4846153846153842
2.3773076923076926
2.4107692307692306
2.4661538461538464
2.480384615384615
2.4511538461538462
2.2203846153846154
2.1803846153846154
2.2315384615384617
2.3376923076923077
2.417692307692308
2.4657692307692307
2.6530769230769233
2.6350000000000002
2.3938461538461535
2.29
2.515
2.483076923076923
2.3546153846153848
2.4242307692307694
2.3419230769230768
2.3473076923076923
2.227692307692308
2.249230769230769
2.2223076923076923
2.2884615384615383
2.3642307692307694
2.3173076923076925
2.319230769230769
2.3303846153846153
2.229230769230769
2.166923076923077
2.004230769230769
2.158846153846154
2.2357692307692307
2.0976923076923075
2.176153846153846
2.206923076923077
2.2592307692307694
2.136923076923077
1.9280769230769232
2.0015384615384617
1.9311538461538462
1.9453846153846153
2.004230769230769
1.8915384615384616
1.7953846153846154
1.8546153846153846
1.8526923076923079
1.6961538461538461
1.7992307692307692
1.6042307692307693
1.6703846153846154
1.633076923076923
1.5038461538461538
1.4984615384615385
1.5561538461538462
1.514230769230769
1.7219230769230767
1.5815384615384613
1.7207692307692308
1.7415384615384615
1.5453846153846154
1.5788461538461538
1.5553846153846154
1.4319230769230769
1.5653846153846156
1.5638461538461537
1.3884615384615384
1.311923076923077
1.1907692307692308
1.2446153846153847
1.1307692307692307
1.1538461538461537
1.2103846153846154
1.286923076923077
1.291153846153846
1.3053846153846154
1.248076923076923
1.1053846153846154
1.1376923076923076
1.1315384615384616
1.1315384615384616
1.1157692307692306
1.2865384615384616
1.1326923076923077
1.2084615384615385
1.086153846153846
1.0069230769230768
0.9453846153846155
0.9034615384615385
0.9142307692307692
0.8626923076923076
0.9796153846153846
1.0123076923076924
0.9149999999999999
0.9661538461538461
0.83
0.89
0.955
0.8911538461538462
0.77
0.8373076923076923
0.753076923076923
0.7503846153846153
0.7865384615384615
0.7442307692307693
0.8200000000000001
0.7515384615384615
0.7842307692307693
0.8584615384615385
0.7734615384615384
0.7638461538461538
0.8857692307692309
0.7046153846153846
0.691923076923077
0.7592307692307693
0.7330769230769232
0.6834615384615385
0.6603846153846155
0.5961538461538461
0.6003846153846154
0.5803846153846154
0.5488461538461539
0.5346153846153846
0.48000000000000004
0.49346153846153845
0.5296153846153846
0.5423076923076923
0.5080769230769231
0.46153846153846156
0.5053846153846154
0.6215384615384616
0.4984615384615385
0.536923076923077
0.47846153846153844
0.415
0.37153846153846154
0.36846153846153845
0.275
0.3246153846153846
0.36230769230769233
0.32192307692307687
0.4123076923076923
0.4019230769230769
0.41384615384615386
0.41461538461538466
0.39576923076923076
0.3511538461538462
0.36153846153846153
0.23307692307692307
0.3169230769230769
0.40576923076923077
0.4034615384615385
0.4042307692307692
0.38576923076923075
0.3738461538461539
0.3973076923076923
0.32461538461538464
0.39615384615384613
0.34346153846153843
0.31038461538461537
0.35076923076923083
0.3526923076923077
0.295
0.3142307692307692
0.34884615384615386
0.3638461538461539
0.415
0.46115384615384614
0.5869230769230769
0.4673076923076923
0.36576923076923074
0.35461538461538467
0.3411538461538462
0.2873076923076923
0.4034615384615385
0.47000000000000003
0.4938461538461538
