temperature
5.378076923076923
5.014230769230769
4.841923076923077
4.570769230769231
4.723076923076923
4.642692307692308
5.098461538461539
4.891153846153847
4.678846153846154
5.2711538461538465
5.623461538461539
5.9326923076923075
5.43076923076923
5.386153846153846
5.746538461538462
5.333461538461539
5.006923076923077
5.34076923076923
5.225769230769231
4.391153846153847
4.4180769230769235
4.489615384615385
4.4192307692307695
4.407307692307692
4.792307692307692
4.776923076923077
5.075769230769231
5.150384615384615
5.0515384615384615
4.50576923076923
5.083461538461539
4.9180769230769235
4.849615384615385
4.917692307692308
5.734230769230769
5.642307692307692
5.100769230769231
5.038846153846153
4.747692307692308
4.491153846153846
4.52
5.171153846153846
5.495384615384615
4.8161538461538465
5.393461538461538
5.848461538461539
5.461153846153847
5.981538461538462
5.621153846153846
6.121153846153846
6.288076923076924
6.581538461538462
6.2603846153846145
6.091923076923076
5.874230769230769
5.808076923076923
5.571923076923077
5.3707692307692305
4.959615384615384
5.038461538461538
5.326923076923077
5.207692307692308
4.931923076923076
5.095384615384615
5.788846153846153
6.493461538461539
7.098846153846154
7.0819230769230765
7.247692307692308
6.932307692307693
6.828076923076923
6.261538461538462
7.380769230769231
7.9799999999999995
7.461923076923076
7.349230769230768
6.611923076923077
6.8707692307692305
6.908846153846154
7.456538461538462
7.20423076923077
7.44923076923077
7.281538461538461
7.633846153846154
7.686153846153847
7.861923076923077
8.396153846153847
8.132692307692308
8.375769230769231
8.333846153846155
8.34423076923077
8.375769230769231
8.326538461538462
8.162692307692307
8.346153846153847
8.192692307692308
7.453076923076923
7.993846153846154
8.531923076923077
8.176153846153847
8.005384615384616
8.438461538461539
8.651923076923076
8.62923076923077
8.731923076923078
8.676153846153845
9.116153846153846
8.683846153846154
8.739615384615384
9.628461538461538
10.668461538461539
10.529615384615385
10.646538461538462
10.909230769230769
10.288846153846153
9.655
9.806153846153846
9.873846153846156
9.370384615384616
9.862692307692308
10.139615384615384
10.404230769230768
10.647307692307692
10.512307692307692
10.74576923076923
10.871538461538462
11.693461538461538
11.773846153846154
11.768846153846154
12.246153846153845
11.945384615384615
11.618461538461538
11.561923076923078
11.44923076923077
12.098461538461539
11.975000000000001
11.924615384615386
11.955769230769231
12.201538461538462
12.288461538461538
12.572307692307692
12.556923076923077
12.670384615384616
12.70346153846154
12.97269230769231
13.352307692307692
13.093076923076923
13.142692307692307
13.419230769230769
13.637307692307692
13.543076923076923
15.001538461538463
14.283846153846154
14.237692307692308
13.813076923076922
13.975384615384616
13.823076923076922
13.550384615384615
13.993461538461538
14.598076923076924
14.557307692307692
14.413461538461538
14.056923076923077
14.609615384615385
14.67
14.57846153846154
15.350384615384616
15.448846153846155
15.52730769230769
15.308461538461538
15.048846153846153
14.977692307692308
14.873846153846156
15.271538461538462
15.295384615384616
15.76576923076923
15.878846153846153
15.655384615384614
15.920769230769231
16.072307692307692
15.949615384615385
16.041153846153847
15.880384615384616
16.118076923076924
15.693846153846154
15.846153846153847
16.17576923076923
16.3
16.500384615384615
16.80653846153846
16.37923076923077
16.336153846153845
16.285384615384615
16.053461538461537
16.60653846153846
16.681923076923077
17.11769230769231
17.118846153846157
17.629615384615384
17.781923076923075
16.958846153846153
16.90153846153846
16.785
17.165
17.018076923076926
17.751923076923077
17.379230769230766
17.143076923076926
17.048846153846153
16.785384615384615
16.628461538461536
16.802307692307693
17.17192307692308
17.195
17.278846153846153
16.973846153846154
17.00923076923077
16.891538461538463
16.793076923076924
17.47269230769231
16.97346153846154
17.123846153846156
17.275
16.940384615384616
17.340769230769233
16.823076923076922
16.58576923076923
16.455384615384617
16.52
16.34730769230769
16.324615384615385
16.434615384615384
16.675384615384615
16.81230769230769
16.534230769230767
15.938846153846153
16.771538461538462
16.131153846153843
15.682692307692308
15.453846153846154
15.346923076923076
15.393461538461539
15.012692307692307
14.906153846153845
15.764999999999999
15.732692307692307
15.843461538461538
15.806153846153846
15.55153846153846
15.221923076923076
15.48
15.001538461538463
15.659230769230769
15.142692307692307
14.679615384615385
14.398846153846154
14.010384615384615
14.356153846153846
13.83423076923077
13.812307692307693
14.136923076923077
14.246923076923078
14.30153846153846
14.136153846153848
14.049230769230768
13.707307692307692
13.293076923076923
13.224615384615383
13.415384615384616
13.487307692307693
13.377307692307692
13.694615384615386
14.05
13.061923076923078
12.584999999999999
12.479615384615386
11.860384615384616
12.401923076923076
11.772692307692306
11.793076923076923
12.52076923076923
12.264615384615384
12.67153846153846
11.70923076923077
11.673076923076923
11.609230769230768
11.30076923076923
11.533076923076923
11.235000000000001
10.510769230769231
10.768846153846154
10.515769230769232
10.7
10.73076923076923
10.406538461538462
10.833846153846155
10.688846153846155
11.028461538461539
10.82423076923077
10.39423076923077
10.438461538461537
10.175384615384615
10.33423076923077
10.25
9.49423076923077
9.205384615384615
9.035
8.788461538461538
8.903461538461539
8.631538461538462
8.534615384615385
8.439230769230768
8.559615384615386
8.973076923076924
8.62653846153846
8.073846153846155
7.912692307692307
7.603076923076923
7.993461538461539
7.5903846153846155
7.9715384615384615
7.5211538461538465
7.153076923076923
7.1219230769230775
6.861923076923077
6.536153846153846
6.253076923076923
6.790384615384616
6.548846153846155
6.640384615384615
6.584615384615384
6.554230769230769
6.370384615384615
6.0746153846153845
5.603076923076923
5.578461538461538
5.444999999999999
5.473846153846154
5.97423076923077
6.376153846153846
5.9557692307692305
5.752692307692308
5.778846153846154
5.696153846153846
5.293461538461538
5.936153846153847
5.641153846153847
5.838461538461539
5.607692307692308
5.356153846153846
5.093461538461539
5.173461538461538
4.6303846153846155
5.054230769230769
5.921538461538462
6.260000000000001
6.896923076923077
6.43576923076923
5.631923076923077
5.541923076923077
5.013076923076923
4.312692307692307
5.345384615384615
5.624230769230769
5.396538461538461
