pet
0.3761538461538461
0.41807692307692307
0.33
0.3676923076923077
0.5276923076923077
0.36653846153846154
0.38846153846153847
0.46846153846153843
0.5542307692307692
0.566923076923077
0.39499999999999996
0.375
0.41423076923076924
0.48307692307692307
0.47923076923076924
0.4230769230769231
0.27076923076923076
0.3173076923076923
0.35884615384615387
0.41307692307692306
0.5546153846153846
0.5399999999999999
0.5603846153846154
0.5061538461538462
0.49500000000000005
0.4461538461538461
0.4642307692307692
0.45346153846153847
0.5096153846153846
0.44461538461538463
0.5092307692307693
0.4519230769230769
0.44576923076923075
0.5423076923076923
0.5442307692307693
0.6988461538461538
0.7311538461538463
0.6053846153846154
0.543076923076923
0.5296153846153846
0.48846153846153845
0.5092307692307693
0.43961538461538463
0.37730769230769234
0.35615384615384615
0.3930769230769231
0.4046153846153846
0.49653846153846154
0.4834615384615385
0.4673076923076923
0.5146153846153847
0.5646153846153846
0.5992307692307692
0.7157692307692307
0.6092307692307692
0.6092307692307692
0.6369230769230769
0.7553846153846154
0.7380769230769231
0.8034615384615384
0.9061538461538461
0.838076923076923
0.8157692307692308
0.9661538461538461
1.0261538461538462
1.0469230769230768
1.061923076923077
0.9915384615384616
1.185
1.0826923076923076
1.1026923076923079
1.0396153846153846
1.0176923076923077
1.005
1.1176923076923075
1.2011538461538462
1.2626923076923076
1.0642307692307693
1.1276923076923078
1.1311538461538462
1.1192307692307693
1.350769230769231
1.3784615384615386
1.290769230769231
1.253076923076923
1.2303846153846154
1.2696153846153846
1.228846153846154
1.3053846153846154
1.5969230769230771
1.5684615384615386
1.4134615384615385
1.2796153846153848
1.2353846153846153
1.3992307692307693
1.47
1.5123076923076924
1.3392307692307692
1.515769230769231
1.823846153846154
1.7384615384615385
1.793076923076923
1.6288461538461538
1.7246153846153844
1.886923076923077
1.936923076923077
1.7207692307692308
1.8007692307692307
1.9492307692307693
1.8461538461538463
2.0184615384615383
2.2584615384615385
1.8715384615384614
1.8884615384615384
1.9200000000000002
1.8915384615384616
1.865
1.9365384615384615
1.9784615384615383
2.0930769230769233
2.0569230769230766
2.2257692307692305
2.148846153846154
2.168076923076923
2.2515384615384617
2.3
2.4650000000000003
2.376153846153846
2.381923076923077
2.457692307692308
2.3684615384615384
2.4453846153846155
2.42
2.464230769230769
2.599615384615385
2.5111538461538463
2.3453846153846154
2.4223076923076925
2.5476923076923077
2.751923076923077
2.553076923076923
2.745
2.698846153846154
2.792307692307692
2.712307692307692
2.748076923076923
2.6107692307692307
2.5265384615384616
2.6726923076923077
2.5953846153846154
2.795384615384615
2.7634615384615384
2.5880769230769234
2.480384615384615
2.512307692307693
2.6046153846153848
2.5757692307692306
2.6465384615384617
2.6680769230769235
2.5430769230769235
2.491923076923077
2.4896153846153846
2.477307692307692
2.590384615384615
2.5342307692307693
2.491153846153846
2.774230769230769
2.516153846153846
2.5938461538461537
2.631153846153846
2.709230769230769
2.5476923076923077
2.4892307692307694
2.483461538461538
2.5999999999999996
2.6938461538461542
2.7976923076923077
2.7242307692307692
2.7207692307692306
2.691923076923077
2.850769230769231
2.8723076923076927
2.7634615384615384
2.803076923076923
3.0676923076923077
2.960769230769231
2.993846153846154
3.11
3.1696153846153843
2.9661538461538464
2.928846153846154
3.0046153846153847
2.8907692307692305
3.040769230769231
3.0373076923076923
2.8907692307692305
2.763076923076923
2.713461538461538
2.7569230769230773
2.9496153846153845
2.883846153846154
2.798076923076923
2.8242307692307693
2.798076923076923
2.7115384615384617
2.8642307692307694
2.9130769230769227
2.9476923076923076
2.9492307692307693
3.045384615384615
3.178076923076923
2.888076923076923
2.8019230769230767
2.9046153846153846
2.8907692307692305
2.730384615384615
2.7069230769230765
2.694230769230769
2.6142307692307694
2.703461538461539
2.7015384615384614
2.6465384615384617
2.6784615384615384
2.6030769230769235
2.6630769230769227
2.816923076923077
2.795
2.631153846153846
2.496153846153846
2.5657692307692312
2.7353846153846155
2.691153846153846
2.685
2.411153846153846
2.233846153846154
2.254230769230769
2.3442307692307693
2.2757692307692308
2.1338461538461537
2.2592307692307694
2.292307692307692
2.1534615384615385
2.0726923076923076
2.1684615384615387
2.121153846153846
2.036153846153846
2.1126923076923076
2.0265384615384616
1.9026923076923077
2.0892307692307694
2.1076923076923078
2.066923076923077
1.8469230769230771
1.8276923076923075
1.7550000000000001
1.5753846153846154
1.6057692307692308
1.635
1.7396153846153846
1.673846153846154
1.6596153846153845
1.52
1.5815384615384613
1.6630769230769231
1.5473076923076923
1.665
1.426923076923077
1.3973076923076921
1.4696153846153845
1.3803846153846153
1.4288461538461539
1.5065384615384616
1.3773076923076923
1.330769230769231
1.3542307692307693
1.2888461538461538
1.2865384615384616
1.2042307692307692
1.2173076923076922
1.053076923076923
1.23
1.3253846153846154
1.228076923076923
1.2038461538461538
1.191923076923077
0.9919230769230769
0.8849999999999999
0.9303846153846155
0.7796153846153846
0.8753846153846154
0.9076923076923078
0.9146153846153846
0.785
0.6926923076923076
0.7611538461538461
0.8415384615384615
0.8742307692307693
0.8669230769230769
0.7826923076923078
0.8015384615384615
0.7388461538461539
0.7623076923076924
0.8780769230769232
0.8276923076923077
0.8353846153846154
0.8634615384615384
0.7338461538461539
0.6869230769230769
0.5792307692307692
0.5230769230769231
0.7730769230769231
0.7273076923076923
0.6853846153846154
0.746923076923077
0.5707692307692308
0.48384615384615387
0.5084615384615385
0.48653846153846153
0.4984615384615385
0.42923076923076925
0.48846153846153845
0.568076923076923
0.3930769230769231
0.3511538461538462
0.4357692307692308
0.5196153846153846
0.605
0.49461538461538457
0.536923076923077
0.4480769230769231
0.38923076923076927
0.33999999999999997
0.3092307692307692
0.4407692307692308
0.4930769230769231
0.6230769230769231
0.5511538461538461
0.5069230769230769
0.38961538461538464
0.35
0.35807692307692307
0.36346153846153845
0.28500000000000003
0.3465384615384615
0.365
0.4126923076923077
0.32923076923076927
0.40230769230769226
0.3903846153846154
0.3507692307692307
0.4061538461538462
0.3619230769230769
0.41615384615384615
0.46615384615384614
0.4857692307692308
0.47230769230769226
0.47000000000000003
0.49615384615384617
0.4746153846153846
0.4930769230769231
0.5392307692307692
0.5946153846153845
0.4480769230769231
0.3384615384615385
0.36230769230769233
