pet
0.5080769230769231
0.41307692307692306
0.4084615384615385
0.365
0.3638461538461539
0.36346153846153845
0.5334615384615384
0.49769230769230766
0.48730769230769233
0.4238461538461538
0.5184615384615385
0.5238461538461539
0.49461538461538457
0.43153846153846154
0.47884615384615387
0.42653846153846153
0.3669230769230769
0.4869230769230769
0.6034615384615385
0.49
0.29653846153846153
0.40076923076923077
0.43730769230769234
0.40692307692307694
0.455
0.46692307692307694
0.5161538461538462
0.5850000000000001
0.5769230769230769
0.46307692307692305
0.595
0.6273076923076922
0.6230769230769231
0.5942307692307692
0.7384615384615384
0.7723076923076923
0.605
0.5373076923076924
0.6126923076923076
0.6038461538461538
0.5615384615384615
0.6938461538461538
0.6184615384615385
0.5253846153846153
0.5957692307692308
0.7973076923076923
0.6826923076923077
0.7742307692307692
0.6461538461538462
0.8134615384615385
0.8711538461538461
0.9292307692307692
0.8726923076923077
0.8953846153846154
0.8634615384615384
0.8653846153846154
0.8253846153846154
0.8007692307692308
0.78
0.7703846153846154
0.8407692307692307
0.7892307692307692
0.7073076923076923
0.8465384615384616
0.9365384615384615
1.0953846153846154
1.1557692307692309
1.2515384615384615
1.1857692307692307
1.2030769230769232
1.2476923076923077
1.0038461538461538
1.3423076923076922
1.491153846153846
1.4853846153846153
1.3873076923076924
1.311923076923077
1.2449999999999999
1.176923076923077
1.2780769230769229
1.1646153846153846
1.3323076923076924
1.3303846153846153
1.4200000000000002
1.395
1.4200000000000002
1.5615384615384615
1.668076923076923
1.8346153846153848
1.731153846153846
1.7026923076923077
1.8546153846153846
1.7969230769230768
1.7461538461538462
1.8692307692307693
1.683076923076923
1.5450000000000002
1.6288461538461538
1.8184615384615386
1.7526923076923078
1.639230769230769
1.7096153846153848
1.886923076923077
1.96
1.878076923076923
1.8423076923076922
1.933076923076923
1.9207692307692308
1.9234615384615383
2.0342307692307693
2.312692307692308
2.4699999999999998
2.4507692307692306
2.6092307692307695
2.35
2.062307692307692
2.21
2.3046153846153845
2.045769230769231
2.203076923076923
2.434230769230769
2.457692307692308
2.4661538461538464
2.345769230769231
2.564230769230769
2.668461538461538
2.805769230769231
2.9042307692307694
3.075
3.0334615384615384
2.8153846153846156
2.6538461538461537
2.7611538461538463
2.52
2.675
2.9453846153846155
2.8346153846153848
2.852307692307692
3.0084615384615385
2.9650000000000003
2.8934615384615388
2.899230769230769
3.0007692307692304
2.983461538461538
3.0334615384615384
3.071923076923077
3.0492307692307694
2.9888461538461537
2.971538461538461
2.947307692307692
2.918461538461538
3.134230769230769
3.0715384615384616
2.798076923076923
2.7173076923076924
2.688846153846154
2.7130769230769234
2.7392307692307694
2.7161538461538464
2.963846153846154
2.761923076923077
2.8042307692307693
2.8123076923076926
2.9353846153846157
2.9742307692307692
2.985
3.1288461538461543
3.280384615384615
3.14
3.079230769230769
3.061153846153846
2.9861538461538464
2.8776923076923078
3.1065384615384612
3.1123076923076924
2.960384615384615
3.0776923076923075
3.105
2.9784615384615383
3.0926923076923076
2.9299999999999997
3.150384615384615
3.201923076923077
3.036538461538462
3.298076923076923
3.355384615384615
3.148076923076923
3.0523076923076924
3.1796153846153845
3.133846153846154
3.2884615384615383
3.072307692307692
2.973076923076923
2.963846153846154
3.045769230769231
3.1550000000000002
3.3638461538461537
3.2973076923076925
3.4899999999999998
3.623076923076923
3.3773076923076926
3.163846153846154
3.1284615384615386
3.4042307692307694
3.482307692307692
3.444230769230769
3.3803846153846155
3.2838461538461536
3.245
3.2207692307692306
3.0561538461538467
3.0515384615384615
3.1980769230769233
3.113076923076923
3.1046153846153848
2.986923076923077
3.0834615384615387
3.3123076923076926
3.1242307692307696
3.2565384615384616
3.0046153846153847
3.0115384615384615
3.311923076923077
2.931923076923077
3.0634615384615387
2.992692307692308
2.7992307692307694
2.6496153846153847
2.8861538461538463
2.868846153846154
2.7676923076923075
2.6738461538461538
2.738076923076923
2.7880769230769227
2.671923076923077
2.4534615384615384
2.733846153846154
2.494230769230769
2.3376923076923077
2.3084615384615383
2.306153846153846
2.0961538461538463
2.0715384615384616
2.1565384615384615
2.4284615384615384
2.3096153846153844
2.3565384615384612
2.4403846153846156
2.2546153846153847
2.213846153846154
2.213461538461538
2.1996153846153845
2.35
2.338076923076923
2.0615384615384618
1.9511538461538462
1.9034615384615385
1.918076923076923
1.8873076923076924
1.6384615384615384
1.9011538461538462
1.8738461538461537
1.8915384615384616
1.816923076923077
1.8250000000000002
1.7430769230769232
1.566153846153846
1.6076923076923075
1.4992307692307691
1.656923076923077
1.6784615384615384
1.6034615384615383
1.656923076923077
1.6
1.4453846153846153
1.3953846153846154
1.316923076923077
1.3446153846153845
1.0869230769230769
1.1315384615384616
1.2903846153846152
1.3303846153846153
1.406923076923077
1.186923076923077
1.1665384615384615
1.2019230769230769
1.1080769230769232
1.0857692307692308
1.075
0.8973076923076924
0.9846153846153847
0.9765384615384616
0.9900000000000001
1.0942307692307691
0.9419230769230769
1.0576923076923077
1.103846153846154
1.1115384615384616
0.9600000000000001
0.9834615384615385
1.018076923076923
0.9153846153846155
0.9811538461538463
0.8969230769230769
0.8323076923076923
0.8326923076923076
0.7392307692307691
0.6499999999999999
0.675
0.6338461538461538
0.5853846153846154
0.6057692307692307
0.5803846153846154
0.6523076923076924
0.6130769230769231
0.5661538461538462
0.5465384615384615
0.5415384615384615
0.6315384615384616
0.5119230769230769
0.49461538461538457
0.4888461538461539
0.4003846153846154
0.38269230769230766
0.4634615384615385
0.4115384615384615
0.3407692307692308
0.41923076923076924
0.3915384615384615
0.43076923076923074
0.47807692307692307
0.4884615384615385
0.42500000000000004
0.4476923076923077
0.3880769230769231
0.44576923076923075
0.28807692307692306
0.2946153846153846
0.4761538461538462
0.5061538461538462
0.3676923076923077
0.42230769230769233
0.3153846153846154
0.3576923076923077
0.36615384615384616
0.43192307692307697
0.3457692307692308
0.3553846153846154
0.42461538461538456
0.36538461538461536
0.30653846153846154
0.335
0.34346153846153843
0.3942307692307692
0.5242307692307692
0.5700000000000001
0.6876923076923076
0.6476923076923077
0.4592307692307692
0.4523076923076923
0.3976923076923077
0.2580769230769231
0.4076923076923077
0.5607692307692308
0.52
