pet
0.48583333333333334
0.36333333333333334
0.3758333333333333
0.3441666666666667
0.36625
0.35041666666666665
0.4879166666666666
0.4475
0.40041666666666664
0.3641666666666667
0.4291666666666667
0.42
0.4033333333333333
0.36833333333333335
0.4345833333333333
0.39916666666666667
0.3104166666666667
0.44625
0.5458333333333333
0.4483333333333333
0.2870833333333333
0.3858333333333333
0.40958333333333335
0.3445833333333333
0.41
0.44416666666666665
0.49416666666666664
0.5545833333333333
0.5279166666666667
0.4345833333333333
0.5533333333333333
0.6058333333333333
0.62125
0.54125
0.6820833333333334
0.6920833333333333
0.48416666666666663
0.52125
0.5254166666666666
0.46541666666666665
0.44458333333333333
0.5483333333333333
0.5087499999999999
0.41291666666666665
0.52125
0.6916
0.6092
0.6792
0.6052000000000001
0.7020000000000001
0.7140000000000001
0.8072
0.752
0.8051999999999999
0.7544
0.7360000000000001
0.7164
0.7308
0.7023999999999999
0.6928
0.7652
0.7456
0.6348
0.73
0.8759999999999999
0.9848
1.0748
1.1552
1.1656
1.1136
1.1464
0.9495999999999999
1.2504
1.3880000000000001
1.3747999999999998
1.2496
1.2024
1.1408
1.1288
1.226
1.1420000000000001
1.2644
1.3236
1.314
1.3324
1.354
1.4952
1.5928
1.7272
1.624
1.58
1.7368000000000001
1.7168
1.5836
1.6696
1.6052000000000002
1.5044
1.5563999999999998
1.7456
1.6491999999999998
1.6172
1.6884000000000001
1.73
1.8272
1.8868
1.7835999999999999
1.8512
1.8144
1.8852000000000002
2.0152
2.2924
2.3604
2.3448
2.3916
2.1948
1.984
2.0076
2.0996
2.0112
2.0784000000000002
2.2076
2.1588
2.1604
2.1664
2.2728
2.5376
2.6615999999999995
2.68
2.7736
2.9032
2.7363999999999997
2.4872
2.5188
2.3512
2.4824
2.7007999999999996
2.56
2.5556
2.6308
2.6944
2.6892
2.6636
2.7512
2.8056
2.964
2.8528
2.8876
2.8004000000000002
2.7916
2.8095999999999997
2.7192000000000003
2.8824
2.8516000000000004
2.6104000000000003
2.5168
2.4164
2.4292000000000002
2.3824
2.5524
2.6752
2.5068
2.5736000000000003
2.5888
2.5964
2.8228000000000004
2.7356
2.8844
3.012
2.9292000000000002
2.9488
2.8540000000000005
2.7704000000000004
2.6336
2.8371999999999997
2.8627999999999996
2.8415999999999997
2.9844
2.9263999999999997
2.8508
2.9392
2.892
3.0612
3.0359999999999996
2.8775999999999997
2.968
3.0836
2.9612
2.8383999999999996
2.9108
2.928
2.8924000000000003
2.8044
2.7283999999999997
2.792
2.898
2.9907999999999997
3.092
3.0668
3.2116000000000002
3.3712
2.9944
2.906
2.8788
3.0636
3.1216000000000004
3.1904000000000003
3.0632
2.9656000000000002
2.9292000000000002
2.846
2.7184
2.7783999999999995
2.9448000000000003
2.7724
2.8160000000000003
2.7292
2.8
2.8608
2.7604
2.904
2.748
2.6748000000000003
2.832
2.6296
2.7172
2.6112
2.4608000000000003
2.2996
2.48
2.4736000000000002
2.3672
2.2972
2.3392
2.4012000000000002
2.2696
2.1832
2.5128
2.2796
2.0708
2.004
1.9888
1.9016
1.8332
1.8132
2.0392
2.0296000000000003
2.0692
2.164
1.9788
1.9247999999999998
1.9916
1.8880000000000001
2.0736
2.0063999999999997
1.764
1.6991999999999998
1.6028
1.6480000000000001
1.662
1.4604
1.5479999999999998
1.5584
1.6652
1.5568
1.4592
1.4816
1.3716
1.3132
1.2924
1.3768
1.4196
1.3488
1.4243999999999999
1.38875
1.3145833333333334
1.1758333333333333
1.1033333333333333
1.1641666666666668
1.0295833333333333
0.96625
1.0566666666666666
1.1424999999999998
1.2758333333333334
0.995
1.0316666666666667
1.1029166666666665
0.9491666666666667
0.85125
0.9370833333333333
0.7891666666666666
0.9054166666666666
0.7979166666666666
0.895
0.9845833333333333
0.8583333333333334
0.9566666666666667
0.9979166666666667
1.0275
0.8758333333333334
0.9725
0.9279166666666666
0.8995833333333333
0.93
0.91
0.7741666666666666
0.77
0.6579166666666667
0.5370833333333334
0.6008333333333333
0.5741666666666666
0.5154166666666666
0.5716666666666667
0.5720833333333334
0.6687500000000001
0.68
0.5725
0.61125
0.5370833333333334
0.5804166666666667
0.4608333333333334
0.44125
0.47041666666666665
0.39458333333333334
0.42416666666666664
0.49333333333333335
0.465
0.38083333333333336
0.48125
0.43333333333333335
0.45625
0.465
0.5083333333333333
0.4291666666666667
0.4479166666666667
0.42625
0.42166666666666663
0.30624999999999997
0.3066666666666667
0.45208333333333334
0.5070833333333333
0.37125
0.40958333333333335
0.28458333333333335
0.27416666666666667
0.3204166666666667
0.43375
0.34041666666666665
0.37999999999999995
0.41875
0.3541666666666667
0.35000000000000003
0.3095833333333333
0.30541666666666667
0.3491666666666667
0.5454166666666667
0.6
0.68
0.6108333333333333
0.42208333333333337
0.44375000000000003
0.4070833333333333
0.2891666666666667
0.4583333333333333
0.53875
0.4816666666666667
