pet
0.2785714285714286
0.3271428571428571
0.3678571428571429
0.24
0.31214285714285717
0.27999999999999997
0.2992857142857143
0.2807142857142857
0.32785714285714285
0.3392857142857143
0.5135714285714286
0.5235714285714286
0.4414285714285714
0.3921428571428572
0.4921428571428571
0.37071428571428566
0.25
0.33428571428571424
0.335
0.28500000000000003
0.35428571428571426
0.3814285714285714
0.35857142857142854
0.22428571428571425
0.28928571428571426
0.4057142857142857
0.4878571428571429
0.46714285714285714
0.3607142857142857
0.5064285714285715
0.41000000000000003
0.4121428571428571
0.37285714285714283
0.5664285714285714
0.4207142857142857
0.4135714285714286
0.34928571428571425
0.3978571428571428
0.4942857142857143
0.4242857142857143
0.4321428571428571
0.5357142857142857
0.47785714285714287
0.5028571428571429
0.5592857142857143
0.687857142857143
0.6471428571428571
0.6928571428571428
0.49785714285714283
0.46571428571428575
0.5342857142857144
0.5742857142857144
0.5771428571428572
0.785
0.5728571428571428
0.5857142857142856
0.5271428571428571
0.49714285714285716
0.5307142857142857
0.5078571428571428
0.45928571428571424
0.6071428571428571
0.61
0.5971428571428571
0.9585714285714285
0.9564285714285715
0.9071428571428571
0.8414285714285714
0.9800000000000001
1.0135714285714286
0.9585714285714285
1.0778571428571428
1.0407142857142857
0.9964285714285713
1.2464285714285714
1.3314285714285714
1.0064285714285715
0.9228571428571428
0.9828571428571429
0.9450000000000001
0.7892857142857144
0.9171428571428571
1.0714285714285714
1.1814285714285713
1.122857142857143
1.175
1.1264285714285713
1.2535714285714286
1.4149999999999998
1.575
1.4492857142857143
1.457142857142857
1.2349999999999999
1.4057142857142857
1.352857142857143
1.1835714285714285
1.1714285714285713
1.3192857142857142
1.6199999999999999
1.6300000000000001
1.2392857142857143
1.2385714285714287
1.3350000000000002
1.3071428571428572
1.457857142857143
1.545
1.3364285714285715
1.1885714285714286
1.2321428571428572
1.7192307692307693
2.0615384615384618
2.013076923076923
2.0746153846153845
2.149230769230769
2.0215384615384617
1.886153846153846
1.8676923076923078
2.077692307692308
1.8915384615384616
1.796153846153846
2.0784615384615384
1.8915384615384616
2.079230769230769
1.9692307692307691
2.033846153846154
2.0300000000000002
2.0515384615384615
2.0353846153846153
2.2046153846153844
2.353846153846154
2.0346153846153845
1.9769230769230768
2.163076923076923
2.3115384615384618
2.346923076923077
2.2823076923076924
2.2846153846153845
2.316923076923077
2.2584615384615385
2.1815384615384614
2.019230769230769
2.203076923076923
2.2715384615384617
2.236923076923077
2.170769230769231
2.2199999999999998
2.276923076923077
2.3584615384615386
2.1453846153846152
2.2638461538461536
2.6138461538461537
2.5746153846153845
2.29
2.14
2.173076923076923
2.273846153846154
2.3815384615384616
2.4676923076923076
2.3346153846153848
2.293846153846154
2.4253846153846155
2.2484615384615383
2.0
1.7384615384615385
1.9684615384615385
2.1523076923076925
1.9930769230769232
2.359230769230769
2.443076923076923
2.31
2.167692307692308
2.0300000000000002
1.8761538461538463
1.9246153846153846
1.923846153846154
1.9992307692307694
2.0246153846153847
1.876923076923077
2.206923076923077
2.1561538461538463
2.04
2.0815384615384613
2.2584615384615385
2.173076923076923
2.006923076923077
1.9930769230769232
1.94
1.9415384615384617
2.017692307692308
2.4038461538461537
2.126153846153846
2.0184615384615388
1.8746153846153848
1.906923076923077
1.9415384615384617
2.1376923076923076
2.1415384615384614
2.0776923076923075
1.8207692307692307
2.1123076923076924
2.17
2.103076923076923
2.1569230769230767
2.3576923076923078
2.0276923076923077
1.919230769230769
2.0107692307692306
2.2884615384615383
2.2015384615384614
2.0776923076923075
2.1107692307692307
2.1138461538461537
1.9607692307692308
1.926153846153846
2.1546153846153846
2.209230769230769
2.296923076923077
2.229230769230769
1.9715384615384615
1.7946153846153847
1.9153846153846152
1.9646153846153847
1.8753846153846152
2.046923076923077
2.0615384615384618
1.84
1.7161538461538461
1.996923076923077
1.9053846153846155
1.8976923076923076
1.816153846153846
1.633076923076923
1.4553846153846155
1.4530769230769232
1.4546153846153846
1.4576923076923076
1.5007692307692309
1.43
1.3576923076923075
1.62
1.4761538461538461
1.4815384615384615
1.5453846153846154
1.47
1.6623076923076923
1.4707692307692308
1.6092307692307695
1.8330769230769233
1.4692307692307693
1.3053846153846154
1.3038461538461539
1.3076923076923077
1.386923076923077
1.623076923076923
1.4053846153846155
1.3738461538461537
1.0753846153846154
1.1753846153846153
1.0061538461538462
1.1623076923076923
1.2584615384615385
1.1376923076923078
1.2892307692307694
1.4315384615384614
1.1246153846153846
1.1099999999999999
1.2684615384615385
1.0853846153846154
1.110769230769231
1.2015384615384617
0.9269230769230768
0.8753846153846154
1.043076923076923
0.8823076923076923
1.0746153846153845
0.8661538461538462
0.8176923076923076
0.9153846153846155
0.816923076923077
0.9923076923076923
0.8961538461538462
0.9076923076923078
0.8646153846153847
0.8807692307692307
0.9376923076923076
0.9884615384615384
1.0015384615384615
0.9276923076923077
0.8146153846153846
0.6738461538461539
0.7053846153846154
0.6146153846153847
0.67
0.7238461538461538
0.6553846153846153
0.6761538461538462
0.7776923076923077
0.6938461538461538
0.6415384615384615
0.6276923076923077
0.5961538461538461
0.5838461538461538
0.6330769230769231
0.6092307692307692
0.5523076923076923
0.6238461538461538
0.6746153846153846
0.6584615384615385
0.53
0.5130769230769231
0.5700000000000001
0.5323076923076923
0.38
0.39428571428571424
0.39142857142857146
0.4007142857142857
0.3092857142857143
0.39
0.47000000000000003
0.3614285714285715
0.3257142857142857
0.2692857142857143
0.305
0.48214285714285715
0.33714285714285713
0.24571428571428572
0.425
0.39142857142857146
0.3271428571428571
0.38642857142857145
0.5164285714285715
0.3321428571428572
0.3607142857142857
0.5700000000000001
0.34500000000000003
0.47928571428571426
0.3592857142857143
0.39142857142857146
0.4785714285714286
0.4357142857142858
0.4035714285714285
0.39142857142857146
0.585
0.45357142857142857
0.24857142857142858
0.3221428571428571
0.5278571428571429
0.5221428571428571
0.27714285714285714
0.44571428571428573
0.2814285714285714
0.19714285714285712
0.14857142857142858
0.22642857142857142
0.23642857142857143
0.42714285714285716
0.5735714285714286
0.35000000000000003
0.1685714285714286
0.2357142857142857
0.13785714285714284
0.125
0.14928571428571427
0.27285714285714285
0.19214285714285714
