temperature
4.126153846153846
3.7157692307692307
3.476153846153846
3.460384615384615
3.7357692307692307
3.7180769230769233
4.348846153846154
4.150769230769231
3.9403846153846156
4.247307692307692
4.570384615384615
4.871538461538462
4.375384615384616
3.88
4.157692307692307
3.6226923076923074
3.5057692307692303
4.063846153846153
4.242692307692308
3.5146153846153845
2.909615384615385
3.394230769230769
3.4976923076923074
3.5015384615384617
4.15
4.0407692307692304
4.132692307692308
4.314615384615385
4.030384615384615
3.4453846153846155
3.875
4.26
3.8773076923076926
4.096153846153846
4.851153846153846
4.578846153846154
3.9050000000000002
3.8207692307692307
3.895
3.746153846153846
3.535769230769231
4.242307692307692
4.3342307692307696
3.8173076923076925
4.304230769230769
5.191923076923077
4.593846153846154
5.006923076923077
4.487692307692308
4.85
5.359615384615385
5.428076923076923
5.220384615384615
5.533846153846154
5.002307692307692
5.259230769230769
4.989615384615385
4.644615384615385
4.284230769230769
4.246923076923077
4.4338461538461535
4.279615384615385
4.164230769230769
4.405384615384616
4.945769230769231
5.785769230769231
5.778076923076923
6.680000000000001
6.382692307692308
6.3319230769230765
6.111538461538462
5.694615384615385
6.824999999999999
7.294615384615384
7.104615384615385
6.826153846153845
6.298846153846155
6.4
6.271923076923077
6.500384615384615
6.478461538461539
6.6292307692307695
6.712692307692308
7.026538461538461
6.9653846153846155
6.746538461538462
7.399230769230769
7.756538461538461
8.170769230769231
8.143461538461539
7.693461538461539
7.890384615384615
8.002692307692307
7.812692307692307
8.148076923076923
7.7846153846153845
6.917307692307692
7.6765384615384615
8.141153846153845
7.76
7.354615384615385
7.593846153846154
7.957307692307692
8.432307692307692
8.289615384615384
8.112307692307693
8.636923076923077
8.370384615384616
8.126153846153846
8.81576923076923
9.722307692307693
10.43423076923077
10.416538461538462
10.599615384615383
9.897692307692306
9.161153846153846
9.703846153846154
9.285384615384617
8.857307692307693
9.48576923076923
9.833461538461538
9.936153846153845
10.081153846153846
9.938461538461537
10.464615384615383
10.457307692307692
11.10923076923077
11.242307692307692
11.706538461538461
11.66576923076923
11.066538461538462
10.776538461538461
10.919615384615385
10.649230769230769
11.698076923076922
11.767307692307693
11.527692307692309
11.860000000000001
12.48076923076923
12.309615384615386
12.105384615384615
12.28346153846154
12.65846153846154
12.37576923076923
12.636538461538462
12.692692307692308
12.918076923076923
12.61076923076923
12.745384615384616
12.742692307692307
13.30423076923077
14.279230769230768
14.335
13.537307692307694
12.943461538461538
13.25576923076923
13.118846153846155
13.60153846153846
13.813461538461537
14.396923076923077
13.917307692307693
14.022307692307692
13.973461538461539
14.573846153846155
14.303846153846154
14.552307692307693
15.336538461538462
15.576538461538462
15.338846153846154
15.198846153846155
14.875384615384615
14.909615384615384
14.996153846153845
15.450384615384618
15.30076923076923
15.075384615384614
15.494615384615384
15.416153846153845
15.26076923076923
15.74076923076923
15.419230769230769
16.08346153846154
16.236538461538462
15.85576923076923
16.246538461538464
16.539615384615384
16.402307692307694
16.252307692307692
16.226923076923075
16.270384615384614
16.356923076923078
16.018076923076926
15.965
15.889999999999999
16.235
16.543846153846154
17.13346153846154
17.271923076923077
17.65
17.967307692307692
17.013846153846153
16.404999999999998
17.015
17.348846153846154
17.41653846153846
17.54153846153846
17.357307692307693
17.285384615384615
17.204615384615384
16.903846153846153
16.674615384615386
16.884999999999998
17.317307692307693
17.373846153846156
17.349615384615387
16.948461538461537
17.301923076923078
17.663846153846155
17.235
17.468076923076925
17.236538461538462
16.85576923076923
17.73846153846154
16.872692307692308
17.197692307692307
16.944615384615386
16.916923076923077
16.445384615384615
16.75423076923077
16.73730769230769
16.628846153846155
16.449615384615385
16.501153846153844
16.886923076923075
16.603846153846153
15.966923076923077
16.24269230769231
15.462307692307691
15.382692307692308
15.423461538461538
15.164615384615384
14.793846153846154
14.762692307692307
14.974230769230768
15.813076923076922
15.443076923076923
15.558461538461538
15.65846153846154
15.347307692307693
14.978076923076923
15.050384615384615
15.197692307692307
15.328076923076923
15.236153846153845
14.503846153846155
14.284230769230769
14.303076923076922
13.885384615384615
13.786153846153846
13.430769230769231
13.919230769230769
14.036923076923076
13.92576923076923
13.736923076923079
13.810384615384615
13.45
13.012307692307692
13.133846153846154
12.825384615384614
13.260769230769231
13.437307692307693
13.144615384615385
13.473461538461539
12.572307692307692
11.889999999999999
11.869615384615384
11.342307692307692
11.915384615384616
11.118461538461538
11.337692307692306
11.995384615384616
11.606153846153846
11.945769230769232
11.355384615384615
11.43923076923077
11.300384615384615
10.85576923076923
10.716923076923077
10.69076923076923
9.979615384615386
10.160769230769231
10.042307692307693
9.888076923076921
10.302307692307693
9.858076923076924
10.100769230769231
10.165384615384616
10.24423076923077
9.76923076923077
9.70923076923077
9.504999999999999
9.03423076923077
9.416153846153845
9.304615384615385
9.043076923076923
8.738076923076923
8.372307692307693
7.857307692307692
7.950769230769231
7.731538461538462
7.768846153846154
7.318846153846153
7.206538461538462
7.773461538461539
7.553076923076923
7.4326923076923075
7.072692307692307
6.906153846153846
7.569999999999999
6.8307692307692305
6.798076923076923
6.261153846153846
5.711538461538462
5.440769230769231
5.3088461538461535
5.339230769230769
4.967692307692308
5.512307692307692
5.395384615384615
5.783076923076923
5.689230769230769
5.364615384615385
5.21076923076923
5.096923076923077
4.6838461538461535
4.861153846153846
4.542307692307692
4.556153846153847
5.002692307692308
4.9338461538461535
4.582307692307692
4.631923076923076
4.42076923076923
4.570384615384615
4.210384615384616
4.621153846153846
4.344615384615385
4.210384615384616
4.535384615384616
4.224615384615385
3.6876923076923074
3.471538461538462
3.602692307692308
3.4507692307692306
4.156538461538461
4.758461538461538
5.375769230769231
5.216923076923077
4.337692307692308
4.338846153846154
3.888076923076923
3.203076923076923
3.526923076923077
4.331538461538462
4.101538461538461
