temperature
4.910384615384616
4.47
4.127307692307692
3.9438461538461542
4.287692307692308
4.158846153846154
4.683461538461538
4.5892307692307694
4.2519230769230765
4.685769230769231
5.035384615384615
5.319999999999999
5.017307692307692
4.731538461538461
4.836153846153846
4.525384615384615
4.250384615384616
4.552692307692308
4.485384615384616
3.748846153846154
3.6065384615384612
4.023846153846154
3.8423076923076924
3.7788461538461537
4.295
4.181923076923077
4.532692307692307
4.6923076923076925
4.526153846153846
3.911923076923077
4.453846153846154
4.611923076923077
4.396923076923077
4.35
5.356538461538462
5.189615384615385
4.418846153846154
4.3573076923076925
4.203461538461538
4.065769230769231
3.9796153846153848
4.637692307692308
5.033076923076924
4.133461538461538
4.7553846153846155
5.481153846153846
5.118076923076923
5.518461538461538
5.075384615384616
5.58
5.673461538461538
6.185384615384615
5.722307692307693
5.825769230769231
5.443076923076924
5.5
5.316538461538461
5.162307692307692
4.529615384615385
4.665384615384616
4.990384615384615
4.843846153846154
4.688461538461539
4.844615384615384
5.5903846153846155
6.254615384615385
6.744230769230769
7.069615384615385
6.949999999999999
6.70423076923077
6.672692307692308
5.974615384615385
7.318461538461539
7.913846153846153
7.45423076923077
7.199999999999999
6.677692307692308
6.681153846153847
6.598461538461539
7.142307692307692
6.856538461538462
7.157307692307692
7.235769230769231
7.419615384615384
7.403846153846154
7.5065384615384625
8.109615384615385
8.138846153846153
8.474615384615385
8.209615384615384
8.191923076923077
8.462692307692308
8.366153846153846
8.006153846153847
8.376923076923077
8.018076923076922
7.30076923076923
7.832307692307692
8.626153846153846
8.197692307692307
7.818076923076924
7.986538461538462
8.375384615384615
8.654230769230768
8.74576923076923
8.598076923076924
8.941153846153846
8.680769230769231
8.818846153846154
9.414615384615384
10.504999999999999
10.686923076923078
10.683846153846154
11.035384615384617
10.148076923076925
9.635384615384616
9.757307692307693
9.728461538461538
9.239230769230769
9.855
10.109615384615385
10.223461538461539
10.43423076923077
10.335769230769232
10.694615384615386
10.944615384615386
11.641923076923076
11.742692307692307
11.703076923076923
12.30423076923077
11.73923076923077
11.39576923076923
11.56576923076923
11.122307692307693
11.901923076923076
12.086923076923076
12.062692307692307
12.163846153846153
12.343461538461538
12.394615384615385
12.47653846153846
12.491538461538461
12.700384615384614
12.742307692307692
13.232307692307693
13.349615384615383
13.333461538461538
13.008846153846154
13.27
13.487307692307693
13.584615384615384
14.708846153846155
14.548461538461538
14.112307692307693
13.781153846153845
13.668461538461539
13.692307692307692
13.731538461538461
14.006538461538462
14.67
14.418076923076923
14.467692307692309
14.135
14.765384615384615
14.879999999999999
14.865384615384615
15.47923076923077
15.786538461538461
15.59769230769231
15.428076923076922
15.226923076923079
15.085384615384616
15.010384615384615
15.562307692307693
15.571153846153846
15.819230769230769
16.27230769230769
15.753076923076922
15.848846153846154
16.14730769230769
16.11692307692308
16.46
16.205384615384613
16.099615384615387
16.085
16.479230769230767
16.60269230769231
16.50307692307692
16.694615384615386
16.79
16.588461538461537
16.388846153846153
16.354615384615386
16.34346153846154
16.791153846153847
16.94423076923077
17.36346153846154
17.319615384615386
17.884615384615383
18.123846153846152
17.175
17.08230769230769
17.107307692307693
17.61230769230769
17.55923076923077
18.021923076923077
17.661538461538463
17.404615384615383
17.445384615384615
17.165384615384617
16.95
17.165384615384617
17.534615384615385
17.163076923076922
17.395384615384618
17.228846153846153
17.317307692307693
17.45846153846154
17.28153846153846
17.770769230769233
17.215769230769233
17.14076923076923
17.891153846153845
17.21923076923077
17.41
17.123076923076923
16.61846153846154
16.59846153846154
16.742307692307694
16.723846153846154
16.571923076923078
16.368076923076924
16.55153846153846
16.934615384615384
16.560384615384613
16.045384615384616
16.939230769230768
16.14423076923077
15.635
15.501153846153844
15.398076923076925
15.166153846153845
15.029230769230768
14.779615384615385
15.841923076923077
15.479615384615384
15.806153846153846
15.743076923076924
15.495000000000001
14.930769230769231
15.264999999999999
14.844615384615384
15.704230769230769
15.278461538461539
14.59423076923077
14.414615384615386
14.135
14.259615384615385
13.916538461538462
13.60153846153846
14.08769230769231
14.080384615384617
14.218846153846155
13.937307692307693
13.74923076923077
13.538076923076924
13.210769230769232
13.106538461538461
13.215384615384616
13.317692307692308
13.258461538461537
13.391538461538461
13.746153846153845
12.973461538461539
12.311538461538463
12.194230769230769
11.534999999999998
12.133846153846154
11.538076923076924
11.57846153846154
12.250384615384615
12.116153846153846
12.477692307692308
11.344615384615384
11.487307692307693
11.418846153846154
11.042692307692308
11.113461538461538
11.139615384615384
10.26076923076923
10.479615384615386
10.356923076923076
10.276923076923076
10.567307692307692
10.245384615384616
10.66
10.469615384615384
10.640384615384615
10.349615384615383
10.09423076923077
9.99
9.695769230769232
9.828846153846154
9.854615384615386
9.225384615384616
9.080384615384615
8.713461538461539
8.263076923076923
8.39576923076923
8.379615384615384
8.195
7.838846153846154
7.868076923076923
8.461153846153847
8.143846153846154
7.6984615384615385
7.731538461538462
7.147692307692308
7.609999999999999
7.083461538461538
7.229615384615385
7.045384615384616
6.4496153846153845
6.346153846153846
6.20423076923077
6.061923076923078
5.6657692307692304
6.337307692307693
6.172692307692308
6.378461538461538
6.153846153846154
6.186538461538461
5.877307692307692
5.503461538461538
5.172692307692308
5.131923076923077
5.031923076923078
5.086153846153847
5.436538461538461
5.827307692307692
5.291538461538461
5.163846153846153
4.927307692307693
4.937692307692307
4.543461538461538
5.127692307692308
4.860384615384616
5.034230769230769
4.915
4.603076923076923
4.45423076923077
4.343461538461538
3.8415384615384616
4.215
5.235
5.3476923076923075
6.222307692307693
6.043846153846153
5.127307692307692
4.9423076923076925
4.448076923076924
3.8723076923076927
4.568076923076923
5.102692307692308
4.827307692307692
