temperature
5.373461538461539
4.625
4.569999999999999
4.233461538461539
4.357692307692307
4.182307692307692
4.937307692307693
4.939615384615385
4.461153846153846
4.616923076923077
5.078846153846154
5.375
5.257307692307692
4.783846153846154
4.781153846153846
4.349230769230769
4.271923076923077
4.542307692307692
4.647692307692308
3.9588461538461535
3.6469230769230765
4.286153846153846
4.010769230769231
3.7976923076923077
4.491538461538462
4.4180769230769235
4.805384615384615
5.004615384615385
4.803846153846154
4.0819230769230765
4.6365384615384615
4.783846153846154
4.645384615384615
4.6923076923076925
5.7130769230769225
5.726538461538462
4.75076923076923
4.431153846153846
4.432307692307692
4.503076923076923
4.096153846153846
4.795
4.844615384615384
4.07
4.793846153846154
5.598461538461539
5.283076923076924
5.766538461538461
5.128461538461538
5.809615384615385
5.7784615384615385
6.4180769230769235
6.048846153846155
6.078461538461538
5.703461538461538
5.552692307692308
5.611538461538462
5.318076923076924
5.045384615384616
5.041923076923077
5.247692307692308
5.193846153846153
4.737307692307692
5.327307692307692
5.933461538461539
6.250769230769231
6.914615384615384
7.201153846153845
7.324999999999999
6.940384615384615
7.180384615384615
6.239615384615385
7.659230769230769
8.281153846153845
7.891923076923077
7.383461538461538
7.022692307692308
6.9399999999999995
6.788461538461538
7.328461538461538
6.968076923076922
7.234230769230769
7.4692307692307685
7.466538461538462
7.579999999999999
7.578461538461538
8.228846153846153
8.441923076923077
8.843461538461538
8.481538461538461
8.411923076923078
8.841153846153846
8.664615384615384
8.28
8.747307692307693
8.164615384615384
7.640000000000001
7.903846153846154
8.96653846153846
8.62653846153846
8.088076923076922
8.408846153846154
8.59923076923077
8.922307692307692
8.918076923076923
8.899615384615384
9.045
8.905
9.192692307692308
9.398076923076923
10.84
10.812692307692307
10.965
11.204615384615384
10.443076923076923
9.768461538461539
10.116538461538461
10.353461538461538
9.982307692307693
10.36423076923077
10.545
10.457692307692307
10.657692307692308
10.628076923076922
10.850769230769231
11.397692307692308
12.011923076923077
11.99076923076923
12.341923076923077
12.748076923076923
12.364615384615385
11.772307692307692
11.875
11.625
12.03076923076923
12.712307692307691
12.455384615384615
12.578076923076923
12.603076923076923
12.868461538461538
12.992307692307692
12.98923076923077
13.209615384615384
13.39576923076923
13.848846153846154
13.769615384615385
13.761923076923077
13.404230769230768
13.604615384615384
13.899615384615384
13.63076923076923
14.842692307692309
15.053076923076922
14.441538461538462
14.197692307692307
13.991923076923078
14.100384615384616
13.89576923076923
14.406923076923077
15.012692307692307
14.69576923076923
14.746538461538462
14.76
15.113846153846152
15.464230769230769
15.228461538461538
15.784230769230769
16.185
16.116153846153846
16.06230769230769
15.785384615384617
15.598846153846154
15.254615384615384
16.005
16.180384615384614
16.195
16.587692307692308
16.42076923076923
16.313076923076924
16.671923076923076
16.50730769230769
16.887307692307694
16.87192307692308
16.259999999999998
16.628461538461536
17.215769230769233
16.968846153846155
16.677692307692308
17.07846153846154
16.966923076923077
16.894615384615385
16.78846153846154
16.768846153846155
16.843846153846155
17.22346153846154
17.38307692307692
17.69576923076923
17.67653846153846
18.067307692307693
18.740384615384617
17.631153846153843
17.547307692307694
17.429230769230767
18.264615384615386
18.211923076923078
18.48846153846154
18.126538461538463
17.905
18.035384615384615
17.851923076923075
17.317692307692308
17.550384615384615
18.066538461538464
17.645384615384614
17.955
17.623846153846152
17.892692307692307
18.091153846153848
17.82807692307692
18.453846153846154
17.848076923076924
17.82923076923077
18.42192307692308
17.591153846153848
17.988846153846154
17.628461538461536
17.23076923076923
16.798846153846153
17.531153846153845
17.42192307692308
16.929230769230767
16.799230769230768
17.02730769230769
17.289615384615384
16.879615384615384
16.485384615384614
17.52846153846154
16.70423076923077
15.973076923076924
16.00807692307692
15.99576923076923
15.620000000000001
15.397307692307692
15.081923076923077
16.08653846153846
15.957692307692307
16.082692307692305
16.291153846153847
15.808461538461538
15.465384615384616
15.818461538461538
15.366153846153846
16.11423076923077
15.772692307692308
14.801923076923078
14.87153846153846
14.38846153846154
14.586153846153847
14.522307692307692
13.93576923076923
14.576923076923077
14.481923076923076
14.743461538461538
14.281538461538462
13.916153846153845
13.978461538461538
13.669230769230769
13.547692307692309
13.544230769230769
13.72923076923077
13.581538461538461
13.651153846153846
14.195384615384615
13.558461538461538
12.675
12.447307692307692
11.946153846153846
12.447692307692307
11.95
11.805769230769231
12.452692307692306
12.559615384615386
12.848461538461539
11.681153846153846
11.793846153846154
11.80423076923077
11.342307692307692
11.289615384615384
11.335769230769232
10.42923076923077
10.86076923076923
10.687692307692307
10.761923076923077
10.950769230769232
10.596923076923076
10.998076923076923
10.910384615384617
11.128846153846155
10.568076923076923
10.720384615384615
10.350769230769231
10.215
10.01
10.230384615384615
9.347692307692308
9.397692307692308
8.943076923076923
8.326153846153845
8.613461538461538
8.624230769230769
8.442307692307692
8.044230769230769
7.764615384615384
8.510769230769231
8.532692307692308
7.857692307692308
7.978461538461539
7.297307692307692
7.729230769230769
7.280384615384615
7.069615384615385
7.243846153846154
6.5138461538461545
6.348076923076923
6.493461538461539
6.512307692307692
5.922692307692308
6.556923076923076
6.531538461538461
6.725
6.373461538461539
6.548076923076923
6.050000000000001
5.826153846153845
5.667692307692308
5.366153846153846
5.326538461538462
5.177307692307692
5.3307692307692305
5.910384615384615
5.516153846153847
5.521538461538461
5.011538461538462
5.141538461538461
4.761923076923077
5.129615384615385
4.751153846153846
5.073076923076924
5.007307692307692
4.706153846153846
4.601538461538461
4.538461538461538
4.263076923076923
4.514230769230769
5.591538461538462
5.813846153846153
6.746153846153846
6.672307692307692
5.31923076923077
5.203076923076923
4.575
3.920384615384615
4.548461538461539
5.341923076923076
4.951923076923077
