temperature
3.6434615384615388
3.5446153846153843
3.4934615384615384
4.376153846153846
4.670384615384615
3.8153846153846156
3.938846153846154
4.483461538461539
4.373846153846154
3.9673076923076924
3.0492307692307694
2.462307692307692
2.918461538461538
3.7284615384615383
3.770769230769231
3.3092307692307696
2.7853846153846153
3.2492307692307696
3.6196153846153845
3.906538461538461
4.186923076923077
3.9676923076923076
3.8561538461538465
3.9480769230769233
3.6465384615384617
3.323846153846154
3.164230769230769
3.523076923076923
3.4076923076923076
2.7026923076923075
3.034615384615385
3.3296153846153844
3.9646153846153847
4.224230769230769
3.9842307692307695
4.644230769230769
4.313461538461539
3.944230769230769
3.5869230769230773
3.5684615384615386
3.0442307692307695
3.1273076923076926
3.086153846153846
2.3576923076923078
2.000769230769231
2.0865384615384617
2.563076923076923
3.0765384615384614
2.6769230769230767
2.9373076923076926
2.980384615384615
3.365769230769231
3.777307692307692
3.835
3.3646153846153846
3.3134615384615387
4.099230769230769
4.177307692307692
4.228076923076923
4.388846153846154
4.725769230769231
4.4338461538461535
4.578461538461538
5.281153846153846
5.493846153846154
5.335384615384616
5.285384615384616
5.1838461538461535
5.798076923076923
5.62
5.622692307692308
5.364230769230769
5.098846153846154
5.17
5.082307692307692
5.19423076923077
5.503076923076923
5.142692307692308
5.04
5.072692307692307
5.186538461538461
5.916538461538462
5.739230769230769
5.880384615384615
5.7192307692307685
5.435769230769231
5.491923076923077
6.0965384615384615
6.275384615384615
6.603076923076923
6.168461538461538
5.299615384615384
5.220384615384615
5.569230769230769
5.746923076923077
6.138076923076923
6.080384615384616
5.499230769230769
6.177692307692308
6.886923076923077
7.282307692307692
7.12
6.577307692307692
6.9496153846153845
7.861923076923077
7.76
7.273846153846154
7.997307692307692
7.53
7.671153846153846
8.256153846153847
8.472307692307693
7.63
7.6680769230769235
7.750384615384615
7.791153846153846
7.897692307692308
8.090384615384615
8.456538461538461
8.496923076923077
7.82923076923077
8.200384615384616
8.46076923076923
8.751923076923076
9.047307692307692
9.357692307692307
9.921923076923077
9.478076923076923
8.998076923076923
9.556923076923077
9.720384615384615
9.882692307692308
9.974615384615383
10.057692307692308
10.296153846153846
9.724615384615385
9.943076923076923
9.893461538461539
10.667692307692308
11.107692307692307
10.787692307692309
11.47
11.38923076923077
11.816923076923077
11.211153846153847
11.610000000000001
11.103461538461538
11.146538461538462
11.701923076923077
11.168461538461539
11.875384615384615
12.283076923076923
11.906538461538462
11.988076923076923
11.802307692307693
12.37076923076923
12.291538461538462
12.354615384615386
12.626923076923077
12.529615384615385
12.443846153846154
12.516923076923076
12.231923076923078
12.383846153846154
12.34423076923077
12.823461538461537
13.534230769230769
13.179615384615385
13.271923076923077
13.511153846153848
13.637692307692307
13.183076923076923
13.360000000000001
13.301153846153845
13.49
13.862307692307693
14.044230769230769
13.942307692307692
14.248076923076923
14.246153846153845
14.488076923076923
14.500384615384615
14.625384615384615
15.044615384615383
15.548846153846153
15.222692307692306
15.353076923076923
15.877692307692307
15.621538461538462
15.715384615384615
15.723076923076924
15.805769230769231
15.66
15.933461538461538
15.89076923076923
15.65846153846154
15.053461538461537
15.015384615384615
15.256153846153847
16.046153846153846
15.781923076923077
15.535769230769231
15.55
15.60153846153846
15.324615384615385
16.13307692307692
16.015384615384615
16.051923076923078
16.198076923076922
16.243076923076924
16.544615384615387
15.346538461538461
15.286538461538461
15.784615384615384
15.507692307692308
15.44923076923077
15.394615384615385
15.177692307692308
14.532692307692308
15.210769230769232
14.733076923076924
15.112692307692308
15.38076923076923
15.107307692307693
15.46269230769231
15.631923076923076
15.288846153846153
14.80423076923077
14.894615384615385
15.178076923076922
15.503461538461538
15.845769230769232
15.583846153846155
14.921923076923077
14.657307692307691
14.735384615384616
14.655384615384616
14.126923076923077
14.125
14.527692307692307
14.536538461538461
14.107692307692307
14.202307692307691
13.935384615384615
13.927307692307693
13.553461538461537
13.652692307692309
13.120000000000001
13.100769230769231
13.922692307692309
13.53076923076923
13.531153846153845
12.703846153846154
12.592307692307692
12.407692307692308
12.34
12.040384615384616
12.036538461538461
12.897307692307692
12.436153846153845
12.103846153846153
12.122307692307693
12.302692307692308
12.065
11.878846153846155
12.244615384615384
11.72
11.496153846153845
11.419230769230769
11.44076923076923
11.916538461538462
11.518461538461539
11.502692307692307
11.146153846153847
11.366153846153846
11.18423076923077
10.754999999999999
10.71653846153846
10.857692307692307
10.458846153846155
11.031923076923077
11.059615384615386
9.778846153846153
10.03
9.996538461538462
9.086923076923076
9.262692307692308
8.914615384615384
8.678846153846154
8.613846153846154
9.200384615384616
9.216153846153846
8.730384615384615
8.27
8.42576923076923
8.891923076923076
8.710384615384616
8.99576923076923
8.413461538461538
8.125384615384615
7.976538461538461
8.143846153846154
8.871538461538462
8.496153846153847
8.522692307692308
8.570384615384615
7.811153846153847
7.608846153846153
6.790384615384616
7.091153846153846
8.167692307692308
7.635
7.404615384615385
7.651538461538461
7.105769230769231
6.272692307692308
5.905384615384615
5.902692307692307
6.008846153846154
5.546538461538462
5.942692307692307
6.1657692307692304
5.171153846153846
5.068076923076924
5.24
5.8015384615384615
6.096923076923076
5.926923076923076
5.968461538461539
5.045384615384616
4.7519230769230765
4.42576923076923
4.226153846153846
4.416923076923077
5.163076923076924
5.869230769230769
5.581153846153847
5.584615384615384
4.845384615384615
4.422307692307692
4.320384615384615
3.8084615384615383
3.712307692307692
4.081153846153846
3.9546153846153844
4.344615384615384
4.552307692307692
4.721923076923077
4.944615384615385
4.669615384615384
4.27423076923077
4.305000000000001
4.556538461538461
4.785384615384616
4.350769230769231
3.903461538461539
4.398461538461539
4.636923076923077
4.546923076923077
4.6596153846153845
4.462692307692308
4.752307692307692
3.995
3.6634615384615383
3.878846153846154
