pet
0.4423076923076923
0.3811538461538462
0.31923076923076926
0.48576923076923073
0.5711538461538461
0.44153846153846155
0.4719230769230769
0.5096153846153846
0.5146153846153847
0.5634615384615385
0.5130769230769231
0.43192307692307697
0.4896153846153846
0.5134615384615384
0.52
0.4480769230769231
0.3811538461538462
0.4553846153846154
0.4919230769230769
0.5153846153846154
0.5619230769230769
0.42346153846153844
0.4707692307692308
0.4807692307692308
0.3480769230769231
0.3853846153846154
0.3323076923076923
0.4419230769230769
0.49653846153846154
0.4523076923076923
0.4757692307692307
0.5246153846153846
0.5980769230769231
0.6226923076923078
0.6223076923076923
0.7261538461538461
0.6330769230769231
0.5234615384615384
0.5
0.5242307692307693
0.4084615384615385
0.40538461538461534
0.43230769230769234
0.38769230769230767
0.4338461538461538
0.39
0.39076923076923076
0.44884615384615384
0.4653846153846154
0.45269230769230767
0.4942307692307692
0.5246153846153846
0.6207692307692307
0.675
0.6238461538461538
0.6315384615384616
0.6230769230769231
0.7396153846153847
0.6523076923076924
0.6988461538461539
0.7703846153846154
0.735
0.8203846153846153
0.9503846153846154
0.9923076923076923
1.0823076923076924
0.9153846153846155
0.9592307692307693
1.0715384615384616
1.0580769230769231
1.051153846153846
0.9380769230769231
0.7661538461538461
0.8007692307692308
0.8688461538461538
0.9638461538461538
0.8980769230769231
0.8861538461538461
0.8338461538461538
0.856923076923077
0.9569230769230769
1.0153846153846156
1.0253846153846153
0.9753846153846154
1.0434615384615384
1.0288461538461537
1.0065384615384616
1.156923076923077
1.2476923076923077
1.3242307692307693
1.2892307692307694
0.9853846153846154
1.0403846153846155
1.218076923076923
1.21
1.23
1.253076923076923
1.115
1.2896153846153846
1.5488461538461538
1.5384615384615385
1.4965384615384614
1.3792307692307693
1.603076923076923
1.7334615384615384
1.6934615384615386
1.6561538461538463
1.855
1.655
1.6476923076923078
1.741153846153846
1.9015384615384614
1.8442307692307693
1.8673076923076921
1.7238461538461538
1.8446153846153845
1.826153846153846
1.7938461538461539
1.823846153846154
1.7834615384615387
1.933076923076923
2.0515384615384615
2.2115384615384617
2.223076923076923
2.0507692307692307
2.335769230769231
2.356923076923077
2.144230769230769
2.121923076923077
2.232307692307692
2.371153846153846
2.4596153846153848
2.349615384615385
2.4053846153846155
2.458076923076923
2.2373076923076924
2.461153846153846
2.26
2.45
2.6734615384615386
2.670384615384615
2.631153846153846
2.7384615384615385
2.823846153846154
2.765
2.584230769230769
2.5961538461538463
2.463461538461538
2.516923076923077
2.5696153846153846
2.6876923076923074
2.572307692307692
2.365
2.401923076923077
2.2946153846153843
2.4026923076923077
2.305
2.2853846153846153
2.3396153846153847
2.373846153846154
2.3253846153846154
2.228076923076923
2.1153846153846154
2.038846153846154
2.1334615384615385
2.2984615384615386
2.379230769230769
2.2757692307692308
2.2784615384615385
2.4353846153846153
2.250769230769231
2.283846153846154
2.2673076923076922
2.2126923076923077
2.306153846153846
2.273846153846154
2.2857692307692306
2.2084615384615387
2.335769230769231
2.3996153846153847
2.528461538461538
2.2734615384615386
2.3034615384615384
2.522307692307692
2.5596153846153844
2.4446153846153846
2.6153846153846154
2.7023076923076923
2.4507692307692306
2.475769230769231
2.426923076923077
2.5034615384615386
2.3838461538461537
2.521153846153846
2.4050000000000002
2.2211538461538463
2.121923076923077
2.0092307692307694
2.1407692307692305
2.4053846153846155
2.2253846153846153
2.15
2.1803846153846154
2.1973076923076924
2.310769230769231
2.373076923076923
2.4273076923076924
2.3419230769230768
2.2434615384615384
2.191153846153846
2.257307692307692
2.045
2.163846153846154
2.2096153846153848
2.1703846153846156
1.948076923076923
2.04
2.0903846153846155
1.7703846153846154
1.9507692307692308
1.9103846153846153
1.936923076923077
2.018846153846154
1.8976923076923078
1.9173076923076924
1.9807692307692308
1.9869230769230768
1.7730769230769232
1.8796153846153845
1.9500000000000002
1.9719230769230767
2.01
1.9830769230769232
1.9084615384615384
1.8534615384615383
1.9026923076923077
1.7473076923076922
1.6588461538461539
1.6723076923076923
1.8438461538461537
1.698076923076923
1.536923076923077
1.6484615384615384
1.6253846153846152
1.6715384615384616
1.616153846153846
1.6084615384615384
1.396923076923077
1.4715384615384615
1.588846153846154
1.4823076923076923
1.4596153846153848
1.3426923076923076
1.228846153846154
1.291153846153846
1.216923076923077
1.2084615384615385
1.1915384615384617
1.3565384615384617
1.4034615384615385
1.2192307692307691
1.3407692307692307
1.3265384615384617
1.323076923076923
1.2461538461538462
1.2703846153846154
0.9888461538461539
0.8953846153846154
0.9992307692307693
1.0365384615384614
1.2446153846153847
1.2238461538461538
1.2646153846153847
1.1846153846153846
1.1776923076923078
1.1846153846153846
1.123076923076923
1.0765384615384617
1.0403846153846155
0.9707692307692308
1.116923076923077
1.035
0.8807692307692307
1.0323076923076924
0.9546153846153846
0.9396153846153846
0.8792307692307693
0.8011538461538461
0.7623076923076924
0.7569230769230769
0.7861538461538462
0.7957692307692308
0.6407692307692308
0.6538461538461539
0.785
0.8623076923076923
0.7669230769230769
0.7703846153846154
0.6934615384615385
0.7607692307692309
0.7796153846153846
0.8169230769230769
0.9053846153846153
0.7626923076923077
0.7157692307692307
0.7865384615384615
0.8192307692307692
0.6503846153846153
0.5853846153846154
0.6657692307692307
0.7865384615384615
0.7011538461538461
0.7669230769230769
0.8073076923076923
0.7069230769230769
0.5815384615384616
0.5373076923076923
0.5434615384615384
0.5138461538461538
0.4253846153846154
0.46576923076923077
0.49346153846153845
0.3288461538461539
0.3211538461538461
0.5315384615384615
0.628076923076923
0.6023076923076923
0.5215384615384615
0.6292307692307693
0.4888461538461539
0.45423076923076927
0.4930769230769231
0.4696153846153846
0.4876923076923077
0.5746153846153846
0.6423076923076922
0.5811538461538461
0.5534615384615384
0.4169230769230769
0.31461538461538463
0.2915384615384615
0.3507692307692307
0.4211538461538461
0.4969230769230769
0.4880769230769231
0.4496153846153846
0.4496153846153846
0.4480769230769231
0.5019230769230769
0.41923076923076924
0.3984615384615384
0.3976923076923077
0.3553846153846154
0.46807692307692306
0.42076923076923073
0.41346153846153844
0.46
0.5423076923076923
0.5469230769230768
0.5480769230769231
0.5399999999999999
0.5723076923076923
0.5153846153846154
0.445
0.46961538461538466
