temperature
1.2634615384615384
1.116923076923077
1.1488461538461539
1.676153846153846
1.973076923076923
1.4638461538461536
1.5761538461538462
2.017692307692308
1.9234615384615383
1.715
0.9696153846153847
0.6707692307692307
1.2273076923076922
1.8315384615384613
1.6526923076923077
1.1176923076923075
0.7888461538461539
1.021923076923077
1.3673076923076926
1.6530769230769229
1.991153846153846
1.5492307692307692
1.4534615384615384
1.5346153846153845
0.8138461538461539
0.713076923076923
0.59
0.9773076923076923
1.1826923076923077
0.5784615384615386
0.8442307692307693
1.2415384615384615
1.753076923076923
1.9288461538461539
1.8284615384615384
2.2592307692307694
1.8111538461538463
1.4903846153846154
1.1538461538461537
0.9592307692307693
0.4076923076923077
0.6319230769230769
0.7703846153846154
0.29653846153846153
0.16076923076923086
0.03730769230769228
0.215
0.8853846153846153
0.7696153846153847
0.5661538461538462
0.7719230769230769
1.1473076923076924
1.4892307692307691
1.6099999999999999
1.6234615384615385
1.175
1.1953846153846153
1.7665384615384616
1.4507692307692308
1.6596153846153845
1.9023076923076923
1.7592307692307694
2.026923076923077
2.6511538461538464
2.8696153846153845
3.0773076923076923
2.806923076923077
2.7880769230769227
3.0999999999999996
3.0153846153846158
3.0665384615384617
2.8023076923076924
2.0126923076923076
2.1588461538461536
2.226153846153846
2.4888461538461537
2.3376923076923077
2.4211538461538464
2.166923076923077
2.1015384615384614
2.535769230769231
2.7796153846153846
2.7973076923076925
2.7626923076923076
2.9719230769230767
2.7719230769230765
2.545384615384615
3.3530769230769235
3.6242307692307696
3.670769230769231
3.5942307692307693
2.596538461538462
2.5096153846153846
2.977307692307692
3.191923076923077
3.401923076923077
3.183846153846154
2.57
3.2196153846153845
4.355
4.488076923076923
4.477307692307692
3.77
4.577307692307692
5.189230769230769
5.165
4.841153846153846
5.503076923076923
4.933461538461538
4.951923076923077
5.341538461538462
5.745384615384615
5.335
5.345384615384615
5.109615384615385
5.45423076923077
5.340769230769231
5.113846153846154
5.505769230769231
5.4119230769230775
5.154615384615385
5.5588461538461535
6.1826923076923075
6.296153846153846
6.130769230769231
6.881153846153846
7.133076923076923
6.420384615384616
6.383461538461538
6.555000000000001
6.915384615384616
7.100384615384614
6.945384615384615
7.151538461538461
7.421923076923077
6.837307692307693
7.431538461538461
6.954615384615384
7.6984615384615385
8.218846153846155
8.173461538461538
8.318846153846154
8.506153846153847
8.864615384615384
8.973461538461539
8.749615384615385
8.316923076923077
8.373846153846154
8.591153846153846
8.509615384615385
9.037692307692307
9.781538461538462
9.419615384615385
9.403846153846153
9.476153846153846
9.619615384615384
9.556923076923077
9.364230769230769
9.694615384615386
9.60423076923077
9.788846153846153
9.758076923076924
9.627692307692307
9.301538461538462
9.376153846153846
10.253846153846155
10.785384615384617
10.355384615384615
10.511153846153848
10.786153846153846
10.174615384615386
10.305769230769231
10.471538461538461
10.59153846153846
10.818846153846154
10.857307692307693
11.20923076923077
10.692307692307692
11.080769230769231
11.500384615384615
12.169615384615385
11.61153846153846
11.995384615384616
12.299615384615386
12.410384615384617
12.357692307692307
12.634615384615385
13.047692307692309
12.639615384615384
12.587307692307691
12.524615384615384
12.829230769230769
12.709999999999999
13.065
12.763076923076921
12.51076923076923
12.157692307692308
11.965769230769231
12.231538461538461
12.952307692307691
12.686538461538463
12.465384615384616
12.302307692307693
12.47923076923077
12.875384615384615
12.998846153846156
13.21923076923077
13.225384615384616
12.977692307692308
13.115
13.192692307692308
12.221923076923076
12.759615384615385
12.984230769230768
12.756923076923076
12.167692307692308
12.649230769230769
12.593076923076923
11.749615384615385
12.316153846153846
11.93923076923077
12.122692307692308
12.44846153846154
12.288076923076924
12.601153846153846
12.866923076923078
12.80153846153846
12.116153846153846
12.161538461538461
12.583076923076923
12.620384615384616
12.785769230769231
12.716923076923077
12.05076923076923
11.978846153846153
12.18
11.764999999999999
11.419615384615385
11.481153846153846
11.906153846153845
11.54076923076923
11.193461538461538
11.475000000000001
11.298076923076923
11.406923076923077
11.030000000000001
10.881923076923076
10.226153846153846
10.411153846153846
11.095384615384615
10.693461538461538
10.822692307692307
9.98
9.54076923076923
9.721538461538461
9.458461538461538
9.381538461538462
9.336153846153847
10.194230769230769
10.114615384615385
9.552307692307693
9.896153846153847
9.800384615384615
9.565
9.470384615384615
9.630384615384616
8.733461538461539
8.565384615384614
8.641538461538461
8.549615384615384
9.174615384615384
9.18346153846154
9.404230769230768
8.956538461538461
9.201923076923077
8.88923076923077
8.70076923076923
8.483076923076924
8.548846153846153
8.205384615384615
8.565
8.51576923076923
7.621538461538462
7.885384615384615
7.700384615384616
7.172692307692308
6.877692307692308
7.1
6.495
6.2288461538461535
6.635384615384615
6.799615384615384
5.804230769230769
6.073076923076924
6.639230769230769
6.919615384615384
6.910769230769231
6.755
6.416923076923077
6.382692307692308
5.9861538461538455
6.160769230769231
6.543461538461538
6.055384615384615
5.902692307692307
6.083461538461538
5.863076923076923
5.367307692307692
4.923846153846155
4.904615384615385
5.54576923076923
5.525
5.025
5.481538461538462
4.879615384615385
4.256153846153846
3.6515384615384616
3.6142307692307694
3.9526923076923075
3.460384615384615
3.289230769230769
3.3703846153846153
2.9242307692307694
2.7361538461538464
3.2223076923076923
3.735
3.706538461538462
3.523846153846154
3.855384615384615
3.012307692307692
2.713846153846154
2.5384615384615383
2.3669230769230767
2.5430769230769235
3.1926923076923077
3.713076923076923
3.367692307692308
3.414230769230769
3.112692307692307
2.5115384615384615
1.8611538461538462
2.1076923076923078
2.448846153846154
2.620769230769231
2.443846153846154
2.5657692307692312
2.659615384615385
2.646153846153846
3.0257692307692308
2.4569230769230765
2.1273076923076926
2.415769230769231
2.360384615384615
2.401153846153846
2.2446153846153845
2.0023076923076926
2.3246153846153845
2.5215384615384617
2.629230769230769
2.2396153846153846
2.0815384615384613
2.4057692307692307
1.7692307692307692
1.4865384615384616
1.268846153846154
