pet
0.4146153846153846
0.3676923076923077
0.36
0.3257692307692308
0.3830769230769231
0.3638461538461538
0.5107692307692308
0.40269230769230774
0.39692307692307693
0.46115384615384614
0.5357692307692308
0.5253846153846153
0.43653846153846154
0.39192307692307693
0.49807692307692314
0.41423076923076924
0.3569230769230769
0.4673076923076923
0.5219230769230769
0.4115384615384615
0.27884615384615385
0.3723076923076923
0.4076923076923077
0.4242307692307692
0.5076923076923077
0.4896153846153846
0.55
0.5842307692307692
0.4880769230769231
0.4480769230769231
0.5865384615384616
0.6338461538461538
0.5646153846153846
0.568076923076923
0.7003846153846154
0.6407692307692308
0.5353846153846153
0.5423076923076923
0.6530769230769231
0.5653846153846154
0.4807692307692308
0.6392307692307693
0.66
0.5311538461538462
0.6169230769230769
0.7876923076923077
0.6853846153846154
0.7607692307692309
0.6861538461538461
0.7661538461538462
0.8515384615384616
0.8942307692307693
0.8184615384615385
0.9153846153846155
0.7757692307692307
0.8665384615384616
0.801923076923077
0.7461538461538461
0.7473076923076923
0.7357692307692308
0.7884615384615384
0.6842307692307692
0.6465384615384615
0.6984615384615385
0.8815384615384616
1.0823076923076924
1.0911538461538461
1.2903846153846152
1.2265384615384616
1.2161538461538461
1.133076923076923
1.1226923076923077
1.366153846153846
1.4442307692307692
1.458846153846154
1.4611538461538462
1.2696153846153846
1.2884615384615385
1.258846153846154
1.3103846153846155
1.3096153846153844
1.3365384615384615
1.3746153846153848
1.4923076923076921
1.4753846153846153
1.4215384615384616
1.5688461538461538
1.666923076923077
1.7407692307692306
1.7461538461538462
1.6080769230769232
1.6365384615384615
1.7334615384615384
1.7403846153846154
1.8346153846153845
1.7676923076923077
1.4738461538461538
1.7323076923076923
1.8484615384615384
1.698076923076923
1.6457692307692307
1.6253846153846152
1.786153846153846
1.8949999999999998
1.8646153846153846
1.8923076923076925
1.9642307692307692
1.8588461538461538
1.7842307692307693
2.021923076923077
2.2996153846153846
2.436153846153846
2.388076923076923
2.4403846153846156
2.245769230769231
2.045769230769231
2.181153846153846
2.0553846153846154
1.9746153846153847
2.124615384615385
2.295
2.3465384615384615
2.4215384615384616
2.411923076923077
2.5415384615384613
2.4930769230769227
2.7115384615384617
2.6553846153846155
2.7973076923076925
2.865769230769231
2.6284615384615386
2.507307692307692
2.537692307692308
2.440769230769231
2.7615384615384615
2.737692307692307
2.6711538461538464
2.7584615384615385
2.9438461538461533
2.9023076923076925
2.869230769230769
2.8449999999999998
2.957692307692308
2.8430769230769233
2.9103846153846153
2.887307692307692
2.958076923076923
2.823846153846154
2.9099999999999997
2.8953846153846152
3.0311538461538463
3.1173076923076923
2.9753846153846153
2.7353846153846155
2.478846153846154
2.61
2.582692307692308
2.6692307692307695
2.7203846153846154
2.852307692307692
2.742692307692308
2.726923076923077
2.653461538461538
2.789615384615385
2.6799999999999997
2.7346153846153842
3.072307692307692
3.075
3.0726923076923076
2.9296153846153845
2.808076923076923
2.7803846153846155
2.8561538461538465
2.9511538461538462
2.852692307692308
2.7673076923076922
2.891153846153846
2.8596153846153842
2.7903846153846152
2.918846153846154
2.8126923076923074
3.0015384615384617
3.0515384615384615
2.897692307692308
3.0276923076923077
3.088846153846154
3.0215384615384617
2.9665384615384616
2.9626923076923077
2.9242307692307694
2.956538461538462
2.866153846153846
2.8076923076923075
2.751153846153846
2.8303846153846157
2.9446153846153846
3.1153846153846154
3.1253846153846156
3.23
3.308846153846154
3.0003846153846156
2.787692307692308
2.9646153846153847
3.0653846153846156
3.0134615384615384
3.1253846153846156
3.005769230769231
3.0007692307692304
2.9080769230769232
2.854230769230769
2.7634615384615384
2.8261538461538462
2.868076923076923
2.870769230769231
2.9284615384615384
2.8042307692307693
2.8
2.9242307692307694
2.785769230769231
2.8734615384615383
2.7576923076923077
2.6138461538461537
2.861923076923077
2.6365384615384615
2.7084615384615387
2.6453846153846152
2.522692307692308
2.439230769230769
2.4857692307692307
2.5100000000000002
2.507307692307692
2.4023076923076925
2.441153846153846
2.5280769230769233
2.4626923076923077
2.2296153846153848
2.2796153846153846
2.0673076923076925
2.0626923076923074
2.026153846153846
1.901923076923077
1.8865384615384615
1.8457692307692308
1.9326923076923077
2.2465384615384614
2.076923076923077
2.124615384615385
2.1530769230769233
2.051923076923077
1.9984615384615385
1.9988461538461537
1.9973076923076922
2.015
1.9838461538461538
1.8326923076923076
1.7211538461538463
1.725
1.6346153846153846
1.5565384615384614
1.5042307692307693
1.556923076923077
1.6226923076923077
1.5446153846153845
1.5376923076923075
1.576153846153846
1.4792307692307693
1.396153846153846
1.4042307692307692
1.3546153846153846
1.4549999999999998
1.5007692307692306
1.395
1.4823076923076923
1.356153846153846
1.2038461538461538
1.2026923076923077
1.1346153846153846
1.178076923076923
1.0569230769230769
1.103846153846154
1.2473076923076922
1.106923076923077
1.2092307692307693
1.083076923076923
1.0826923076923078
1.1123076923076924
0.9707692307692308
0.916923076923077
0.9450000000000001
0.7969230769230768
0.8561538461538463
0.8484615384615386
0.8300000000000001
0.9519230769230769
0.8184615384615385
0.88
0.9396153846153846
0.9446153846153845
0.8061538461538462
0.9230769230769231
0.8730769230769231
0.7934615384615384
0.8738461538461538
0.8169230769230769
0.8065384615384615
0.7373076923076923
0.6746153846153846
0.6361538461538461
0.6480769230769231
0.5565384615384615
0.5696153846153846
0.5153846153846154
0.5380769230769231
0.6019230769230769
0.606923076923077
0.6134615384615384
0.5373076923076924
0.5246153846153846
0.6953846153846155
0.551923076923077
0.5503846153846154
0.4988461538461539
0.43038461538461537
0.38576923076923075
0.40653846153846157
0.3242307692307692
0.32076923076923075
0.3584615384615385
0.3303846153846154
0.4296153846153846
0.4476923076923077
0.45692307692307693
0.3923076923076923
0.45692307692307693
0.35730769230769227
0.43192307692307697
0.31
0.3261538461538462
0.4730769230769231
0.4765384615384616
0.36115384615384616
0.3738461538461539
0.3288461538461539
0.35807692307692307
0.3076923076923077
0.4146153846153846
0.3438461538461539
0.3457692307692308
0.3692307692307692
0.3738461538461539
0.30923076923076925
0.3153846153846154
0.35500000000000004
0.3284615384615384
0.4419230769230769
0.5126923076923077
0.6084615384615385
0.5473076923076923
0.41615384615384615
0.4019230769230769
0.37115384615384617
0.2876923076923077
0.39538461538461533
0.5065384615384615
0.5130769230769231
