temperature
2.998076923076923
2.487692307692308
2.323076923076923
3.1884615384615382
3.599615384615385
2.9253846153846155
2.965384615384615
3.376153846153846
3.141538461538462
2.9007692307692308
2.4038461538461537
1.933846153846154
2.8276923076923075
3.286153846153846
3.0026923076923073
2.650384615384615
2.0757692307692306
2.6142307692307694
2.8611538461538464
3.207692307692308
3.4888461538461537
3.1557692307692307
3.0107692307692306
2.948846153846154
2.213461538461538
2.120769230769231
1.9549999999999998
2.4646153846153847
2.5326923076923076
2.1546153846153846
2.025384615384615
2.6242307692307696
3.2849999999999997
3.253846153846154
3.1957692307692307
3.6273076923076926
3.386923076923077
2.8084615384615383
2.6953846153846155
2.7265384615384614
2.076923076923077
2.14
2.2053846153846157
1.9196153846153847
1.7173076923076922
1.6784615384615384
1.7803846153846155
2.201923076923077
2.3284615384615384
2.4257692307692307
2.5742307692307693
2.613076923076923
3.2899999999999996
3.386153846153846
3.022692307692308
2.981923076923077
2.8876923076923076
3.5953846153846154
3.3484615384615384
3.3146153846153847
3.4496153846153845
3.278461538461538
3.599615384615385
4.321923076923077
4.588461538461538
4.845384615384615
4.327307692307692
4.178461538461539
4.615769230769231
4.770769230769231
4.6753846153846155
4.200769230769231
3.581153846153846
3.7715384615384617
3.8303846153846157
4.117307692307692
3.9315384615384614
3.8215384615384616
3.769615384615385
3.9426923076923077
4.336538461538462
4.511153846153847
4.763846153846154
4.470384615384615
4.777692307692307
4.388076923076923
4.484615384615385
5.145384615384615
5.477307692307692
5.854230769230769
5.595384615384615
4.5284615384615385
4.6303846153846155
5.519615384615384
5.345
5.709615384615384
5.66
4.958076923076923
5.53423076923077
6.148461538461538
6.322692307692307
6.138076923076923
5.765769230769231
6.574999999999999
7.063076923076922
6.917692307692307
7.00076923076923
7.475
7.024615384615386
7.123461538461539
7.358846153846154
7.541153846153846
7.382307692307692
7.486923076923077
7.144615384615384
7.527692307692307
7.54
7.1692307692307695
7.563076923076922
7.413076923076924
7.385
7.726923076923077
7.882692307692308
8.213461538461539
7.859615384615385
8.64576923076923
8.957307692307692
8.30846153846154
8.339230769230769
8.583461538461538
8.88653846153846
9.184615384615384
8.921153846153846
8.94923076923077
9.31576923076923
8.928846153846154
9.418076923076923
9.025384615384615
9.517692307692307
10.458461538461538
10.261923076923077
10.157307692307693
10.898846153846154
11.056153846153846
10.748076923076923
10.376538461538463
10.535384615384617
10.360384615384616
10.398076923076925
10.73
10.988461538461538
11.549615384615386
11.217307692307692
11.469615384615384
11.255384615384616
11.628461538461538
11.477692307692308
11.573076923076922
11.836153846153847
12.07076923076923
11.963461538461539
11.850000000000001
11.362692307692308
11.276923076923076
11.730384615384615
12.11153846153846
12.514615384615384
12.295
12.481923076923076
13.08769230769231
12.571153846153846
12.59
12.722307692307691
12.397307692307692
12.694615384615386
13.02346153846154
12.899999999999999
12.607692307692307
13.037307692307694
13.32846153846154
13.880384615384616
12.820384615384615
12.849615384615383
13.84
14.046923076923076
13.763846153846155
14.63076923076923
14.76923076923077
14.01576923076923
13.93576923076923
13.933076923076923
14.233461538461539
13.986153846153845
14.486153846153845
14.412307692307694
13.613461538461538
13.530384615384616
13.485384615384616
13.901923076923076
14.579615384615384
14.165000000000001
14.165384615384616
14.016153846153847
13.820769230769232
14.326153846153847
14.612692307692308
14.91230769230769
14.689615384615385
14.488076923076923
14.198076923076922
14.460384615384616
13.870000000000001
14.274230769230769
14.46653846153846
14.149230769230769
13.90576923076923
14.171153846153846
14.212307692307691
13.559615384615386
14.026923076923076
13.761538461538462
13.942692307692308
14.115
13.870384615384616
13.833461538461538
14.086538461538462
14.034615384615384
13.357692307692307
13.57846153846154
13.938076923076922
13.90230769230769
13.992307692307692
14.03
13.67576923076923
13.528461538461539
13.905
13.500384615384615
13.155384615384616
12.99423076923077
13.769615384615385
13.354615384615386
12.713461538461539
12.90576923076923
12.74923076923077
12.774230769230769
12.600000000000001
12.63076923076923
11.612692307692308
11.860384615384616
12.131538461538462
11.717692307692309
11.799615384615386
11.350769230769231
11.06846153846154
11.235384615384616
10.853846153846153
10.741538461538461
10.877307692307692
11.377692307692307
11.363076923076923
10.910384615384617
11.141923076923076
11.202692307692306
10.925384615384615
10.79653846153846
10.744615384615384
10.048461538461538
9.518076923076922
9.764615384615384
9.583076923076923
10.472307692307691
10.548461538461538
10.587692307692306
10.395
10.274615384615384
10.301923076923078
9.998461538461537
9.87576923076923
9.849615384615383
9.318461538461538
9.852692307692308
9.641538461538461
8.803461538461537
9.09423076923077
8.586153846153847
8.451538461538462
8.401538461538461
8.23576923076923
8.071153846153846
7.876923076923077
8.203461538461537
7.922307692307692
7.190384615384615
7.347307692307693
7.821923076923077
8.21923076923077
7.935769230769231
7.897307692307692
7.510384615384615
7.403076923076923
7.252692307692308
7.42576923076923
7.75
6.916538461538462
6.745384615384615
6.9692307692307685
6.84
6.386923076923077
6.088846153846154
6.408461538461538
6.899615384615384
6.368076923076923
6.345
6.525
6.156153846153846
5.411153846153846
4.775769230769231
4.833076923076923
4.9726923076923075
4.362307692307692
4.685769230769231
4.553076923076923
3.6588461538461536
3.5653846153846156
4.343461538461539
4.778846153846154
4.722307692307693
4.554615384615385
4.600769230769231
3.754230769230769
3.710769230769231
3.6196153846153845
3.503076923076923
3.708846153846154
4.311538461538461
4.605384615384615
4.615384615384615
4.498461538461538
4.147307692307693
3.226923076923077
2.745
2.5461538461538464
3.066153846153846
3.516153846153846
3.5615384615384618
3.644615384615385
3.543846153846154
3.7615384615384615
4.243076923076923
3.539230769230769
3.1403846153846158
3.515
3.1811538461538458
3.31
3.1107692307692307
2.991923076923077
3.7126923076923077
3.935
3.786153846153846
3.2365384615384616
2.7115384615384617
3.231923076923077
2.963846153846154
3.055769230769231
2.9865384615384616
