pet
0.5204545454545454
0.40272727272727277
0.4227272727272728
0.33545454545454545
0.35954545454545456
0.3963636363636364
0.5954545454545455
0.5463636363636364
0.5272727272727272
0.4790909090909091
0.5259090909090909
0.5413636363636364
0.5495454545454546
0.4677272727272727
0.5645454545454546
0.5286363636363637
0.3854545454545455
0.5086363636363637
0.6240909090909091
0.5145454545454545
0.38636363636363635
0.48454545454545456
0.4954545454545455
0.4081818181818182
0.5440909090909091
0.5618181818181818
0.6063636363636363
0.6622727272727272
0.5877272727272728
0.4959090909090909
0.6331818181818182
0.7286363636363636
0.734090909090909
0.5913636363636363
0.7336363636363636
0.7336363636363636
0.5331818181818182
0.6181818181818182
0.6195454545454546
0.5231818181818182
0.5622727272727274
0.665
0.6518181818181819
0.5086363636363637
0.6295454545454545
0.8118181818181818
0.740909090909091
0.8040909090909092
0.6586363636363637
0.8486363636363637
0.8490909090909091
1.0259090909090909
0.9336363636363636
0.925
0.8777272727272727
0.8745454545454545
0.8013636363636363
0.815
0.7281818181818182
0.7131818181818183
0.8127272727272726
0.7627272727272728
0.7172727272727273
0.8004545454545454
1.0031818181818182
1.1359090909090908
1.2518181818181817
1.3704545454545454
1.3622727272727273
1.3204545454545455
1.280909090909091
1.048181818181818
1.3913636363636364
1.6290909090909091
1.4895454545454547
1.3768181818181817
1.3690909090909091
1.4227272727272728
1.2840909090909092
1.4572727272727273
1.3381818181818181
1.425
1.5163636363636364
1.494090909090909
1.6018181818181818
1.5468181818181819
1.7636363636363634
1.7895454545454543
1.9699999999999998
1.789090909090909
1.7972727272727271
1.924090909090909
1.9049999999999998
1.7386363636363635
1.920909090909091
1.8518181818181818
1.6754545454545455
1.7395454545454547
1.981818181818182
1.9122727272727273
1.8609090909090908
1.9995454545454547
2.112727272727273
2.2254545454545456
2.3027272727272727
2.196818181818182
2.2804545454545457
2.163181818181818
2.169090909090909
2.2790909090909093
2.617272727272727
2.647727272727273
2.729090909090909
2.7668181818181816
2.395909090909091
2.2281818181818185
2.2404545454545453
2.237727272727273
2.122272727272727
2.3304545454545456
2.4295454545454547
2.403636363636364
2.5086363636363633
2.4904545454545453
2.639090909090909
2.8813636363636363
3.0209090909090914
2.8504545454545456
2.9572727272727275
3.1013636363636365
2.960909090909091
2.7545454545454544
2.735
2.4672727272727273
2.7313636363636364
2.850909090909091
2.8386363636363634
2.912272727272727
2.9172727272727275
2.955454545454545
3.105909090909091
3.0959090909090907
3.121818181818182
3.2318181818181815
3.3936363636363636
3.299090909090909
3.313181818181818
3.2077272727272725
3.166363636363636
3.1849999999999996
3.2436363636363637
3.2754545454545454
3.1917391304347826
3.0147826086956524
2.858260869565217
2.6669565217391304
2.6478260869565218
2.7056521739130437
2.856086956521739
3.0860869565217395
2.861739130434782
2.953478260869565
2.8178260869565217
2.973913043478261
3.069130434782609
3.0095652173913043
3.183478260869565
3.3721739130434782
3.2230434782608692
3.1660869565217387
3.031304347826087
3.0865217391304345
2.923478260869565
3.1178260869565215
3.069130434782609
3.2117391304347827
3.3504347826086955
3.3282608695652174
3.216086956521739
3.321739130434783
3.2278260869565214
3.3978260869565218
3.233913043478261
3.1473913043478263
3.143913043478261
3.258260869565217
3.243913043478261
3.1321739130434785
3.1291304347826085
3.261304347826087
3.1626086956521737
3.045217391304348
3.076521739130435
3.074782608695652
3.320869565217391
3.319130434782609
3.43
3.467826086956522
3.64304347826087
3.7226086956521742
3.2678260869565214
3.311304347826087
3.228695652173913
3.389130434782609
3.3795652173913044
3.5517391304347825
3.4195652173913045
3.327391304347826
3.260869565217391
3.067391304347826
2.9269565217391302
3.0552173913043474
3.148695652173913
2.963913043478261
3.1504347826086954
2.9756521739130433
3.042173913043478
3.034347826086957
2.8943478260869564
3.101304347826087
2.9213043478260867
2.8686956521739133
3.112173913043478
2.864347826086956
2.973913043478261
2.8482608695652174
2.6856521739130432
2.5504347826086957
2.695217391304348
2.688695652173913
2.5434782608695654
2.4721739130434783
2.564782608695652
2.7308695652173913
2.497826086956522
2.387826086956522
2.7169565217391303
2.503913043478261
2.3091304347826087
2.1978260869565216
2.13695652173913
2.0369565217391306
2.0017391304347827
1.9708695652173913
2.2969565217391303
2.243913043478261
2.3417391304347825
2.356521739130435
2.1995652173913043
2.079565217391304
2.216086956521739
2.0991304347826087
2.3434782608695652
2.21
2.0530434782608693
2.0021739130434786
1.9386956521739132
1.8995652173913042
1.8847826086956523
1.643913043478261
1.6934782608695653
1.7191304347826086
1.8882608695652174
1.7495652173913043
1.6373913043478263
1.587391304347826
1.5021739130434781
1.441304347826087
1.4382608695652173
1.55
1.591304347826087
1.5282608695652173
1.6130434782608696
1.539090909090909
1.4977272727272728
1.3845454545454545
1.2504545454545455
1.365
1.1718181818181819
1.089090909090909
1.2068181818181818
1.210909090909091
1.4822727272727272
1.1231818181818183
1.1831818181818183
1.2090909090909092
0.9977272727272727
0.980909090909091
1.0586363636363636
0.9295454545454546
1.0468181818181819
0.9190909090909091
0.9454545454545454
0.9895454545454545
0.7959090909090908
1.04
1.075
1.1445454545454545
1.0122727272727272
1.0227272727272727
1.0450000000000002
0.9636363636363636
1.0686363636363636
1.0036363636363637
0.8350000000000001
0.8059090909090909
0.6618181818181819
0.6104545454545455
0.6359090909090909
0.6695454545454546
0.49454545454545457
0.5440909090909091
0.6004545454545455
0.7554545454545455
0.7577272727272727
0.6740909090909091
0.7122727272727273
0.629090909090909
0.6940909090909092
0.5413636363636364
0.605909090909091
0.6031818181818182
0.5013636363636363
0.5163636363636364
0.5754545454545454
0.49954545454545457
0.38000000000000006
0.4768181818181818
0.4681818181818182
0.5081818181818182
0.4895454545454545
0.524090909090909
0.520909090909091
0.5140909090909092
0.47181818181818186
0.46636363636363637
0.33136363636363636
0.4027272727272727
0.5581818181818181
0.5968181818181818
0.44272727272727275
0.40136363636363637
0.3
0.27772727272727277
0.2677272727272727
0.5104545454545455
0.38272727272727275
0.42363636363636364
0.4840909090909091
0.4027272727272727
0.3740909090909091
0.36
0.34409090909090906
0.46954545454545454
0.6877272727272726
0.6809090909090909
0.7836363636363636
0.6668181818181819
0.5095454545454546
0.5154545454545455
0.5136363636363637
0.39045454545454544
0.5718181818181818
0.6195454545454545
0.5886363636363636
