temperature
4.2727272727272725
4.317727272727272
4.177727272727273
4.570454545454545
4.984090909090909
3.7795454545454548
3.283181818181818
3.784090909090909
3.935909090909091
3.733181818181818
3.1163636363636367
3.1827272727272726
3.205
3.3068181818181817
3.4795454545454545
3.1677272727272725
2.9040909090909093
3.3877272727272727
3.358636363636364
3.394545454545455
4.260454545454546
3.8236363636363637
4.007272727272727
3.8277272727272726
3.5945454545454543
2.995
3.360454545454545
3.8636363636363638
4.152272727272727
3.7013636363636366
3.9104545454545456
3.3104545454545455
3.7845454545454547
4.2709090909090905
4.71
5.486363636363636
5.290909090909091
4.190454545454545
3.7036363636363636
3.4890909090909092
3.4054545454545457
4.024090909090909
3.23
2.5854545454545454
2.882727272727273
3.1209090909090906
2.978181818181818
3.6854545454545455
3.7790909090909093
3.294545454545455
3.3122727272727275
3.407272727272727
3.4595454545454545
4.151818181818182
3.4004545454545454
3.517272727272727
4.3104545454545455
5.052272727272727
4.868181818181818
4.834545454545455
4.787272727272727
4.444999999999999
4.209545454545455
5.385454545454546
6.426818181818183
6.485
6.138636363636365
5.927727272727273
6.858636363636363
6.080909090909091
6.475454545454545
6.172727272727272
6.588181818181818
6.1
6.354090909090909
6.65090909090909
6.6022727272727275
5.405
5.9
6.040454545454545
6.385454545454545
7.16
6.961363636363637
6.537272727272727
6.218636363636364
6.441363636363636
6.597272727272727
6.949090909090909
7.050909090909091
7.8077272727272735
7.232380952380952
7.0042857142857144
6.516190476190476
6.2352380952380955
6.767619047619048
6.948095238095238
6.7995238095238095
6.9176190476190484
7.852857142857142
7.988095238095238
7.418095238095238
7.254761904761905
6.6552380952380945
6.846190476190476
7.736666666666666
8.175238095238095
7.732380952380952
7.477619047619048
8.44095238095238
7.966666666666667
8.835238095238095
9.65
8.68
8.747619047619047
8.993333333333334
9.31047619047619
9.037142857142857
9.84142857142857
9.668571428571429
10.100952380952382
9.8
10.264761904761905
9.69095238095238
9.475238095238094
10.143809523809525
9.932380952380953
10.688571428571429
10.684285714285714
10.175238095238095
10.26095238095238
10.51
10.616190476190477
11.22904761904762
11.576190476190476
11.944761904761904
11.95
11.534285714285714
11.15
11.61
12.144761904761904
11.383333333333335
11.903333333333332
12.187619047619048
12.342857142857142
12.16952380952381
12.385714285714286
11.716190476190476
11.193333333333333
12.501904761904763
12.19047619047619
13.176190476190476
13.79952380952381
13.394285714285713
12.930476190476192
13.074761904761905
13.805714285714286
13.726190476190476
13.718095238095238
13.774285714285714
13.477142857142857
13.741428571428571
13.369523809523809
13.15952380952381
13.952857142857143
14.00904761904762
14.004285714285713
14.428095238095239
14.116666666666665
14.60142857142857
14.94095238095238
15.30809523809524
14.395238095238096
14.033333333333333
14.174761904761905
14.178095238095239
14.555714285714286
15.461428571428572
14.883333333333335
15.30857142857143
15.05142857142857
15.507142857142856
15.37047619047619
15.253333333333334
15.341904761904763
16.14190476190476
16.103333333333335
16.531904761904762
16.58857142857143
16.993333333333332
16.387142857142855
16.626190476190477
16.912380952380953
16.465238095238096
17.06095238095238
17.055238095238096
16.75190476190476
15.981904761904762
15.761904761904763
16.195714285714285
16.935714285714287
17.237142857142857
16.76380952380952
16.732380952380954
17.086666666666666
16.78761904761905
16.903809523809525
16.867619047619048
17.224761904761902
17.621904761904762
18.040952380952383
18.01238095238095
17.608571428571427
17.175238095238097
17.260952380952382
17.336666666666666
17.091428571428573
16.97095238095238
17.290952380952383
17.002380952380953
17.48047619047619
17.509999999999998
17.43
17.246190476190478
16.78904761904762
16.695714285714285
17.497142857142858
17.26
16.923333333333332
16.663809523809523
16.842380952380953
17.3
17.132380952380952
17.47142857142857
16.397142857142857
15.931904761904761
15.821904761904761
16.11952380952381
15.545238095238094
15.017619047619048
15.651428571428571
15.69857142857143
15.38904761904762
15.21904761904762
15.21952380952381
15.312380952380952
14.871904761904762
14.84047619047619
14.335714285714285
14.122857142857143
15.004761904761907
14.762857142857142
14.702380952380953
14.80904761904762
14.695714285714287
13.84047619047619
13.270476190476192
13.423809523809522
13.611428571428572
13.790476190476191
14.112857142857143
14.536190476190475
13.606190476190477
13.60142857142857
13.762857142857142
13.404761904761905
13.918095238095239
12.907619047619047
12.929999999999998
13.155714285714286
12.896666666666667
13.2
13.423809523809522
13.325714285714284
12.555454545454547
11.944090909090908
11.70318181818182
11.657727272727273
11.388636363636364
11.634090909090908
11.169545454545455
11.94681818181818
12.221363636363636
11.265
10.510454545454545
11.035
10.620909090909091
10.361363636363636
10.276818181818182
9.96409090909091
9.853636363636364
9.772272727272728
10.157727272727273
9.414090909090909
9.455
9.334545454545456
9.36
9.265454545454546
9.58090909090909
9.242727272727272
9.339545454545455
8.854090909090909
8.691818181818181
8.540909090909091
8.747272727272728
8.480909090909092
8.163181818181819
8.255454545454546
7.755000000000001
7.010909090909092
7.154545454545455
8.160454545454545
7.982727272727273
7.625454545454545
7.946818181818182
7.346363636363637
6.7731818181818175
6.090909090909091
5.774090909090909
6.314545454545454
6.085
5.935
6.220454545454545
5.808181818181819
4.867727272727273
4.816818181818181
5.410454545454545
5.705454545454545
6.0640909090909085
6.56
6.105909090909091
5.208181818181818
4.927727272727273
4.901818181818182
5.626818181818181
5.702727272727273
6.181818181818182
5.662727272727273
5.534090909090909
4.970454545454545
4.681363636363636
4.452727272727273
4.517272727272727
4.200454545454545
3.985
4.258636363636364
4.412272727272727
4.451818181818182
4.459545454545455
4.583636363636364
4.596818181818182
4.819545454545454
4.489545454545454
4.573181818181818
4.62
4.482727272727273
4.286363636363636
4.321363636363636
4.8513636363636365
4.284090909090909
4.446818181818181
3.774545454545455
3.544545454545455
3.5231818181818184
3.799545454545455
3.5931818181818183
