pet
0.45000000000000007
0.4642307692307692
0.4146153846153846
0.4330769230769231
0.5903846153846154
0.43346153846153845
0.4273076923076923
0.47807692307692307
0.5896153846153847
0.6103846153846153
0.42192307692307696
0.40230769230769237
0.45307692307692304
0.5534615384615384
0.5219230769230769
0.4592307692307692
0.31923076923076926
0.35
0.43961538461538463
0.45884615384615385
0.6265384615384615
0.6315384615384616
0.6011538461538461
0.5173076923076924
0.5657692307692307
0.5276923076923077
0.581923076923077
0.5653846153846154
0.5630769230769231
0.46846153846153843
0.551923076923077
0.5538461538461539
0.5284615384615384
0.6469230769230769
0.6719230769230768
0.8061538461538462
0.8226923076923077
0.708076923076923
0.6515384615384616
0.5923076923076923
0.5711538461538461
0.5865384615384616
0.5784615384615385
0.45884615384615385
0.44153846153846155
0.4688461538461538
0.45153846153846156
0.5903846153846154
0.5726923076923077
0.5665384615384615
0.6423076923076922
0.6542307692307693
0.6469230769230769
0.7780769230769231
0.7076923076923076
0.658076923076923
0.6884615384615385
0.7569230769230769
0.8484615384615384
0.8715384615384616
0.9546153846153846
0.8446153846153847
0.8242307692307692
0.9076923076923078
1.0423076923076924
1.0223076923076921
1.0023076923076923
0.9750000000000001
1.1915384615384617
1.1099999999999999
1.1480769230769232
1.0757692307692308
1.0915384615384616
1.1157692307692308
1.1915384615384617
1.2438461538461536
1.334230769230769
1.1565384615384615
1.1511538461538462
1.2211538461538463
1.198076923076923
1.4057692307692307
1.4523076923076923
1.378076923076923
1.389230769230769
1.2992307692307692
1.4065384615384615
1.3903846153846153
1.426923076923077
1.6784615384615384
1.6423076923076925
1.5242307692307693
1.3823076923076922
1.3757692307692309
1.4346153846153844
1.5815384615384613
1.6896153846153845
1.4784615384615383
1.6346153846153846
1.9115384615384616
1.7449999999999999
1.8992307692307693
1.7961538461538462
1.791153846153846
2.0284615384615385
2.0646153846153847
1.8757692307692309
1.8596153846153847
2.0246153846153847
1.9961538461538462
2.168846153846154
2.397307692307692
2.0938461538461537
2.0453846153846156
2.0246153846153847
2.0384615384615383
2.0915384615384616
2.0653846153846156
2.168846153846154
2.291923076923077
2.2242307692307692
2.4257692307692307
2.3007692307692307
2.3546153846153848
2.4865384615384616
2.4592307692307696
2.5957692307692306
2.537692307692308
2.634230769230769
2.665769230769231
2.6284615384615386
2.6738461538461538
2.6215384615384614
2.585384615384615
2.8396153846153847
2.777307692307692
2.5461538461538464
2.6915384615384617
2.8426923076923076
2.894615384615385
2.661538461538462
2.8861538461538463
2.8242307692307693
3.006153846153846
2.9569230769230765
2.9946153846153845
2.7946153846153843
2.6376923076923076
2.923076923076923
2.8376923076923077
2.9673076923076924
2.8923076923076922
2.680769230769231
2.6334615384615385
2.579230769230769
2.651923076923077
2.706538461538462
2.69
2.718461538461539
2.7315384615384612
2.6203846153846153
2.5319230769230767
2.483846153846154
2.700384615384615
2.685
2.6253846153846156
2.8246153846153845
2.5603846153846153
2.6392307692307693
2.75
2.7357692307692307
2.7180769230769233
2.661538461538462
2.665
2.7638461538461536
2.675769230769231
2.9346153846153844
2.8615384615384616
2.850769230769231
2.7953846153846156
2.9723076923076923
2.873846153846154
2.803076923076923
2.926153846153846
3.166923076923077
3.045
3.084230769230769
3.102307692307692
3.227307692307692
3.0707692307692307
2.9892307692307694
3.012307692307692
3.0573076923076927
3.1346153846153846
3.066923076923077
2.875
2.819230769230769
2.7392307692307694
2.778461538461538
2.9030769230769233
2.972692307692308
2.918461538461538
2.9526923076923075
2.833076923076923
2.731923076923077
2.968461538461539
2.894615384615385
2.9661538461538464
2.9326923076923075
3.0765384615384614
3.1107692307692307
2.9811538461538465
2.8473076923076923
2.9650000000000003
3.040769230769231
2.9253846153846155
2.708846153846154
2.7638461538461536
2.6538461538461537
2.9123076923076923
2.838076923076923
2.688846153846154
2.6803846153846154
2.6434615384615388
2.7326923076923078
2.871923076923077
2.819230769230769
2.6619230769230766
2.5446153846153843
2.5696153846153846
2.754230769230769
2.731923076923077
2.793461538461538
2.486923076923077
2.2996153846153846
2.2965384615384616
2.3565384615384612
2.368076923076923
2.1826923076923075
2.272692307692308
2.275
2.1653846153846152
2.0846153846153848
2.1415384615384614
2.056153846153846
1.9626923076923077
1.9519230769230769
1.938076923076923
1.845
1.935
2.0453846153846156
1.978846153846154
1.7757692307692308
1.7449999999999999
1.651923076923077
1.5130769230769232
1.5865384615384615
1.6557692307692307
1.6134615384615385
1.6607692307692308
1.68
1.5207692307692307
1.5146153846153847
1.5576923076923077
1.5161538461538462
1.54
1.4834615384615384
1.3784615384615386
1.5161538461538462
1.3546153846153846
1.418076923076923
1.491923076923077
1.3699999999999999
1.3792307692307693
1.4311538461538462
1.4042307692307692
1.3653846153846154
1.2403846153846154
1.234230769230769
1.1196153846153847
1.3003846153846155
1.433846153846154
1.363846153846154
1.275
1.334230769230769
1.0907692307692307
1.0234615384615384
1.013076923076923
0.8807692307692309
0.9903846153846154
1.0142307692307693
1.0157692307692308
0.9726923076923076
0.8284615384615385
0.8161538461538461
0.8834615384615384
0.916923076923077
1.0003846153846152
0.8976923076923077
0.9153846153846155
0.7676923076923077
0.8734615384615385
0.9346153846153846
0.8915384615384615
0.8861538461538461
0.9349999999999999
0.7719230769230769
0.708076923076923
0.6057692307692307
0.5934615384615385
0.8469230769230769
0.8253846153846154
0.7596153846153846
0.8203846153846155
0.6688461538461539
0.5696153846153846
0.5607692307692308
0.546923076923077
0.5630769230769231
0.48576923076923073
0.6011538461538461
0.6123076923076923
0.4146153846153846
0.43115384615384617
0.5261538461538462
0.55
0.6161538461538462
0.5307692307692308
0.5438461538461539
0.48384615384615387
0.45307692307692304
0.35076923076923083
0.3596153846153846
0.505
0.5511538461538461
0.6488461538461539
0.575
0.5392307692307692
0.46961538461538466
0.4238461538461538
0.48538461538461536
0.42461538461538456
0.34615384615384615
0.3976923076923077
0.385
0.45576923076923076
0.4211538461538461
0.446923076923077
0.4665384615384615
0.45153846153846156
0.49769230769230766
0.46961538461538466
0.48538461538461536
0.5657692307692308
0.5707692307692308
0.55
0.5688461538461539
0.541923076923077
0.5338461538461539
0.59
0.6084615384615385
0.6665384615384615
0.5230769230769231
0.43038461538461537
0.4357692307692308
