pet
0.2357142857142857
0.27095238095238094
0.2752380952380952
0.28714285714285714
0.30476190476190473
0.4238095238095238
0.4319047619047619
0.29904761904761906
0.2752380952380952
0.3647619047619048
0.38619047619047614
0.3961904761904762
0.34095238095238095
0.3519047619047619
0.4509523809523809
0.35904761904761906
0.29047619047619044
0.3595238095238095
0.3128571428571429
0.2719047619047619
0.3442857142857143
0.3795238095238095
0.3704761904761905
0.49952380952380954
0.4480952380952381
0.4961904761904762
0.4552380952380953
0.43809523809523815
0.2819047619047619
0.31428571428571433
0.4604761904761905
0.43523809523809526
0.43380952380952376
0.3585714285714286
0.38047619047619047
0.32571428571428573
0.31000000000000005
0.40619047619047616
0.450952380952381
0.3466666666666667
0.3166666666666667
0.32904761904761903
0.42142857142857143
0.390952380952381
0.49142857142857144
0.6780952380952381
0.6261904761904762
0.5104761904761905
0.4766666666666667
0.6242857142857142
0.5876190476190476
0.7071428571428571
0.6595238095238095
0.6523809523809524
0.5595238095238095
0.6933333333333334
0.580952380952381
0.6085714285714287
0.5485714285714286
0.5366666666666666
0.5538095238095238
0.5223809523809524
0.5433333333333333
0.63
0.7352380952380952
0.7414285714285714
0.7961904761904761
0.7523809523809524
0.7771428571428571
0.7952380952380952
0.7380952380952381
0.9066666666666666
1.0047619047619047
1.0723809523809524
1.0195238095238095
1.0852380952380951
1.0380952380952382
1.0971428571428572
0.9852380952380952
1.1938095238095239
1.118095238095238
1.0947619047619048
1.1523809523809523
1.2428571428571429
1.3395238095238096
1.3847619047619046
1.252857142857143
1.3223809523809524
1.231904761904762
1.3433333333333333
1.1185714285714285
1.4052380952380954
1.4052380952380952
1.3747619047619049
1.5147619047619048
1.4061904761904762
1.2685714285714287
1.5
1.596190476190476
1.565238095238095
1.552857142857143
1.5785714285714285
1.6752380952380952
1.7447619047619047
1.8357142857142856
1.7123809523809523
1.7323809523809526
1.7038095238095239
1.9404761904761905
2.0314285714285716
2.198571428571429
2.2942857142857145
2.1804761904761905
2.159047619047619
1.9547619047619047
1.7566666666666666
1.7633333333333334
1.85
1.84
1.8223809523809524
1.8642857142857143
2.0738095238095235
2.0366666666666666
2.4157142857142855
2.2457142857142856
2.360952380952381
2.4085714285714284
2.3485714285714288
2.3914285714285715
2.401904761904762
2.3119047619047617
2.2133333333333334
2.1895238095238096
2.2114285714285713
2.4176190476190476
2.3504761904761904
2.5304761904761905
2.3319047619047617
2.5942857142857143
2.449047619047619
2.529047619047619
2.400952380952381
2.3899999999999997
2.4357142857142855
2.5366666666666666
2.589047619047619
2.43
2.540952380952381
2.6414285714285715
2.7152380952380955
2.9985714285714287
2.9266666666666667
2.7990476190476192
2.5395238095238093
2.3442857142857143
2.309047619047619
2.5023809523809524
2.6342857142857143
2.5252380952380955
2.5804761904761904
2.6538095238095236
2.247142857142857
2.2714285714285714
2.1314285714285712
2.2404761904761905
2.3833333333333333
2.4647619047619047
2.5428571428571427
2.3328571428571427
2.113809523809524
2.2976190476190474
2.2047619047619045
2.314761904761905
2.3776190476190475
2.1514285714285712
2.2538095238095237
2.4766666666666666
2.3985714285714286
2.431904761904762
2.3666666666666667
2.388095238095238
2.4961904761904763
2.3657142857142857
2.4652380952380955
2.357142857142857
2.2490476190476194
2.2785714285714285
2.267142857142857
2.2685714285714287
2.34952380952381
2.4095238095238094
2.4580952380952383
2.2033333333333336
2.271904761904762
2.354761904761905
2.4142857142857146
2.5238095238095237
2.5204761904761903
2.647142857142857
2.5085714285714285
2.3899999999999997
2.2876190476190477
2.6142857142857143
2.494285714285714
2.508095238095238
2.508095238095238
2.389047619047619
2.249047619047619
2.0666666666666664
2.079047619047619
2.0690476190476192
2.139047619047619
2.244761904761905
2.2195238095238095
2.2680952380952384
2.2061904761904763
2.256666666666667
2.0557142857142856
1.9304761904761905
2.0714285714285716
2.121904761904762
1.9847619047619047
1.8828571428571428
1.9414285714285715
2.0566666666666666
2.052857142857143
1.8733333333333335
1.919047619047619
1.9623809523809523
1.7338095238095237
1.7757142857142856
1.8833333333333333
1.8657142857142857
1.8766666666666665
1.844285714285714
1.6371428571428572
1.7823809523809524
1.5066666666666666
1.6123809523809522
1.5176190476190476
1.4190476190476191
1.4176190476190476
1.5123809523809524
1.5085714285714285
1.629047619047619
1.6642857142857144
1.7438095238095237
1.6447619047619046
1.418095238095238
1.5333333333333334
1.666190476190476
1.4328571428571428
1.5352380952380953
1.538095238095238
1.4338095238095239
1.4957142857142858
1.1928571428571428
1.1647619047619049
1.2028571428571428
1.151904761904762
1.2090476190476191
1.1280952380952383
1.2685714285714287
1.3352380952380951
1.1757142857142857
1.0
1.0319047619047619
1.0928571428571427
1.0785714285714287
0.9785714285714286
1.1847619047619047
1.0642857142857143
1.0395238095238095
0.9339999999999999
0.9375
0.8620000000000001
0.7525000000000001
0.853
0.8625
1.0005
1.004
0.8320000000000001
0.8785000000000001
0.7675
0.7689999999999999
0.7965
0.7775000000000001
0.637
0.601
0.657
0.6950000000000001
0.6839999999999999
0.6445000000000001
0.678
0.606
0.608
0.6615
0.567
0.701
0.8314999999999999
0.5865
0.542
0.709
0.7375
0.5675
0.5125
0.47050000000000003
0.5075000000000001
0.523
0.5660000000000001
0.487
0.41200000000000003
0.41450000000000004
0.508
0.4795
0.44000000000000006
0.44750000000000006
0.5525
0.5429999999999999
0.4123809523809524
0.4147619047619048
0.47523809523809524
0.40904761904761905
0.37142857142857144
0.3376190476190476
0.18523809523809526
0.3252380952380952
0.29904761904761906
0.2261904761904762
0.38
0.2995238095238095
0.2923809523809524
0.2580952380952381
0.26
0.2138095238095238
0.2719047619047619
0.18000000000000002
0.3080952380952381
0.3028571428571429
0.29
0.28047619047619043
0.2642857142857143
0.3666666666666667
0.3685714285714286
0.20380952380952383
0.29857142857142854
0.24857142857142855
0.2980952380952381
0.3123809523809524
0.3080952380952381
0.32571428571428573
0.3142857142857143
0.35523809523809524
0.3119047619047619
0.3557142857142857
0.37142857142857144
0.5166666666666666
0.33285714285714285
0.3009523809523809
0.2957142857142857
0.31857142857142856
0.32476190476190475
0.399047619047619
0.390952380952381
0.4604761904761905
