temperature
2.953333333333333
2.8528571428571428
2.8233333333333333
2.7866666666666666
2.927619047619048
3.369047619047619
3.124285714285714
2.628095238095238
3.2128571428571426
3.955714285714286
3.9052380952380954
4.014285714285714
3.5309523809523813
3.7690476190476194
4.202857142857143
3.459047619047619
3.1990476190476196
3.47047619047619
3.1180952380952385
2.6614285714285715
3.1642857142857146
3.026666666666667
3.2919047619047617
4.115238095238095
4.145238095238095
4.212857142857143
3.7133333333333334
3.470952380952381
2.6485714285714286
2.663809523809524
3.305238095238095
3.2752380952380955
3.3157142857142854
3.165238095238095
3.3123809523809524
2.9747619047619045
2.828095238095238
3.06
3.2390476190476187
2.6276190476190475
2.4104761904761904
2.9014285714285712
3.441904761904762
3.23
3.785238095238095
4.634285714285714
4.33952380952381
3.779047619047619
3.340952380952381
4.042380952380952
4.053333333333334
4.459047619047619
4.124761904761905
4.0876190476190475
3.7595238095238095
4.370952380952382
3.8190476190476192
3.771904761904762
3.2576190476190474
3.404285714285714
3.5438095238095237
3.451904761904762
3.5009523809523806
3.8980952380952383
4.413809523809523
4.492380952380953
4.733809523809524
4.5561904761904755
4.568095238095238
4.5042857142857144
4.225714285714285
4.994761904761905
5.511904761904762
5.682857142857143
5.4504761904761905
5.733809523809524
5.437619047619047
5.749047619047619
5.128095238095238
6.060952380952381
5.805238095238095
5.678095238095238
5.9609523809523814
6.241904761904761
6.607142857142857
6.782857142857143
6.090476190476191
6.4157142857142855
5.862380952380953
6.327142857142857
5.491428571428571
6.558095238095238
6.595238095238095
6.300000000000001
6.7890476190476186
6.48904761904762
5.951904761904761
6.764285714285713
6.99952380952381
6.958095238095238
6.903809523809524
7.020476190476191
7.353809523809524
7.561428571428571
7.871428571428572
7.451904761904762
7.5180952380952375
7.393809523809525
8.247142857142856
8.515238095238095
9.104761904761904
9.456666666666667
9.142857142857142
9.01047619047619
8.337619047619048
7.68
7.672380952380952
7.947619047619048
7.866190476190476
7.895238095238096
7.815714285714286
8.425238095238095
8.356190476190475
9.531428571428572
8.958095238095238
9.365238095238094
9.493809523809524
9.483809523809523
9.668095238095239
9.697142857142858
9.355714285714285
9.255238095238095
9.284285714285714
9.244761904761905
10.083809523809524
9.889047619047618
10.513333333333334
9.91047619047619
10.810952380952381
10.405714285714286
10.75047619047619
10.347619047619048
10.497142857142856
10.699523809523809
11.033333333333333
11.257142857142858
10.796190476190477
11.289523809523809
11.638571428571428
11.965238095238096
12.914285714285715
13.41952380952381
13.317619047619049
12.591428571428573
12.026190476190477
12.006190476190476
12.704761904761906
13.19857142857143
12.94190476190476
13.141428571428573
13.46904761904762
12.264761904761905
12.42952380952381
12.04047619047619
12.434285714285714
12.938571428571427
13.268571428571429
13.611904761904762
12.940000000000001
12.383333333333335
12.981428571428571
12.768571428571429
13.232857142857142
13.472380952380954
12.80857142857143
13.16095238095238
13.963333333333335
13.769047619047617
13.903809523809525
13.761428571428572
13.905238095238095
14.243809523809524
13.880952380952381
14.28095238095238
13.965238095238094
13.673809523809522
13.793809523809525
13.847619047619048
13.893809523809523
14.158571428571427
14.425238095238095
14.627619047619048
13.813333333333333
14.064285714285715
14.434761904761904
14.646666666666667
15.040952380952382
15.08
15.446190476190477
15.08095238095238
14.75047619047619
14.488571428571428
15.566190476190476
15.2
15.292380952380952
15.324285714285715
15.045714285714284
14.686190476190475
14.076190476190478
14.206666666666665
14.247142857142856
14.404285714285715
14.824285714285715
14.827142857142857
14.994761904761905
14.894285714285713
15.092857142857142
14.47857142857143
14.07047619047619
14.519047619047617
14.688095238095238
14.267142857142858
13.954761904761906
14.245238095238093
14.644761904761905
14.672857142857143
14.10190476190476
14.293333333333335
14.464761904761904
13.678095238095239
13.869523809523809
14.284761904761906
14.180000000000001
14.19857142857143
14.174761904761905
13.423809523809522
14.017142857142858
13.122857142857143
13.510952380952382
13.21238095238095
12.717619047619047
12.754285714285713
13.00952380952381
13.018095238095238
13.35142857142857
13.518571428571429
13.696190476190477
13.393333333333333
12.575238095238095
12.956190476190475
13.487142857142858
12.768571428571429
13.135238095238094
13.146666666666667
12.770476190476192
12.878095238095238
11.792857142857143
11.663809523809524
11.781428571428572
11.627142857142857
11.952857142857143
11.626190476190477
12.207142857142859
12.27190476190476
11.602380952380953
11.004761904761905
11.047142857142857
11.212857142857143
10.959999999999999
10.715714285714286
11.624761904761906
11.21809523809524
11.035238095238096
10.254999999999999
10.098
9.907
9.2795
9.805
9.739
10.3875
10.449
9.6405
9.681999999999999
9.326
9.291
9.33
9.252500000000001
8.4435
8.4095
8.322
8.541
8.159
8.0875
8.536
8.2355
8.02
8.1035
7.978
8.2665
8.6075
7.647
7.0424999999999995
8.009
8.2395
7.364
7.170999999999999
6.755
6.8235
6.7375
7.111
6.569
6.2435
6.054
6.68
6.5065
6.2355
6.3155
6.8925
6.7345
5.885238095238096
5.795714285714286
5.7785714285714285
5.560952380952381
5.2109523809523814
4.529047619047619
3.9747619047619045
4.932857142857143
4.776190476190476
4.2890476190476186
4.923809523809524
4.571428571428571
4.307619047619047
3.7509523809523806
3.488095238095238
3.5371428571428574
3.996666666666667
3.584285714285714
3.923809523809524
3.834285714285714
3.627619047619047
3.5604761904761904
3.613809523809524
4.464761904761905
4.12047619047619
3.2642857142857142
3.3133333333333335
3.3933333333333335
3.863809523809524
3.9757142857142855
3.6404761904761904
3.403809523809524
3.258095238095238
3.4638095238095237
3.3614285714285717
3.3714285714285714
3.886190476190476
4.734761904761904
3.6676190476190476
3.3238095238095235
3.362857142857143
3.2104761904761907
2.9371428571428573
3.4604761904761907
3.667142857142857
3.919047619047619
