pet
0.3853846153846154
0.44423076923076926
0.35461538461538467
0.44576923076923075
0.5992307692307692
0.38153846153846155
0.43230769230769234
0.5423076923076923
0.5742307692307692
0.6134615384615384
0.44153846153846155
0.41192307692307695
0.4473076923076923
0.5169230769230769
0.5119230769230769
0.45153846153846156
0.3173076923076923
0.3807692307692308
0.3976923076923077
0.45884615384615385
0.6069230769230769
0.5738461538461539
0.5826923076923077
0.5380769230769231
0.5176923076923077
0.4761538461538462
0.48653846153846153
0.4807692307692308
0.5265384615384616
0.48423076923076924
0.5134615384615384
0.4815384615384615
0.5092307692307693
0.5907692307692307
0.6042307692307692
0.7461538461538463
0.75
0.6561538461538461
0.5888461538461539
0.6165384615384616
0.5465384615384615
0.5530769230769231
0.5007692307692307
0.43038461538461537
0.39653846153846156
0.4346153846153846
0.45461538461538464
0.5796153846153846
0.5211538461538462
0.5269230769230769
0.5476923076923077
0.6238461538461538
0.6792307692307692
0.746923076923077
0.5969230769230769
0.5930769230769231
0.7165384615384615
0.7969230769230768
0.7953846153846154
0.8134615384615385
0.9619230769230769
0.8907692307692308
0.8923076923076922
1.016923076923077
1.053076923076923
1.1092307692307692
1.0923076923076924
1.0188461538461537
1.2276923076923076
1.0915384615384616
1.1123076923076924
1.116153846153846
1.0646153846153845
1.0592307692307692
1.133076923076923
1.1834615384615383
1.2723076923076921
1.1011538461538461
1.1611538461538462
1.1503846153846153
1.1384615384615384
1.3626923076923076
1.3773076923076923
1.3073076923076923
1.2923076923076924
1.3034615384615384
1.2765384615384614
1.3065384615384614
1.3173076923076923
1.5911538461538461
1.580769230769231
1.3661538461538463
1.2515384615384615
1.3061538461538462
1.4365384615384615
1.5103846153846154
1.5103846153846154
1.3588461538461538
1.541153846153846
1.816923076923077
1.8623076923076924
1.8246153846153845
1.6388461538461538
1.761923076923077
2.0
1.9996153846153848
1.8115384615384615
2.061153846153846
2.0
1.9257692307692307
2.1053846153846156
2.2915384615384613
1.9561538461538461
1.9826923076923075
2.0088461538461537
1.9826923076923075
1.9653846153846155
2.0330769230769232
2.1096153846153842
2.175
2.0992307692307692
2.263076923076923
2.24
2.3376923076923077
2.4226923076923077
2.451923076923077
2.6826923076923075
2.5342307692307693
2.4899999999999998
2.6107692307692307
2.617692307692308
2.6303846153846155
2.6357692307692306
2.585
2.7653846153846158
2.5946153846153845
2.4476923076923076
2.519615384615385
2.7346153846153842
2.933076923076923
2.733461538461538
2.978846153846154
2.891923076923077
3.001923076923077
2.8796153846153847
2.915769230769231
2.7150000000000003
2.6873076923076926
2.8334615384615387
2.6465384615384617
2.9057692307692307
2.862692307692308
2.650384615384615
2.602307692307692
2.5326923076923076
2.7765384615384616
2.6734615384615386
2.7823076923076924
2.785769230769231
2.675
2.637307692307692
2.648076923076923
2.516923076923077
2.6592307692307693
2.585769230769231
2.6350000000000002
2.9457692307692307
2.700384615384615
2.7476923076923074
2.775384615384615
2.8746153846153844
2.6603846153846153
2.677692307692308
2.603846153846154
2.791923076923077
2.8303846153846157
2.928846153846154
2.8153846153846156
2.834230769230769
2.8134615384615387
3.0046153846153847
2.9457692307692307
2.8649999999999998
2.974615384615385
3.213846153846154
3.0634615384615382
3.0942307692307693
3.235
3.2353846153846155
3.1084615384615386
3.076923076923077
3.1357692307692306
3.013076923076923
3.1896153846153847
3.161538461538462
3.064230769230769
2.8796153846153847
2.8407692307692307
2.9011538461538464
3.1726923076923077
3.0173076923076922
2.9596153846153848
3.0319230769230767
2.9103846153846153
2.8296153846153844
3.086153846153846
3.082307692307692
3.1469230769230765
3.1226923076923074
3.137307692307693
3.343461538461539
2.977307692307692
2.8703846153846153
3.0053846153846155
2.9161538461538465
2.7819230769230767
2.838846153846154
2.688076923076923
2.6346153846153846
2.75
2.7365384615384616
2.709230769230769
2.7684615384615388
2.691153846153846
2.7507692307692304
2.8261538461538462
2.7976923076923077
2.621923076923077
2.5596153846153844
2.623846153846154
2.7392307692307694
2.781538461538461
2.7211538461538463
2.4676923076923076
2.292692307692308
2.368076923076923
2.378076923076923
2.296923076923077
2.2196153846153845
2.314230769230769
2.3665384615384615
2.1823076923076923
2.145769230769231
2.185
2.1853846153846153
2.0103846153846154
2.1415384615384614
2.0053846153846155
1.945
2.1296153846153847
2.058076923076923
2.105769230769231
1.8503846153846153
1.8546153846153846
1.785
1.6596153846153845
1.655
1.628076923076923
1.7880769230769231
1.6926923076923077
1.6726923076923077
1.5396153846153846
1.6353846153846154
1.6523076923076923
1.5346153846153845
1.651923076923077
1.4573076923076924
1.4230769230769231
1.43
1.3623076923076924
1.4869230769230768
1.4376923076923076
1.4461538461538461
1.3726923076923077
1.4057692307692307
1.3453846153846156
1.3165384615384614
1.2473076923076922
1.281923076923077
1.1103846153846155
1.2773076923076923
1.418076923076923
1.1846153846153846
1.1946153846153846
1.1642307692307692
0.9365384615384615
0.9126923076923077
0.8857692307692309
0.8092307692307692
0.8784615384615384
0.9400000000000001
0.9353846153846154
0.8423076923076922
0.7369230769230769
0.7892307692307692
0.9196153846153846
0.9219230769230768
0.928076923076923
0.8703846153846153
0.795
0.7769230769230769
0.7911538461538462
0.9676923076923077
0.9142307692307692
0.9138461538461539
0.8880769230769231
0.786923076923077
0.7496153846153846
0.5953846153846154
0.5692307692307692
0.803076923076923
0.7338461538461539
0.7238461538461538
0.7734615384615384
0.6338461538461538
0.5126923076923077
0.5280769230769231
0.5188461538461538
0.5134615384615384
0.4238461538461538
0.48653846153846153
0.5738461538461539
0.4103846153846154
0.37884615384615383
0.4453846153846154
0.5526923076923077
0.696923076923077
0.5353846153846153
0.5869230769230769
0.47961538461538467
0.4176923076923077
0.37730769230769234
0.3346153846153846
0.45653846153846156
0.5153846153846154
0.6438461538461537
0.5826923076923077
0.5403846153846155
0.40923076923076923
0.3926923076923077
0.39653846153846156
0.35307692307692307
0.2980769230769231
0.38038461538461543
0.4080769230769231
0.4392307692307692
0.3861538461538461
0.4480769230769231
0.44346153846153846
0.3961538461538462
0.45000000000000007
0.38461538461538464
0.4461538461538461
0.5073076923076922
0.49192307692307696
0.49615384615384617
0.4857692307692308
0.5334615384615384
0.5053846153846154
0.5546153846153846
0.5988461538461538
0.6673076923076923
0.48730769230769233
0.3761538461538461
0.4269230769230769
