temperature
3.3034615384615384
3.490769230769231
3.3369230769230773
4.054230769230769
4.600384615384615
3.6773076923076924
3.9161538461538465
4.308461538461538
4.497307692307692
4.3319230769230765
3.199230769230769
2.6803846153846154
2.9403846153846156
3.6976923076923076
3.9153846153846152
3.4796153846153848
2.6876923076923074
3.026923076923077
3.4073076923076924
3.8426923076923076
4.3803846153846155
4.238076923076923
4.1765384615384615
3.8938461538461535
3.7326923076923078
3.225769230769231
3.1784615384615384
3.446923076923077
3.522307692307692
2.8765384615384613
3.1423076923076922
3.366923076923077
3.7776923076923077
4.09576923076923
3.990769230769231
4.648461538461539
4.5273076923076925
3.972692307692308
3.6603846153846153
3.450384615384615
3.197307692307692
3.2280769230769226
3.0300000000000002
2.3
2.016923076923077
2.0992307692307692
2.474615384615385
3.3273076923076923
2.9296153846153845
2.887307692307693
2.967307692307692
3.620769230769231
3.8953846153846152
4.100769230769231
3.4953846153846153
3.447307692307692
4.045384615384616
4.455384615384616
4.576153846153846
4.636153846153847
5.059230769230769
4.678076923076923
4.688846153846153
5.258846153846154
5.479615384615385
5.751923076923077
5.59
5.257307692307692
6.139615384615384
5.657307692307692
5.670384615384616
5.640384615384615
5.4934615384615375
5.5503846153846155
5.546923076923077
5.69423076923077
6.242692307692308
5.567692307692307
5.684230769230769
5.759615384615385
5.5842307692307696
6.552692307692308
6.552307692307693
6.329615384615384
6.234999999999999
6.061923076923078
6.0126923076923084
6.162307692307692
6.172692307692308
7.237692307692308
7.035384615384616
6.1911538461538465
5.718461538461539
5.866153846153846
6.446923076923077
6.731923076923077
6.688846153846153
6.052692307692308
6.763076923076923
7.5976923076923075
7.881923076923077
7.714230769230769
7.058076923076923
7.514230769230769
8.452692307692308
8.448461538461538
7.773461538461538
8.533846153846154
8.39423076923077
8.168076923076923
8.846153846153847
9.464230769230769
8.28346153846154
8.216153846153846
8.29923076923077
8.303076923076922
8.257692307692308
8.645384615384616
8.903461538461539
9.216153846153846
8.653846153846153
9.041153846153845
9.039615384615384
9.374230769230769
9.73576923076923
9.911923076923076
10.57846153846154
10.139999999999999
9.965384615384616
10.398846153846154
10.478846153846153
10.533076923076923
10.59153846153846
10.549230769230768
11.13423076923077
10.67923076923077
10.240384615384615
10.51423076923077
11.160384615384617
11.802307692307693
11.34153846153846
12.075
11.930384615384614
12.286923076923076
11.956153846153846
12.129615384615384
11.631923076923076
11.639615384615384
12.174615384615386
11.613461538461538
12.536153846153846
12.941153846153847
12.707307692307692
12.562692307692307
12.444230769230769
13.298076923076923
13.03076923076923
13.425384615384615
13.555
13.258846153846154
13.253461538461538
13.298076923076923
12.948846153846155
13.368461538461538
13.216923076923077
13.485384615384616
14.577307692307691
13.889999999999999
14.100384615384616
14.214615384615383
14.606153846153846
13.97653846153846
14.087307692307691
13.908846153846154
14.558461538461538
14.796923076923077
15.143076923076922
14.894615384615385
14.993461538461538
14.978461538461538
15.605384615384615
15.440384615384614
15.205769230769231
15.609615384615385
16.386923076923075
16.01153846153846
16.15576923076923
16.556923076923077
16.62192307692308
16.34346153846154
16.27230769230769
16.548461538461538
16.200769230769232
16.769615384615385
16.752307692307692
16.462692307692308
15.947307692307692
15.814615384615385
16.082692307692305
16.91846153846154
16.503461538461536
16.325
16.578846153846154
16.231923076923078
16.084230769230768
16.822692307692307
16.88307692307692
17.11692307692308
17.08923076923077
17.125384615384615
17.823846153846155
16.73846153846154
16.41923076923077
16.854230769230767
16.642692307692307
16.25653846153846
16.469615384615384
16.02730769230769
15.921923076923077
16.232307692307693
16.260384615384616
16.216153846153848
16.443076923076923
16.236538461538462
16.474615384615383
16.74153846153846
16.599615384615387
16.153076923076924
15.99423076923077
16.20653846153846
16.622307692307693
16.778076923076924
16.59923076923077
15.776923076923076
15.22269230769231
15.457307692307692
15.548076923076923
15.291538461538462
15.039615384615384
15.35423076923077
15.536153846153846
14.99076923076923
14.910384615384617
14.927307692307693
14.844615384615384
14.220384615384615
14.647692307692306
14.14576923076923
13.952692307692306
14.657307692307691
14.363846153846156
14.567307692307692
13.653076923076924
13.733846153846153
13.504999999999999
13.127692307692307
12.99076923076923
12.832692307692307
13.50576923076923
13.210384615384616
13.116538461538461
12.73653846153846
13.088076923076924
12.978076923076923
12.679615384615385
13.058461538461538
12.383846153846154
12.228846153846153
12.253076923076922
11.943076923076923
12.357692307692307
12.239615384615385
12.266923076923076
11.793076923076923
11.892307692307693
11.597307692307691
11.430769230769231
11.196153846153846
11.411538461538461
10.649230769230769
11.308461538461538
11.823846153846155
10.803846153846154
10.79653846153846
10.645
9.607692307692307
9.58
9.446538461538461
9.006153846153847
9.206538461538461
9.594615384615384
9.601153846153846
9.025384615384615
8.593461538461538
8.846538461538461
9.290384615384616
9.393846153846154
9.446538461538461
9.246153846153847
8.57576923076923
8.461153846153847
8.424615384615384
9.109615384615385
8.88923076923077
8.778846153846153
8.588461538461539
8.018461538461539
7.838461538461539
6.9326923076923075
6.973076923076923
8.09423076923077
7.817692307692307
7.571538461538462
7.774230769230769
7.269615384615384
6.470769230769231
6.17076923076923
5.936538461538461
6.12
5.538846153846153
5.823846153846154
6.202692307692308
5.3465384615384615
5.054230769230769
5.229615384615385
5.587307692307693
6.149615384615384
5.966923076923077
5.994230769230769
5.0965384615384615
4.647307692307693
4.210384615384616
3.9496153846153845
4.515384615384615
5.118076923076923
6.010769230769231
5.791923076923077
5.684230769230769
4.95423076923077
4.561538461538462
4.600384615384615
3.891923076923077
3.480769230769231
3.9042307692307694
3.980769230769231
4.086153846153846
4.256538461538462
4.644230769230769
5.089230769230769
4.872307692307692
4.635
4.282692307692307
4.763461538461538
4.951538461538462
4.685384615384615
4.292307692307692
4.24923076923077
4.536153846153846
4.453076923076923
4.685769230769231
4.510384615384615
4.844230769230769
4.035384615384616
3.3653846153846154
3.5246153846153847
