temperature
3.1526923076923077
3.120769230769231
3.015
2.721538461538462
2.9661538461538464
3.2607692307692306
3.174615384615385
2.6530769230769233
3.1703846153846156
3.761923076923077
3.855
3.9669230769230768
3.4780769230769235
3.598076923076923
3.8773076923076926
3.141153846153846
3.037692307692308
3.3996153846153847
2.8346153846153848
2.4492307692307693
3.1257692307692304
3.2569230769230773
3.4815384615384612
3.7946153846153843
3.7634615384615384
3.956153846153846
3.6276923076923073
3.588846153846154
2.7915384615384613
2.9511538461538462
3.438846153846154
3.5776923076923075
3.573846153846154
3.73
3.582307692307692
3.3419230769230768
3.1934615384615386
3.0288461538461537
3.4088461538461536
3.0626923076923074
2.871153846153846
3.3638461538461537
3.803846153846154
3.650384615384615
4.219615384615384
4.678461538461539
4.261923076923077
4.035
3.7342307692307695
4.431923076923077
4.429230769230769
4.588461538461538
4.332307692307692
4.378846153846154
3.9376923076923074
4.575384615384616
4.019230769230769
3.753846153846154
3.3649999999999998
3.528461538461538
3.7446153846153845
3.799615384615385
3.731923076923077
3.7584615384615385
4.650384615384615
4.939230769230769
5.186538461538461
5.155384615384615
5.193076923076924
5.011923076923077
4.967307692307693
5.747692307692308
6.100769230769231
6.147692307692308
6.018461538461538
6.155384615384615
5.642692307692308
6.060769230769231
5.796923076923077
6.162692307692307
5.94423076923077
5.920000000000001
6.306538461538461
6.401153846153846
6.549230769230769
6.815769230769231
6.380769230769231
6.8342307692307696
6.503846153846154
6.931923076923076
6.381538461538461
6.861923076923077
6.528846153846154
6.598461538461539
7.128846153846154
6.983461538461539
6.58
7.266538461538461
7.305000000000001
7.142692307692308
6.809615384615385
6.8538461538461535
7.172307692307692
7.493076923076923
7.531538461538461
7.376923076923077
7.3403846153846155
7.204615384615384
8.024230769230769
8.492692307692307
9.219615384615384
9.286923076923078
9.117692307692307
9.172307692307692
8.600769230769231
7.995
8.289615384615384
8.60923076923077
8.536923076923078
8.321538461538463
8.693076923076923
9.129615384615384
9.263846153846153
9.913846153846153
9.331923076923077
9.434615384615386
9.736923076923077
9.738461538461538
10.141538461538461
10.213076923076924
9.981153846153846
9.938076923076922
10.03
10.143846153846154
10.885384615384615
10.707692307692307
10.955
10.557692307692308
11.37923076923077
11.066538461538462
11.036538461538461
10.938461538461537
11.13076923076923
11.275384615384613
11.607692307692307
11.718461538461538
11.451923076923077
11.683846153846153
11.828846153846154
11.996923076923078
12.816538461538462
13.350384615384616
13.25
12.709999999999999
12.413076923076924
12.355384615384615
12.765769230769232
13.092692307692309
12.943846153846154
13.176153846153845
13.572307692307692
12.504615384615384
12.631538461538462
12.597307692307691
12.637307692307692
13.121538461538462
13.393076923076924
13.99076923076923
13.668076923076923
13.378846153846155
14.002692307692307
13.49
13.874615384615385
14.119615384615384
13.610000000000001
13.896923076923077
14.315
14.131923076923076
14.313461538461537
14.276923076923076
14.177692307692308
14.701923076923077
14.526538461538461
14.838076923076924
14.715000000000002
14.580769230769231
14.580769230769231
14.632307692307693
14.774615384615384
15.173461538461538
15.018076923076924
15.066538461538462
14.42
14.578076923076923
14.781538461538462
15.055384615384614
15.377307692307692
15.418846153846154
15.69576923076923
15.585384615384616
15.298846153846153
15.096923076923076
15.927307692307693
15.693461538461538
15.692692307692308
15.532692307692308
15.644615384615385
15.513076923076921
15.128461538461538
15.037307692307694
15.01923076923077
15.271153846153847
15.583076923076923
15.422307692307694
15.498461538461537
15.283846153846154
15.486153846153845
15.183076923076923
14.76346153846154
15.334615384615384
15.162307692307694
15.062692307692307
14.721538461538461
14.959999999999999
15.600769230769231
15.377307692307692
14.718846153846155
14.848076923076924
14.883461538461539
14.368461538461538
14.604615384615386
14.753461538461538
14.393461538461539
14.397307692307692
14.26423076923077
14.157692307692308
14.443846153846154
13.704615384615384
14.079230769230769
13.949615384615385
13.55153846153846
13.561923076923078
13.741153846153846
13.452307692307691
13.916153846153845
13.614615384615385
13.823076923076922
14.008076923076922
13.263076923076921
13.25576923076923
13.524615384615384
12.914615384615384
13.276538461538461
13.286538461538461
12.588846153846154
12.595769230769232
11.942692307692308
12.036538461538461
11.756538461538462
11.717307692307692
12.02
11.823846153846155
12.544615384615383
12.488846153846152
11.904230769230768
11.386923076923077
11.653461538461539
11.583846153846155
11.420384615384616
11.080384615384615
11.68423076923077
11.438461538461537
11.373461538461537
10.404615384615385
10.228076923076923
9.988076923076923
9.496153846153847
9.779615384615385
9.749230769230769
10.303846153846154
10.195384615384615
9.92576923076923
9.518846153846154
9.164230769230768
9.321153846153846
9.447307692307692
9.57576923076923
8.781153846153845
8.821923076923078
8.298076923076923
8.595769230769232
8.221153846153847
8.129999999999999
8.65846153846154
8.371538461538462
8.25923076923077
8.402692307692307
8.305384615384614
8.328846153846154
8.438846153846153
7.6280769230769225
7.172307692307692
7.799615384615384
8.14423076923077
7.4192307692307695
7.218846153846154
7.0734615384615385
6.801923076923076
6.536538461538461
6.74
6.4873076923076916
5.963461538461539
5.820769230769231
6.375769230769231
6.2626923076923084
5.965
5.766538461538461
6.498076923076923
6.792692307692307
5.788846153846153
5.529615384615384
5.359230769230769
5.162307692307692
5.037307692307692
4.507307692307692
4.008846153846154
4.877307692307692
4.7311538461538465
4.4350000000000005
5.021923076923077
4.816923076923077
4.421153846153846
4.043461538461538
3.7719230769230774
3.5984615384615384
4.056153846153847
3.332692307692308
3.4438461538461542
3.7984615384615386
3.589230769230769
3.680769230769231
4.009230769230769
4.628076923076923
4.192692307692308
3.2811538461538463
3.186153846153846
3.4242307692307694
3.8157692307692312
3.878846153846154
3.765
3.168846153846154
2.8230769230769233
2.9446153846153846
2.950384615384615
3.308076923076923
3.491153846153846
4.3561538461538465
3.608461538461538
2.866923076923077
2.8996153846153847
2.5138461538461536
2.1476923076923073
2.918846153846154
3.306923076923077
3.5873076923076925
