pet
0.43
0.47807692307692307
0.37269230769230766
0.40653846153846157
0.6069230769230769
0.4238461538461538
0.45038461538461544
0.5288461538461539
0.6238461538461538
0.6411538461538462
0.4761538461538461
0.4411538461538462
0.4826923076923077
0.5480769230769231
0.568076923076923
0.4853846153846154
0.29730769230769233
0.36730769230769234
0.4153846153846154
0.4584615384615385
0.6415384615384615
0.6030769230769231
0.6169230769230769
0.5746153846153846
0.556923076923077
0.4823076923076923
0.5142307692307693
0.5061538461538462
0.5773076923076923
0.5
0.5642307692307692
0.5226923076923077
0.48538461538461536
0.6026923076923076
0.6011538461538461
0.7753846153846153
0.818076923076923
0.6838461538461539
0.5992307692307692
0.6007692307692308
0.5553846153846154
0.5738461538461539
0.4869230769230769
0.4296153846153846
0.4003846153846154
0.4392307692307692
0.43076923076923074
0.5584615384615385
0.5488461538461539
0.5219230769230769
0.5746153846153846
0.64
0.663076923076923
0.7911538461538462
0.6838461538461539
0.6665384615384615
0.6873076923076924
0.8273076923076922
0.8092307692307692
0.8723076923076923
0.9996153846153847
0.9384615384615385
0.9026923076923077
1.0515384615384615
1.116923076923077
1.1546153846153846
1.1711538461538462
1.0923076923076922
1.3123076923076922
1.1957692307692307
1.2226923076923077
1.1507692307692308
1.125
1.1015384615384616
1.2126923076923077
1.3269230769230769
1.4038461538461537
1.1626923076923077
1.2553846153846153
1.2665384615384616
1.2234615384615384
1.4603846153846154
1.4953846153846155
1.4092307692307693
1.3788461538461538
1.3173076923076923
1.331923076923077
1.3346153846153848
1.396153846153846
1.7173076923076922
1.7111538461538462
1.5523076923076924
1.3865384615384615
1.301153846153846
1.5176923076923077
1.5938461538461537
1.6307692307692307
1.415769230769231
1.6265384615384615
1.9326923076923077
1.8873076923076924
1.8880769230769232
1.7257692307692307
1.813076923076923
1.9946153846153847
2.046923076923077
1.8596153846153847
1.941923076923077
2.125769230769231
1.984230769230769
2.1384615384615384
2.4065384615384615
2.029230769230769
2.0138461538461536
2.0684615384615386
1.9907692307692306
1.9626923076923077
2.045769230769231
2.078076923076923
2.2326923076923078
2.194230769230769
2.3734615384615383
2.265769230769231
2.3184615384615386
2.4
2.463846153846154
2.646153846153846
2.593461538461539
2.590384615384615
2.641538461538462
2.5234615384615386
2.648076923076923
2.6061538461538465
2.636923076923077
2.7715384615384617
2.7234615384615384
2.5115384615384615
2.5999999999999996
2.723076923076923
2.9919230769230767
2.7534615384615386
2.9703846153846154
2.925
3.027307692307692
2.8892307692307693
2.963461538461538
2.766153846153846
2.6811538461538458
2.8726923076923074
2.8023076923076924
3.0096153846153846
2.9665384615384616
2.7607692307692306
2.661153846153846
2.683846153846154
2.815
2.7773076923076925
2.833846153846154
2.8680769230769227
2.743846153846154
2.6823076923076923
2.700384615384616
2.6526923076923077
2.7788461538461537
2.6980769230769233
2.6350000000000002
2.9242307692307694
2.678076923076923
2.7776923076923077
2.8576923076923078
2.9026923076923077
2.751153846153846
2.67
2.663846153846154
2.8015384615384615
2.897692307692308
3.008846153846154
2.917692307692308
2.914230769230769
2.858846153846154
3.025384615384615
3.0503846153846155
2.914615384615385
2.9584615384615387
3.258846153846154
3.1542307692307694
3.2011538461538462
3.271153846153846
3.3861538461538463
3.150384615384615
3.1315384615384616
3.208846153846154
3.0696153846153846
3.2473076923076922
3.2634615384615384
3.0892307692307694
2.939230769230769
2.879230769230769
2.891923076923077
3.193076923076923
3.0876923076923077
3.0134615384615384
3.024230769230769
2.9815384615384612
2.8765384615384613
3.0726923076923076
3.1215384615384614
3.18
3.1853846153846157
3.2930769230769235
3.4646153846153847
3.1903846153846156
3.001923076923077
3.1365384615384615
3.1138461538461537
2.9626923076923077
2.9103846153846153
2.9269230769230767
2.838846153846154
2.9334615384615383
2.9269230769230767
2.833076923076923
2.894615384615385
2.8196153846153846
2.911153846153846
3.1115384615384616
3.053076923076923
2.8461538461538463
2.696923076923077
2.8092307692307696
2.9673076923076924
2.933846153846154
2.9346153846153844
2.585769230769231
2.421923076923077
2.4303846153846154
2.526923076923077
2.440769230769231
2.308461538461539
2.4403846153846156
2.5265384615384616
2.3446153846153845
2.256153846153846
2.3253846153846154
2.3173076923076925
2.205769230769231
2.312692307692308
2.181153846153846
2.004230769230769
2.2438461538461536
2.2553846153846155
2.3003846153846155
2.0446153846153843
1.9707692307692308
1.906923076923077
1.7211538461538463
1.7573076923076922
1.7676923076923077
1.908076923076923
1.8203846153846153
1.8265384615384617
1.6373076923076924
1.7496153846153848
1.8261538461538462
1.6907692307692308
1.8215384615384616
1.5538461538461539
1.540769230769231
1.6057692307692308
1.4946153846153847
1.5750000000000002
1.6607692307692308
1.541153846153846
1.4584615384615385
1.4792307692307693
1.426923076923077
1.4230769230769231
1.3484615384615386
1.3711538461538462
1.1846153846153846
1.3919230769230768
1.4623076923076925
1.3657692307692306
1.3496153846153844
1.3153846153846156
1.091923076923077
0.9684615384615385
0.985
0.8811538461538462
0.996923076923077
1.0265384615384616
0.9923076923076923
0.8523076923076923
0.7619230769230769
0.8234615384615385
0.9565384615384616
0.9911538461538462
0.9457692307692308
0.8776923076923077
0.8765384615384615
0.8288461538461539
0.8242307692307692
0.9673076923076924
0.9311538461538462
0.893076923076923
0.9265384615384615
0.7915384615384615
0.7411538461538462
0.6192307692307693
0.578076923076923
0.8353846153846154
0.7776923076923077
0.731923076923077
0.8315384615384616
0.6092307692307692
0.5223076923076924
0.5323076923076923
0.5376923076923077
0.5338461538461539
0.45461538461538464
0.5234615384615384
0.6115384615384616
0.4238461538461538
0.35884615384615387
0.46807692307692306
0.5746153846153846
0.6903846153846154
0.5319230769230769
0.5846153846153845
0.4984615384615384
0.43730769230769234
0.3776923076923077
0.34192307692307694
0.48653846153846153
0.5411538461538462
0.6861538461538461
0.6261538461538462
0.5723076923076923
0.44076923076923075
0.39538461538461533
0.41346153846153844
0.40807692307692306
0.3211538461538461
0.38461538461538464
0.39499999999999996
0.44846153846153847
0.37538461538461537
0.4338461538461539
0.43769230769230766
0.38269230769230766
0.45269230769230767
0.4115384615384615
0.45615384615384613
0.5203846153846153
0.5557692307692308
0.5326923076923077
0.5342307692307693
0.5411538461538462
0.5188461538461538
0.5653846153846154
0.6165384615384616
0.6761538461538462
0.5153846153846154
0.38
0.4123076923076923
