temperature
3.707692307692308
3.724615384615385
3.5246153846153847
3.9738461538461536
4.639230769230769
3.9069230769230767
3.9719230769230767
4.553846153846154
4.8476923076923075
4.6607692307692306
3.648076923076923
3.2188461538461537
3.411153846153846
4.05
4.234230769230769
3.725769230769231
2.8115384615384613
3.303846153846154
3.5953846153846154
3.9373076923076926
4.733846153846153
4.502307692307692
4.593461538461539
4.195769230769231
3.995
3.540769230769231
3.4903846153846154
3.7476923076923074
3.900384615384615
3.163846153846154
3.576923076923077
3.4892307692307694
3.740769230769231
4.193461538461539
4.111923076923077
4.888846153846154
4.939615384615385
4.286538461538462
3.9461538461538463
3.535769230769231
3.3530769230769235
3.5484615384615386
3.1576923076923076
2.620769230769231
2.393076923076923
2.5015384615384617
2.769230769230769
3.436923076923077
3.3273076923076923
2.990769230769231
3.2057692307692305
3.7011538461538462
3.987692307692308
4.441923076923077
4.081153846153846
3.8984615384615386
3.968461538461539
4.672692307692308
4.701923076923077
4.967692307692308
5.399615384615384
4.94923076923077
4.7942307692307695
5.5307692307692315
5.734999999999999
5.947692307692307
6.007307692307692
5.710384615384616
6.485769230769231
6.098461538461539
6.155
5.821153846153846
5.779615384615385
5.713846153846154
5.9788461538461535
6.2226923076923075
6.760384615384615
5.906538461538461
6.125
6.261923076923077
6.012307692307692
6.961153846153847
7.024615384615384
6.749615384615385
6.604230769230769
6.1899999999999995
6.247692307692308
6.299615384615384
6.481153846153846
7.695384615384616
7.496923076923077
6.8611538461538455
6.249230769230769
5.920384615384616
6.734615384615385
7.04
7.140384615384615
6.327307692307692
7.0442307692307695
8.002692307692307
7.97423076923077
7.918461538461538
7.460384615384616
7.770769230769231
8.44
8.617307692307692
7.985
8.151538461538461
8.822307692307692
8.436538461538461
8.981923076923078
9.827307692307691
8.601923076923077
8.513461538461538
8.561538461538461
8.519615384615385
8.412307692307692
8.85576923076923
8.954230769230769
9.575
9.126923076923077
9.552307692307691
9.340384615384615
9.436153846153847
9.904615384615385
10.143076923076924
10.687692307692307
10.584999999999999
10.48923076923077
10.723461538461539
10.455384615384615
10.89423076923077
10.788461538461538
11.006153846153847
11.458846153846155
11.348846153846154
10.794230769230769
11.075769230769229
11.444615384615386
12.243461538461538
11.710769230769232
12.304615384615385
12.284615384615384
12.600384615384616
12.252692307692307
12.529615384615385
12.024615384615384
11.857692307692307
12.520384615384614
12.308461538461538
13.038461538461538
13.520384615384614
13.285384615384617
12.986153846153845
13.148846153846154
13.632307692307693
13.578076923076923
13.78
14.000384615384615
13.707692307692307
13.621153846153845
13.679615384615385
13.637692307692307
13.94846153846154
13.791153846153845
13.739615384615385
14.698461538461537
14.075384615384618
14.43576923076923
14.684615384615386
14.910384615384617
14.520384615384614
14.316538461538462
14.36576923076923
14.827692307692306
15.235384615384616
15.605384615384615
15.387307692307692
15.442307692307692
15.348076923076924
15.86153846153846
16.0
15.618846153846155
15.80923076923077
16.736538461538462
16.497692307692308
16.716538461538462
16.904230769230768
17.307307692307692
16.678076923076922
16.706153846153846
16.99192307692308
16.617307692307694
17.189615384615387
17.306923076923077
16.842307692307692
16.431923076923077
16.233076923076922
16.35153846153846
17.239615384615384
16.942307692307693
16.79423076923077
16.84423076923077
16.669615384615383
16.481153846153845
17.056153846153844
17.247307692307693
17.451153846153847
17.509999999999998
17.826923076923077
18.321923076923078
17.553076923076922
17.001538461538463
17.436923076923076
17.465384615384615
17.049615384615386
16.916153846153847
16.935769230769232
16.754615384615384
16.98730769230769
17.005384615384614
16.751153846153844
16.961923076923078
16.765
17.08653846153846
17.719615384615384
17.489615384615384
16.895384615384614
16.494615384615386
16.830384615384613
17.339615384615385
17.246538461538464
17.27
16.206153846153846
15.734615384615385
15.74
16.087307692307693
15.828076923076923
15.385384615384615
15.815
16.11692307692308
15.568076923076923
15.312692307692307
15.413846153846153
15.32846153846154
14.933846153846153
15.26576923076923
14.847307692307693
14.278846153846153
15.093846153846155
15.098461538461539
15.256538461538462
14.392307692307693
14.223076923076924
14.011923076923077
13.474230769230768
13.47
13.49076923076923
14.030000000000001
13.767692307692307
13.794230769230769
13.223076923076924
13.593846153846155
13.716153846153846
13.334615384615384
13.790000000000001
12.875384615384615
12.838846153846154
13.018076923076924
12.635
12.882307692307693
13.177307692307693
12.797692307692309
12.276538461538461
12.355384615384615
12.094615384615384
12.10153846153846
11.868076923076924
12.018461538461539
11.281153846153845
12.014999999999999
12.263076923076925
11.711923076923076
11.536923076923076
11.573846153846155
10.61923076923077
10.147692307692306
10.166153846153845
9.595769230769232
10.048846153846153
10.351153846153846
10.161153846153846
9.379615384615384
9.123846153846154
9.385769230769231
9.75153846153846
9.981538461538461
9.889999999999999
9.623076923076923
9.325
8.941923076923077
8.801538461538462
9.435
9.305384615384614
9.048461538461538
8.973461538461539
8.333846153846155
8.075000000000001
7.342692307692308
7.321153846153846
8.434615384615386
8.244615384615384
7.863461538461538
8.273076923076923
7.415
6.826153846153845
6.517692307692308
6.268846153846154
6.481923076923077
6.041538461538461
6.267307692307692
6.53
5.7130769230769225
5.304615384615384
5.503076923076923
5.923076923076923
6.312307692307693
6.076153846153845
6.197692307692308
5.306923076923076
4.935769230769231
4.353461538461539
4.091153846153846
4.750384615384616
5.277692307692307
6.061153846153847
5.877307692307692
5.9484615384615385
5.3623076923076916
4.716153846153846
4.843846153846154
4.358076923076923
3.9269230769230767
4.129615384615385
4.138076923076923
4.397307692307693
4.480769230769231
4.579615384615385
5.049615384615384
4.815384615384615
4.883846153846154
4.688461538461539
4.941538461538461
5.1657692307692304
5.162692307692307
4.678846153846154
4.551923076923076
4.687692307692307
4.617692307692308
4.988461538461538
4.812307692307693
4.901923076923077
4.2153846153846155
3.4284615384615384
3.4688461538461537
