temperature
1.2242307692307692
1.1307692307692307
1.011153846153846
1.4584615384615385
2.0296153846153846
1.3996153846153847
1.4707692307692308
1.9219230769230768
1.9038461538461537
1.7096153846153848
1.0642307692307693
0.7626923076923077
1.16
1.7015384615384617
1.4746153846153847
1.1011538461538461
0.7488461538461538
0.911923076923077
1.1711538461538462
1.5603846153846155
1.899230769230769
1.4853846153846153
1.3926923076923077
1.3634615384615385
0.7546153846153845
0.7411538461538462
0.5549999999999999
0.8603846153846154
1.0576923076923077
0.5192307692307693
0.7369230769230769
1.0226923076923078
1.6596153846153845
1.7788461538461537
1.713076923076923
2.1434615384615388
1.7557692307692307
1.4734615384615386
0.9615384615384615
0.8746153846153846
0.4076923076923077
0.5988461538461538
0.5796153846153846
0.25269230769230766
-0.004230769230769183
-0.09961538461538466
0.16192307692307692
0.7346153846153847
0.5396153846153846
0.49461538461538457
0.5488461538461539
0.9361538461538461
1.2588461538461537
1.5465384615384616
1.581923076923077
1.0876923076923075
1.2061538461538461
1.7946153846153847
1.4530769230769232
1.7365384615384616
1.9792307692307693
1.8453846153846152
2.1773076923076924
2.83
2.9765384615384614
3.129230769230769
2.9050000000000002
2.7673076923076922
3.1496153846153847
3.006153846153846
3.0734615384615385
2.7853846153846153
2.1326923076923077
2.2180769230769233
2.3173076923076925
2.600769230769231
2.478846153846154
2.463846153846154
2.2788461538461537
2.3026923076923076
2.6326923076923077
2.9946153846153845
2.9896153846153846
2.9815384615384612
3.008846153846154
2.8773076923076926
2.883076923076923
3.485
3.756153846153846
3.9953846153846153
3.8376923076923077
3.0834615384615387
3.0076923076923077
3.2757692307692308
3.519615384615385
3.7326923076923078
3.4584615384615387
3.0015384615384617
3.795769230769231
4.621923076923077
4.9630769230769225
4.798846153846155
4.070769230769231
5.059230769230769
5.6123076923076916
5.631153846153846
5.306923076923076
5.852692307692307
5.320769230769231
5.358076923076923
5.819999999999999
6.17576923076923
5.59923076923077
5.556923076923076
5.374615384615385
5.843461538461539
5.768461538461538
5.491153846153846
5.9423076923076925
5.928846153846154
5.554230769230769
5.971153846153846
6.694615384615385
6.78923076923077
6.672307692307692
7.487307692307693
7.673076923076923
7.060384615384615
6.894615384615384
7.1765384615384615
7.240384615384615
7.483076923076923
7.470769230769231
7.662692307692307
7.775
7.345384615384615
8.034615384615385
7.556153846153847
8.318461538461538
8.694230769230769
8.66423076923077
8.906923076923077
8.865384615384615
9.32
9.44153846153846
9.175
8.775
8.943846153846154
9.103076923076923
9.000769230769231
9.616153846153846
10.30423076923077
9.914615384615386
9.881153846153847
9.975000000000001
10.208461538461538
10.088461538461539
9.90846153846154
10.340769230769231
10.092307692307692
10.191538461538462
10.153076923076924
10.120000000000001
9.928076923076922
9.98576923076923
10.646923076923077
11.23653846153846
10.919615384615383
11.145384615384614
11.292307692307693
10.860384615384616
10.846923076923076
11.072692307692307
10.94923076923077
11.115
11.438846153846155
11.650384615384617
11.331923076923077
11.586538461538462
11.994615384615384
12.483846153846153
12.002307692307692
12.301923076923078
12.659615384615384
12.770384615384616
12.754999999999999
13.133461538461539
13.305384615384614
13.061153846153847
12.914230769230768
12.898076923076925
13.332692307692307
13.087307692307691
13.481153846153846
13.068846153846154
12.949615384615385
12.573076923076922
12.31
12.566538461538462
13.253076923076922
12.915384615384616
12.843076923076923
12.665384615384616
12.925384615384615
13.129999999999999
13.257307692307693
13.476923076923075
13.761538461538462
13.386923076923077
13.698846153846155
13.818846153846154
12.742692307692307
13.16230769230769
13.522307692307692
13.261923076923077
12.701923076923077
13.126153846153848
12.921923076923077
12.148076923076925
12.628846153846155
12.322692307692307
12.475769230769231
12.92576923076923
12.804615384615385
13.02346153846154
13.218076923076923
13.186923076923078
12.597307692307691
12.597307692307693
12.883461538461539
13.072307692307692
13.216153846153846
13.136923076923077
12.461538461538462
12.414230769230768
12.54653846153846
12.186153846153845
11.831923076923077
11.94846153846154
12.217692307692307
12.107692307692307
11.632692307692308
11.791153846153845
11.576153846153847
11.750384615384615
11.37576923076923
11.149615384615384
10.60423076923077
10.661923076923076
11.291923076923077
10.998461538461537
11.161153846153846
10.252692307692307
9.985000000000001
10.133846153846154
9.893461538461539
9.866153846153846
9.656538461538462
10.662692307692309
10.56
9.911538461538461
10.100000000000001
10.048461538461538
9.888076923076921
9.783076923076923
9.97269230769231
9.026153846153846
8.838461538461539
8.981923076923078
8.910384615384615
9.46923076923077
9.576153846153845
9.567692307692308
9.044615384615385
9.167307692307691
8.785769230769231
8.643461538461539
8.522692307692308
8.462307692307693
8.136538461538462
8.503461538461538
8.488461538461538
7.622307692307692
7.908846153846154
7.761153846153846
7.238076923076923
6.877692307692308
6.973076923076923
6.431153846153847
6.270769230769231
6.608076923076923
6.66
5.752692307692308
6.05576923076923
6.540384615384616
6.842692307692308
6.83576923076923
6.548461538461538
6.297307692307692
6.185769230769231
5.904230769230769
5.980384615384616
6.514230769230769
6.018846153846154
5.856923076923077
5.993846153846154
5.677307692307693
5.245384615384615
4.716538461538462
4.679230769230769
5.3815384615384625
5.2299999999999995
4.844615384615384
5.22
4.676923076923076
3.941923076923077
3.6542307692307694
3.5292307692307694
3.698846153846154
3.2757692307692308
3.1573076923076924
3.331153846153846
2.8346153846153848
2.741153846153846
3.0373076923076923
3.5603846153846153
3.52
3.4050000000000002
3.7292307692307696
2.9673076923076924
2.616153846153846
2.4215384615384616
2.2046153846153844
2.418846153846154
2.9865384615384616
3.399230769230769
3.2434615384615384
3.2830769230769232
2.915769230769231
2.2173076923076924
1.7334615384615384
2.0973076923076923
2.186923076923077
2.41
2.286153846153846
2.3753846153846156
2.4699999999999998
2.4826923076923078
2.7646153846153845
2.272307692307692
1.9634615384615384
2.1334615384615385
2.1623076923076923
2.273076923076923
2.088076923076923
1.929230769230769
2.151153846153846
2.3434615384615385
2.376923076923077
2.120769230769231
2.083076923076923
2.2903846153846152
1.6126923076923076
1.3515384615384616
1.2353846153846153
