temperature
4.9435
4.331
3.6795
3.2805
3.536
3.595
4.569
4.639
4.3875
4.935499999999999
4.9365000000000006
5.0035
4.596
4.3355
4.897
4.6160000000000005
3.943
4.1785000000000005
4.2725
3.3594999999999997
3.069
3.5685000000000002
3.1235
3.4805
4.098
4.1259999999999994
4.389
4.4350000000000005
3.857
3.0985
3.9755000000000003
4.148000000000001
3.7144999999999997
3.6125
4.4545
4.1085
3.3725
3.6115000000000004
3.5204999999999997
3.025
2.8120000000000003
3.177
4.1305
3.7575000000000003
4.4575
4.9799999999999995
4.7465
5.002000000000001
4.4455
4.864
5.161
5.559
5.234
5.4185
5.0785
4.971
4.631
4.5515
3.9465000000000003
3.968
4.2945
3.8890000000000002
4.3105
4.4265
4.587
5.2085
6.1545000000000005
6.666499999999999
6.157500000000001
6.181
5.925
5.1685
6.668000000000001
7.4174999999999995
6.753
6.464
6.087
6.5005
6.049
6.547
6.064
6.502
6.925
6.919499999999999
7.3235
7.013
7.784000000000001
7.567
8.068000000000001
7.4375
7.3755
7.441
7.821000000000001
7.189
7.652500000000001
7.692
6.9895
7.2465
7.874
7.652500000000001
7.784999999999999
8.2095
8.772499999999999
8.9765
9.3765
8.82
9.233
8.948
8.902
9.312999999999999
10.2135
10.284
10.3365
10.5805
9.5105
8.946000000000002
8.95
9.084999999999999
8.622
9.472
9.697
9.5935
9.812000000000001
10.067
10.5315
10.829
11.685
11.25
11.095
11.511
10.9405
10.5365
10.644499999999999
10.1635
10.955
10.8615
11.2755
11.679
11.947
11.7235
12.162
12.2835
12.266
12.6365
13.066999999999998
13.143
13.0805
12.886000000000001
12.930000000000001
13.014500000000002
13.476499999999998
14.2255
14.1595
14.035499999999999
13.523
13.0935
13.204500000000001
13.703999999999999
13.9585
14.554499999999999
14.443000000000001
14.263499999999999
13.781
14.139
14.356
14.434000000000001
15.312380952380952
15.701904761904762
14.96952380952381
14.626666666666665
14.438571428571427
14.770000000000001
14.701428571428572
15.256666666666666
15.137142857142857
15.396666666666667
15.849999999999998
15.624285714285715
15.502857142857144
16.007619047619045
15.782380952380953
16.30095238095238
15.653333333333334
15.581428571428571
15.595714285714285
15.92047619047619
16.024761904761903
15.956190476190475
16.16904761904762
16.35952380952381
16.320476190476192
16.160476190476192
16.264285714285716
15.971904761904764
16.81
16.975238095238097
17.320476190476192
17.429523809523808
18.00857142857143
18.154761904761905
16.794285714285714
16.769523809523808
17.039523809523807
17.224761904761905
17.200476190476188
17.93095238095238
17.513333333333332
16.895714285714284
16.711904761904762
16.246666666666666
16.162380952380953
16.455714285714286
16.843809523809522
16.793809523809525
17.274761904761903
16.86904761904762
17.044761904761906
16.701428571428572
16.43952380952381
17.14190476190476
16.833333333333332
16.34952380952381
17.45
16.862380952380953
16.732380952380954
16.447619047619046
16.148095238095237
16.087619047619047
16.298095238095236
16.221904761904764
16.044285714285714
16.035238095238096
16.314761904761905
16.806190476190476
16.035714285714285
15.62
16.207619047619048
15.649047619047618
15.510952380952382
15.181428571428572
14.974285714285713
14.628095238095238
14.455714285714285
14.138095238095238
15.333333333333334
15.33952380952381
15.790952380952382
15.354285714285714
14.897142857142857
14.566190476190476
14.947619047619046
14.776190476190477
15.38190476190476
14.834761904761903
14.393809523809523
14.52095238095238
14.020000000000001
13.921904761904763
13.514761904761905
13.44047619047619
13.480952380952383
13.917619047619047
14.114761904761906
13.97095238095238
13.547142857142857
13.005714285714285
12.356666666666667
12.711904761904762
12.614761904761906
12.826666666666668
12.66952380952381
12.812380952380952
13.184761904761904
12.578
12.266499999999999
11.897
11.189
12.064499999999999
11.311
11.1385
11.8185
11.7
12.371500000000001
11.4055
11.434999999999999
11.081
10.440999999999999
10.628499999999999
10.672
10.053
10.1015
9.687000000000001
9.690999999999999
10.2205
9.6435
9.9985
10.0655
10.2215
10.1015
9.4215
9.769
9.405
9.823
9.9505
9.0745
8.8275
8.193999999999999
7.794499999999999
7.8245000000000005
7.7265
7.4905
7.3065
7.6735
8.7455
8.108
7.6815
8.0115
7.444
7.711499999999999
6.905499999999999
7.221500000000001
6.895999999999999
6.3549999999999995
6.2085
6.079
6.0655
5.235
5.596500000000001
5.4755
5.8305
5.492
5.206
4.763
4.728
4.7395000000000005
4.913
4.8485
4.881
5.337
5.41
4.763
4.3945
4.3100000000000005
4.159000000000001
3.713
4.54
4.4235
5.044
5.2335
4.710500000000001
4.307499999999999
4.0775
3.628
4.3705
5.285
5.5555
6.427
5.8469999999999995
5.159000000000001
5.046
4.593999999999999
4.0545
5.066
5.4975000000000005
5.3905
