pet
0.4084615384615385
0.44576923076923075
0.4373076923076923
0.6157692307692308
0.6092307692307692
0.4126923076923077
0.495
0.5700000000000001
0.5723076923076923
0.578076923076923
0.44153846153846155
0.39653846153846156
0.43076923076923074
0.4834615384615385
0.42807692307692313
0.44346153846153846
0.36230769230769233
0.42461538461538456
0.46692307692307694
0.5173076923076922
0.6499999999999999
0.6003846153846154
0.6111538461538462
0.5865384615384616
0.551923076923077
0.5603846153846154
0.5700000000000001
0.5592307692307692
0.5207692307692308
0.46499999999999997
0.5688461538461538
0.55
0.6034615384615385
0.6307692307692309
0.7265384615384616
0.7780769230769231
0.7446153846153846
0.7453846153846153
0.7176923076923077
0.5957692307692308
0.6073076923076923
0.6126923076923076
0.58
0.48730769230769233
0.4773076923076923
0.5107692307692308
0.5269230769230769
0.5873076923076923
0.5815384615384616
0.595
0.5957692307692308
0.5807692307692307
0.7484615384615385
0.7780769230769231
0.6934615384615385
0.7415384615384616
0.8650000000000001
0.8676923076923077
0.8446153846153847
0.8853846153846153
1.0134615384615384
0.895
0.9073076923076923
0.98
1.0438461538461539
1.0392307692307692
1.0450000000000002
1.0546153846153847
1.1373076923076924
1.0696153846153846
1.0834615384615385
1.115
0.9603846153846154
1.0696153846153846
1.0811538461538461
1.1726923076923077
1.1084615384615384
1.0869230769230769
1.0676923076923077
1.1015384615384616
1.1873076923076924
1.3615384615384616
1.3473076923076923
1.3157692307692308
1.3373076923076925
1.2834615384615384
1.209230769230769
1.298846153846154
1.3376923076923077
1.5803846153846155
1.3926923076923077
1.2476923076923077
1.1676923076923076
1.26
1.2865384615384616
1.4284615384615384
1.5638461538461539
1.4657692307692307
1.5423076923076924
1.6700000000000002
1.6715384615384616
1.7384615384615385
1.7765384615384614
1.7407692307692306
1.9130769230769231
1.959230769230769
1.8126923076923078
1.9561538461538461
1.9280769230769232
1.8546153846153846
2.003076923076923
2.1496153846153847
1.9946153846153847
1.9711538461538463
1.985769230769231
1.9107692307692308
2.065769230769231
2.0215384615384617
2.1353846153846154
2.1015384615384614
2.022307692307692
2.2611538461538463
2.291153846153846
2.313076923076923
2.376923076923077
2.3215384615384616
2.460769230769231
2.367692307692308
2.3423076923076924
2.355769230769231
2.5369230769230766
2.495769230769231
2.454230769230769
2.5176923076923075
2.651923076923077
2.5173076923076922
2.4323076923076923
2.4992307692307696
2.6826923076923075
2.8596153846153842
2.7638461538461536
2.8915384615384614
2.7857692307692306
2.909615384615385
2.8257692307692306
2.835769230769231
2.726923076923077
2.6246153846153844
2.7223076923076923
2.6757692307692307
2.7442307692307697
2.588846153846154
2.5288461538461537
2.5176923076923075
2.440769230769231
2.597692307692308
2.4165384615384613
2.415769230769231
2.5134615384615384
2.5046153846153847
2.365
2.4523076923076923
2.4465384615384616
2.3692307692307693
2.4073076923076924
2.558846153846154
2.691923076923077
2.56
2.552692307692308
2.626923076923077
2.81
2.6500000000000004
2.539615384615385
2.5246153846153847
2.521153846153846
2.5961538461538463
2.727307692307692
2.6526923076923077
2.7146153846153847
2.665769230769231
2.731923076923077
2.6276923076923073
2.588461538461538
2.7315384615384612
2.961153846153846
2.8515384615384614
2.8065384615384614
2.81
2.9707692307692306
2.825384615384615
2.7638461538461536
2.8400000000000003
2.7838461538461536
2.836153846153846
2.7834615384615384
2.7007692307692306
2.6353846153846154
2.5869230769230773
2.5773076923076923
2.8084615384615383
2.775384615384615
2.649230769230769
2.6030769230769235
2.675
2.519615384615385
2.7161538461538464
2.616923076923077
2.727692307692308
2.665769230769231
2.765
2.863076923076923
2.552692307692308
2.5265384615384616
2.661923076923077
2.588461538461538
2.492692307692308
2.478846153846154
2.3273076923076923
2.2176923076923076
2.416153846153846
2.397307692307692
2.3576923076923078
2.3976923076923073
2.3634615384615385
2.35
2.378846153846154
2.395769230769231
2.2823076923076924
2.288076923076923
2.352692307692308
2.447307692307692
2.4753846153846153
2.4676923076923076
2.2373076923076924
2.1015384615384614
2.1753846153846155
2.154230769230769
2.173076923076923
2.016923076923077
2.0707692307692307
2.0784615384615384
1.9430769230769231
1.9803846153846154
1.9011538461538462
1.941153846153846
1.81
1.878076923076923
1.7896153846153846
1.8696153846153847
1.954230769230769
1.9615384615384615
1.8757692307692309
1.6484615384615384
1.6042307692307693
1.6115384615384616
1.453846153846154
1.5569230769230769
1.5615384615384615
1.5692307692307692
1.588846153846154
1.5288461538461537
1.455769230769231
1.4473076923076924
1.4100000000000001
1.3396153846153847
1.4496153846153845
1.4249999999999998
1.3796153846153845
1.3396153846153847
1.281923076923077
1.3873076923076924
1.3365384615384615
1.3096153846153844
1.3176923076923077
1.3223076923076924
1.2915384615384615
1.2780769230769229
1.156923076923077
1.15
1.1
1.178076923076923
1.2207692307692306
1.0753846153846154
1.0769230769230769
1.1226923076923077
0.9484615384615385
1.0023076923076923
0.9288461538461538
0.8288461538461539
0.8526923076923077
0.9284615384615384
0.911923076923077
0.8288461538461539
0.7530769230769232
0.7788461538461539
0.8342307692307693
0.7746153846153846
0.86
0.841923076923077
0.8257692307692307
0.7911538461538462
0.8546153846153846
0.9373076923076924
0.8919230769230769
0.8673076923076923
0.86
0.7203846153846154
0.6815384615384615
0.6234615384615385
0.7142307692307692
0.8265384615384614
0.7692307692307693
0.7492307692307693
0.7484615384615385
0.6542307692307692
0.566923076923077
0.5411538461538462
0.5261538461538462
0.595
0.5211538461538461
0.5969230769230769
0.6319230769230769
0.48653846153846153
0.47115384615384615
0.4942307692307692
0.565
0.6323076923076923
0.5603846153846154
0.5557692307692308
0.5476923076923077
0.4519230769230769
0.40269230769230774
0.47576923076923083
0.5723076923076923
0.5623076923076924
0.605
0.5276923076923077
0.5076923076923077
0.4015384615384615
0.4646153846153846
0.4819230769230769
0.3288461538461539
0.33999999999999997
0.40538461538461534
0.41923076923076924
0.5242307692307693
0.4807692307692308
0.44884615384615384
0.4803846153846154
0.47269230769230774
0.4876923076923077
0.47115384615384615
0.4773076923076923
0.5723076923076923
0.5407692307692308
0.5165384615384615
0.5365384615384615
0.5196153846153846
0.5180769230769231
0.6146153846153847
0.6130769230769231
0.6180769230769231
0.47923076923076924
0.3961538461538462
0.48115384615384615
