temperature
2.0603846153846153
2.0761538461538462
1.6996153846153845
1.6042307692307693
1.9
2.1792307692307693
2.082692307692308
1.5303846153846155
1.931923076923077
2.632307692307692
2.7084615384615387
2.851923076923077
2.436923076923077
2.5107692307692306
2.745
2.123846153846154
2.108846153846154
2.3407692307692307
1.8246153846153845
1.4646153846153847
1.9203846153846154
1.9288461538461539
2.1973076923076924
2.48
2.6034615384615383
2.7826923076923076
2.353076923076923
2.138076923076923
1.4980769230769229
1.6407692307692305
2.3053846153846154
2.3499999999999996
2.2853846153846153
2.5300000000000002
2.4465384615384616
2.043461538461538
1.9673076923076922
1.863846153846154
2.0242307692307695
1.6423076923076925
1.7061538461538461
2.3611538461538464
2.8853846153846154
2.4630769230769234
3.0726923076923076
3.457307692307692
3.0023076923076926
2.897692307692308
2.612692307692307
3.3196153846153846
3.130769230769231
3.3034615384615384
2.9892307692307694
2.990769230769231
2.587307692307692
3.3603846153846155
2.703076923076923
2.4665384615384616
1.8288461538461538
1.916923076923077
2.213076923076923
2.1361538461538463
2.0615384615384618
2.1753846153846155
3.1826923076923075
3.4511538461538462
3.696923076923077
3.816923076923077
3.7873076923076923
3.581538461538462
3.207692307692308
4.086538461538462
4.775384615384615
4.744230769230769
4.701153846153846
4.724615384615385
4.098076923076923
4.618846153846154
4.272307692307693
4.689230769230769
4.579615384615384
4.491153846153846
4.911153846153846
5.029230769230769
5.113076923076923
5.332307692307692
5.012307692307692
5.405
5.0649999999999995
5.508461538461538
4.916923076923077
5.591923076923077
5.220769230769231
5.07923076923077
5.5673076923076925
5.334615384615384
4.817692307692308
5.604615384615385
5.785384615384615
5.5903846153846155
5.365
5.426153846153847
5.525384615384615
5.936153846153847
5.956538461538462
5.8100000000000005
5.8234615384615385
5.777692307692307
6.4934615384615375
7.068076923076922
7.731153846153846
7.802307692307692
7.9338461538461535
7.733076923076923
7.1838461538461535
6.36
6.609999999999999
6.752692307692308
6.9484615384615385
6.887692307692307
7.0942307692307685
7.563461538461539
7.68076923076923
8.177307692307693
7.523076923076923
7.765384615384615
8.437692307692307
8.287307692307692
8.710384615384616
8.97423076923077
8.428846153846154
8.69076923076923
8.671538461538463
8.715
9.414615384615384
9.044615384615385
9.298846153846153
8.770384615384616
9.803461538461539
9.208846153846155
9.357307692307693
9.09
9.329615384615384
9.64
10.062307692307693
10.146923076923077
9.959999999999999
10.128846153846155
10.389999999999999
10.39076923076923
11.273846153846154
11.734615384615385
11.426923076923078
11.126153846153844
10.646923076923077
10.669230769230769
11.162307692307694
11.527692307692307
11.356923076923076
11.462692307692306
11.702692307692306
10.746153846153845
10.955769230769231
10.75076923076923
10.892692307692307
11.299615384615386
11.856538461538461
12.345384615384615
12.02346153846154
11.60423076923077
12.156538461538462
11.576923076923077
12.011538461538462
12.316538461538462
11.85576923076923
12.163076923076924
12.661538461538461
12.419230769230769
12.558076923076923
12.673076923076923
12.524615384615384
12.873461538461537
12.81846153846154
13.117692307692307
12.959999999999999
12.879999999999999
12.798461538461538
12.669230769230769
12.937307692307693
13.207692307692307
13.405384615384616
13.254999999999999
12.51
12.653076923076924
12.947692307692307
13.081153846153846
13.504615384615384
13.49923076923077
14.151923076923076
14.01076923076923
13.645384615384614
13.3
14.312692307692307
14.068076923076923
13.860000000000001
13.937307692307693
13.816923076923077
13.74
13.353846153846153
13.327307692307691
13.26923076923077
13.515384615384615
13.843461538461538
13.858076923076924
13.920384615384616
13.666923076923077
13.75423076923077
13.626153846153844
13.099615384615383
13.62423076923077
13.545769230769231
13.371923076923078
13.122692307692308
13.531153846153845
13.916923076923077
13.647307692307692
13.012692307692307
13.161538461538461
13.042307692307693
12.70346153846154
12.888076923076925
12.843461538461538
12.584615384615384
12.705769230769231
12.736153846153845
12.404230769230768
12.815384615384614
12.141153846153847
12.378846153846155
12.17153846153846
11.529230769230768
11.77730769230769
12.055
12.110000000000001
12.664230769230768
12.281538461538462
12.436538461538463
12.62076923076923
11.665384615384616
11.845
12.190384615384614
11.639615384615384
12.032692307692308
11.99076923076923
11.109230769230768
10.94
10.607307692307693
10.646923076923077
10.292307692307693
10.25576923076923
10.851923076923075
10.850000000000001
11.157307692307693
11.178076923076922
10.618461538461538
10.034230769230769
10.274615384615384
10.107307692307693
9.981923076923076
9.799615384615384
10.537307692307694
10.204615384615384
10.126923076923077
9.311923076923076
9.003461538461538
8.738461538461538
8.371538461538462
8.554615384615385
8.428461538461537
9.081153846153846
9.014999999999999
8.650384615384615
8.39076923076923
8.087692307692308
8.265
8.396923076923077
8.428461538461539
7.683076923076923
7.875769230769231
7.21
7.478461538461539
7.152692307692307
7.035769230769231
7.55076923076923
7.204615384615384
7.214615384615385
7.398461538461538
7.134615384615385
7.182307692307693
7.353076923076923
6.602307692307692
6.241153846153846
6.908076923076924
6.759230769230769
6.349230769230768
6.085
5.723076923076923
5.625769230769231
5.377692307692308
5.555000000000001
5.323076923076924
4.696923076923077
4.745384615384615
5.378076923076923
5.048461538461538
4.765769230769231
4.474615384615385
5.256923076923077
5.605769230769231
4.650769230769231
4.474230769230769
4.217307692307693
3.9903846153846154
3.7326923076923078
3.2484615384615383
2.712307692307692
3.611923076923077
3.587307692307692
3.3203846153846155
3.793846153846154
3.43
3.130769230769231
2.9011538461538464
2.6823076923076923
2.6846153846153844
3.003076923076923
2.435
2.496923076923077
2.703076923076923
2.685
2.938076923076923
3.0184615384615388
3.6296153846153847
3.2657692307692305
2.4699999999999998
2.4315384615384614
2.540769230769231
2.643076923076923
2.795384615384615
2.6234615384615383
2.121923076923077
1.9507692307692308
1.9757692307692307
1.991153846153846
2.4784615384615383
2.9423076923076925
3.4465384615384616
2.696923076923077
2.0476923076923077
2.058846153846154
1.6165384615384613
1.241153846153846
2.098076923076923
2.5311538461538463
2.516538461538462
