pet
0.5121052631578947
0.33842105263157896
0.3126315789473684
0.4878947368421052
0.5815789473684211
0.32842105263157895
0.4068421052631579
0.47789473684210526
0.47789473684210526
0.4073684210526316
0.39631578947368423
0.39473684210526316
0.48947368421052634
0.4731578947368421
0.45
0.4047368421052631
0.3547368421052632
0.4689473684210526
0.4973684210526315
0.5484210526315789
0.44684210526315793
0.36526315789473685
0.45894736842105266
0.4610526315789474
0.4194736842105263
0.47631578947368425
0.4031578947368421
0.4105263157894737
0.5378947368421052
0.4863157894736842
0.5036842105263158
0.4352631578947368
0.5031578947368421
0.6294736842105264
0.6831578947368421
0.7247368421052631
0.6984210526315789
0.6536842105263158
0.5663157894736842
0.44263157894736843
0.47105263157894733
0.6263157894736843
0.44421052631578944
0.39052631578947367
0.5115789473684211
0.48315789473684206
0.33894736842105266
0.47210526315789475
0.46421052631578946
0.46263157894736845
0.4342105263157895
0.47368421052631576
0.5989473684210527
0.6447368421052632
0.47105263157894744
0.5642105263157895
0.6378947368421052
0.6452631578947369
0.5210526315789474
0.5563157894736842
0.4889473684210527
0.5542105263157895
0.7484210526315789
0.7552631578947369
0.8857894736842105
0.9052631578947368
0.8742105263157894
0.8694736842105263
1.0363157894736843
0.8742105263157894
0.8873684210526316
0.9621052631578948
0.9326315789473684
0.8731578947368421
1.0042105263157894
0.973157894736842
0.7926315789473685
0.6547368421052632
0.8321052631578948
0.8142105263157895
1.0378947368421052
1.1631578947368422
1.0157894736842106
0.8663157894736843
0.9057894736842106
0.9331578947368421
0.9315789473684211
1.0215789473684211
1.194736842105263
1.4410526315789474
1.3405263157894736
1.0563157894736843
0.9989473684210527
1.1426315789473684
1.184736842105263
1.158421052631579
1.075263157894737
1.1984210526315788
1.4663157894736842
1.3010526315789472
1.2594736842105263
1.2805263157894737
1.1478947368421053
1.3042105263157895
1.5121052631578948
1.6436842105263159
1.5163157894736843
1.5342105263157895
1.4352631578947368
1.434736842105263
1.7247368421052633
1.6889473684210525
1.8236842105263158
1.7505263157894735
1.743157894736842
1.7684210526315791
1.9021052631578947
1.8610526315789473
2.041578947368421
2.0173684210526317
2.2505263157894735
2.359
2.3449999999999998
2.2344999999999997
2.1075
2.091
2.2954999999999997
2.1895
1.9695
2.145
2.0865
2.307
2.3995
2.4215
2.555
2.42
2.4515000000000002
2.268
2.367
2.385
2.402
2.5145
2.7875
2.706
2.3114999999999997
2.4785
2.501
2.3075
2.5355
2.5140000000000002
2.664
2.52
2.1605
1.911
1.734
2.012
1.9095
1.8445
1.903
1.9564999999999997
1.918
1.985
2.0085
2.0385
2.1135
2.3475
2.5315000000000003
2.412
2.368
2.4684999999999997
2.379
2.082
1.9615000000000002
1.9865
2.1075
2.4195
2.5425
2.2565
2.573
2.5015
2.315
2.1235
2.2455000000000003
2.323
2.4175
2.384
2.304
2.3865
2.249
2.3914999999999997
2.3895
2.245
2.213
2.2965
2.375
2.245
2.0815
1.8063157894736843
2.214736842105263
2.418421052631579
2.466315789473684
2.2331578947368422
2.2957894736842106
2.4563157894736842
2.230526315789474
2.3794736842105264
2.122105263157895
2.272105263157895
2.3226315789473686
2.3652631578947365
2.2663157894736843
1.9936842105263155
2.2505263157894735
2.3242105263157895
2.0
1.8736842105263158
1.9068421052631577
2.063684210526316
1.9094736842105264
2.0105263157894737
1.9494736842105262
2.0236842105263158
1.8663157894736842
1.881578947368421
1.808421052631579
1.8147368421052634
1.6378947368421053
1.8305263157894738
1.9799999999999998
1.831578947368421
2.1126315789473686
2.188421052631579
2.15
1.918421052631579
1.8221052631578947
1.75
1.8263157894736843
1.488421052631579
1.4915789473684211
1.6110526315789473
1.5215789473684211
1.5621052631578947
1.5457894736842106
1.5352631578947367
1.7110526315789472
1.4305263157894736
1.3578947368421053
1.3673684210526316
1.3973684210526316
1.4847368421052631
1.4052631578947368
1.3436842105263158
1.281578947368421
1.4189473684210527
1.3821052631578947
1.2268421052631577
1.0268421052631578
1.05
1.1336842105263158
1.3257894736842106
1.2978947368421052
1.2763157894736843
1.2973684210526315
1.3199999999999998
1.1257894736842105
1.2289473684210528
1.0610526315789475
1.0605263157894735
1.1694736842105262
1.348421052631579
1.39
1.4484210526315788
1.3763157894736842
1.1236842105263158
1.1231578947368421
1.0036842105263157
1.0873684210526315
1.068421052631579
0.951578947368421
0.9221052631578948
1.1221052631578947
1.0773684210526315
0.9099999999999999
0.9084210526315788
1.1126315789473684
1.2010526315789474
1.1331578947368421
0.8926315789473684
0.8526315789473684
0.7194736842105263
0.7573684210526316
0.8078947368421052
0.726842105263158
0.8047368421052631
0.8326315789473684
0.751578947368421
0.7315789473684211
0.8294736842105263
0.7357894736842105
0.7668421052631579
0.6394736842105263
0.8173684210526315
0.6989473684210527
0.6200000000000001
0.57
0.5742105263157895
0.5336842105263159
0.5578947368421052
0.47052631578947374
0.5594736842105263
0.7121052631578947
0.6989473684210527
0.6205263157894736
0.5657894736842105
0.6273684210526316
0.6063157894736841
0.5873684210526315
0.44789473684210523
0.51
0.5473684210526316
0.5052631578947369
0.49105263157894735
0.33263157894736844
0.30578947368421056
0.33842105263157896
0.34210526315789475
0.5531578947368421
0.5136842105263157
0.4878947368421052
0.42157894736842105
0.46578947368421053
0.5036842105263158
0.5105263157894737
0.6831578947368421
0.6105263157894737
0.7931578947368422
0.5821052631578948
0.4705263157894737
0.3726315789473684
0.3426315789473684
0.4126315789473684
0.3263157894736842
0.3757894736842105
0.4636842105263158
0.48473684210526313
0.5763157894736842
0.3863157894736842
0.3526315789473684
0.32894736842105265
0.5115789473684211
0.4368421052631579
0.43842105263157893
0.3742105263157895
0.4826315789473684
0.5515789473684211
0.5026315789473684
0.5510526315789473
0.5994736842105264
0.4505263157894737
0.5126315789473684
0.52
0.49000000000000005
0.4410526315789474
0.45105263157894737
0.428421052631579
