temperature
3.068421052631579
2.198421052631579
2.1936842105263157
3.2405263157894737
3.16421052631579
2.3836842105263156
2.2710526315789474
2.6789473684210527
2.9026315789473682
2.4010526315789473
2.283157894736842
2.4294736842105267
2.932105263157895
2.9499999999999997
2.599473684210526
2.3210526315789473
2.24
3.06
3.0294736842105263
3.1642105263157894
2.6178947368421053
2.2810526315789477
2.5
2.504736842105263
2.2647368421052634
2.1131578947368426
2.1184210526315788
2.383157894736842
2.844736842105263
2.4
2.6010526315789475
2.462105263157895
2.7568421052631575
3.3484210526315787
3.5305263157894737
3.664736842105263
3.1989473684210528
2.975263157894737
2.455263157894737
1.8505263157894738
2.1610526315789476
2.807894736842105
2.2736842105263158
1.5957894736842106
1.9036842105263159
2.1710526315789473
1.66
2.3547368421052632
2.2205263157894737
2.342631578947368
1.9226315789473685
2.444736842105263
3.033157894736842
3.022105263157895
2.366842105263158
2.935263157894737
3.1010526315789475
3.186842105263158
2.615789473684211
2.4147368421052633
2.143684210526316
2.7794736842105263
3.214736842105263
3.7705263157894735
4.420526315789473
4.320526315789474
4.221578947368421
4.211052631578948
4.908421052631579
4.302105263157895
4.638421052631578
4.794736842105263
4.606315789473684
4.426842105263158
4.739473684210526
4.531578947368421
3.9452631578947366
3.418421052631579
4.121052631578947
4.229473684210526
5.020526315789474
5.407368421052631
4.818947368421052
4.295789473684211
4.461052631578947
4.447368421052632
4.437894736842105
4.716842105263158
5.306842105263158
6.073157894736842
5.431052631578948
4.545789473684211
4.151578947368421
4.41
4.754736842105263
5.063157894736842
4.747368421052632
5.043684210526315
5.77
5.098421052631579
4.963157894736842
5.052631578947368
4.502105263157895
4.868947368421052
5.681052631578948
6.178421052631579
5.663684210526315
5.700526315789474
5.463157894736842
5.46578947368421
6.732631578947369
6.693684210526316
7.006842105263158
6.786315789473684
6.814210526315789
7.031578947368421
7.214736842105264
7.3236842105263165
7.767894736842106
7.94
8.180526315789473
8.225
8.148
8.101
7.865
7.724000000000001
8.394
8.133
7.469499999999999
8.151
7.9079999999999995
8.5345
8.9145
8.8405
9.4575
9.126999999999999
9.1355
8.932500000000001
9.0545
9.196000000000002
9.4585
9.6995
10.439499999999999
10.266
9.355
9.836
9.834
9.4835
10.218
10.1445
10.629999999999999
10.879999999999999
10.1625
9.5515
9.0625
9.991
9.8885
9.6305
9.916500000000001
10.209
10.050999999999998
10.4055
10.549
10.7515
10.966
11.747499999999999
12.2935
11.955499999999999
12.056999999999999
12.2815
11.997
11.351
11.1605
11.205
11.623000000000001
12.522499999999999
12.9155
12.2955
13.168000000000001
12.9665
12.553
12.122
12.5515
12.682500000000001
13.1875
13.025
12.9695
13.212
12.894499999999999
13.388
13.328
13.006499999999999
13.032
13.2915
13.5805
13.118500000000001
12.978
12.156842105263157
13.227894736842106
13.829473684210527
14.136315789473686
13.524736842105265
13.617368421052632
14.185263157894736
13.55578947368421
13.967894736842105
13.496315789473684
13.88
14.109473684210526
14.229473684210527
14.079473684210527
13.213684210526315
14.062631578947368
14.310526315789472
13.283157894736842
13.013684210526316
13.026842105263157
13.539473684210526
13.190000000000001
13.40421052631579
13.22842105263158
13.64421052631579
13.257894736842106
13.048947368421054
13.133157894736842
13.066315789473684
12.468947368421052
13.15684210526316
13.529473684210526
13.082631578947368
13.959473684210527
14.076842105263157
14.042631578947368
13.323157894736843
13.177894736842106
12.857368421052632
13.245263157894737
12.09736842105263
12.1
12.55578947368421
12.149473684210527
12.391578947368421
12.116842105263158
12.101578947368422
12.568947368421053
11.722105263157895
11.47578947368421
11.244210526315788
11.346315789473683
11.681052631578947
11.416842105263157
11.248947368421051
11.179473684210526
11.496842105263157
11.199473684210526
10.542105263157895
10.1
10.079473684210527
10.441052631578946
11.102631578947367
10.944736842105263
10.739473684210527
10.984210526315788
10.916315789473684
10.336842105263159
10.677368421052632
10.043157894736842
9.904736842105264
10.074736842105263
10.837894736842106
10.843157894736843
10.954210526315789
10.763684210526316
9.860526315789473
9.65
9.106315789473685
9.244210526315788
9.378947368421052
9.126842105263158
8.84736842105263
9.517368421052632
9.429473684210526
8.784210526315789
8.648421052631578
9.236315789473684
9.27
9.31
8.504736842105263
8.059473684210525
7.376315789473685
7.586315789473684
7.760526315789473
7.623157894736842
7.739473684210527
7.7084210526315795
7.346842105263158
7.43157894736842
7.7436842105263155
7.316315789473684
7.162105263157894
6.85578947368421
7.45
6.9994736842105265
6.549473684210526
6.217894736842105
6.316315789473684
5.827894736842105
5.917368421052632
5.545263157894737
6.2642105263157895
6.678947368421053
6.341578947368421
5.908947368421052
5.902631578947369
5.8315789473684205
5.712105263157895
5.1021052631578945
5.1499999999999995
5.00421052631579
4.89
4.755263157894737
4.71578947368421
3.9115789473684215
3.6863157894736847
3.5757894736842104
3.4794736842105265
4.697894736842105
4.891578947368421
4.7368421052631575
4.367368421052632
4.151578947368421
4.317368421052632
4.79421052631579
5.445263157894737
4.965263157894737
4.9663157894736845
4.383684210526316
3.976842105263158
3.6147368421052626
3.5842105263157893
3.6278947368421055
3.041578947368421
3.1184210526315788
3.460526315789474
3.4931578947368425
4.025263157894737
3.1473684210526316
2.9236842105263157
3.1936842105263157
3.7678947368421056
3.3742105263157893
3.315263157894737
3.0910526315789473
3.1621052631578945
3.88
3.5110526315789476
3.7305263157894735
3.9452631578947375
2.926842105263158
2.8636842105263156
2.6721052631578948
2.6257894736842107
2.210526315789474
2.472631578947368
2.6326315789473687
