temperature
3.8965384615384617
3.697307692307692
3.0953846153846154
3.3173076923076925
3.5946153846153845
3.55
3.853846153846154
3.5696153846153846
3.542307692307692
4.179230769230769
4.427307692307692
4.539230769230769
4.144615384615385
4.222307692307693
4.435384615384615
4.062692307692307
3.928846153846154
4.120384615384615
3.976153846153846
3.176923076923077
3.2607692307692306
3.251153846153846
3.262307692307692
3.4311538461538458
3.9673076923076924
3.710769230769231
3.8796153846153847
4.013461538461538
3.504230769230769
3.236923076923077
3.714230769230769
3.694230769230769
3.6576923076923076
3.7199999999999998
4.3307692307692305
4.131538461538462
3.4676923076923076
3.5430769230769235
3.2976923076923077
3.0746153846153845
3.188846153846154
3.869230769230769
4.146923076923077
3.6753846153846155
4.141538461538461
4.5892307692307694
4.194230769230769
4.484615384615385
4.226923076923077
4.656538461538461
4.736538461538462
4.812692307692307
4.642692307692308
4.431923076923077
4.149615384615385
4.3634615384615385
4.09
3.727307692307692
3.4538461538461536
3.4657692307692307
3.628846153846154
3.5876923076923077
3.3400000000000003
3.862692307692308
4.322692307692308
4.985384615384616
5.385
5.754615384615385
5.617307692307692
5.39
4.781538461538462
4.908846153846154
5.885
6.351153846153846
5.994615384615385
5.9423076923076925
5.3015384615384615
5.685769230769231
5.572692307692307
5.814615384615385
5.82923076923077
6.1680769230769235
6.220384615384615
6.547307692307692
6.375384615384615
6.390384615384615
6.7773076923076925
6.466923076923076
6.847307692307693
6.912307692307692
6.797307692307692
6.8476923076923075
6.834615384615384
6.570384615384615
6.902692307692307
6.728846153846154
6.170384615384616
6.898846153846154
7.017692307692308
6.768461538461538
6.919615384615384
6.778076923076923
7.2434615384615375
7.54
7.3538461538461535
7.4399999999999995
7.5407692307692304
7.178846153846154
7.502692307692308
8.37076923076923
9.316153846153846
9.093076923076923
9.402692307692307
9.5
8.732307692307693
8.166153846153845
8.453846153846154
8.177692307692308
7.947307692307692
8.524615384615386
9.071923076923078
9.201923076923077
9.38423076923077
9.216923076923077
9.351923076923077
9.386923076923077
10.414230769230768
10.294230769230769
10.345384615384615
10.88576923076923
10.194230769230769
10.256153846153845
10.132692307692308
10.29076923076923
11.099615384615383
10.598846153846154
10.507307692307693
10.48230769230769
10.917307692307693
10.981538461538461
11.258846153846154
11.042692307692308
11.115
11.079230769230769
11.626538461538463
11.629615384615384
11.609615384615385
11.778846153846153
11.972307692307691
12.343846153846155
12.723846153846154
13.605
13.078076923076924
12.701923076923077
12.226153846153846
12.316538461538462
12.285
12.409999999999998
12.655
13.053461538461537
13.106153846153846
12.600384615384616
12.341923076923077
12.64846153846154
13.041153846153845
12.959999999999999
13.809615384615386
13.711538461538462
13.821153846153846
13.593846153846155
13.273076923076925
13.20346153846154
13.343846153846155
13.676153846153845
13.737307692307693
14.133076923076922
14.628076923076922
13.926153846153845
14.209615384615384
14.431538461538462
14.298846153846153
14.397692307692306
14.34423076923077
14.556538461538462
14.267307692307693
14.360000000000001
14.185
14.491923076923078
14.710384615384616
15.144615384615385
15.063846153846153
14.683076923076923
14.618846153846155
14.253846153846155
14.839615384615383
14.795769230769231
15.021153846153847
15.322307692307692
15.973461538461539
15.995384615384616
15.094999999999999
15.049230769230768
15.297307692307694
15.508461538461539
15.138846153846155
15.956153846153846
15.422307692307694
15.209999999999999
15.067692307692308
15.02
14.753846153846155
14.927692307692308
15.548846153846153
15.473846153846154
15.352307692307694
14.886538461538462
15.206153846153846
15.046153846153846
14.914615384615384
15.583076923076923
15.403846153846153
15.087307692307691
15.337307692307691
15.298846153846153
15.475000000000001
15.085384615384616
14.51576923076923
14.626538461538463
14.743846153846153
14.384615384615385
14.557307692307692
14.558461538461538
14.537692307692309
14.906153846153845
14.69346153846154
14.122692307692308
14.660384615384617
14.09
14.010384615384615
13.602307692307694
13.327692307692306
13.412307692307694
13.208846153846155
13.227692307692308
14.191923076923077
13.74
14.095769230769232
13.957692307692307
13.725769230769231
13.502692307692307
13.583846153846155
13.419615384615385
14.027692307692307
13.39846153846154
13.062692307692307
12.611923076923075
12.401923076923076
12.782307692307691
12.192692307692308
12.178461538461537
12.586153846153847
12.825769230769232
12.665000000000001
12.84153846153846
12.47923076923077
12.067692307692308
11.544230769230769
11.727692307692308
11.616153846153846
11.700769230769229
11.88846153846154
12.121153846153845
12.372692307692308
11.239615384615385
10.701153846153847
10.422307692307694
10.162307692307694
10.731153846153846
10.066153846153847
10.333461538461538
11.011538461538462
10.441538461538462
10.660384615384617
9.938076923076922
10.114615384615385
10.020384615384614
9.692692307692308
10.08
9.611923076923077
9.11076923076923
9.266538461538461
8.932692307692308
8.83
9.045384615384616
8.789615384615384
9.09423076923077
9.090384615384615
9.054615384615385
8.865
8.848846153846154
8.656153846153845
8.427692307692308
8.745000000000001
8.521923076923077
8.223846153846154
8.062692307692307
7.608076923076923
7.5126923076923084
7.702692307692308
7.333461538461539
7.128461538461538
6.985384615384616
7.026153846153846
7.5042307692307695
7.146538461538461
6.774230769230769
6.521923076923077
6.628461538461538
6.987307692307693
6.381153846153846
6.758076923076923
6.0600000000000005
5.821153846153846
5.508846153846154
5.178846153846154
4.867307692307692
4.9861538461538455
5.420384615384616
5.279615384615385
5.504230769230769
5.29
5.178076923076923
5.048461538461538
4.891538461538461
4.434615384615385
4.363846153846153
4.545
4.458076923076923
4.970769230769231
5.145384615384615
4.788076923076923
4.677307692307692
4.601538461538461
4.690769230769231
4.327692307692308
4.668461538461538
4.276538461538461
4.470384615384615
4.4715384615384615
4.212692307692308
3.9526923076923075
4.092692307692308
3.6376923076923076
3.8703846153846153
4.726153846153847
4.938846153846153
5.401538461538461
4.982307692307692
4.424615384615384
4.398076923076923
3.823846153846154
3.3515384615384614
4.276923076923077
4.525384615384615
4.295
