pet
0.4411538461538462
0.27692307692307694
0.20153846153846156
0.41923076923076924
0.5073076923076922
0.4703846153846154
0.46192307692307694
0.4676923076923077
0.4519230769230769
0.4876923076923077
0.46692307692307694
0.3707692307692308
0.47961538461538467
0.4730769230769231
0.5107692307692309
0.40076923076923077
0.3226923076923077
0.39576923076923076
0.45615384615384613
0.48000000000000004
0.556923076923077
0.4338461538461538
0.4473076923076923
0.4480769230769231
0.33076923076923076
0.3646153846153846
0.28615384615384615
0.3780769230769231
0.4761538461538462
0.43230769230769234
0.4553846153846154
0.4869230769230769
0.5996153846153847
0.5842307692307692
0.5988461538461538
0.7307692307692307
0.6330769230769231
0.4573076923076923
0.42192307692307696
0.47538461538461535
0.37461538461538463
0.3669230769230769
0.4411538461538461
0.36038461538461536
0.3703846153846154
0.36653846153846154
0.41615384615384615
0.47000000000000003
0.4926923076923077
0.5023076923076923
0.5273076923076924
0.5311538461538462
0.6442307692307693
0.7096153846153845
0.6276923076923077
0.6265384615384615
0.6353846153846153
0.7438461538461538
0.6649999999999999
0.7138461538461538
0.806923076923077
0.7673076923076922
0.8665384615384616
1.0607692307692307
1.1288461538461538
1.2157692307692307
1.0273076923076923
0.9965384615384616
1.0796153846153846
1.0946153846153845
1.1096153846153847
1.031923076923077
0.8746153846153846
0.8761538461538462
0.9296153846153845
0.9661538461538461
0.8761538461538462
0.8646153846153847
0.8423076923076922
0.9346153846153846
1.0438461538461539
1.0607692307692307
1.1107692307692307
1.0642307692307693
1.0734615384615385
1.0715384615384616
1.0984615384615386
1.215
1.3353846153846154
1.3980769230769232
1.3623076923076924
1.168076923076923
1.146923076923077
1.3611538461538462
1.363846153846154
1.4096153846153845
1.3492307692307692
1.3519230769230768
1.5242307692307693
1.7584615384615385
1.6923076923076923
1.5823076923076924
1.546153846153846
1.790769230769231
1.9538461538461538
1.853076923076923
1.8903846153846153
1.9996153846153848
1.884230769230769
1.9615384615384615
2.1053846153846156
1.9715384615384615
2.0123076923076924
2.1384615384615384
1.9884615384615385
2.0757692307692306
2.026153846153846
2.0307692307692307
2.05
2.082692307692308
2.2046153846153844
2.2534615384615386
2.3334615384615387
2.45
2.3765384615384617
2.5700000000000003
2.6546153846153846
2.5053846153846155
2.5115384615384615
2.5834615384615387
2.548076923076923
2.649230769230769
2.6065384615384612
2.6957692307692307
2.7853846153846153
2.542692307692308
2.7361538461538464
2.6765384615384615
2.697307692307692
2.9588461538461535
2.876923076923077
2.8176923076923077
3.165769230769231
3.0292307692307694
3.0592307692307696
2.925
2.946153846153846
2.9784615384615383
2.954615384615385
3.1111538461538464
3.0930769230769233
3.009230769230769
2.7507692307692304
2.6926923076923077
2.6634615384615383
2.754230769230769
2.696923076923077
2.7342307692307695
2.8426923076923076
2.6996153846153845
2.7634615384615384
2.6146153846153846
2.5292307692307694
2.576923076923077
2.6234615384615383
2.6723076923076925
2.698846153846154
2.7357692307692307
2.7765384615384616
3.016153846153846
2.6907692307692312
2.5523076923076924
2.625
2.509230769230769
2.680769230769231
2.772307692307692
2.668461538461538
2.602692307692308
2.664230769230769
2.803846153846154
2.839230769230769
2.5573076923076923
2.647692307692308
2.8334615384615387
2.8896153846153845
2.8396153846153847
3.081538461538462
3.069230769230769
2.846538461538462
2.776923076923077
2.725769230769231
2.806923076923077
2.668461538461538
2.837307692307692
2.7646153846153845
2.4511538461538462
2.426153846153846
2.501153846153846
2.6550000000000002
2.886153846153846
2.6884615384615387
2.6873076923076926
2.511923076923077
2.4403846153846156
2.6111538461538464
2.7811538461538463
2.7638461538461536
2.7553846153846155
2.650384615384615
2.660769230769231
2.6111538461538464
2.431923076923077
2.5188461538461535
2.454230769230769
2.332307692307692
2.2703846153846152
2.3038461538461537
2.3615384615384616
2.195
2.267692307692308
2.261923076923077
2.1584615384615384
2.2953846153846156
2.2334615384615386
2.2034615384615384
2.2184615384615385
2.2523076923076926
2.0107692307692306
2.0734615384615385
2.088461538461538
2.190769230769231
2.2373076923076924
2.1273076923076926
1.9800000000000002
2.083846153846154
2.061923076923077
1.9703846153846152
1.908076923076923
1.9526923076923077
2.1226923076923074
1.8988461538461539
1.7565384615384616
1.8069230769230769
1.775
1.7476923076923077
1.78
1.73
1.4892307692307691
1.591923076923077
1.6553846153846155
1.5384615384615385
1.4849999999999999
1.4288461538461539
1.3796153846153845
1.3919230769230768
1.2807692307692307
1.2515384615384615
1.3473076923076923
1.4769230769230768
1.526923076923077
1.3742307692307691
1.3442307692307693
1.4023076923076923
1.3715384615384614
1.236923076923077
1.2946153846153845
1.066923076923077
0.9376923076923076
1.041923076923077
1.108076923076923
1.166153846153846
1.2173076923076922
1.286923076923077
1.1573076923076924
1.2111538461538462
1.2157692307692307
1.1257692307692309
1.0696153846153846
1.0561538461538462
0.9561538461538461
1.125
1.0496153846153846
0.9015384615384616
0.9626923076923077
0.8346153846153845
0.8592307692307692
0.8361538461538461
0.7903846153846155
0.7607692307692309
0.7419230769230769
0.7207692307692308
0.6723076923076923
0.6419230769230769
0.6253846153846153
0.7296153846153846
0.8357692307692308
0.7515384615384615
0.7384615384615384
0.7030769230769232
0.6276923076923077
0.7188461538461539
0.7226923076923076
0.8161538461538461
0.6753846153846154
0.6534615384615385
0.708076923076923
0.7030769230769232
0.5784615384615385
0.47384615384615386
0.6407692307692308
0.7176923076923077
0.5957692307692308
0.666923076923077
0.6230769230769231
0.5530769230769231
0.446923076923077
0.4196153846153846
0.49076923076923074
0.40807692307692306
0.32769230769230767
0.37423076923076926
0.3957692307692308
0.24576923076923077
0.2526923076923077
0.5092307692307693
0.5607692307692308
0.5219230769230769
0.4730769230769231
0.5007692307692307
0.3576923076923077
0.3646153846153846
0.39
0.39576923076923076
0.4380769230769231
0.4692307692307693
0.545
0.5292307692307693
0.49038461538461536
0.3823076923076923
0.23423076923076921
0.22423076923076923
0.22192307692307695
0.335
0.4511538461538462
0.46153846153846156
0.4273076923076923
0.4053846153846154
0.44
0.47115384615384615
0.38384615384615384
0.3688461538461538
0.38653846153846155
0.2926923076923077
0.37307692307692314
0.3873076923076923
0.37038461538461537
0.43461538461538457
0.49807692307692303
0.49807692307692303
0.42769230769230765
0.43038461538461537
0.4665384615384615
0.42346153846153844
0.41615384615384615
0.43961538461538463
