temperature
4.191363636363636
4.164090909090909
3.89
4.105
4.871363636363636
3.4650000000000003
3.5090909090909093
4.164090909090909
4.214545454545455
3.872272727272727
3.772272727272727
3.772727272727273
3.5995454545454546
3.744090909090909
3.58
3.380909090909091
3.3290909090909087
3.630454545454546
3.645
3.8713636363636366
4.112272727272727
3.6118181818181823
3.7804545454545457
3.7495454545454545
3.328181818181818
3.0072727272727273
3.196818181818182
3.838181818181818
4.416363636363636
4.266818181818182
3.8936363636363636
3.771818181818182
4.402727272727272
4.844545454545455
5.168181818181818
5.745454545454545
5.511818181818182
4.479090909090909
4.039545454545455
4.086818181818182
3.8795454545454544
4.213181818181818
3.9009090909090913
3.556363636363636
3.814090909090909
3.8536363636363635
3.2931818181818184
4.156363636363636
4.057272727272728
3.785909090909091
3.834090909090909
3.9372727272727275
4.23
4.583636363636364
3.875
3.8372727272727274
4.385909090909091
5.33
4.706363636363637
4.583181818181818
4.677272727272727
4.495909090909091
4.831363636363637
5.782272727272727
6.240454545454545
6.678636363636364
6.194545454545454
6.322727272727272
6.674090909090908
6.097272727272727
6.4327272727272735
6.6886363636363635
6.338181818181818
6.158636363636364
6.286818181818182
6.691363636363636
6.1427272727272735
5.757272727272727
5.975909090909091
5.778181818181818
6.257272727272727
6.715
6.361818181818182
6.268636363636364
6.446363636363636
6.625
6.498181818181819
6.85
7.205909090909091
7.704545454545454
7.511818181818182
7.005909090909091
6.553636363636364
6.411363636363637
6.898636363636364
7.159545454545454
6.702727272727273
7.032727272727272
8.007727272727273
7.925714285714285
7.815714285714286
7.545714285714286
6.5719047619047615
7.0928571428571425
7.676190476190476
8.364285714285714
7.423333333333333
7.988095238095238
8.14857142857143
8.33904761904762
9.023333333333333
9.290000000000001
8.764285714285714
8.822380952380954
8.506190476190476
9.210952380952381
9.415238095238095
9.554761904761905
9.866190476190477
10.00047619047619
9.688095238095238
9.901904761904762
10.044285714285715
9.819047619047618
9.776190476190477
10.268095238095238
10.745238095238095
10.402380952380952
9.72095238095238
9.925238095238095
9.861904761904762
10.451904761904762
10.613333333333333
11.109523809523811
11.584761904761905
11.067619047619047
11.044285714285715
10.794761904761904
11.391428571428571
11.905714285714286
11.116666666666665
11.47857142857143
11.824761904761905
12.149047619047618
12.063333333333334
11.958571428571428
11.184761904761904
11.465714285714286
12.52190476190476
12.151904761904762
13.174761904761905
13.183333333333334
12.821904761904761
12.793333333333335
12.475238095238096
13.426666666666666
13.306666666666667
12.723809523809523
13.717619047619047
13.34
13.392857142857142
13.016666666666667
12.97
13.896666666666667
13.321428571428571
13.560476190476189
14.199047619047619
14.643333333333333
14.643809523809523
14.95047619047619
14.66904761904762
14.043333333333331
14.108571428571427
13.684761904761904
14.123809523809525
14.276190476190477
14.965714285714288
14.529523809523809
15.00952380952381
14.826666666666668
15.02190476190476
14.518095238095238
14.698095238095236
15.206666666666665
15.642857142857142
15.637619047619047
16.052857142857142
16.43952380952381
16.574761904761903
16.256190476190476
16.098095238095237
16.577142857142857
16.40904761904762
16.65
16.526190476190475
16.28
15.79952380952381
15.563809523809523
16.10238095238095
16.807619047619045
16.64095238095238
16.32857142857143
16.432380952380953
16.643333333333334
16.22904761904762
16.44190476190476
16.585238095238093
17.18
16.773809523809526
17.237142857142857
17.233809523809523
16.75761904761905
16.57238095238095
17.217142857142857
17.134761904761906
16.651904761904763
16.450476190476188
16.807142857142857
15.829047619047618
16.276190476190475
15.942380952380953
16.374761904761904
16.80142857142857
15.921428571428573
16.312380952380952
16.713333333333335
16.694285714285712
16.206666666666667
16.173333333333332
16.47
16.867619047619048
16.637142857142855
16.664761904761903
15.87047619047619
15.593809523809526
15.33
15.194285714285714
14.785238095238096
15.014285714285714
15.448095238095236
15.22857142857143
14.900952380952381
15.081904761904761
15.077619047619047
15.47904761904762
15.001428571428573
14.547619047619047
14.154761904761905
13.911428571428571
14.74047619047619
14.200952380952382
14.63
14.421904761904763
13.828095238095237
13.467142857142857
13.296666666666667
13.319999999999999
13.282380952380953
13.506666666666666
14.27142857142857
13.725238095238096
13.528095238095236
13.511904761904763
13.190000000000001
13.01
13.276190476190477
12.484285714285715
12.390476190476189
12.657142857142858
12.404285714285715
12.99
12.655714285714286
13.107142857142858
12.411428571428571
12.037142857142857
11.48904761904762
11.706666666666667
11.511428571428572
11.468571428571428
10.951904761904762
11.384285714285713
11.70952380952381
10.513333333333334
9.973333333333333
10.465714285714286
10.483809523809523
9.924761904761905
10.051904761904762
9.843809523809524
9.381904761904762
9.616190476190477
9.756363636363636
8.960909090909091
9.230454545454545
9.027272727272727
9.08
9.316363636363636
9.444545454545455
9.155454545454546
8.94909090909091
8.358636363636363
8.496363636363636
8.642272727272728
8.646363636363636
8.599545454545455
8.265454545454546
8.17090909090909
7.6827272727272735
7.15
7.036363636363637
7.983181818181818
7.648636363636364
7.395454545454545
7.67409090909091
7.443181818181818
7.030454545454545
6.409090909090909
6.1881818181818184
6.602727272727273
6.261363636363637
6.225454545454546
6.405
5.908636363636364
5.197727272727272
5.208181818181818
5.996363636363636
5.990909090909091
6.005454545454546
6.755909090909091
6.150454545454545
5.46909090909091
5.399090909090909
5.309545454545455
5.797727272727273
5.890454545454546
6.399545454545454
5.9377272727272725
5.595454545454545
5.432727272727273
4.9763636363636365
4.3
4.4809090909090905
4.334545454545455
4.4809090909090905
4.740454545454545
4.575909090909091
4.5636363636363635
4.462272727272727
4.754545454545454
4.791818181818182
4.760909090909091
4.409545454545455
4.343181818181818
4.099545454545455
4.257272727272727
4.165909090909091
4.58409090909091
5.007272727272727
4.263636363636364
4.074090909090909
3.766818181818182
4.161363636363636
3.850454545454545
4.251818181818182
4.02
