pet
0.47115384615384615
0.43153846153846154
0.3861538461538461
0.38153846153846155
0.42500000000000004
0.44884615384615384
0.5407692307692308
0.45884615384615385
0.4596153846153846
0.49038461538461536
0.578076923076923
0.5553846153846154
0.5042307692307693
0.4584615384615385
0.5626923076923077
0.5084615384615385
0.4423076923076923
0.5603846153846154
0.6242307692307693
0.48423076923076924
0.36423076923076925
0.42500000000000004
0.4311538461538461
0.4719230769230769
0.5457692307692308
0.5165384615384615
0.6
0.6334615384615384
0.5711538461538461
0.5388461538461539
0.6765384615384615
0.6815384615384615
0.6757692307692308
0.6419230769230769
0.7750000000000001
0.7257692307692308
0.5823076923076923
0.6338461538461538
0.675
0.5861538461538461
0.5715384615384616
0.7219230769230769
0.7007692307692307
0.5623076923076923
0.6934615384615385
0.8442307692307692
0.7711538461538462
0.8403846153846154
0.7357692307692307
0.8707692307692307
0.9523076923076924
0.985
0.9353846153846154
0.9626923076923077
0.8511538461538461
0.9092307692307693
0.8484615384615384
0.8288461538461539
0.7884615384615384
0.8296153846153846
0.8688461538461538
0.7823076923076923
0.7434615384615384
0.7923076923076924
0.9996153846153846
1.1465384615384615
1.1976923076923076
1.353076923076923
1.2965384615384616
1.2538461538461538
1.1257692307692309
1.1192307692307693
1.4084615384615384
1.5392307692307694
1.4353846153846155
1.4815384615384617
1.3111538461538463
1.293076923076923
1.3038461538461539
1.3815384615384616
1.3376923076923077
1.436923076923077
1.4792307692307693
1.5107692307692309
1.555
1.5173076923076925
1.6711538461538462
1.6753846153846155
1.793076923076923
1.8299999999999998
1.8134615384615385
1.8453846153846152
1.8742307692307691
1.816153846153846
1.8819230769230768
1.8557692307692308
1.5861538461538462
1.815
1.9003846153846156
1.7957692307692308
1.8357692307692306
1.793076923076923
1.9957692307692307
2.0953846153846154
2.0384615384615383
1.9649999999999999
2.060769230769231
1.9576923076923076
1.9826923076923075
2.2034615384615384
2.460384615384615
2.496923076923077
2.4903846153846154
2.6061538461538465
2.381923076923077
2.229230769230769
2.276153846153846
2.2303846153846156
2.110384615384615
2.3015384615384615
2.4669230769230768
2.546538461538461
2.603846153846154
2.585769230769231
2.693076923076923
2.6273076923076926
2.923076923076923
2.9026923076923077
2.868846153846154
3.0134615384615384
2.7807692307692307
2.746153846153846
2.705
2.633076923076923
2.9899999999999998
2.8723076923076922
2.8230769230769233
2.848076923076923
2.9861538461538464
2.9299999999999997
2.923076923076923
2.9423076923076925
2.961153846153846
2.9226923076923077
3.0300000000000002
3.0676923076923077
3.116153846153846
3.0369230769230766
3.0003846153846156
3.0742307692307693
3.180769230769231
3.2930769230769235
3.0961538461538463
2.9376923076923074
2.7576923076923077
2.8007692307692307
2.7180769230769233
2.7565384615384616
2.846538461538462
3.0053846153846155
2.9069230769230767
2.906538461538461
2.751153846153846
2.8892307692307693
2.928076923076923
2.971538461538462
3.2046153846153844
3.1692307692307695
3.134230769230769
3.061923076923077
2.987692307692307
2.945
2.9080769230769232
3.084230769230769
2.995769230769231
3.0807692307692305
3.2280769230769235
2.9815384615384612
3.0553846153846154
3.171538461538461
3.0869230769230773
3.2234615384615384
3.137307692307693
3.2046153846153844
3.131923076923077
3.2096153846153848
3.1576923076923076
3.1649999999999996
3.2403846153846154
3.2403846153846154
3.208076923076923
3.0930769230769233
3.117692307692308
2.9630769230769234
3.128076923076923
3.165769230769231
3.295769230769231
3.254230769230769
3.4303846153846154
3.471538461538462
3.1573076923076924
3.068076923076923
3.141153846153846
3.225769230769231
3.101923076923077
3.350769230769231
3.163846153846154
3.1003846153846153
3.1065384615384612
2.996923076923077
2.9180769230769235
2.944230769230769
3.0807692307692305
3.0069230769230773
3.042307692307692
2.8642307692307694
2.9092307692307693
2.9234615384615386
2.8815384615384616
3.006153846153846
2.94
2.735
2.9665384615384616
2.8449999999999998
2.858461538461538
2.686153846153846
2.571923076923077
2.5880769230769234
2.5734615384615385
2.5592307692307696
2.536153846153846
2.490769230769231
2.4892307692307694
2.6561538461538463
2.464230769230769
2.2592307692307694
2.4353846153846153
2.2146153846153847
2.193846153846154
2.059230769230769
2.056153846153846
2.043461538461538
1.948846153846154
2.003076923076923
2.3015384615384615
2.1703846153846156
2.2484615384615383
2.2219230769230767
2.1623076923076923
2.043846153846154
2.1173076923076923
1.9884615384615385
2.175
2.0492307692307694
1.9165384615384615
1.820769230769231
1.7476923076923077
1.7788461538461537
1.6380769230769232
1.6415384615384616
1.713846153846154
1.7430769230769232
1.723076923076923
1.741923076923077
1.6334615384615385
1.5942307692307693
1.4853846153846153
1.508846153846154
1.485769230769231
1.488076923076923
1.5453846153846154
1.5392307692307694
1.6176923076923078
1.4123076923076923
1.35
1.2807692307692307
1.215
1.3076923076923077
1.1665384615384615
1.2076923076923076
1.3923076923076925
1.2226923076923077
1.35
1.1438461538461537
1.1819230769230769
1.15
1.075
1.0284615384615385
1.0842307692307693
0.9353846153846154
0.9684615384615385
0.9323076923076924
0.9184615384615384
0.9888461538461539
0.8842307692307693
1.0092307692307694
1.0415384615384615
1.0238461538461539
0.9323076923076924
0.9930769230769231
0.9984615384615385
0.913076923076923
0.9938461538461538
0.9076923076923076
0.8165384615384615
0.8003846153846154
0.7153846153846153
0.7011538461538461
0.7519230769230769
0.6938461538461538
0.6096153846153846
0.6019230769230769
0.6396153846153846
0.7107692307692308
0.6569230769230769
0.6188461538461538
0.5911538461538461
0.5715384615384616
0.6919230769230769
0.5219230769230769
0.6296153846153847
0.5592307692307692
0.46961538461538466
0.4476923076923077
0.44038461538461543
0.37423076923076926
0.3557692307692308
0.4180769230769231
0.42076923076923073
0.5142307692307692
0.5161538461538462
0.5003846153846154
0.4653846153846154
0.5169230769230769
0.43153846153846154
0.44692307692307687
0.37538461538461537
0.39653846153846156
0.49923076923076926
0.5750000000000001
0.44307692307692303
0.44269230769230766
0.38961538461538464
0.3738461538461539
0.33615384615384614
0.46192307692307694
0.3946153846153846
0.44461538461538463
0.42076923076923073
0.4288461538461539
0.35346153846153844
0.37115384615384617
0.34500000000000003
0.42461538461538456
0.5488461538461539
0.5826923076923077
0.6569230769230769
0.5911538461538461
0.46846153846153843
0.47269230769230763
0.43
0.32769230769230767
0.5103846153846153
0.5638461538461539
0.5646153846153846
