pet
0.535
0.42363636363636364
0.4040909090909091
0.3704545454545455
0.37636363636363634
0.41363636363636364
0.5704545454545454
0.5659090909090909
0.5295454545454545
0.5072727272727273
0.5309090909090909
0.5413636363636364
0.5518181818181819
0.49500000000000005
0.5340909090909091
0.504090909090909
0.40090909090909094
0.504090909090909
0.5995454545454545
0.5195454545454545
0.3709090909090909
0.48772727272727273
0.49500000000000005
0.4122727272727273
0.5227272727272727
0.5563636363636364
0.6236363636363637
0.6445454545454545
0.5827272727272728
0.4681818181818182
0.5990909090909091
0.7109090909090909
0.7286363636363636
0.6172727272727273
0.765909090909091
0.7627272727272728
0.5709090909090909
0.6245454545454545
0.6322727272727273
0.6036363636363636
0.5768181818181818
0.6772727272727272
0.625
0.5409090909090909
0.6359090909090909
0.8077272727272727
0.7645454545454545
0.8304545454545454
0.6677272727272727
0.8131818181818182
0.8472727272727273
0.9981818181818182
0.9477272727272728
0.9195454545454546
0.9263636363636363
0.8759090909090909
0.8313636363636363
0.8272727272727273
0.7840909090909091
0.7277272727272728
0.8431818181818183
0.8040909090909092
0.7754545454545454
0.8931818181818181
1.0068181818181818
1.1277272727272727
1.238181818181818
1.3572727272727272
1.3409090909090908
1.2872727272727273
1.2954545454545454
1.0977272727272727
1.3904545454545454
1.5963636363636362
1.5259090909090909
1.3695454545454544
1.3781818181818182
1.3940909090909093
1.2622727272727272
1.4431818181818181
1.335909090909091
1.434090909090909
1.500909090909091
1.485
1.5199999999999998
1.5104545454545453
1.6804545454545454
1.7631818181818182
1.9777272727272726
1.7868181818181819
1.7522727272727272
1.8854545454545453
1.8645454545454547
1.7122727272727274
1.9086363636363637
1.8304545454545453
1.7027272727272729
1.7354545454545454
1.9431818181818181
1.8786363636363637
1.8536363636363637
1.9872727272727273
2.1077272727272724
2.2072727272727275
2.2281818181818185
2.146818181818182
2.1777272727272727
2.115
2.145909090909091
2.2209090909090907
2.518181818181818
2.6045454545454545
2.6454545454545455
2.7327272727272724
2.401818181818182
2.1286363636363634
2.2495454545454545
2.2586363636363633
2.1554545454545457
2.3186363636363634
2.4436363636363634
2.4243478260869566
2.4830434782608695
2.44
2.586521739130435
2.8556521739130436
3.0156521739130433
2.9060869565217393
2.9899999999999998
3.0917391304347825
2.890869565217391
2.6830434782608696
2.723913043478261
2.5630434782608695
2.7643478260869565
2.965217391304348
2.82
2.858260869565217
2.9143478260869564
2.9052173913043475
3.044782608695652
3.0430434782608695
3.0921739130434784
3.1660869565217387
3.2943478260869563
3.196521739130435
3.1599999999999997
3.1030434782608696
3.0043478260869563
3.1026086956521737
3.1308695652173917
3.1900000000000004
3.207391304347826
2.9817391304347827
2.8491304347826087
2.7117391304347827
2.686086956521739
2.7495652173913046
2.8969565217391304
3.0817391304347823
2.891739130434783
2.9982608695652173
2.931304347826087
3.0604347826086955
3.177391304347826
3.1230434782608696
3.2669565217391305
3.420434782608696
3.260869565217391
3.213478260869565
3.1630434782608696
3.1656521739130437
3.0252173913043476
3.1895652173913045
3.219130434782609
3.2673913043478264
3.3517391304347828
3.37
3.1869565217391305
3.3504347826086955
3.2430434782608697
3.393043478260869
3.3552173913043477
3.2004347826086956
3.3373913043478263
3.402173913043478
3.290434782608696
3.1865217391304346
3.1769565217391302
3.256086956521739
3.1999999999999997
3.0934782608695657
3.112608695652174
3.154347826086956
3.2965217391304344
3.3408695652173916
3.464782608695652
3.4869565217391307
3.650434782608696
3.7530434782608695
3.3530434782608696
3.2908695652173914
3.2956521739130435
3.4443478260869567
3.4730434782608692
3.5530434782608693
3.4217391304347826
3.3134782608695654
3.2886956521739132
3.14
2.998695652173913
3.106521739130435
3.2308695652173913
3.0330434782608697
3.175652173913043
2.9882608695652175
3.0786956521739133
3.1269565217391304
3.005217391304348
3.1473913043478263
2.9208695652173917
2.8769565217391304
3.1308695652173917
2.8434782608695657
2.993478260869565
2.8769565217391304
2.7795652173913044
2.5560869565217392
2.7604347826086957
2.756086956521739
2.6478260869565218
2.5521739130434784
2.6134782608695653
2.719130434782609
2.5256521739130435
2.4547826086956523
2.6939130434782608
2.493913043478261
2.340869565217391
2.2491304347826087
2.181304347826087
2.0591304347826087
2.0143478260869565
1.9965217391304348
2.289565217391304
2.2443478260869565
2.293913043478261
2.3617391304347826
2.122608695652174
2.099565217391304
2.2030434782608697
2.1308695652173912
2.28
2.185217391304348
2.026521739130435
1.9808695652173913
1.9156521739130437
1.9152173913043478
1.8873913043478263
1.6147826086956523
1.6986956521739132
1.7330434782608695
1.8582608695652174
1.7434782608695654
1.6630434782608696
1.6169565217391304
1.5008695652173913
1.4582608695652173
1.432608695652174
1.5339130434782609
1.5591304347826087
1.4995652173913043
1.5965217391304347
1.5636363636363635
1.526818181818182
1.4068181818181817
1.2895454545454546
1.3677272727272727
1.2104545454545454
1.1272727272727272
1.2236363636363636
1.25
1.4009090909090909
1.1722727272727271
1.2213636363636364
1.2477272727272728
1.0572727272727271
1.0263636363636364
1.06
0.9336363636363636
1.0495454545454546
0.9600000000000001
0.9968181818181818
1.0077272727272728
0.8581818181818182
1.050909090909091
1.0877272727272727
1.1472727272727272
0.9768181818181819
1.0177272727272728
1.0086363636363638
0.95
1.0295454545454545
0.9695454545454545
0.8327272727272728
0.8277272727272728
0.7168181818181818
0.6109090909090908
0.6559090909090909
0.6581818181818182
0.5359090909090909
0.5609090909090909
0.5809090909090909
0.7272727272727273
0.7527272727272727
0.6690909090909091
0.67
0.6240909090909091
0.6890909090909091
0.555
0.5654545454545454
0.5745454545454546
0.49227272727272725
0.5104545454545455
0.5700000000000001
0.5322727272727272
0.42
0.4690909090909091
0.4445454545454545
0.4840909090909091
0.48454545454545456
0.5245454545454545
0.5095454545454546
0.5
0.4604545454545455
0.4627272727272727
0.34136363636363637
0.3772727272727273
0.5327272727272727
0.54
0.4122727272727273
0.39909090909090905
0.2968181818181818
0.2813636363636363
0.2840909090909091
0.45045454545454544
0.3654545454545454
0.3781818181818182
0.4786363636363636
0.38727272727272727
0.3431818181818182
0.35000000000000003
0.3663636363636364
0.41954545454545455
0.6463636363636364
0.655
0.7372727272727272
0.6622727272727272
0.46545454545454545
0.48045454545454547
0.46318181818181814
0.3613636363636364
0.5222727272727273
0.5922727272727273
0.545
