temperature
4.992608695652174
4.480869565217391
3.8630434782608694
3.697391304347826
4.015217391304348
4.1921739130434785
5.01
4.740869565217391
4.427391304347826
5.105652173913044
5.225652173913043
5.18304347826087
4.889130434782609
4.430434782608695
4.708260869565217
4.561739130434782
4.009130434782608
4.464782608695652
4.491739130434783
3.8869565217391306
3.6852173913043482
4.205652173913044
4.045217391304347
3.968695652173913
4.5917391304347825
4.492608695652174
4.8
5.13695652173913
4.648695652173913
4.012608695652173
4.705217391304347
5.021304347826087
4.569565217391304
4.4534782608695656
5.32304347826087
4.940869565217391
3.9560869565217396
4.543043478260869
4.471304347826087
3.83
3.91
4.449565217391305
4.620869565217391
4.033913043478261
4.575217391304348
5.2843478260869565
4.893913043478261
5.065652173913043
4.620434782608696
5.043043478260869
5.558695652173912
5.944347826086957
5.683478260869565
5.882173913043478
5.451739130434783
5.451739130434783
5.131739130434783
5.05
4.416086956521739
4.138695652173913
4.534782608695652
4.407826086956521
4.563478260869566
4.788260869565217
5.403043478260869
6.141739130434782
6.6786956521739125
7.474347826086956
7.156086956521739
7.028695652173913
6.384347826086957
5.818695652173912
7.11695652173913
7.709565217391304
7.270434782608696
7.041739130434783
6.57304347826087
6.792173913043478
6.49
7.105217391304349
6.610869565217392
7.114782608695651
7.275652173913044
7.248695652173913
7.2986956521739135
6.967826086956522
7.710000000000001
7.755217391304348
8.464782608695652
8.218260869565217
7.909130434782608
8.145217391304348
8.500434782608695
7.664347826086956
8.23
8.02695652173913
7.136086956521739
7.69695652173913
8.35391304347826
8.008695652173913
8.076086956521738
8.179130434782609
8.833043478260869
9.315652173913042
9.27913043478261
8.629565217391304
9.364347826086956
9.023478260869565
8.902173913043478
9.577826086956522
10.336086956521738
10.58
10.673043478260869
11.096521739130434
10.135217391304348
9.640869565217391
9.91
9.508695652173913
9.169130434782607
9.818695652173913
10.09695652173913
10.05304347826087
10.229565217391304
10.360869565217392
10.952608695652174
11.193478260869565
12.207391304347825
11.919565217391304
11.76782608695652
12.314347826086957
11.546521739130435
11.252608695652174
11.318260869565217
10.847391304347827
12.049565217391304
11.95695652173913
11.874782608695652
12.057391304347826
12.57391304347826
12.241304347826087
12.758695652173913
12.795652173913044
13.018695652173914
13.073478260869566
13.360869565217392
13.153913043478262
13.440434782608696
13.283478260869565
13.10608695652174
13.388260869565217
13.755652173913044
14.803478260869566
14.792608695652175
14.189565217391305
13.732173913043477
13.791304347826086
13.459565217391305
14.002173913043478
14.302608695652173
14.94608695652174
14.471304347826086
14.777826086956521
14.48304347826087
15.083478260869565
14.976086956521739
15.256521739130434
16.075652173913046
16.243478260869566
15.772608695652172
15.62217391304348
15.348695652173912
15.66
15.511739130434782
15.94086956521739
15.804782608695652
16.028260869565216
16.51521739130435
16.18
16.041304347826088
16.648260869565217
16.476956521739133
16.87608695652174
16.64695652173913
16.62782608695652
16.579565217391302
16.82478260869565
16.690434782608694
16.657391304347826
16.47086956521739
16.71782608695652
16.867826086956523
16.497826086956522
16.56869565217391
16.242608695652173
16.87
17.001739130434782
17.622608695652172
17.824782608695653
18.333913043478262
18.40086956521739
17.243478260869566
17.039130434782606
17.640869565217393
17.804782608695653
17.540869565217392
18.372608695652172
18.097391304347827
17.473333333333333
17.595833333333335
17.274166666666666
17.145833333333332
17.370416666666667
17.957083333333333
17.72041666666667
17.90041666666667
17.4025
17.51
17.7725
17.486666666666668
17.64375
17.377916666666668
16.635416666666668
17.91
17.36583333333333
17.521666666666665
17.18875
16.924166666666668
16.531666666666666
16.948333333333334
16.874583333333334
16.540833333333335
16.49125
16.797083333333333
17.310416666666665
16.677916666666665
16.333333333333332
16.800416666666667
16.1875
15.88375
15.697916666666666
15.558333333333332
15.24
14.995833333333332
15.122083333333334
16.224999999999998
15.756666666666668
16.158333333333335
16.07166666666667
15.646666666666667
15.11625
15.368333333333332
15.227083333333333
15.902499999999998
15.642083333333332
15.183749999999998
15.012500000000001
14.590416666666668
14.5625
14.030416666666667
13.969583333333333
14.143333333333333
14.425416666666669
14.350833333333334
14.322083333333333
14.035416666666665
13.827916666666667
13.1625
13.229583333333332
13.28375
13.615833333333333
13.535416666666668
13.485833333333334
13.707500000000001
12.891739130434782
12.719565217391304
12.215217391304348
11.760434782608696
12.579565217391304
11.72
11.773913043478261
12.57913043478261
12.181739130434783
12.639999999999999
11.71391304347826
11.87217391304348
11.53608695652174
11.267826086956523
11.06304347826087
11.126086956521739
10.794782608695652
10.598260869565218
10.367826086956523
10.140434782608697
10.682608695652174
10.037826086956523
10.824347826086957
10.858695652173912
10.752173913043478
10.285217391304348
10.18608695652174
10.227391304347826
9.85086956521739
10.44304347826087
10.125652173913043
9.468695652173913
9.071304347826088
8.693478260869565
8.248260869565218
8.296521739130435
8.143478260869566
7.995652173913044
7.5539130434782615
7.7730434782608695
8.614782608695652
8.490869565217391
8.024347826086956
8.095652173913043
7.45
7.996956521739131
7.202173913043478
7.2752173913043485
6.924347826086956
6.549130434782609
6.147826086956522
6.198695652173913
6.035217391304348
5.593913043478261
6.2586956521739125
5.9504347826086965
6.241739130434783
6.076521739130435
5.906956521739131
5.710869565217391
5.820869565217391
5.406086956521739
5.456521739130435
5.254347826086956
5.26
5.96391304347826
5.931739130434783
5.276086956521739
4.959130434782609
4.730434782608696
4.802608695652173
4.184782608695652
5.001304347826087
4.649565217391304
4.945652173913044
5.212173913043478
4.671304347826087
4.260869565217392
3.9534782608695656
3.6878260869565214
4.170869565217391
5.38304347826087
5.5578260869565215
6.212173913043478
5.786521739130435
4.870869565217391
4.885217391304348
4.678695652173913
3.893478260869565
4.432173913043478
4.749130434782609
4.923913043478261
