pet
0.3780769230769231
0.4376923076923077
0.32538461538461544
0.40269230769230774
0.583076923076923
0.36730769230769234
0.4153846153846154
0.5192307692307693
0.5638461538461539
0.6061538461538462
0.44384615384615383
0.41115384615384615
0.446923076923077
0.4988461538461539
0.5157692307692308
0.4423076923076923
0.2834615384615385
0.35192307692307695
0.3676923076923077
0.4165384615384615
0.6076923076923078
0.5476923076923077
0.5626923076923077
0.5265384615384615
0.49038461538461536
0.435
0.44999999999999996
0.4626923076923077
0.5211538461538462
0.48307692307692307
0.5115384615384616
0.48730769230769233
0.4734615384615385
0.5607692307692308
0.5611538461538461
0.7234615384615384
0.7534615384615384
0.6396153846153846
0.5511538461538461
0.5788461538461539
0.5138461538461538
0.5276923076923077
0.4407692307692308
0.3930769230769231
0.37423076923076926
0.41615384615384615
0.4215384615384616
0.5361538461538462
0.49769230769230766
0.48423076923076924
0.5134615384615384
0.5869230769230769
0.6334615384615384
0.7242307692307691
0.5942307692307692
0.5942307692307692
0.6642307692307692
0.7723076923076923
0.7461538461538461
0.7861538461538462
0.9438461538461538
0.8965384615384615
0.8876923076923077
1.0196153846153846
1.0646153846153845
1.1165384615384615
1.1003846153846153
1.025
1.258076923076923
1.1165384615384615
1.1376923076923076
1.1126923076923076
1.0569230769230769
1.0238461538461539
1.1407692307692308
1.2161538461538461
1.2738461538461539
1.0715384615384616
1.1653846153846155
1.156153846153846
1.1273076923076923
1.3588461538461538
1.3646153846153846
1.2892307692307694
1.2588461538461537
1.2557692307692307
1.2373076923076924
1.2376923076923076
1.301923076923077
1.5923076923076922
1.5711538461538461
1.3765384615384615
1.2338461538461538
1.2265384615384616
1.4003846153846153
1.4446153846153846
1.4465384615384616
1.2661538461538462
1.4976923076923077
1.8030769230769232
1.811923076923077
1.7453846153846155
1.5773076923076923
1.6961538461538461
1.893846153846154
1.9323076923076923
1.7438461538461536
1.911153846153846
1.9849999999999999
1.8611538461538462
2.017692307692308
2.250769230769231
1.8803846153846153
1.8857692307692309
1.9503846153846154
1.8946153846153846
1.8503846153846153
1.9219230769230768
1.9726923076923077
2.073846153846154
2.051153846153846
2.1926923076923077
2.164230769230769
2.2553846153846155
2.3215384615384616
2.3407692307692307
2.575
2.4546153846153844
2.425
2.512307692307692
2.4461538461538463
2.5338461538461536
2.4965384615384614
2.4842307692307695
2.628076923076923
2.516153846153846
2.3669230769230767
2.43
2.623076923076923
2.8703846153846153
2.644230769230769
2.858846153846154
2.7823076923076924
2.8773076923076926
2.786153846153846
2.839230769230769
2.6115384615384616
2.569230769230769
2.701923076923077
2.608076923076923
2.832307692307692
2.8230769230769233
2.5923076923076924
2.5153846153846158
2.5046153846153847
2.691153846153846
2.6365384615384615
2.67
2.7326923076923078
2.5803846153846157
2.558846153846154
2.5453846153846156
2.4826923076923078
2.608461538461538
2.5507692307692307
2.523846153846154
2.8261538461538462
2.598846153846154
2.637307692307692
2.7130769230769234
2.7765384615384616
2.5784615384615384
2.5053846153846155
2.4842307692307695
2.6653846153846152
2.7750000000000004
2.88
2.766153846153846
2.7676923076923075
2.738076923076923
2.9315384615384614
2.88
2.7569230769230773
2.8734615384615383
3.123076923076923
2.9857692307692307
3.0307692307692307
3.186153846153846
3.19
3.041923076923077
2.991153846153846
3.0665384615384617
2.930769230769231
3.134230769230769
3.113076923076923
2.9923076923076923
2.819230769230769
2.7396153846153846
2.791923076923077
3.0999999999999996
2.9526923076923075
2.846538461538462
2.944230769230769
2.8092307692307696
2.7734615384615386
2.9665384615384616
3.0076923076923077
3.0796153846153844
3.0515384615384615
3.136923076923077
3.3449999999999998
2.9992307692307696
2.8776923076923073
3.0
2.9296153846153845
2.784615384615385
2.8053846153846154
2.712307692307692
2.6242307692307696
2.708846153846154
2.729230769230769
2.675
2.7546153846153847
2.683076923076923
2.755769230769231
2.9042307692307694
2.828461538461539
2.633846153846154
2.5326923076923076
2.6623076923076923
2.7899999999999996
2.793461538461538
2.746923076923077
2.418076923076923
2.2796153846153846
2.3165384615384617
2.37
2.2834615384615384
2.1796153846153845
2.2953846153846156
2.3953846153846152
2.195
2.125384615384615
2.1865384615384618
2.1773076923076924
2.045769230769231
2.14
2.0203846153846152
1.916153846153846
2.1165384615384615
2.063846153846154
2.151153846153846
1.8923076923076925
1.8550000000000002
1.7757692307692308
1.6380769230769232
1.6442307692307692
1.6234615384615385
1.7853846153846153
1.7065384615384613
1.7000000000000002
1.5288461538461537
1.643076923076923
1.7096153846153848
1.5538461538461539
1.7184615384615385
1.4396153846153845
1.4496153846153845
1.4515384615384617
1.3765384615384615
1.493846153846154
1.5138461538461538
1.4803846153846154
1.3765384615384615
1.3953846153846154
1.3407692307692307
1.3276923076923077
1.2465384615384614
1.2961538461538462
1.093846153846154
1.2815384615384615
1.4015384615384614
1.2092307692307693
1.2384615384615385
1.176153846153846
0.9688461538461539
0.8853846153846153
0.908076923076923
0.7899999999999999
0.8873076923076924
0.9365384615384615
0.9253846153846154
0.786923076923077
0.7076923076923076
0.7846153846153846
0.9053846153846153
0.9126923076923077
0.8807692307692307
0.8334615384615384
0.791923076923077
0.7688461538461537
0.7619230769230769
0.95
0.916923076923077
0.8880769230769231
0.8923076923076922
0.7723076923076923
0.7403846153846154
0.5792307692307692
0.5484615384615384
0.8061538461538462
0.7215384615384616
0.6849999999999999
0.7746153846153846
0.5773076923076923
0.495
0.5107692307692309
0.5092307692307693
0.5026923076923077
0.4061538461538462
0.4719230769230769
0.5838461538461538
0.3903846153846154
0.3376923076923077
0.428076923076923
0.5511538461538461
0.6869230769230769
0.5019230769230769
0.5776923076923077
0.47230769230769226
0.4115384615384615
0.3719230769230769
0.3269230769230769
0.4492307692307692
0.5134615384615384
0.6469230769230769
0.6069230769230769
0.5515384615384615
0.40076923076923077
0.38
0.3803846153846153
0.3669230769230769
0.29115384615384615
0.38
0.39807692307692305
0.415
0.36153846153846153
0.41923076923076924
0.415
0.36615384615384616
0.43884615384615383
0.37461538461538463
0.43846153846153846
0.5046153846153846
0.5169230769230769
0.5042307692307693
0.49769230769230766
0.5196153846153846
0.4953846153846154
0.5446153846153846
0.5911538461538461
0.6561538461538461
0.4946153846153847
0.37115384615384617
0.41115384615384615
