temperature
3.0646153846153843
3.156538461538461
2.9546153846153844
3.6030769230769235
4.237307692307692
3.3307692307692305
3.538846153846154
4.108461538461539
4.2773076923076925
4.1207692307692305
3.061153846153846
2.5953846153846154
2.7976923076923077
3.444230769230769
3.633846153846154
3.1846153846153844
2.314230769230769
2.7342307692307695
3.016923076923077
3.4211538461538464
4.1680769230769235
3.8746153846153844
3.956538461538462
3.6273076923076926
3.3488461538461536
2.94
2.849615384615385
3.079230769230769
3.2930769230769235
2.6165384615384615
2.957307692307692
3.015384615384615
3.428846153846154
3.7611538461538463
3.6326923076923077
4.376153846153846
4.389230769230769
3.8184615384615386
3.366923076923077
3.1453846153846152
2.9069230769230767
3.065
2.6457692307692304
2.1123076923076924
1.8976923076923076
1.9969230769230768
2.254230769230769
3.0319230769230767
2.7600000000000002
2.5046153846153847
2.636923076923077
3.2807692307692307
3.5634615384615387
3.832307692307692
3.407692307692308
3.3176923076923077
3.664230769230769
4.1996153846153845
4.236153846153846
4.380769230769231
4.917692307692308
4.569615384615385
4.52
5.115
5.300000000000001
5.594615384615385
5.501923076923077
5.198846153846153
6.072307692307692
5.591538461538462
5.631923076923077
5.441538461538461
5.314230769230769
5.242692307692308
5.460384615384616
5.5734615384615385
6.09
5.361538461538462
5.587307692307693
5.665384615384616
5.404230769230769
6.42076923076923
6.4057692307692315
6.146538461538461
6.003846153846154
5.783076923076924
5.784230769230769
5.8161538461538465
6.0200000000000005
7.117307692307692
6.869230769230769
6.096923076923077
5.552307692307693
5.491923076923077
6.226923076923077
6.395769230769231
6.390769230769231
5.652692307692307
6.511153846153846
7.402692307692307
7.599615384615385
7.306153846153847
6.798846153846153
7.286538461538461
8.032307692307693
8.161153846153846
7.498461538461539
7.94923076923077
8.256538461538462
7.916923076923077
8.511538461538462
9.228461538461538
7.951538461538462
7.877692307692308
7.99
7.996923076923077
7.845769230769231
8.277692307692307
8.45923076923077
8.886538461538462
8.473076923076924
8.811153846153847
8.819615384615386
9.041153846153845
9.446923076923078
9.569615384615386
10.254615384615384
9.939615384615385
9.767692307692307
10.089230769230769
10.008076923076922
10.287692307692309
10.204615384615384
10.297692307692309
10.766923076923076
10.482692307692307
10.053461538461537
10.316538461538462
10.872692307692308
11.60153846153846
11.112307692307693
11.741538461538461
11.626153846153844
11.919230769230769
11.7
11.898846153846154
11.318076923076923
11.312692307692307
11.806153846153846
11.48423076923077
12.316153846153847
12.832307692307692
12.561923076923078
12.312307692307693
12.393846153846154
13.047692307692309
12.924230769230768
13.071538461538463
13.403461538461539
13.008076923076922
13.046923076923077
13.013846153846155
12.901153846153846
13.201153846153847
13.101153846153846
13.176923076923078
14.194615384615386
13.613461538461538
13.793846153846154
14.01346153846154
14.301923076923078
13.760384615384615
13.594615384615384
13.595769230769232
14.196538461538463
14.636153846153848
14.956538461538461
14.678846153846154
14.746923076923078
14.731923076923078
15.328076923076923
15.256923076923076
14.901538461538461
15.308461538461538
16.091923076923077
15.741538461538461
15.938076923076922
16.36576923076923
16.448076923076922
16.06269230769231
15.950384615384614
16.261153846153846
15.892307692307693
16.538846153846155
16.509615384615383
16.196538461538463
15.75423076923077
15.493846153846153
15.73923076923077
16.63653846153846
16.23153846153846
15.955769230769231
16.257692307692306
15.85153846153846
15.850000000000001
16.416153846153847
16.589615384615385
16.818076923076923
16.77653846153846
17.008846153846154
17.666153846153847
16.68423076923077
16.32
16.728076923076923
16.608461538461537
16.211153846153845
16.288846153846155
16.01615384615385
15.829615384615384
16.021923076923077
16.117307692307694
16.01576923076923
16.272692307692306
16.088461538461537
16.35576923076923
16.838076923076922
16.536538461538463
16.043076923076924
15.770384615384614
16.165
16.575
16.591923076923077
16.46
15.454230769230769
15.063461538461537
15.175384615384615
15.358461538461539
15.115
14.764999999999999
15.145
15.444615384615386
14.85923076923077
14.708076923076923
14.778461538461539
14.674230769230768
14.211923076923076
14.500384615384615
14.080384615384615
13.747307692307693
14.455
14.24923076923077
14.543846153846154
13.616153846153846
13.582307692307692
13.326538461538462
12.942692307692308
12.826153846153847
12.693076923076923
13.350000000000001
13.125384615384615
13.08
12.592307692307692
12.961923076923076
12.956538461538461
12.578846153846154
13.070769230769232
12.174615384615386
12.192307692307692
12.177307692307693
11.874615384615385
12.215
12.319230769230769
12.219615384615384
11.616923076923078
11.747307692307693
11.43
11.369615384615384
11.105
11.351923076923075
10.531538461538462
11.196923076923078
11.627692307692307
10.739615384615385
10.767692307692307
10.642692307692307
9.702692307692308
9.399230769230769
9.457692307692309
8.841923076923077
9.21
9.580384615384615
9.472692307692308
8.625
8.46
8.776538461538461
9.13923076923077
9.262307692307692
9.18576923076923
9.03923076923077
8.537692307692307
8.285
8.198076923076924
8.964615384615385
8.823846153846153
8.581538461538461
8.449615384615385
7.845384615384615
7.675000000000001
6.78923076923077
6.834615384615384
7.933076923076923
7.633076923076923
7.284230769230769
7.592692307692308
6.937307692307693
6.3015384615384615
5.990769230769231
5.732692307692308
5.984230769230769
5.367307692307692
5.645384615384615
6.011153846153846
5.132692307692308
4.7907692307692304
5.025769230769232
5.505384615384615
5.979230769230769
5.681538461538461
5.845769230769231
4.861923076923077
4.489230769230769
3.8934615384615388
3.5765384615384614
4.238846153846154
4.858846153846153
5.693846153846153
5.578461538461538
5.541538461538461
4.795384615384616
4.343846153846154
4.347307692307693
3.8680769230769227
3.4626923076923077
3.822307692307692
3.8492307692307692
3.8984615384615386
4.071538461538461
4.255769230769231
4.7773076923076925
4.536153846153846
4.421538461538462
4.1680769230769235
4.522307692307693
4.749615384615384
4.582692307692308
4.161538461538462
4.073076923076924
4.303846153846154
4.155
4.462307692307692
4.3088461538461535
4.522307692307693
3.8226923076923076
3.0973076923076923
3.118846153846154
