pet
0.40230769230769237
0.42
0.39807692307692305
0.3411538461538462
0.41923076923076924
0.42
0.525
0.4073076923076923
0.4046153846153846
0.5053846153846154
0.5503846153846154
0.541923076923077
0.4626923076923077
0.40923076923076923
0.4988461538461539
0.4103846153846154
0.33692307692307694
0.4438461538461539
0.49769230769230766
0.38846153846153847
0.29307692307692307
0.375
0.4196153846153846
0.4984615384615385
0.5584615384615386
0.5526923076923077
0.5576923076923077
0.6026923076923076
0.4496153846153846
0.45038461538461544
0.553076923076923
0.6088461538461538
0.5657692307692308
0.6019230769230769
0.666923076923077
0.5996153846153847
0.5365384615384615
0.5265384615384615
0.6296153846153847
0.51
0.45692307692307693
0.5984615384615385
0.6288461538461539
0.5511538461538461
0.6457692307692308
0.7926923076923077
0.6807692307692308
0.713076923076923
0.7011538461538461
0.7923076923076924
0.8150000000000001
0.8846153846153846
0.8046153846153845
0.8815384615384615
0.7073076923076923
0.8357692307692308
0.735
0.7096153846153845
0.6684615384615384
0.6103846153846153
0.7430769230769231
0.6207692307692307
0.5815384615384616
0.6530769230769231
0.825
0.9919230769230769
1.0138461538461538
1.161923076923077
1.0869230769230769
1.1103846153846155
0.9738461538461538
1.09
1.2473076923076922
1.3946153846153846
1.385
1.375
1.231923076923077
1.2553846153846153
1.1957692307692307
1.2119230769230769
1.2846153846153845
1.2461538461538462
1.3007692307692307
1.4646153846153847
1.4357692307692307
1.419230769230769
1.4457692307692307
1.4984615384615385
1.6511538461538462
1.6265384615384615
1.4996153846153848
1.5230769230769232
1.6088461538461538
1.6930769230769231
1.793076923076923
1.6503846153846153
1.4061538461538463
1.6207692307692307
1.751923076923077
1.6449999999999998
1.5457692307692308
1.5107692307692309
1.662692307692308
1.718076923076923
1.7353846153846153
1.8142307692307693
1.81
1.7153846153846155
1.756153846153846
1.963076923076923
2.2284615384615383
2.3046153846153845
2.323846153846154
2.311923076923077
2.0719230769230768
1.9561538461538461
2.011923076923077
1.9715384615384615
1.893076923076923
1.9738461538461538
2.1334615384615385
2.2392307692307694
2.313076923076923
2.4246153846153846
2.4
2.3923076923076922
2.605384615384615
2.5342307692307693
2.6523076923076925
2.7296153846153848
2.5111538461538463
2.4699999999999998
2.4569230769230765
2.3534615384615387
2.683076923076923
2.6834615384615383
2.724615384615385
2.7353846153846155
2.8430769230769233
2.7496153846153844
2.852307692307692
2.7419230769230767
2.811153846153846
2.73
2.8923076923076922
2.8176923076923077
2.8834615384615385
2.6957692307692307
2.8596153846153842
2.7776923076923077
2.964230769230769
2.9919230769230767
2.7311538461538465
2.5911538461538464
2.3007692307692307
2.3492307692307692
2.3953846153846152
2.5288461538461537
2.5900000000000003
2.707307692307692
2.648846153846154
2.5115384615384615
2.419230769230769
2.452692307692308
2.378076923076923
2.4692307692307693
2.851153846153846
2.8565384615384612
2.855769230769231
2.6907692307692304
2.5765384615384614
2.58
2.645
2.6815384615384614
2.6796153846153845
2.5307692307692307
2.602307692307692
2.644230769230769
2.581538461538462
2.691153846153846
2.569230769230769
2.727307692307692
2.8734615384615383
2.715384615384615
2.843461538461538
2.8846153846153846
2.789615384615385
2.6923076923076925
2.7165384615384616
2.7303846153846156
2.8115384615384613
2.6792307692307693
2.515
2.5657692307692304
2.5349999999999997
2.7150000000000003
2.8907692307692305
2.8965384615384617
2.9753846153846153
3.012307692307692
2.8146153846153843
2.617692307692308
2.761923076923077
2.8734615384615387
2.7596153846153846
2.789230769230769
2.7423076923076923
2.7830769230769232
2.6350000000000002
2.6165384615384615
2.525384615384615
2.6153846153846154
2.708076923076923
2.5696153846153846
2.6915384615384617
2.5634615384615387
2.5384615384615383
2.5796153846153844
2.37
2.5300000000000002
2.437307692307692
2.3484615384615384
2.5280769230769233
2.441923076923077
2.5003846153846156
2.408846153846154
2.2442307692307693
2.25
2.236923076923077
2.3015384615384615
2.3042307692307693
2.1738461538461538
2.1607692307692306
2.1634615384615383
2.154230769230769
2.007307692307692
2.0353846153846153
1.8273076923076923
1.8519230769230768
1.8949999999999998
1.6615384615384616
1.7019230769230769
1.7384615384615385
1.808846153846154
2.0976923076923075
1.915769230769231
1.9876923076923076
2.0342307692307693
1.8900000000000001
1.8757692307692306
1.886153846153846
1.7811538461538463
1.8819230769230768
1.8284615384615384
1.6784615384615384
1.5576923076923077
1.558846153846154
1.4534615384615384
1.4173076923076924
1.3384615384615384
1.3873076923076924
1.5050000000000001
1.4242307692307692
1.4703846153846152
1.4892307692307691
1.3507692307692307
1.3057692307692308
1.3323076923076924
1.2707692307692307
1.293076923076923
1.491153846153846
1.2865384615384616
1.385
1.2261538461538461
1.1157692307692308
1.1438461538461537
1.0230769230769232
1.066923076923077
0.9776923076923077
1.1019230769230768
1.1746153846153846
1.0638461538461539
1.0538461538461539
1.0203846153846154
0.9838461538461539
1.1253846153846154
0.9511538461538461
0.8823076923076923
0.9023076923076924
0.7980769230769231
0.8261538461538461
0.8257692307692307
0.821923076923077
0.9276923076923077
0.8265384615384614
0.8746153846153846
0.9192307692307692
0.8834615384615384
0.8415384615384615
0.9719230769230769
0.8084615384615385
0.7161538461538461
0.823076923076923
0.8261538461538461
0.7846153846153847
0.7392307692307691
0.6723076923076923
0.6615384615384615
0.6161538461538462
0.5326923076923077
0.5626923076923077
0.5284615384615384
0.5584615384615385
0.5753846153846154
0.5861538461538461
0.59
0.5253846153846153
0.5723076923076923
0.6938461538461538
0.543076923076923
0.5880769230769232
0.5188461538461538
0.46307692307692305
0.40653846153846157
0.4196153846153846
0.3088461538461538
0.3853846153846154
0.3942307692307692
0.3353846153846154
0.4257692307692308
0.45576923076923076
0.46192307692307694
0.42192307692307696
0.4761538461538461
0.3630769230769231
0.4073076923076923
0.29615384615384616
0.3376923076923077
0.49038461538461536
0.4653846153846154
0.3819230769230769
0.3942307692307692
0.34346153846153843
0.4107692307692308
0.3019230769230769
0.43653846153846154
0.4030769230769231
0.3642307692307692
0.4084615384615385
0.37000000000000005
0.335
0.3584615384615385
0.3976923076923077
0.36115384615384616
0.44846153846153847
0.5273076923076924
0.6334615384615384
0.5549999999999999
0.43423076923076925
0.4034615384615385
0.37
0.2742307692307692
0.39230769230769236
0.5146153846153846
0.5630769230769231
