pet
0.36653846153846154
0.40538461538461534
0.3230769230769231
0.3542307692307692
0.5146153846153846
0.3576923076923077
0.3811538461538462
0.45038461538461544
0.5384615384615384
0.5515384615384615
0.3873076923076923
0.36538461538461536
0.40499999999999997
0.4707692307692308
0.46961538461538466
0.41807692307692307
0.27
0.30846153846153845
0.3515384615384616
0.40115384615384614
0.5434615384615384
0.5269230769230769
0.5430769230769231
0.4930769230769231
0.4846153846153846
0.43846153846153846
0.46076923076923076
0.44846153846153847
0.4926923076923077
0.43153846153846154
0.49923076923076926
0.4511538461538462
0.44846153846153847
0.5396153846153846
0.5442307692307693
0.6938461538461538
0.7261538461538461
0.6076923076923076
0.54
0.5246153846153846
0.4938461538461538
0.515
0.4507692307692307
0.38461538461538464
0.3626923076923077
0.39923076923076917
0.41192307692307695
0.5030769230769231
0.49500000000000005
0.475
0.5234615384615384
0.5738461538461539
0.5992307692307692
0.7153846153846154
0.6180769230769231
0.6146153846153847
0.6434615384615385
0.7607692307692309
0.75
0.7942307692307692
0.8965384615384615
0.8323076923076923
0.8038461538461538
0.9546153846153846
1.013076923076923
1.0338461538461539
1.0538461538461539
0.9830769230769231
1.175
1.0815384615384616
1.0946153846153845
1.0361538461538462
1.0257692307692308
1.0057692307692307
1.1065384615384615
1.1976923076923076
1.2638461538461538
1.0765384615384617
1.1334615384615385
1.1403846153846153
1.1273076923076923
1.3446153846153845
1.3803846153846153
1.2938461538461539
1.2565384615384616
1.228076923076923
1.2738461538461539
1.2523076923076923
1.3153846153846156
1.6007692307692307
1.5546153846153847
1.4207692307692308
1.2915384615384615
1.24
1.4
1.4776923076923079
1.518846153846154
1.3542307692307693
1.5223076923076921
1.8134615384615385
1.7334615384615384
1.8015384615384618
1.6376923076923076
1.7219230769230771
1.8838461538461537
1.9376923076923078
1.7342307692307695
1.8046153846153847
1.9542307692307692
1.8526923076923079
2.0246153846153847
2.250384615384615
1.8926923076923077
1.9007692307692308
1.9303846153846154
1.9103846153846153
1.8838461538461537
1.9503846153846154
1.9923076923076921
2.1084615384615386
2.066923076923077
2.2334615384615386
2.148076923076923
2.1715384615384616
2.2546153846153847
2.301923076923077
2.4615384615384617
2.374615384615385
2.3834615384615385
2.45
2.3611538461538464
2.4538461538461536
2.4234615384615386
2.463461538461538
2.605384615384615
2.5276923076923077
2.3484615384615384
2.4323076923076923
2.5573076923076923
2.7392307692307694
2.5492307692307694
2.7503846153846156
2.711153846153846
2.790769230769231
2.7057692307692305
2.7523076923076926
2.6107692307692307
2.5246153846153847
2.6903846153846156
2.601923076923077
2.803076923076923
2.770769230769231
2.5973076923076923
2.4984615384615383
2.5257692307692308
2.6223076923076927
2.5911538461538464
2.661153846153846
2.6757692307692307
2.5576923076923075
2.505769230769231
2.5134615384615384
2.4934615384615384
2.613076923076923
2.5546153846153845
2.504230769230769
2.7796153846153846
2.5296153846153846
2.6073076923076925
2.6573076923076924
2.7126923076923077
2.573076923076923
2.5142307692307693
2.5084615384615385
2.615769230769231
2.694230769230769
2.8015384615384615
2.7346153846153842
2.7253846153846153
2.7023076923076923
2.848076923076923
2.86
2.762307692307693
2.7961538461538464
3.05
2.951923076923077
2.9826923076923078
3.081538461538462
3.1496153846153847
2.9453846153846155
2.9080769230769232
2.9873076923076924
2.883846153846154
3.018076923076923
3.0188461538461535
2.8715384615384614
2.746153846153846
2.7084615384615387
2.7476923076923074
2.9265384615384615
2.8703846153846153
2.7884615384615383
2.819230769230769
2.793461538461538
2.701923076923077
2.8503846153846153
2.8938461538461535
2.924615384615384
2.9234615384615386
3.019230769230769
3.1384615384615384
2.8753846153846156
2.7834615384615384
2.89
2.88
2.729230769230769
2.6946153846153846
2.686923076923077
2.612692307692307
2.700384615384615
2.694230769230769
2.632307692307692
2.656538461538461
2.590384615384615
2.6453846153846152
2.796538461538461
2.772692307692308
2.616923076923077
2.476923076923077
2.5484615384615386
2.705
2.662692307692308
2.6542307692307694
2.393846153846154
2.2180769230769233
2.2392307692307694
2.3176923076923077
2.251153846153846
2.1146153846153846
2.235384615384615
2.2553846153846155
2.1315384615384616
2.038076923076923
2.1273076923076926
2.0784615384615384
1.9946153846153847
2.0711538461538463
1.9884615384615385
1.8673076923076921
2.041153846153846
2.056153846153846
2.0203846153846152
1.8138461538461537
1.7892307692307692
1.7188461538461537
1.5426923076923076
1.576153846153846
1.6026923076923079
1.6969230769230768
1.6388461538461538
1.631153846153846
1.4884615384615385
1.5365384615384616
1.6126923076923076
1.5023076923076923
1.6111538461538462
1.3980769230769232
1.3646153846153846
1.4361538461538463
1.3426923076923076
1.3838461538461537
1.456923076923077
1.3484615384615386
1.3084615384615386
1.334230769230769
1.2703846153846154
1.2615384615384615
1.1823076923076923
1.198076923076923
1.0407692307692307
1.211153846153846
1.2976923076923077
1.2126923076923077
1.1815384615384614
1.1803846153846154
0.9838461538461539
0.8769230769230769
0.9215384615384615
0.7784615384615384
0.8723076923076923
0.8903846153846153
0.8938461538461537
0.7792307692307693
0.6926923076923076
0.7492307692307693
0.8192307692307692
0.8488461538461538
0.8519230769230769
0.7634615384615385
0.7826923076923078
0.7180769230769232
0.7465384615384616
0.8480769230769231
0.8080769230769231
0.8142307692307693
0.8396153846153845
0.7146153846153847
0.6646153846153846
0.5715384615384616
0.5165384615384615
0.7484615384615385
0.7092307692307693
0.6703846153846154
0.7276923076923077
0.5596153846153846
0.475
0.4938461538461538
0.4765384615384616
0.48730769230769233
0.42230769230769233
0.4788461538461538
0.5488461538461539
0.3853846153846154
0.3423076923076923
0.42346153846153844
0.49884615384615383
0.5838461538461538
0.48307692307692307
0.5176923076923077
0.44000000000000006
0.38153846153846155
0.3303846153846154
0.3007692307692308
0.4269230769230769
0.47961538461538467
0.6019230769230769
0.5323076923076923
0.4876923076923077
0.3861538461538462
0.3469230769230769
0.35307692307692307
0.3526923076923077
0.2811538461538462
0.33884615384615385
0.35307692307692307
0.40230769230769226
0.32807692307692304
0.3869230769230769
0.3807692307692308
0.3469230769230769
0.4003846153846154
0.3596153846153846
0.41000000000000003
0.4565384615384615
0.4730769230769231
0.4580769230769231
0.45730769230769225
0.4757692307692307
0.45884615384615385
0.4788461538461538
0.5273076923076923
0.5765384615384616
0.43884615384615383
0.3334615384615385
0.35038461538461535
