pet
0.49769230769230766
0.42346153846153844
0.3973076923076923
0.3584615384615385
0.3903846153846154
0.40538461538461534
0.5326923076923077
0.5030769230769231
0.4676923076923077
0.4519230769230769
0.5203846153846153
0.5142307692307693
0.5088461538461538
0.4411538461538462
0.5184615384615385
0.46307692307692305
0.40384615384615385
0.505
0.5596153846153846
0.4507692307692308
0.33884615384615385
0.4096153846153846
0.4373076923076923
0.4084615384615385
0.4969230769230769
0.4765384615384616
0.5357692307692308
0.588076923076923
0.5657692307692308
0.4869230769230769
0.6215384615384616
0.6765384615384615
0.6553846153846153
0.5973076923076923
0.7465384615384616
0.755
0.5942307692307692
0.5807692307692307
0.6196153846153846
0.6230769230769231
0.5726923076923077
0.6903846153846154
0.6915384615384615
0.5311538461538462
0.6396153846153846
0.8053846153846155
0.7546153846153847
0.8388461538461538
0.7473076923076923
0.8673076923076923
0.9203846153846154
1.0103846153846154
0.928076923076923
0.9607692307692308
0.9057692307692308
0.893076923076923
0.878076923076923
0.8834615384615384
0.7946153846153846
0.8
0.8630769230769231
0.8326923076923076
0.7538461538461539
0.8173076923076923
1.0003846153846154
1.1184615384615384
1.2011538461538462
1.2873076923076923
1.291153846153846
1.2592307692307694
1.2526923076923078
1.0923076923076922
1.386153846153846
1.551923076923077
1.4438461538461538
1.4107692307692308
1.3534615384615383
1.3096153846153844
1.2538461538461538
1.3873076923076924
1.293076923076923
1.4123076923076923
1.455769230769231
1.4684615384615385
1.5050000000000001
1.5176923076923077
1.6853846153846155
1.7361538461538462
1.8396153846153847
1.7534615384615386
1.7276923076923079
1.8269230769230769
1.794230769230769
1.6969230769230768
1.8407692307692307
1.728076923076923
1.5726923076923076
1.7007692307692308
1.9061538461538463
1.81
1.7276923076923079
1.8026923076923076
1.8942307692307692
1.9961538461538462
2.008846153846154
1.9688461538461537
2.039230769230769
1.9823076923076923
2.011923076923077
2.1203846153846153
2.415769230769231
2.4996153846153844
2.5084615384615385
2.589230769230769
2.331923076923077
2.177692307692308
2.227692307692308
2.235
2.115
2.3003846153846155
2.4096153846153845
2.413076923076923
2.4784615384615383
2.4242307692307694
2.5292307692307694
2.683846153846154
2.8392307692307694
2.8096153846153844
2.838461538461538
2.977307692307692
2.802692307692308
2.6738461538461538
2.703076923076923
2.5403846153846152
2.7234615384615384
2.8649999999999998
2.8053846153846154
2.8153846153846156
2.8753846153846156
2.876153846153846
2.868076923076923
2.891538461538462
2.961153846153846
2.979230769230769
3.1096153846153842
3.066153846153846
3.0819230769230765
2.983461538461538
2.954230769230769
3.015
3.028461538461538
3.136923076923077
3.099615384615385
2.903461538461538
2.7803846153846155
2.697307692307692
2.7069230769230765
2.7311538461538465
2.816923076923077
2.9884615384615385
2.8784615384615386
2.9134615384615383
2.7838461538461536
2.933076923076923
2.977307692307692
2.953461538461539
3.0953846153846154
3.2211538461538463
3.1246153846153844
3.083076923076923
3.019615384615385
2.9699999999999998
2.910769230769231
3.0542307692307693
3.026923076923077
3.0969230769230767
3.223076923076923
3.1253846153846156
3.0476923076923077
3.153461538461538
3.117692307692308
3.237692307692308
3.166153846153846
3.083076923076923
3.11
3.2253846153846153
3.1984615384615385
3.0969230769230767
3.1576923076923076
3.2053846153846157
3.1276923076923073
3.040769230769231
3.0430769230769235
3.0265384615384616
3.136923076923077
3.159615384615385
3.286153846153846
3.289230769230769
3.4284615384615384
3.4992307692307696
3.2053846153846157
3.12
3.099615384615385
3.2715384615384617
3.2492307692307696
3.353846153846154
3.2373076923076924
3.1526923076923077
3.13
3.0076923076923077
2.93
3.018076923076923
3.1284615384615386
2.990769230769231
3.072307692307692
2.9692307692307693
3.019230769230769
3.0676923076923077
2.9584615384615387
3.120769230769231
2.9030769230769233
2.8653846153846154
3.113076923076923
2.8396153846153847
2.915769230769231
2.8176923076923077
2.662692307692308
2.585
2.710384615384615
2.686923076923077
2.6003846153846153
2.5053846153846155
2.565
2.6634615384615383
2.516153846153846
2.3734615384615383
2.6246153846153844
2.379230769230769
2.2446153846153845
2.191923076923077
2.1561538461538463
2.046923076923077
2.005
1.984230769230769
2.2857692307692306
2.1684615384615387
2.2623076923076924
2.232307692307692
2.1303846153846155
2.0046153846153847
2.1130769230769233
2.0
2.186923076923077
2.079230769230769
1.8676923076923078
1.838076923076923
1.7776923076923077
1.7865384615384616
1.743846153846154
1.5703846153846153
1.686923076923077
1.676923076923077
1.7507692307692306
1.6719230769230768
1.591923076923077
1.5653846153846156
1.5023076923076923
1.4515384615384617
1.4465384615384616
1.496923076923077
1.5026923076923078
1.4926923076923078
1.5584615384615383
1.478846153846154
1.3815384615384616
1.333076923076923
1.2192307692307691
1.2730769230769232
1.1507692307692308
1.13
1.2638461538461538
1.256153846153846
1.3903846153846153
1.1238461538461537
1.1453846153846154
1.1623076923076923
1.058846153846154
1.0284615384615383
1.0615384615384615
0.9146153846153846
0.9807692307692307
0.9484615384615385
0.9723076923076923
1.011923076923077
0.9038461538461539
1.041153846153846
1.0488461538461538
1.0773076923076923
0.9546153846153846
0.9919230769230769
0.9930769230769231
0.9161538461538462
0.9488461538461539
0.9203846153846154
0.8238461538461539
0.8092307692307692
0.7234615384615384
0.6792307692307692
0.6892307692307693
0.6826923076923077
0.5930769230769231
0.5903846153846154
0.6223076923076923
0.6911538461538461
0.6615384615384615
0.6165384615384616
0.6257692307692307
0.5661538461538462
0.6438461538461537
0.5142307692307692
0.5573076923076923
0.5515384615384615
0.44884615384615384
0.44461538461538463
0.47230769230769226
0.43423076923076925
0.37576923076923074
0.4580769230769231
0.46499999999999997
0.495
0.5007692307692307
0.5096153846153846
0.455
0.47423076923076923
0.42807692307692313
0.4573076923076923
0.34615384615384615
0.35884615384615387
0.4603846153846154
0.536923076923077
0.43
0.435
0.3376923076923077
0.3515384615384616
0.335
0.4284615384615385
0.37269230769230766
0.4030769230769231
0.42615384615384616
0.4019230769230769
0.3515384615384616
0.3565384615384615
0.35346153846153844
0.4073076923076923
0.5642307692307692
0.6015384615384616
0.6842307692307692
0.62
0.4734615384615385
0.4773076923076923
0.435
0.32384615384615384
0.47961538461538467
0.5884615384615385
0.5338461538461539
