pet
0.5119230769230769
0.47923076923076924
0.3880769230769231
0.3942307692307692
0.4423076923076923
0.5238461538461539
0.5515384615384615
0.455
0.4003846153846154
0.5261538461538462
0.6234615384615385
0.6030769230769231
0.4834615384615385
0.5653846153846154
0.6261538461538462
0.5276923076923077
0.53
0.5880769230769232
0.5938461538461538
0.44884615384615384
0.46076923076923076
0.48115384615384615
0.5084615384615384
0.5638461538461539
0.6176923076923077
0.5634615384615385
0.5807692307692307
0.6738461538461539
0.5823076923076923
0.5953846153846154
0.6446153846153847
0.643846153846154
0.6119230769230769
0.5630769230769231
0.6538461538461539
0.6296153846153847
0.546923076923077
0.6053846153846154
0.6046153846153847
0.5169230769230769
0.5473076923076923
0.6369230769230769
0.6365384615384616
0.551923076923077
0.6719230769230768
0.7176923076923077
0.6588461538461539
0.7219230769230769
0.7242307692307693
0.806923076923077
0.8023076923076923
0.8523076923076923
0.8765384615384615
0.7815384615384615
0.7242307692307691
0.8042307692307692
0.6988461538461538
0.7073076923076923
0.681923076923077
0.6438461538461537
0.7176923076923077
0.6480769230769231
0.6173076923076923
0.7269230769230769
0.9388461538461539
1.021153846153846
1.1026923076923079
1.1803846153846154
1.1584615384615384
1.083076923076923
0.9130769230769231
1.0615384615384615
1.2303846153846154
1.258076923076923
1.171923076923077
1.271923076923077
1.0834615384615385
1.2003846153846154
1.2115384615384615
1.3211538461538461
1.3807692307692307
1.3603846153846153
1.4373076923076922
1.4765384615384616
1.4703846153846152
1.4538461538461538
1.488076923076923
1.4096153846153845
1.5434615384615387
1.6234615384615385
1.665
1.7123076923076925
1.555
1.5476923076923077
1.673846153846154
1.6538461538461537
1.4546153846153846
1.7065384615384613
1.701153846153846
1.6700000000000002
1.7834615384615384
1.6903846153846156
1.8284615384615384
1.941923076923077
1.8346153846153848
1.9030769230769233
1.8492307692307692
1.815
1.8519230769230768
2.2053846153846153
2.433846153846154
2.288846153846154
2.4123076923076923
2.3403846153846155
2.1896153846153847
2.069230769230769
2.101923076923077
2.0084615384615385
2.0453846153846156
2.051153846153846
2.2634615384615384
2.4234615384615386
2.460384615384615
2.408846153846154
2.367692307692308
2.391923076923077
2.618846153846154
2.651923076923077
2.641923076923077
2.7600000000000002
2.5515384615384615
2.601923076923077
2.4726923076923075
2.587307692307692
2.7011538461538462
2.6134615384615385
2.582307692307692
2.430769230769231
2.546923076923077
2.498846153846154
2.6865384615384613
2.6153846153846154
2.5788461538461536
2.4946153846153845
2.746923076923077
2.703461538461539
2.698846153846154
2.7399999999999998
2.873076923076923
3.0157692307692305
3.052692307692308
3.0023076923076926
2.766153846153846
2.7280769230769235
2.5296153846153846
2.493846153846154
2.4153846153846152
2.4680769230769233
2.448846153846154
2.5803846153846157
2.605
2.3646153846153846
2.3853846153846154
2.309230769230769
2.4523076923076923
2.3923076923076922
2.6469230769230765
2.641153846153846
2.637307692307692
2.638076923076923
2.482307692307692
2.455769230769231
2.4446153846153846
2.4426923076923077
2.4784615384615383
2.713461538461538
2.7715384615384617
2.581538461538462
2.664615384615385
2.6303846153846155
2.631153846153846
2.623846153846154
2.7
2.7203846153846154
2.5103846153846154
2.4753846153846153
2.4353846153846153
2.4815384615384612
2.601153846153846
2.8288461538461536
2.664230769230769
2.5973076923076923
2.411153846153846
2.3576923076923078
2.5915384615384616
2.5592307692307696
2.4915384615384615
2.641153846153846
2.895769230769231
2.745769230769231
2.4796153846153848
2.477307692307692
2.6769230769230767
2.7357692307692307
2.550769230769231
2.810769230769231
2.483846153846154
2.41
2.3765384615384617
2.4069230769230767
2.26
2.2946153846153843
2.356923076923077
2.417692307692308
2.3603846153846155
2.334230769230769
2.3657692307692306
2.256153846153846
2.165769230769231
2.4053846153846155
2.318846153846154
2.2788461538461537
2.3153846153846156
2.268846153846154
2.457307692307692
2.176153846153846
2.016923076923077
2.1592307692307693
2.115
1.9242307692307692
2.0273076923076925
2.071923076923077
1.9773076923076922
2.103846153846154
2.0711538461538463
1.843076923076923
1.963846153846154
1.8673076923076921
1.8138461538461537
1.7515384615384615
1.661923076923077
1.7453846153846155
1.6861538461538461
1.6273076923076923
1.978846153846154
1.7453846153846155
1.8888461538461538
1.8900000000000001
1.8034615384615384
1.8176923076923077
1.7476923076923077
1.7207692307692308
1.94
1.685
1.6488461538461539
1.5396153846153846
1.416153846153846
1.558846153846154
1.3580769230769232
1.3753846153846152
1.4776923076923079
1.5569230769230769
1.5034615384615384
1.651923076923077
1.468076923076923
1.4280769230769232
1.208846153846154
1.2715384615384617
1.3284615384615384
1.3676923076923078
1.3957692307692307
1.4792307692307693
1.5746153846153845
1.2676923076923077
1.2030769230769232
1.113846153846154
1.0292307692307694
1.1576923076923078
1.0953846153846154
1.2015384615384617
1.3257692307692308
1.2011538461538462
1.2346153846153847
1.0057692307692307
1.0730769230769233
1.1526923076923077
1.0853846153846154
1.075
1.0392307692307692
0.8892307692307693
1.0288461538461537
0.9400000000000001
0.9730769230769231
0.9711538461538461
0.8626923076923076
1.0696153846153846
1.0669230769230769
1.0069230769230768
1.0342307692307693
1.0961538461538463
0.9696153846153847
0.9973076923076923
1.0188461538461537
0.9192307692307692
0.8646153846153847
0.8565384615384615
0.7592307692307693
0.7288461538461538
0.731923076923077
0.7007692307692307
0.6784615384615384
0.6907692307692308
0.715
0.7619230769230769
0.7288461538461538
0.6334615384615384
0.6757692307692308
0.7749999999999999
0.788076923076923
0.6184615384615384
0.7330769230769231
0.6492307692307692
0.5546153846153846
0.5484615384615384
0.4973076923076923
0.4015384615384615
0.49769230769230766
0.4969230769230769
0.5069230769230769
0.6461538461538462
0.5957692307692308
0.5961538461538461
0.5976923076923077
0.5796153846153846
0.48538461538461536
0.4692307692307693
0.4242307692307692
0.43846153846153846
0.5673076923076923
0.6026923076923076
0.5515384615384615
0.591923076923077
0.5526923076923077
0.5607692307692308
0.4765384615384616
0.5465384615384615
0.44307692307692303
0.47230769230769226
0.45615384615384613
0.4719230769230769
0.37846153846153846
0.4453846153846154
0.4115384615384615
0.52
0.6392307692307693
0.6488461538461539
0.7519230769230769
0.6557692307692308
0.5246153846153846
0.568076923076923
0.49115384615384616
0.43115384615384617
0.6253846153846154
0.6284615384615384
0.6799999999999999
