temperature
5.624230769230769
5.486538461538462
4.564615384615385
4.93076923076923
5.060384615384615
5.341538461538462
5.2711538461538465
5.031153846153846
4.928846153846154
5.6196153846153845
6.112692307692308
6.106923076923077
5.503461538461538
6.109615384615385
6.102692307692307
5.635384615384615
5.68076923076923
5.751153846153846
5.397307692307693
4.686153846153847
5.049230769230769
5.084615384615384
5.1911538461538465
5.313076923076924
5.606923076923077
5.273846153846154
5.332692307692308
5.602307692307692
5.1850000000000005
5.039615384615384
5.282307692307692
5.396538461538461
5.225
5.251538461538461
5.856538461538462
5.696538461538461
5.201538461538462
5.119230769230769
5.018846153846154
4.648076923076923
4.860769230769231
5.366538461538462
5.572307692307692
5.1996153846153845
5.536153846153846
5.75
5.450769230769231
5.735769230769231
5.843846153846154
6.065769230769231
6.117307692307692
6.186923076923078
6.208076923076923
5.893846153846154
5.7130769230769225
5.994615384615385
5.429615384615384
5.211923076923076
4.942692307692307
4.763076923076923
4.987692307692308
4.991153846153846
4.926923076923076
5.295000000000001
5.826538461538462
6.206153846153845
6.7700000000000005
7.024615384615384
6.866538461538462
6.608846153846154
5.923846153846155
6.428461538461539
7.116923076923077
7.188846153846153
6.881538461538461
6.988076923076923
6.241538461538462
6.809615384615385
6.778076923076923
7.248461538461539
7.351538461538462
7.361538461538462
7.6111538461538455
7.668846153846153
7.623076923076923
7.4630769230769225
7.533076923076924
7.211153846153847
7.739230769230769
7.92576923076923
7.953461538461538
8.042307692307691
7.586538461538462
7.489230769230769
7.92576923076923
7.897692307692308
7.193846153846153
7.946153846153846
7.872307692307692
7.866923076923077
8.188461538461539
7.897307692307692
8.258461538461539
8.547307692307694
8.231923076923078
8.508461538461539
8.369615384615384
8.208461538461538
8.436923076923078
9.5
10.168461538461539
9.804615384615385
10.221153846153847
10.03730769230769
9.576153846153845
9.233846153846153
9.396153846153847
9.146538461538462
9.18576923076923
9.301153846153847
9.71
10.123076923076923
10.259615384615385
10.118461538461538
10.072307692307692
10.065
10.80423076923077
10.95923076923077
10.96653846153846
11.348846153846154
10.763846153846155
10.918461538461539
10.776923076923076
11.098076923076924
11.443076923076923
11.175
11.22653846153846
10.96653846153846
11.339615384615383
11.300384615384615
11.833076923076923
11.59769230769231
11.68153846153846
11.48
12.207692307692307
12.12923076923077
12.108076923076924
12.245384615384616
12.705
13.031538461538462
13.27730769230769
13.842307692307692
13.493846153846153
13.438461538461537
12.969615384615384
12.946538461538463
12.764615384615384
12.990384615384615
13.028846153846153
13.443076923076923
13.467692307692309
12.915000000000001
13.075769230769232
13.00923076923077
13.429615384615385
13.343461538461538
14.037307692307694
14.07
14.103846153846153
14.131538461538462
13.765384615384615
13.753846153846155
13.85153846153846
13.941538461538462
14.093076923076923
14.742307692307692
14.95346153846154
14.552692307692308
14.843461538461538
14.724615384615383
14.777692307692309
14.833846153846155
15.083461538461538
15.175384615384615
14.732307692307693
14.678846153846154
14.59769230769231
14.791923076923077
15.184615384615386
15.802692307692308
15.445384615384615
15.318461538461538
14.866153846153846
14.793846153846154
15.408846153846154
15.363461538461538
15.299615384615382
15.75
16.41923076923077
16.04423076923077
15.450769230769232
15.452307692307691
16.052692307692308
16.288076923076922
15.82076923076923
16.50576923076923
15.676153846153845
15.589615384615383
15.538076923076924
15.645384615384614
15.213461538461539
15.443461538461538
15.646538461538462
15.795
15.731538461538461
15.742692307692307
15.83423076923077
15.572307692307692
15.365384615384615
16.025384615384617
15.801153846153845
15.738076923076923
15.867307692307692
15.790384615384616
16.339615384615385
15.56
15.107307692307693
15.571538461538463
15.477307692307692
14.931923076923077
15.188461538461537
15.388846153846155
15.060384615384615
15.531538461538462
15.491923076923078
14.772692307692308
15.202307692307691
14.957307692307692
14.819230769230769
14.651923076923076
14.292692307692308
14.425384615384615
14.193846153846154
14.02730769230769
15.096153846153847
14.472307692307693
14.85153846153846
14.823076923076922
14.532692307692308
14.545769230769231
14.386538461538462
14.305769230769231
14.971153846153847
14.170769230769231
14.083076923076922
13.721923076923076
13.398846153846154
13.879999999999999
13.06
13.20923076923077
13.602307692307694
13.756153846153845
13.627307692307692
14.045769230769231
13.409999999999998
13.133076923076922
12.523846153846154
12.74423076923077
12.794615384615385
12.98923076923077
12.931923076923077
13.371923076923078
13.629615384615384
12.461923076923076
12.052692307692308
11.849615384615383
11.395
12.01
11.672692307692309
11.955769230769231
12.349615384615383
11.971538461538461
12.013846153846155
11.276538461538461
11.491153846153846
11.455
11.21653846153846
11.386153846153848
11.057692307692308
10.38846153846154
10.945
10.650384615384613
10.708461538461538
10.683846153846154
10.348076923076924
10.56
10.569230769230769
10.543076923076923
10.484230769230768
10.532692307692308
10.111923076923079
9.993461538461538
10.142307692307693
9.98
9.618076923076924
9.630384615384616
9.291538461538462
9.165
9.182692307692308
8.984615384615385
8.804230769230768
8.638461538461538
8.773076923076923
8.963846153846154
8.771153846153847
8.393461538461539
8.442307692307692
8.757307692307693
8.805
8.115
8.572307692307692
8.04076923076923
7.547307692307692
7.337307692307693
6.87
6.425000000000001
6.824999999999999
7.1911538461538465
7.05576923076923
7.396538461538461
7.141923076923077
7.014615384615384
6.956153846153845
6.509615384615385
6.256153846153846
6.225384615384616
6.196923076923077
6.219615384615385
6.773846153846154
6.858076923076923
6.542692307692308
6.721153846153846
6.634230769230769
6.603461538461539
6.254615384615385
6.328846153846154
5.962307692307693
6.09
6.017307692307692
5.754230769230769
5.480769230769231
5.515769230769231
5.3696153846153845
5.679615384615384
6.393846153846154
6.449999999999999
6.929230769230769
6.578461538461538
5.963846153846154
6.167307692307692
5.428076923076923
5.278076923076923
6.046923076923077
6.099615384615385
6.154615384615385
