temperature
3.8985714285714286
4.635
4.521428571428571
4.561428571428571
4.215
4.602142857142858
4.375714285714286
4.037142857142857
4.607857142857142
4.680714285714286
5.210714285714286
5.744285714285715
5.590000000000001
5.197857142857143
4.7092857142857145
3.71
3.9035714285714285
4.412142857142857
4.236428571428571
4.724285714285714
5.025714285714286
4.265714285714286
4.034999999999999
3.41
3.8714285714285714
3.670714285714286
3.9549999999999996
3.9699999999999998
4.0600000000000005
4.17
4.856428571428571
4.565714285714286
4.9557142857142855
5.104285714285714
4.595
5.028571428571428
3.6228571428571428
3.2542857142857144
3.0500000000000003
3.182142857142857
4.446428571428571
5.353571428571429
5.293571428571428
4.720714285714286
4.668571428571428
4.817142857142857
4.229285714285714
4.594285714285715
4.131428571428572
3.9557142857142855
3.6149999999999998
3.8114285714285714
3.838571428571428
3.722857142857143
3.2764285714285717
3.3200000000000003
3.4764285714285714
3.366428571428571
2.482142857142857
2.6242857142857146
3.369285714285714
3.82
4.025714285714286
3.585714285714286
5.0721428571428575
5.173571428571429
5.027142857142857
5.474285714285714
5.681428571428571
4.949285714285715
5.285714285714286
5.652
5.268
5.028666666666666
6.1
5.624
4.8133333333333335
5.284666666666666
4.878666666666667
5.029333333333333
5.6273333333333335
5.874666666666667
5.874666666666667
6.122
5.996666666666667
5.914666666666666
5.690666666666667
6.048
6.64
6.997333333333333
7.007333333333333
6.750666666666667
5.784666666666666
6.016
6.482666666666666
6.570666666666667
6.246666666666667
6.120666666666667
7.074666666666667
7.115333333333334
5.989333333333334
6.524666666666667
6.424
6.524
6.902
7.243333333333334
6.351333333333333
6.105333333333333
6.1659999999999995
7.1193333333333335
8.164666666666667
8.143333333333334
8.626666666666667
8.538666666666668
7.468
7.712000000000001
7.847333333333333
8.261999999999999
7.9959999999999996
8.142
8.539333333333333
8.006
8.084
8.128
8.411333333333333
7.858
8.589333333333334
8.332666666666666
8.737333333333334
8.627999999999998
8.626
8.371333333333332
8.650666666666666
8.699333333333334
8.792666666666667
8.668000000000001
8.879333333333333
8.712
8.508666666666667
8.656666666666666
8.797333333333334
9.160666666666666
9.394666666666666
9.838666666666667
9.302666666666665
8.932666666666668
9.336666666666668
9.658
9.278
10.017333333333333
10.814
11.1
10.59
9.996666666666666
10.709333333333335
11.142666666666665
11.484
11.036666666666667
11.127333333333333
11.645999999999999
11.895999999999999
10.867333333333333
10.607333333333333
10.456
10.996
10.779333333333334
11.166666666666666
11.698666666666666
11.543333333333333
11.148
11.532
10.998666666666667
11.026
11.461333333333332
11.693999999999999
11.735333333333333
12.198666666666666
12.625333333333334
12.352
12.218666666666667
11.692
11.772666666666668
12.416
12.982
12.212666666666667
12.020000000000001
11.633999999999999
12.137333333333334
12.325333333333333
13.168000000000001
12.69
12.989333333333333
12.337333333333333
12.849333333333334
12.780666666666667
12.959333333333335
13.025333333333332
12.615333333333332
13.221333333333332
13.906
14.078
13.602
13.762
13.392666666666665
13.184666666666667
13.068000000000001
13.730666666666668
14.014666666666667
13.755333333333335
13.956666666666667
14.021333333333333
14.088
13.93
13.801333333333334
14.341333333333333
14.102666666666666
14.264666666666667
14.036
13.136
13.376
14.175999999999998
14.108666666666666
14.099333333333334
13.604666666666667
13.522666666666668
13.655333333333335
13.330666666666668
13.814
13.418666666666667
13.874666666666666
13.529333333333334
12.953333333333335
12.472
12.854000000000001
12.488
12.612
12.72
12.414666666666667
12.268
12.500666666666666
11.876
12.552666666666665
12.667333333333334
12.645999999999999
12.978666666666667
12.28
12.713333333333333
12.566
12.412
11.958
11.939333333333334
12.110666666666667
12.267333333333333
11.694666666666667
11.989333333333333
11.269333333333332
10.475333333333333
10.709333333333332
10.805333333333333
10.722000000000001
11.510666666666667
10.924666666666667
11.537333333333333
11.630666666666666
11.226666666666667
10.886666666666667
11.131333333333334
10.652
10.578666666666667
10.454666666666666
10.392666666666665
10.037333333333333
10.656666666666666
10.176
10.2
9.255333333333335
9.246
9.765333333333333
9.54
9.867333333333333
9.941333333333334
9.941333333333334
8.998666666666667
9.269333333333332
9.295333333333334
9.470666666666666
10.009333333333332
8.682666666666668
8.787333333333333
7.957333333333334
8.32
7.872
7.661333333333333
8.184
8.128
7.807333333333333
7.982
7.813999999999999
7.376
7.687333333333333
7.846666666666667
7.921333333333333
8.000666666666667
7.607333333333333
6.742666666666667
7.672
7.5906666666666665
7.641333333333334
7.446
7.395333333333332
7.037999999999999
6.228
6.534666666666666
6.528666666666667
6.314666666666667
6.045333333333334
6.001333333333333
6.235333333333333
5.994666666666666
5.414666666666666
5.037999999999999
5.383333333333334
5.922666666666667
5.998
4.964666666666667
4.980666666666666
5.72
5.951333333333333
5.4766666666666675
6.0873333333333335
5.948666666666667
5.2780000000000005
6.001333333333333
6.439333333333334
5.7620000000000005
5.691333333333334
5.032666666666667
4.8566666666666665
5.061333333333334
5.335333333333334
5.049333333333333
5.395333333333334
6.156000000000001
5.489999999999999
5.401333333333333
5.040666666666667
4.752666666666666
4.867999999999999
4.219333333333333
4.144666666666667
3.5453333333333332
3.695333333333333
3.022
3.353333333333333
3.444
4.815714285714286
5.197857142857143
3.9435714285714285
2.1557142857142857
2.0635714285714286
2.0507142857142857
2.3242857142857143
2.5528571428571425
2.8678571428571433
3.1614285714285715
