pet
0.375
0.3376923076923077
0.3257692307692308
0.29923076923076924
0.3638461538461539
0.36615384615384616
0.4703846153846154
0.35192307692307695
0.34884615384615386
0.43884615384615383
0.49115384615384616
0.5038461538461538
0.4330769230769231
0.39807692307692305
0.46576923076923077
0.4107692307692308
0.34307692307692306
0.4538461538461539
0.5023076923076923
0.3976923076923077
0.29384615384615387
0.35807692307692307
0.38846153846153847
0.4419230769230769
0.4673076923076923
0.4846153846153846
0.5092307692307693
0.5392307692307692
0.4553846153846154
0.42346153846153844
0.5388461538461539
0.5911538461538461
0.5292307692307692
0.5253846153846153
0.64
0.5896153846153847
0.4853846153846154
0.4880769230769231
0.5811538461538461
0.5092307692307693
0.47269230769230774
0.6169230769230769
0.6376923076923078
0.5076923076923077
0.6023076923076923
0.753076923076923
0.6423076923076922
0.6950000000000001
0.6480769230769231
0.7388461538461539
0.7538461538461539
0.8088461538461539
0.7261538461538461
0.8161538461538461
0.6796153846153847
0.7807692307692308
0.6849999999999999
0.6515384615384616
0.6515384615384616
0.5984615384615385
0.6726923076923078
0.5803846153846154
0.535
0.6223076923076923
0.7984615384615386
0.946923076923077
0.9438461538461538
1.0915384615384616
1.0553846153846154
1.051923076923077
0.9323076923076924
0.9334615384615385
1.1480769230769232
1.2703846153846154
1.3026923076923076
1.264230769230769
1.1088461538461538
1.1753846153846153
1.0803846153846153
1.1326923076923077
1.1707692307692308
1.2261538461538461
1.253076923076923
1.3646153846153846
1.3976923076923078
1.333076923076923
1.4207692307692308
1.475
1.5869230769230769
1.605
1.5276923076923077
1.4876923076923076
1.5969230769230771
1.5199999999999998
1.6538461538461537
1.5634615384615385
1.291923076923077
1.5592307692307692
1.6715384615384616
1.53
1.5157692307692305
1.4792307692307693
1.6400000000000001
1.741923076923077
1.7653846153846153
1.8138461538461537
1.8426923076923079
1.7076923076923076
1.7023076923076923
1.9561538461538461
2.24
2.3392307692307694
2.2903846153846152
2.315
2.07
1.9438461538461538
2.0646153846153847
1.9642307692307692
1.9073076923076924
2.0461538461538464
2.2607692307692306
2.3042307692307693
2.3773076923076926
2.371923076923077
2.401923076923077
2.367692307692308
2.6726923076923077
2.5703846153846155
2.668846153846154
2.7746153846153847
2.5573076923076923
2.4873076923076924
2.509230769230769
2.393076923076923
2.660769230769231
2.6326923076923077
2.588846153846154
2.6276923076923073
2.733846153846154
2.664230769230769
2.742692307692308
2.6523076923076925
2.738076923076923
2.6580769230769232
2.7811538461538463
2.7188461538461537
2.805
2.6896153846153847
2.8176923076923077
2.8396153846153847
3.025384615384615
3.0461538461538464
2.763076923076923
2.603846153846154
2.3715384615384614
2.421923076923077
2.4565384615384613
2.583846153846154
2.5796153846153844
2.6738461538461538
2.668846153846154
2.5207692307692304
2.411923076923077
2.4315384615384614
2.411538461538462
2.440384615384615
2.8273076923076923
2.7992307692307694
2.8226923076923076
2.6915384615384617
2.5173076923076922
2.4499999999999997
2.5803846153846157
2.649230769230769
2.5946153846153845
2.596538461538462
2.7242307692307692
2.5746153846153845
2.5584615384615383
2.6799999999999997
2.541923076923077
2.686923076923077
2.789615384615385
2.626153846153846
2.6934615384615386
2.733076923076923
2.681923076923077
2.6303846153846155
2.601153846153846
2.647307692307692
2.667307692307692
2.555769230769231
2.476923076923077
2.4050000000000002
2.4546153846153844
2.5803846153846157
2.663846153846154
2.689230769230769
2.897692307692308
2.8876923076923076
2.6357692307692306
2.437692307692308
2.6173076923076923
2.7096153846153848
2.561923076923077
2.7415384615384615
2.5999999999999996
2.5657692307692304
2.4657692307692307
2.469615384615385
2.4
2.3946153846153844
2.5176923076923075
2.4796153846153848
2.5250000000000004
2.4226923076923077
2.366153846153846
2.434230769230769
2.293846153846154
2.3923076923076922
2.4034615384615385
2.2407692307692306
2.4323076923076923
2.292307692307692
2.331153846153846
2.3165384615384617
2.1215384615384614
2.1326923076923077
2.0930769230769233
2.1226923076923074
2.1273076923076926
2.0234615384615386
2.039615384615385
2.1196153846153845
2.0915384615384616
1.8523076923076924
1.9126923076923075
1.7650000000000001
1.756153846153846
1.708846153846154
1.563076923076923
1.6296153846153845
1.5969230769230771
1.661923076923077
1.9546153846153846
1.7646153846153847
1.9134615384615385
1.8915384615384616
1.7538461538461538
1.76
1.7488461538461537
1.683846153846154
1.7657692307692305
1.7188461538461537
1.5746153846153845
1.4684615384615385
1.445769230769231
1.433846153846154
1.3369230769230769
1.326153846153846
1.363846153846154
1.396923076923077
1.3800000000000001
1.4173076923076924
1.3784615384615386
1.2650000000000001
1.258076923076923
1.2634615384615384
1.215
1.2792307692307692
1.401923076923077
1.2788461538461537
1.3523076923076922
1.2607692307692309
1.106923076923077
1.0834615384615385
1.0238461538461539
1.0634615384615385
0.9807692307692307
1.0538461538461539
1.1657692307692307
1.04
1.1276923076923078
0.9873076923076923
1.036153846153846
1.1053846153846154
0.9703846153846154
0.913076923076923
0.9426923076923077
0.7938461538461539
0.8388461538461538
0.8146153846153846
0.7857692307692308
0.8915384615384615
0.8023076923076923
0.8530769230769231
0.928076923076923
0.8538461538461538
0.8073076923076923
0.95
0.83
0.7915384615384616
0.8661538461538462
0.7588461538461538
0.7742307692307692
0.7030769230769232
0.6223076923076923
0.6326923076923077
0.6003846153846154
0.5307692307692308
0.5238461538461539
0.4761538461538462
0.49653846153846154
0.5657692307692307
0.5446153846153846
0.5384615384615384
0.4807692307692308
0.4957692307692308
0.6457692307692308
0.5138461538461538
0.5123076923076924
0.4603846153846154
0.42
0.36346153846153845
0.3853846153846154
0.29653846153846153
0.3346153846153846
0.34115384615384614
0.32961538461538464
0.4169230769230769
0.4226923076923077
0.4438461538461539
0.42
0.45153846153846156
0.3776923076923077
0.4115384615384615
0.2803846153846154
0.3392307692307692
0.4703846153846154
0.4461538461538461
0.37999999999999995
0.3734615384615384
0.3423076923076923
0.3792307692307692
0.31884615384615383
0.4303846153846154
0.3619230769230769
0.33269230769230773
0.3576923076923077
0.34153846153846157
0.30115384615384616
0.30692307692307697
0.3403846153846154
0.3226923076923077
0.4238461538461538
0.4815384615384615
0.5796153846153846
0.5130769230769231
0.4123076923076923
0.37423076923076926
0.3565384615384615
0.31038461538461537
0.4157692307692308
0.5038461538461538
0.5069230769230769
