temperature
5.95423076923077
5.350769230769231
5.263076923076923
4.937307692307693
5.062692307692307
5.008846153846154
5.57923076923077
5.4692307692307685
5.058461538461539
5.324999999999999
5.737692307692308
6.163461538461538
5.745
5.506538461538461
5.617307692307692
5.273461538461539
5.024615384615384
5.287307692307692
5.396923076923077
4.619230769230769
4.405769230769231
5.040384615384616
4.559230769230769
4.535769230769231
4.906153846153846
4.947692307692308
5.269615384615384
5.586538461538462
5.374230769230769
4.719615384615385
5.041538461538461
5.21076923076923
5.256153846153846
5.333076923076923
6.161153846153846
6.177307692307692
5.263461538461538
4.9496153846153845
4.893461538461539
4.868846153846154
4.710769230769231
5.283846153846154
5.293461538461538
4.641153846153847
5.299615384615384
6.015
5.688461538461539
6.086923076923076
5.65923076923077
6.242307692307692
6.245
6.8465384615384615
6.319999999999999
6.537307692307692
6.224615384615385
6.049615384615384
6.09076923076923
5.759615384615385
5.613076923076923
5.565769230769231
5.794615384615384
5.777692307692307
5.384230769230769
5.738461538461538
6.361923076923077
6.783461538461538
7.286153846153846
7.573846153846153
7.674230769230769
7.219615384615385
7.619230769230769
6.818076923076924
7.96923076923077
8.536153846153846
8.447307692307692
7.827692307692308
7.332307692307692
7.295
7.288846153846153
7.691538461538461
7.53923076923077
7.716538461538462
7.78923076923077
7.912307692307692
8.01923076923077
8.17576923076923
8.64576923076923
8.769615384615385
9.183076923076923
8.786153846153846
8.77346153846154
9.198461538461538
8.958076923076923
8.65576923076923
8.898076923076923
8.493076923076924
8.058076923076923
8.183846153846154
9.13923076923077
8.87076923076923
8.653846153846153
8.776538461538461
8.937307692307693
9.215384615384615
9.295384615384616
9.170384615384616
9.37653846153846
9.361923076923077
9.52076923076923
10.043461538461539
11.148076923076925
11.043846153846154
11.210769230769232
11.39576923076923
10.778461538461539
10.31423076923077
10.351923076923075
10.675
10.377692307692307
10.549230769230771
10.879999999999999
10.836153846153847
11.015769230769232
10.951923076923077
11.217307692307692
11.76076923076923
12.183846153846153
12.446538461538463
12.736153846153845
13.213846153846154
12.853846153846153
12.098461538461539
12.316153846153846
11.875384615384615
12.318846153846154
13.062307692307693
12.87846153846154
12.852307692307694
12.91576923076923
13.220769230769232
13.233076923076924
13.128846153846155
13.444230769230769
13.65846153846154
14.233846153846153
14.091923076923077
14.029230769230768
13.713846153846154
13.998461538461537
14.203076923076923
14.093076923076923
15.173461538461538
15.287692307692309
14.751538461538463
14.598846153846154
14.428076923076922
14.489615384615385
14.182692307692308
14.708846153846155
15.305769230769231
15.002692307692307
15.075384615384614
15.079615384615384
15.190384615384614
15.788461538461538
15.457692307692307
16.162692307692307
16.466923076923077
16.438076923076924
16.31
16.206153846153846
15.821538461538463
15.593461538461538
16.245
16.401923076923076
16.48423076923077
16.731923076923074
16.695769230769233
16.573076923076922
16.843076923076925
16.639615384615386
17.186153846153847
17.000384615384615
16.685769230769232
16.74076923076923
17.30576923076923
17.201538461538462
16.88923076923077
17.166923076923077
17.15076923076923
17.05076923076923
17.001153846153848
16.845384615384617
16.982307692307693
17.463846153846156
17.66346153846154
17.91730769230769
17.976923076923075
18.285384615384615
18.83230769230769
17.696923076923078
17.703076923076924
17.665384615384617
18.161538461538463
18.411538461538463
18.674230769230768
18.242307692307694
18.16846153846154
18.06692307692308
18.017692307692307
17.646923076923077
17.65346153846154
18.273076923076925
17.876538461538463
18.099615384615383
17.96076923076923
18.145769230769233
18.335
18.00923076923077
18.608076923076922
18.238846153846154
18.10576923076923
18.640384615384615
18.07846153846154
18.156153846153845
17.926153846153845
17.552307692307693
17.269615384615385
17.729615384615382
17.838076923076922
17.392692307692307
17.35230769230769
17.468846153846155
17.645769230769233
17.19923076923077
16.951538461538462
17.808846153846154
17.19923076923077
16.40230769230769
16.361153846153847
16.363846153846154
16.14730769230769
15.955384615384615
15.795769230769231
16.593076923076925
16.677307692307693
16.668846153846154
16.923076923076923
16.57576923076923
16.206923076923076
16.38923076923077
16.01923076923077
16.68846153846154
16.461153846153845
15.582307692307692
15.373076923076923
14.938076923076922
15.325769230769232
15.095
14.755384615384616
15.188846153846153
14.954230769230769
15.388076923076921
14.838076923076924
14.646923076923077
14.583846153846155
14.371923076923078
14.195
14.214230769230769
14.43576923076923
14.334615384615384
14.13923076923077
14.765384615384615
14.142307692307693
13.45346153846154
13.273076923076925
12.774230769230769
13.125
12.663076923076924
12.563846153846155
13.11076923076923
13.208846153846155
13.501153846153844
12.350769230769231
12.395
12.569615384615386
12.012307692307692
11.892692307692307
12.177307692307693
11.247307692307693
11.742307692307692
11.398846153846154
11.458461538461538
11.613076923076923
11.398846153846154
11.73
11.711923076923076
11.936153846153845
11.454615384615384
11.358076923076924
11.028461538461539
11.019615384615385
10.892307692307693
11.03
10.353076923076923
10.317692307692308
9.91
9.341923076923077
9.423076923076923
9.433076923076923
9.208461538461538
8.932692307692308
8.82576923076923
9.504615384615384
9.478076923076923
8.646153846153846
8.827307692307691
8.22423076923077
8.49
8.076923076923077
7.922307692307692
8.096923076923078
7.381923076923077
7.381538461538461
7.295384615384616
7.53
6.987692307692308
7.438846153846153
7.286538461538462
7.587692307692308
7.313076923076924
7.321538461538461
6.924230769230769
6.660769230769231
6.300000000000001
5.9423076923076925
5.926153846153846
5.8100000000000005
6.203076923076923
6.545
6.166538461538461
6.1534615384615385
5.7130769230769225
5.71076923076923
5.296923076923077
5.986923076923077
5.517692307692308
5.872307692307692
5.771538461538461
5.356538461538462
5.305000000000001
5.328846153846154
5.005
5.426923076923076
6.249230769230769
6.541923076923077
7.528076923076923
7.246923076923077
6.048461538461538
5.851153846153846
5.231538461538462
4.602692307692307
5.200769230769231
5.845
5.6207692307692305
