pet
0.42923076923076925
0.37153846153846154
0.3692307692307692
0.33384615384615385
0.37576923076923074
0.3723076923076923
0.5346153846153846
0.44730769230769235
0.4211538461538461
0.4423076923076923
0.5399999999999999
0.5196153846153846
0.4538461538461539
0.3873076923076923
0.49615384615384617
0.4076923076923077
0.35615384615384615
0.4807692307692308
0.5642307692307692
0.4642307692307692
0.2765384615384615
0.37538461538461537
0.41807692307692307
0.3984615384615384
0.5080769230769231
0.4646153846153846
0.5261538461538462
0.5976923076923076
0.5176923076923077
0.44769230769230767
0.605
0.6711538461538461
0.6088461538461538
0.5750000000000001
0.73
0.7226923076923076
0.5546153846153846
0.5446153846153846
0.6507692307692309
0.5815384615384616
0.5407692307692308
0.6884615384615386
0.6469230769230769
0.49500000000000005
0.5692307692307692
0.7953846153846154
0.678076923076923
0.7784615384615384
0.6534615384615384
0.7915384615384615
0.8923076923076922
0.8911538461538462
0.8515384615384616
0.9353846153846154
0.8142307692307693
0.8742307692307693
0.7938461538461539
0.7723076923076924
0.7515384615384615
0.7496153846153847
0.8142307692307692
0.7346153846153847
0.6684615384615384
0.7457692307692307
0.9211538461538461
1.1146153846153846
1.1192307692307693
1.3265384615384617
1.2473076923076922
1.2550000000000001
1.1819230769230769
1.0634615384615385
1.3634615384615385
1.5123076923076924
1.438076923076923
1.415769230769231
1.3026923076923076
1.2696153846153846
1.2476923076923077
1.323076923076923
1.2761538461538462
1.3526923076923079
1.3699999999999999
1.456923076923077
1.4492307692307693
1.3949999999999998
1.6076923076923075
1.6930769230769231
1.8550000000000002
1.8215384615384616
1.7438461538461536
1.786923076923077
1.8173076923076923
1.7573076923076922
1.868846153846154
1.7634615384615384
1.478076923076923
1.735769230769231
1.8834615384615385
1.7538461538461538
1.6400000000000001
1.7292307692307693
1.8676923076923078
2.0092307692307694
1.9711538461538463
1.883076923076923
2.0319230769230767
1.9611538461538462
1.8715384615384614
2.0765384615384614
2.36
2.5696153846153846
2.549615384615385
2.605769230769231
2.3688461538461536
2.1184615384615384
2.2842307692307693
2.151153846153846
1.988846153846154
2.2226923076923075
2.393846153846154
2.4742307692307692
2.4946153846153845
2.431923076923077
2.6330769230769233
2.6796153846153845
2.9092307692307693
2.891153846153846
3.0384615384615383
3.0157692307692305
2.738076923076923
2.633076923076923
2.636923076923077
2.4930769230769227
2.8850000000000002
2.928076923076923
2.7765384615384616
2.8376923076923077
3.069230769230769
2.9984615384615383
2.882307692307692
2.9557692307692305
3.0653846153846156
2.92
3.0257692307692308
3.003076923076923
3.128076923076923
2.965384615384615
2.979230769230769
2.9426923076923077
3.121923076923077
3.188846153846154
3.1061538461538465
2.773846153846154
2.5573076923076923
2.6115384615384616
2.565
2.6842307692307696
2.7242307692307692
2.9138461538461535
2.735
2.7915384615384613
2.7357692307692307
2.9134615384615383
2.8123076923076926
2.870769230769231
3.118846153846154
3.221538461538462
3.1061538461538465
3.0542307692307693
2.9084615384615384
2.910769230769231
2.8846153846153846
3.0311538461538463
2.954615384615385
2.895
3.048076923076923
2.971538461538462
2.9073076923076924
3.073846153846154
2.9353846153846153
3.168461538461538
3.1842307692307688
3.0484615384615386
3.1649999999999996
3.2953846153846156
3.2203846153846154
3.137307692307692
3.136923076923077
3.1465384615384617
3.175
2.996923076923077
2.9680769230769233
2.9342307692307696
3.0300000000000002
3.129230769230769
3.3665384615384615
3.3830769230769233
3.5626923076923074
3.670769230769231
3.272692307692308
3.024230769230769
3.212307692307692
3.3623076923076924
3.355769230769231
3.411538461538462
3.3184615384615386
3.2523076923076926
3.186923076923077
3.0623076923076926
2.963461538461538
3.0288461538461537
3.156538461538461
3.12
3.1061538461538465
2.963846153846154
3.065
3.213461538461538
3.0684615384615386
3.165769230769231
3.0292307692307694
2.8757692307692304
3.2130769230769234
2.871923076923077
2.9507692307692306
2.8288461538461536
2.8046153846153845
2.6353846153846154
2.7503846153846156
2.7373076923076924
2.7026923076923075
2.6392307692307693
2.6438461538461535
2.7715384615384617
2.6692307692307695
2.421923076923077
2.540769230769231
2.288076923076923
2.223076923076923
2.187692307692308
2.141153846153846
2.018846153846154
2.025384615384615
2.0946153846153845
2.4165384615384613
2.248076923076923
2.338076923076923
2.3400000000000003
2.2419230769230767
2.1223076923076922
2.147692307692308
2.1826923076923075
2.2642307692307693
2.229230769230769
1.9742307692307692
1.896923076923077
1.8884615384615384
1.7976923076923077
1.7857692307692308
1.6419230769230768
1.7811538461538463
1.7965384615384616
1.7584615384615385
1.7084615384615385
1.7326923076923075
1.6749999999999998
1.5257692307692308
1.5392307692307694
1.493846153846154
1.6073076923076923
1.6523076923076923
1.5834615384615385
1.6642307692307692
1.4957692307692307
1.3461538461538463
1.3157692307692308
1.2576923076923079
1.2969230769230768
1.0980769230769232
1.1584615384615384
1.3438461538461537
1.2407692307692306
1.3900000000000001
1.1861538461538461
1.1938461538461538
1.2084615384615385
1.0669230769230769
1.0315384615384615
1.0434615384615384
0.8642307692307691
0.9284615384615384
0.9442307692307692
0.8953846153846154
1.0192307692307692
0.8692307692307693
1.0096153846153846
1.04
1.0476923076923077
0.9134615384615384
0.9765384615384616
0.99
0.8673076923076923
0.9523076923076924
0.8888461538461538
0.8280769230769232
0.7903846153846155
0.7242307692307691
0.6519230769230769
0.6626923076923077
0.5930769230769231
0.5646153846153846
0.5396153846153846
0.5688461538461539
0.6480769230769231
0.6153846153846154
0.5976923076923077
0.5549999999999999
0.546923076923077
0.675
0.5176923076923077
0.541923076923077
0.49115384615384616
0.4253846153846154
0.3719230769230769
0.4107692307692308
0.3403846153846154
0.3123076923076923
0.38923076923076927
0.3619230769230769
0.43615384615384617
0.4926923076923077
0.4507692307692308
0.4115384615384615
0.47807692307692307
0.37692307692307697
0.4411538461538462
0.29615384615384616
0.33
0.475
0.5057692307692307
0.3819230769230769
0.4176923076923077
0.3226923076923077
0.3465384615384615
0.3288461538461539
0.4392307692307692
0.36423076923076925
0.3565384615384615
0.385
0.3692307692307692
0.3053846153846154
0.32192307692307687
0.3373076923076923
0.3511538461538462
0.4857692307692308
0.5465384615384615
0.6119230769230769
0.5638461538461539
0.4296153846153846
0.4326923076923077
0.41346153846153844
0.28692307692307695
0.43153846153846154
0.5546153846153846
0.5215384615384615
