temperature
4.226538461538461
3.781538461538461
3.472692307692308
3.4553846153846157
3.763461538461539
3.738846153846154
4.321923076923077
4.156923076923077
3.8934615384615388
4.239230769230769
4.546923076923077
4.836923076923077
4.369230769230769
3.905384615384615
4.164230769230769
3.672692307692308
3.5684615384615386
4.118461538461538
4.2226923076923075
3.5003846153846156
2.901153846153846
3.3896153846153845
3.526923076923077
3.4453846153846155
4.077692307692308
3.976923076923077
4.116153846153846
4.319615384615385
4.023846153846154
3.468461538461538
3.9099999999999997
4.306153846153847
3.971538461538461
4.12423076923077
4.916923076923077
4.677307692307692
3.935769230769231
3.885
3.9284615384615384
3.758846153846154
3.599615384615385
4.278846153846154
4.379615384615385
3.833846153846154
4.296538461538462
5.200384615384616
4.622307692307692
5.021923076923077
4.488076923076923
4.894615384615384
5.4
5.456153846153847
5.234999999999999
5.545384615384616
5.037692307692307
5.288461538461538
4.994615384615385
4.718846153846154
4.319230769230769
4.387307692307692
4.524230769230769
4.372692307692308
4.283846153846154
4.565384615384615
5.07923076923077
5.888846153846154
5.882692307692308
6.748461538461539
6.419615384615384
6.396923076923077
6.194615384615385
5.7069230769230765
6.871538461538462
7.3815384615384625
7.109615384615385
6.809230769230769
6.356538461538461
6.4265384615384615
6.313461538461539
6.525
6.4569230769230765
6.6923076923076925
6.772692307692308
7.051923076923076
6.967692307692308
6.763461538461538
7.449999999999999
7.735
8.214230769230769
8.097692307692308
7.653076923076923
7.826153846153845
7.929615384615384
7.7069230769230765
8.053461538461539
7.673461538461538
6.812307692307693
7.543846153846153
8.044615384615385
7.681923076923076
7.239615384615385
7.532692307692307
7.901923076923077
8.371923076923077
8.246538461538462
7.953846153846154
8.55
8.333846153846155
8.122692307692308
8.745384615384616
9.62923076923077
10.319230769230769
10.286153846153846
10.49923076923077
9.798846153846155
9.068846153846154
9.608076923076924
9.187692307692307
8.72423076923077
9.44
9.756538461538462
9.860384615384616
10.017307692307693
9.856923076923076
10.367692307692307
10.422692307692309
11.153076923076924
11.283076923076923
11.606538461538461
11.672307692307694
11.022307692307692
10.75923076923077
10.893076923076924
10.58
11.633461538461539
11.692692307692308
11.454230769230769
11.757307692307693
12.37423076923077
12.226153846153846
12.00076923076923
12.2
12.559615384615386
12.264615384615384
12.62153846153846
12.605
12.895384615384614
12.569615384615386
12.660769230769231
12.727307692307694
13.246923076923078
14.217692307692309
14.249615384615385
13.445
12.918846153846154
13.169615384615385
13.082692307692307
13.498076923076923
13.69
14.274999999999999
13.809615384615386
13.937692307692307
13.919230769230769
14.493076923076924
14.258461538461539
14.48653846153846
15.207692307692307
15.486153846153845
15.205
15.072692307692307
14.786923076923076
14.843076923076923
14.858846153846153
15.359230769230768
15.178461538461537
15.076923076923077
15.492307692307692
15.305
15.199615384615385
15.705769230769231
15.363461538461538
16.002307692307692
16.120384615384616
15.768076923076924
16.093076923076925
16.44576923076923
16.293076923076924
16.130384615384614
16.158461538461538
16.191538461538464
16.291923076923077
15.89076923076923
15.846538461538461
15.803461538461537
16.095769230769232
16.409615384615385
17.007692307692306
17.094615384615384
17.568461538461538
17.87
16.895
16.27576923076923
16.86230769230769
17.26076923076923
17.260384615384616
17.435
17.285
17.17269230769231
17.082692307692305
16.792307692307695
16.54269230769231
16.74923076923077
17.211153846153845
17.238076923076925
17.209230769230768
16.862692307692306
17.161923076923078
17.581153846153846
17.201153846153847
17.447692307692307
17.15653846153846
16.795384615384616
17.73923076923077
16.84730769230769
17.111923076923077
16.824615384615385
16.799230769230768
16.331153846153846
16.69576923076923
16.671153846153846
16.51615384615385
16.375384615384615
16.399615384615384
16.789615384615384
16.549615384615386
15.853846153846153
16.192692307692308
15.477692307692308
15.339615384615383
15.31
15.179230769230768
14.741923076923076
14.723461538461539
14.851153846153846
15.778076923076924
15.285
15.501538461538463
15.580769230769231
15.268461538461539
14.848846153846154
14.962692307692306
15.04076923076923
15.276538461538461
15.192307692307692
14.438076923076922
14.23
14.221153846153847
13.944615384615386
13.740384615384615
13.42576923076923
13.905
13.941538461538462
13.836923076923076
13.646538461538462
13.715000000000002
13.430384615384614
12.955384615384615
13.061153846153845
12.816923076923077
13.196538461538463
13.318846153846154
13.100384615384616
13.420384615384616
12.523846153846154
11.81423076923077
11.790000000000001
11.336923076923076
11.856538461538461
11.013076923076925
11.298076923076923
11.938076923076922
11.59769230769231
11.957692307692307
11.290384615384616
11.307692307692308
11.202307692307691
10.763846153846155
10.680769230769231
10.67153846153846
9.961538461538462
10.073461538461537
9.992307692307692
9.837307692307693
10.25576923076923
9.786923076923078
10.115
10.10423076923077
10.178076923076922
9.736923076923077
9.68423076923077
9.486153846153845
9.034615384615385
9.376153846153846
9.342692307692307
9.047307692307692
8.801923076923076
8.425
7.922692307692308
8.015384615384615
7.852307692307692
7.822692307692307
7.374230769230769
7.254230769230769
7.885384615384615
7.660384615384616
7.4630769230769225
7.156153846153846
6.947307692307692
7.57923076923077
6.811923076923078
6.8088461538461535
6.326153846153845
5.773846153846154
5.479230769230769
5.401923076923077
5.479230769230769
5.0600000000000005
5.600769230769231
5.470384615384615
5.850384615384614
5.80576923076923
5.431923076923076
5.261153846153846
5.187307692307693
4.771153846153846
4.995
4.688846153846153
4.6850000000000005
5.144615384615384
5.038846153846153
4.687307692307693
4.771923076923077
4.5661538461538465
4.6134615384615385
4.313461538461539
4.746923076923077
4.441923076923077
4.3161538461538465
4.6765384615384615
4.3488461538461545
3.816923076923077
3.602307692307692
3.6742307692307694
3.603846153846154
4.3380769230769225
4.864615384615385
5.490769230769231
5.362307692307693
4.480769230769231
4.422692307692308
4.019615384615385
3.3680769230769227
3.761153846153846
4.4957692307692305
4.210384615384616
