pet
0.44652173913043475
0.3882608695652174
0.3660869565217391
0.3160869565217391
0.361304347826087
0.38565217391304346
0.5947826086956521
0.45521739130434785
0.42043478260869566
0.4834782608695652
0.5734782608695652
0.5165217391304349
0.44304347826086954
0.3895652173913043
0.4991304347826087
0.44739130434782615
0.34652173913043477
0.45130434782608697
0.5443478260869565
0.4795652173913043
0.3139130434782609
0.41826086956521735
0.4578260869565217
0.4047826086956522
0.5273913043478261
0.5199999999999999
0.587391304347826
0.6552173913043479
0.5482608695652174
0.4617391304347826
0.6373913043478261
0.7239130434782608
0.6369565217391304
0.5665217391304348
0.7082608695652174
0.6939130434782609
0.5117391304347826
0.5895652173913044
0.6795652173913043
0.54
0.48434782608695653
0.6217391304347827
0.5665217391304348
0.4730434782608695
0.5382608695652173
0.7643478260869564
0.6900000000000001
0.7404347826086957
0.6304347826086957
0.7269565217391304
0.8178260869565217
0.8939130434782608
0.8569565217391305
0.937391304347826
0.83
0.8630434782608696
0.771304347826087
0.7582608695652174
0.7165217391304348
0.6265217391304347
0.7404347826086957
0.707391304347826
0.6673913043478261
0.7595652173913043
0.9226086956521738
1.1295652173913044
1.1986956521739132
1.4295652173913045
1.3408695652173912
1.3239130434782609
1.177391304347826
1.056086956521739
1.3521739130434782
1.4917391304347827
1.4256521739130434
1.3491304347826087
1.337391304347826
1.331304347826087
1.2730434782608697
1.4217391304347828
1.2952173913043479
1.381304347826087
1.4269565217391305
1.4847826086956522
1.4386956521739132
1.3704347826086956
1.5656521739130433
1.6756521739130434
1.874782608695652
1.8117391304347827
1.6978260869565216
1.797391304347826
1.8691304347826088
1.7278260869565218
1.8673913043478263
1.8
1.534782608695652
1.7578260869565216
1.9191304347826088
1.8021739130434784
1.7621739130434784
1.857826086956522
2.002173913043478
2.1856521739130437
2.17
2.039565217391304
2.2204347826086956
2.1043478260869564
1.9773913043478262
2.2369565217391307
2.4878260869565216
2.6617391304347824
2.6456521739130436
2.69
2.4434782608695653
2.1778260869565216
2.2978260869565217
2.1556521739130434
2.034782608695652
2.21
2.4165217391304346
2.4213043478260867
2.4547826086956523
2.445217391304348
2.7269565217391305
2.774782608695652
3.003913043478261
2.902608695652174
3.0934782608695657
3.1473913043478263
2.816086956521739
2.672608695652174
2.612173913043478
2.4804347826086954
2.9160869565217387
3.0030434782608695
2.849565217391304
2.862608695652174
3.0756521739130434
2.9778260869565214
3.104782608695652
3.104782608695652
3.204782608695652
3.082608695652174
3.1565217391304343
3.101304347826087
3.212608695652174
3.0656521739130436
2.983913043478261
3.0143478260869565
3.181304347826087
3.255652173913043
3.223913043478261
2.8843478260869566
2.634347826086956
2.601304347826087
2.4804347826086954
2.737391304347826
2.8156521739130436
2.9899999999999998
2.7795652173913044
2.9
2.8143478260869568
2.9856521739130435
2.8973913043478263
2.9717391304347824
3.2917391304347823
3.3865217391304347
3.141304347826087
3.109565217391304
2.933043478260869
3.034347826086957
2.9834782608695654
3.104347826086957
3.0504347826086957
2.9669565217391303
3.095217391304348
3.1369565217391306
2.9730434782608692
3.2065217391304346
3.071304347826087
3.2669565217391305
3.2699999999999996
3.0904347826086958
3.249565217391304
3.316086956521739
3.2300000000000004
3.137391304347826
3.013478260869565
3.1469565217391304
3.186086956521739
2.993913043478261
2.9908695652173916
2.9347826086956523
3.1265217391304345
3.178260869565217
3.4347826086956523
3.5362500000000003
3.69125
3.7579166666666666
3.294583333333333
3.0658333333333334
3.2595833333333335
3.4175
3.4762500000000003
3.517916666666667
3.3816666666666664
3.3074999999999997
3.1962499999999996
3.089166666666667
3.0233333333333334
3.1245833333333333
3.3179166666666666
3.2308333333333334
3.2566666666666664
3.0170833333333333
3.1366666666666667
3.1983333333333337
3.0283333333333338
3.0691666666666664
2.966666666666667
2.7270833333333333
3.0975
2.82625
2.9774999999999996
2.842916666666667
2.8387499999999997
2.58625
2.7266666666666666
2.7475
2.6662500000000002
2.6037500000000002
2.685416666666667
2.8345833333333332
2.6804166666666664
2.517916666666667
2.6329166666666666
2.3691666666666666
2.3241666666666667
2.2395833333333335
2.1350000000000002
2.044583333333333
1.9954166666666666
2.13875
2.4258333333333333
2.35
2.3666666666666667
2.447083333333333
2.267916666666667
2.1374999999999997
2.1758333333333333
2.2745833333333336
2.32
2.3125
2.105
2.0212499999999998
1.9654166666666668
1.8129166666666665
1.8083333333333333
1.62625
1.7391666666666667
1.825
1.7954166666666669
1.7608333333333333
1.8033333333333335
1.6849999999999998
1.5141666666666664
1.5287499999999998
1.4433333333333334
1.6154166666666667
1.6925
1.5358333333333334
1.62375
1.4934782608695654
1.4378260869565218
1.3330434782608696
1.247391304347826
1.3365217391304347
1.113913043478261
1.1665217391304348
1.3556521739130434
1.2234782608695653
1.4291304347826086
1.241304347826087
1.26
1.2178260869565218
1.066521739130435
1.0039130434782608
0.9947826086956522
0.8908695652173912
0.9430434782608696
0.9304347826086956
0.8600000000000001
0.9495652173913044
0.8021739130434782
1.01
1.0591304347826087
1.0756521739130434
0.9326086956521739
0.97
0.9743478260869566
0.888695652173913
1.047826086956522
0.9617391304347827
0.8713043478260869
0.7734782608695652
0.678695652173913
0.6069565217391305
0.6017391304347826
0.5391304347826087
0.5230434782608695
0.4926086956521739
0.5630434782608695
0.6956521739130435
0.6495652173913044
0.6395652173913043
0.6078260869565217
0.5956521739130435
0.6956521739130435
0.5130434782608696
0.541304347826087
0.5247826086956522
0.4543478260869565
0.42782608695652175
0.46217391304347827
0.3830434782608696
0.34782608695652173
0.42913043478260876
0.3847826086956522
0.42043478260869566
0.4865217391304348
0.46260869565217394
0.4339130434782609
0.5073913043478261
0.3904347826086957
0.44086956521739135
0.3008695652173913
0.3208695652173913
0.5330434782608695
0.5413043478260869
0.3969565217391305
0.3908695652173913
0.26782608695652177
0.31478260869565217
0.2791304347826087
0.42173913043478256
0.33956521739130435
0.31869565217391305
0.3782608695652174
0.3291304347826087
0.29391304347826086
0.30434782608695654
0.32565217391304346
0.3630434782608695
0.5334782608695652
0.6047826086956521
0.6247826086956522
0.5508695652173913
0.3960869565217391
0.42478260869565215
0.45217391304347826
0.30521739130434783
0.42565217391304344
0.5217391304347826
0.5521739130434782
