pet
0.45439999999999997
0.5207999999999999
0.3768
0.47839999999999994
0.6796000000000001
0.43839999999999996
0.4832
0.5976
0.618
0.6424
0.5316
0.5324
0.512
0.5596
0.6088
0.5316
0.43200000000000005
0.4532
0.4464
0.5192
0.65
0.5744
0.5456
0.544
0.524
0.4592
0.4924
0.5084000000000001
0.5628
0.5756
0.5816
0.5
0.5256000000000001
0.6056
0.672
0.7992
0.8420000000000001
0.6656
0.6056
0.7336
0.6572
0.6592
0.6064
0.5168
0.46759999999999996
0.5552
0.5512
0.6920000000000001
0.584
0.5892000000000001
0.5928
0.6916
0.8008
0.8640000000000001
0.6988
0.6995999999999999
0.8156
0.8828
0.8523999999999999
0.8936
1.0584
0.9803999999999999
1.0108
1.1784000000000001
1.2584
1.274
1.1832
1.13
1.3832
1.2004
1.2056
1.2564
1.1844
1.1667999999999998
1.188
1.2212
1.2628
1.1052
1.1604
1.1484
1.2187999999999999
1.3296000000000001
1.3468
1.4096000000000002
1.3872
1.4147999999999998
1.3903999999999999
1.4544
1.4116
1.6696
1.6480000000000001
1.454
1.2772
1.3168
1.4728
1.5607999999999997
1.4916
1.4328
1.6796
1.88
1.8776
1.8408000000000002
1.6436000000000002
1.798
1.9387999999999999
2.0780000000000003
1.8329166666666667
2.0595833333333333
2.0275
1.9225
2.2041666666666666
2.3033333333333332
2.018333333333333
2.11
2.1725
2.1470833333333332
2.129166666666667
2.2170833333333335
2.2383333333333333
2.37125
2.3379166666666666
2.43375
2.3925
2.4358333333333335
2.4841666666666664
2.5704166666666666
2.74625
2.6591666666666667
2.5175
2.7245833333333334
2.732083333333333
2.780416666666667
2.8175000000000003
2.817083333333333
3.047083333333333
2.8120833333333333
2.7254166666666664
2.7145833333333336
2.93125
3.095416666666667
2.8341666666666665
3.0375
2.984166666666667
3.0841666666666665
3.0095833333333335
3.081666666666667
2.811666666666667
2.87125
2.995416666666667
2.8679166666666664
3.217083333333333
3.0370833333333334
2.8070833333333334
2.7975
2.7691666666666666
3.0362500000000003
2.919166666666667
2.9762500000000003
2.9654166666666666
2.870416666666667
2.9129166666666664
2.86375
2.7216666666666662
2.953333333333333
2.825833333333333
2.8008333333333333
3.0220833333333332
2.94375
2.873333333333333
2.9858333333333333
3.0862499999999997
2.7729166666666667
2.862083333333333
2.7079166666666663
2.86125
2.9579166666666663
3.0454166666666667
2.97
3.0775
3.049166666666667
3.2100000000000004
2.999166666666667
2.964166666666667
3.13875
3.3520833333333333
3.2404166666666665
3.3629166666666666
3.529583333333333
3.4570833333333333
3.3383333333333334
3.2279166666666668
3.31
3.2754166666666666
3.4458333333333333
3.3358333333333334
3.25375
3.0870833333333336
3.0566666666666666
3.0654166666666662
3.359166666666667
3.18125
3.10875
3.2220833333333334
3.155416666666667
2.9562500000000003
3.276666666666667
3.2733333333333334
3.330833333333333
3.35125
3.3495833333333334
3.4579166666666663
3.03
2.91
3.0995833333333334
3.064166666666667
2.9333333333333336
2.95375
2.8441666666666667
2.8129166666666667
2.8408333333333338
2.7745833333333336
2.8837499999999996
2.9758333333333336
2.8479166666666664
2.749166666666667
2.865
2.8541666666666665
2.688333333333333
2.6491666666666664
2.6766666666666663
2.8808333333333334
2.893333333333333
2.8791666666666664
2.5545833333333334
2.3583333333333334
2.3920833333333333
2.402083333333333
2.2720833333333332
2.25625
2.3429166666666665
2.40875
2.2566666666666664
2.182916666666667
2.25125
2.2104166666666667
1.9695833333333335
2.1441666666666666
1.9645833333333333
1.9845833333333331
2.1754166666666666
2.0679166666666666
2.1254166666666667
1.9866666666666666
1.95625
1.8187499999999999
1.7195833333333335
1.6820833333333332
1.68
1.8575
1.8345833333333335
1.7545833333333334
1.6366666666666667
1.6845833333333333
1.7116666666666667
1.6041666666666667
1.67
1.5220833333333335
1.4870833333333333
1.5020833333333332
1.4441666666666666
1.6008333333333333
1.5295833333333333
1.5483333333333331
1.4620833333333332
1.3866666666666667
1.3708333333333333
1.3345833333333335
1.3479166666666667
1.3675
1.1995833333333332
1.4066666666666665
1.4141666666666666
1.115
1.1454166666666665
1.1958333333333333
0.9820833333333333
1.00375
1.04625
0.8825
0.8679166666666666
0.9475000000000001
1.0725
0.9191666666666668
0.7841666666666667
0.7920833333333333
0.9208333333333333
0.895
0.9904166666666666
0.9033333333333333
0.8091666666666666
0.7866666666666666
0.79625
0.8650000000000001
0.8208333333333333
0.8676
0.8467999999999999
0.8059999999999999
0.78
0.6284000000000001
0.6372
0.7936
0.7704000000000001
0.7624
0.7615999999999999
0.6468
0.5328
0.5512
0.5852
0.5836
0.48840000000000006
0.5448000000000001
0.648
0.4768
0.368
0.4448
0.5956
0.7
0.5428000000000001
0.5771999999999999
0.4644
0.3944
0.3676
0.3532
0.484
0.5472
0.6616
0.6372
0.5983999999999999
0.4092
0.42200000000000004
0.4268
0.4076000000000001
0.3588
0.4468
0.45
0.46840000000000004
0.3884
0.414
0.4296
0.4164
0.41
0.39519999999999994
0.49920000000000003
0.5168
0.5064
0.5344
0.5992000000000001
0.5952
0.58
0.6076
0.6264
0.7111999999999999
0.5364
0.4568
0.488
