temperature
3.3788
3.7016000000000004
3.4404000000000003
4.1648000000000005
4.896
3.7484
3.7424
4.2592
4.3796
4.1288
3.5576
3.2527999999999997
3.1644
3.6756
4.042
3.6388
3.0488
3.3248
3.45
3.924
4.2872
3.9128000000000003
3.7352
3.6868
3.4512
2.9392
3.002
3.2563999999999997
3.6288
3.4152
3.392
3.3539999999999996
3.648
3.9227999999999996
4.1232
4.7344
4.7752
3.9028000000000005
3.6188
3.8956
3.5956
3.4852
3.3960000000000004
2.6968
2.4172
2.6988
3.0112
3.7588
3.1312
3.0736000000000003
3.0912
3.7672000000000003
4.2948
4.54
3.9068
3.8960000000000004
4.466
4.748
4.708
4.8944
5.4228
5.0088
5.184
5.9075999999999995
6.2752
6.2512
5.699199999999999
5.528
6.5964
5.9288
5.9612
6.082000000000001
5.8108
5.820399999999999
5.682799999999999
5.7828
6.056799999999999
5.43
5.5148
5.5676
5.734
6.2736
6.2876
6.583200000000001
6.4956000000000005
6.3736
6.3020000000000005
6.5612
6.3864
7.3864
7.1812000000000005
6.4408
5.7496
5.89
6.4872000000000005
6.8355999999999995
6.5664
6.249199999999999
7.1656
7.7164
7.7524
7.6572000000000005
6.9552
7.549600000000001
8.0936
8.632
7.733333333333333
8.440833333333334
8.348333333333334
7.935
9.044583333333334
9.352916666666667
8.319166666666666
8.505
8.674583333333333
8.720416666666667
8.696250000000001
9.075416666666667
9.147083333333333
9.643749999999999
9.178749999999999
9.42125
9.371666666666666
9.490833333333333
9.66625
9.889583333333333
10.491666666666667
10.187916666666666
9.75
10.416666666666666
10.486666666666666
10.663333333333334
10.80375
10.878333333333332
11.647916666666667
10.9975
10.7525
10.759583333333333
11.422083333333333
11.987916666666665
11.295
11.913333333333334
11.852083333333333
12.186250000000001
12.049583333333333
12.349166666666667
11.612499999999999
11.83625
12.307083333333333
11.945416666666667
13.097499999999998
13.184583333333334
12.854583333333332
12.918333333333335
12.875833333333333
13.74375
13.409166666666666
13.674166666666666
13.755
13.513333333333334
13.74125
13.597916666666668
13.231250000000001
13.904583333333333
13.616666666666667
13.6225
14.415416666666665
14.270833333333334
14.130833333333333
14.484166666666667
14.872083333333334
13.96875
14.2875
13.882083333333334
14.37
14.774166666666666
15.07625
14.981666666666667
15.350416666666668
15.304583333333333
15.772916666666667
15.150416666666667
15.073749999999999
15.65375
16.345
16.089583333333334
16.502916666666668
16.964166666666667
16.813333333333333
16.56083333333333
16.287499999999998
16.6125
16.580416666666668
17.08625
16.83375
16.577916666666667
16.159583333333334
16.062916666666666
16.160833333333333
17.030416666666667
16.55
16.362916666666667
16.765833333333333
16.66125
16.106666666666666
17.01625
17.09208333333333
17.318749999999998
17.441666666666666
17.445416666666667
17.881666666666664
16.615416666666665
16.236666666666668
16.865
16.820416666666667
16.461666666666666
16.584166666666665
16.299583333333334
16.250833333333333
16.315833333333334
16.183333333333334
16.5975
16.93166666666667
16.57375
16.3225
16.74625
16.707916666666666
16.27
16.161666666666665
16.28125
17.022916666666667
17.062916666666666
16.997083333333332
15.97375
15.319583333333334
15.3975
15.495
15.082916666666668
15.005416666666667
15.289166666666667
15.482083333333334
15.051666666666668
14.864166666666668
14.947916666666666
14.734166666666667
13.891666666666666
14.464583333333332
13.852083333333333
13.905833333333334
14.568750000000001
14.139166666666666
14.390416666666667
13.89875
13.816249999999998
13.359166666666667
13.060416666666667
12.875
12.81875
13.499583333333334
13.467916666666667
13.1775
12.803333333333333
12.984583333333333
12.947916666666666
12.677083333333334
12.81125
12.347500000000002
12.249166666666667
12.264166666666666
12.012083333333335
12.529583333333333
12.336666666666666
12.475416666666666
11.923333333333334
11.580416666666666
11.465833333333334
11.359583333333333
11.433333333333332
11.5225
10.802916666666667
11.606250000000001
11.6275
10.339583333333334
10.497916666666667
10.597083333333334
9.637500000000001
9.866666666666667
9.886666666666667
9.28125
9.092916666666666
9.512500000000001
9.990416666666667
9.252916666666666
8.783333333333333
8.704166666666667
9.1525
9.037916666666666
9.458333333333334
9.18375
8.495
8.227916666666667
8.325000000000001
8.553333333333333
8.44
8.524
8.4064
7.9692
7.8796
7.004
7.333600000000001
8.0972
7.9304
7.7904
7.7232
7.1804
6.444
6.1255999999999995
6.3016
6.610799999999999
5.864400000000001
6.1048
6.6728
5.8088
4.9508
5.1132
5.7476
6.1256
5.9912
6.0076
5.1015999999999995
4.6036
4.1528
4.0312
4.636
5.0752
5.9056
5.8852
5.6836
4.803999999999999
4.5396
4.5536
4.0604
3.704
4.0372
4.0204
4.1244
4.0851999999999995
4.2912
4.7428
4.5687999999999995
4.134
4.1296
4.7556
4.796
4.538399999999999
4.2988
4.7412
4.8528
4.6164
4.6604
4.3656
4.8404
3.9832
3.698
3.762
