temperature
4.358076923076923
4.452692307692308
4.255000000000001
4.955
5.282307692307692
4.626153846153846
4.624615384615384
5.121153846153846
5.292307692307692
5.061923076923078
3.9303846153846154
3.571153846153846
3.9315384615384614
4.785769230769231
4.63
4.381923076923077
3.611923076923077
4.0
4.481538461538461
4.716153846153846
5.2807692307692315
5.3076923076923075
5.236538461538462
4.724615384615385
4.59
4.225384615384615
4.520384615384615
4.638076923076923
4.303076923076923
3.4069230769230767
4.013076923076923
4.1923076923076925
4.459615384615384
4.815769230769231
4.817692307692308
5.398076923076923
5.424230769230769
4.782307692307692
4.600384615384615
3.8684615384615384
3.854230769230769
4.077692307692308
3.9453846153846155
3.3061538461538458
2.972692307692308
3.193076923076923
3.412692307692308
4.075
3.6984615384615385
3.818076923076923
3.880769230769231
4.138076923076923
4.4557692307692305
4.8865384615384615
4.4399999999999995
4.0819230769230765
4.406923076923077
4.964615384615385
5.421538461538462
5.318076923076924
5.7192307692307685
5.265
5.185769230769231
5.471923076923077
5.855769230769231
5.916153846153846
5.819999999999999
5.776153846153846
6.601538461538461
6.3465384615384615
6.325384615384616
6.135
6.160769230769231
6.176923076923076
6.174230769230769
6.289615384615384
6.921538461538462
6.269230769230769
6.244230769230769
6.5
6.428076923076923
7.118846153846154
7.276153846153846
7.225384615384616
7.030384615384615
6.657307692307692
6.8442307692307685
6.663461538461538
6.988846153846154
7.709615384615384
7.25
6.867692307692308
6.564230769230769
6.483846153846153
6.616153846153845
7.29
7.634615384615385
6.882307692307692
7.380769230769231
8.11
7.944615384615385
8.381538461538462
8.125769230769231
8.055
8.836923076923076
8.860384615384616
8.23
8.53076923076923
8.716923076923077
8.581153846153846
9.285769230769231
9.892307692307693
9.083461538461538
9.058846153846154
8.961538461538462
8.838846153846154
9.318076923076923
9.173461538461538
9.578846153846154
9.836923076923076
9.467692307692307
9.92576923076923
9.889615384615384
10.004615384615384
10.38923076923077
10.430384615384614
10.78076923076923
10.76923076923077
10.870000000000001
11.134615384615385
11.077692307692306
11.205769230769231
11.197692307692307
11.204230769230769
11.73576923076923
11.586153846153847
11.063846153846155
11.650769230769232
12.098846153846154
12.35423076923077
11.92576923076923
12.661538461538461
12.580769230769231
12.980384615384615
12.99
13.125384615384615
12.639999999999999
12.397692307692306
12.93
12.755384615384616
13.115
13.50423076923077
13.252307692307692
13.258846153846154
13.086923076923076
13.491153846153846
13.538076923076924
13.661153846153846
13.975384615384616
13.909230769230769
13.666923076923078
13.663846153846153
13.450769230769232
14.143461538461539
14.170384615384616
14.32
14.938461538461537
14.331538461538461
14.417692307692308
14.672307692307694
14.868846153846153
14.896538461538462
14.778461538461539
14.86153846153846
15.170384615384616
15.206538461538461
15.927692307692308
15.725000000000001
15.808076923076923
15.716923076923077
16.09423076923077
15.905
15.588076923076924
16.143846153846155
17.079615384615384
16.74269230769231
16.822307692307692
16.948076923076922
17.198461538461537
16.83153846153846
16.753461538461536
16.845384615384617
17.005769230769232
17.248076923076923
17.17653846153846
16.695769230769233
16.49076923076923
16.419615384615387
16.653846153846153
17.01076923076923
17.08653846153846
16.695384615384615
17.018076923076926
16.726153846153846
16.43769230769231
17.254615384615384
17.16923076923077
17.35923076923077
17.26576923076923
17.478461538461538
17.884999999999998
17.14423076923077
17.063846153846153
17.43307692307692
17.413076923076922
17.208076923076923
16.868076923076924
16.67
16.470769230769232
17.31153846153846
17.249615384615385
16.752692307692307
16.796153846153846
16.596923076923076
16.963076923076922
17.30923076923077
17.165
16.913846153846155
16.548461538461538
16.631153846153843
17.318846153846156
17.16423076923077
17.178076923076922
16.564230769230768
15.803076923076922
15.986153846153845
16.22
16.13923076923077
15.61423076923077
15.746153846153845
15.893461538461539
15.713076923076924
15.521538461538462
15.537692307692309
15.276923076923076
14.842692307692309
14.908076923076923
14.62923076923077
14.603461538461538
15.058846153846153
15.280384615384616
14.88076923076923
14.348461538461539
14.373076923076923
13.955
13.582692307692307
13.62923076923077
13.716923076923077
13.795769230769231
13.856153846153846
14.096923076923076
13.57076923076923
13.456153846153846
13.468846153846155
13.452692307692306
13.553461538461537
13.41
13.043076923076923
13.343461538461538
12.799615384615386
12.833846153846155
13.057692307692308
12.682692307692308
12.511538461538462
12.435
12.523846153846154
12.340384615384616
11.853846153846153
11.834999999999999
11.352307692307692
11.941538461538462
12.418076923076923
11.887692307692307
11.711538461538462
11.950384615384614
10.864615384615385
10.693846153846154
10.605384615384615
9.996538461538462
10.236923076923079
10.534230769230769
10.346923076923076
10.271923076923077
9.445
9.746153846153847
9.89423076923077
10.121538461538462
10.390384615384615
10.064615384615385
9.580384615384615
9.201538461538462
9.523461538461538
9.870000000000001
9.742692307692307
9.68346153846154
9.468461538461538
8.697692307692309
8.408846153846154
7.798461538461538
8.143076923076922
9.120000000000001
8.825
8.413846153846153
8.678076923076922
8.122692307692308
7.524615384615384
7.200384615384616
6.799230769230769
7.086153846153847
6.936923076923076
7.19423076923077
6.980769230769231
6.332307692307692
6.208076923076923
6.3380769230769225
6.405
6.710384615384616
6.686538461538461
6.391923076923077
5.900384615384615
5.466538461538462
5.17576923076923
5.273076923076923
5.84
6.193461538461539
6.79
6.357307692307692
6.321923076923077
5.998846153846154
5.770384615384615
6.011538461538462
5.120769230769231
4.736923076923077
5.068461538461539
4.9350000000000005
5.316538461538461
5.466923076923076
5.5
5.7711538461538465
5.770769230769231
5.618846153846154
5.254615384615385
5.676923076923076
5.865384615384615
5.7434615384615375
5.270769230769231
5.491153846153846
5.321538461538461
5.346153846153846
5.613461538461538
5.272692307692308
5.413461538461538
4.808461538461538
4.194615384615385
4.281538461538462
