pet
0.3984615384615384
0.31384615384615383
0.39615384615384613
0.34769230769230774
0.4053846153846154
0.3384615384615384
0.44999999999999996
0.35307692307692307
0.44153846153846155
0.47692307692307695
0.5753846153846154
0.6499999999999999
0.5853846153846154
0.45153846153846156
0.5269230769230769
0.4592307692307692
0.47846153846153844
0.6030769230769231
0.8176923076923077
0.6753846153846154
0.37
0.3438461538461539
0.40769230769230774
0.3676923076923077
0.4876923076923077
0.48461538461538467
0.536923076923077
0.5438461538461539
0.5215384615384615
0.5369230769230768
0.6676923076923077
0.6638461538461539
0.6315384615384615
0.6884615384615386
0.8392307692307692
0.783076923076923
0.6815384615384615
0.6523076923076924
0.6761538461538461
0.6523076923076924
0.6892307692307693
1.0115384615384615
0.9292307692307692
0.6184615384615384
0.6476923076923077
0.7292307692307692
0.543076923076923
0.6476923076923077
0.6607692307692308
0.6515384615384616
0.7123076923076923
0.803076923076923
0.7453846153846153
0.8853846153846153
0.6253846153846153
0.8469230769230769
0.8415384615384615
0.8015384615384615
0.7630769230769231
0.8200000000000001
0.8307692307692308
0.7261538461538461
0.6484615384615384
0.6284615384615384
0.9900000000000001
1.316153846153846
1.1876923076923078
1.2746153846153847
1.2207692307692306
1.1107692307692307
1.0492307692307692
1.0515384615384615
1.3184615384615386
1.4007692307692308
1.6615384615384616
1.669230769230769
1.1076923076923075
1.146153846153846
1.2053846153846153
1.216923076923077
1.34
1.2969230769230768
1.3084615384615386
1.4276923076923076
1.4476923076923076
1.4246153846153846
1.4315384615384614
1.540769230769231
1.6776923076923076
1.93
1.9315384615384614
1.893076923076923
1.8438461538461537
1.8399999999999999
1.8492307692307692
1.4815384615384615
1.2161538461538461
1.4453846153846153
1.6415384615384616
1.5646153846153845
1.48
1.5146153846153847
1.5969230769230767
1.793076923076923
1.682307692307692
1.6484615384615384
1.7115384615384615
1.53
1.5
1.7446153846153847
2.1653846153846152
2.3453846153846154
2.227692307692308
2.4861538461538464
2.4046153846153846
2.2800000000000002
2.493846153846154
2.1976923076923076
2.1592307692307693
2.283846153846154
2.4469230769230768
2.6507692307692308
2.600769230769231
2.5546153846153845
2.476923076923077
2.4507692307692306
2.5730769230769233
2.5515384615384615
2.743846153846154
2.793846153846154
2.763076923076923
2.7315384615384612
2.6623076923076923
2.483846153846154
2.913846153846154
2.7961538461538464
2.7430769230769227
2.7223076923076923
2.8907692307692305
2.810769230769231
2.4346153846153844
2.480769230769231
2.787692307692308
2.6638461538461535
2.753846153846154
2.7384615384615385
2.8115384615384618
2.667692307692308
2.8753846153846156
2.8276923076923075
2.899230769230769
3.1184615384615384
2.8907692307692305
2.6107692307692307
2.4423076923076925
2.75
2.7553846153846155
2.632307692307692
2.879230769230769
3.1046153846153848
2.876923076923077
2.7146153846153847
2.6584615384615384
2.8576923076923078
2.724615384615385
2.7776923076923077
2.9669230769230768
2.996923076923077
3.2130769230769234
3.1153846153846154
2.8653846153846154
2.5553846153846154
2.8176923076923077
2.92
2.707692307692308
2.56
2.616153846153846
2.5430769230769235
2.793846153846154
2.8723076923076927
2.7453846153846153
2.9976923076923074
3.253846153846154
2.9092307692307693
2.9346153846153844
2.976153846153846
2.914615384615385
2.9153846153846152
2.9846153846153842
2.673076923076923
2.8207692307692307
2.649230769230769
2.7915384615384613
2.689230769230769
2.873076923076923
3.028461538461538
3.105384615384615
2.883076923076923
2.746923076923077
2.976923076923077
2.7915384615384613
2.6715384615384616
2.8561538461538465
2.8207692307692307
2.7838461538461536
2.787692307692308
2.8530769230769235
2.986923076923077
3.2492307692307696
3.206153846153846
2.9238461538461538
2.8915384615384614
2.6030769230769226
2.7361538461538464
2.8746153846153844
2.9815384615384612
2.9846153846153842
3.1530769230769233
2.8423076923076924
2.9000000000000004
2.8623076923076924
2.8184615384615386
3.0007692307692304
2.5715384615384616
2.6115384615384616
2.6015384615384614
2.471538461538462
2.496923076923077
2.660769230769231
2.6315384615384616
2.5053846153846155
2.1607692307692306
2.1507692307692308
2.223846153846154
2.4423076923076925
2.1215384615384614
2.1723076923076925
2.0430769230769235
1.9276923076923078
1.8992307692307693
1.936923076923077
2.0923076923076924
2.0992307692307692
1.9476923076923076
2.1046153846153848
1.9007692307692308
2.103076923076923
2.249230769230769
2.276153846153846
2.0346153846153845
1.936923076923077
1.7707692307692307
1.8184615384615386
2.1153846153846154
1.99
1.8546153846153846
1.7084615384615385
1.5484615384615383
1.4238461538461538
1.6484615384615384
1.6315384615384616
1.6653846153846152
1.6184615384615384
1.6615384615384616
1.5646153846153845
1.4507692307692308
1.4453846153846153
1.3523076923076922
1.426153846153846
1.6215384615384614
1.5530769230769228
1.416153846153846
1.5492307692307692
1.4576923076923076
1.1623076923076923
1.063076923076923
1.0092307692307692
1.196923076923077
1.1346153846153846
1.0753846153846154
1.143076923076923
1.1630769230769231
1.2992307692307692
1.2523076923076923
1.0853846153846154
1.1884615384615385
1.1984615384615385
1.0453846153846154
1.003076923076923
0.7653846153846153
0.8038461538461538
0.75
0.7653846153846153
1.0
0.8761538461538462
0.8323076923076923
0.9738461538461538
0.996923076923077
0.8669230769230769
0.97
0.8784615384615384
0.8992307692307692
0.9176923076923077
0.7100000000000001
0.7707692307692308
0.7753846153846153
0.5838461538461538
0.5807692307692307
0.7615384615384616
0.5792307692307692
0.7215384615384616
0.6761538461538461
0.4815384615384615
0.6107692307692307
0.5546153846153846
0.6007692307692308
0.5238461538461539
0.4407692307692308
0.5715384615384616
0.44916666666666666
0.4366666666666667
0.4075
0.44083333333333335
0.38083333333333336
0.3175
0.21166666666666667
0.3341666666666667
0.46416666666666667
0.4566666666666666
0.4808333333333334
0.6891666666666666
0.605
0.5641666666666666
0.6575
0.5075
0.5008333333333334
0.4275
0.43166666666666664
0.5916666666666667
0.6
0.41583333333333333
0.41250000000000003
0.38166666666666665
0.44916666666666666
0.4558333333333333
0.5083333333333334
0.5058333333333334
0.3941666666666667
0.3133333333333333
0.27166666666666667
0.22666666666666668
0.18000000000000002
0.15166666666666664
0.21583333333333332
0.3
0.44999999999999996
0.7133333333333334
0.7566666666666667
0.45999999999999996
0.41083333333333333
0.3558333333333333
0.22333333333333336
0.30416666666666664
0.385
0.44583333333333336
