pet
0.47423076923076923
0.39192307692307693
0.3880769230769231
0.33384615384615385
0.35307692307692307
0.3923076923076923
0.5
0.4603846153846154
0.4342307692307692
0.4073076923076923
0.533076923076923
0.5073076923076922
0.4857692307692308
0.3976923076923077
0.505
0.4719230769230769
0.3934615384615385
0.5061538461538462
0.5615384615384615
0.42653846153846153
0.33576923076923076
0.39192307692307693
0.41423076923076924
0.3807692307692308
0.47000000000000003
0.43884615384615383
0.5042307692307693
0.5626923076923077
0.5276923076923077
0.4523076923076923
0.5738461538461539
0.6134615384615385
0.6111538461538462
0.5392307692307692
0.6788461538461538
0.6926923076923077
0.5407692307692308
0.5515384615384615
0.5884615384615385
0.53
0.5265384615384615
0.6607692307692308
0.6446153846153847
0.4826923076923077
0.5915384615384616
0.7480769230769231
0.6934615384615385
0.7653846153846153
0.6596153846153846
0.7911538461538462
0.8280769230769232
0.9088461538461539
0.84
0.8673076923076923
0.8065384615384615
0.8161538461538461
0.7538461538461539
0.7892307692307692
0.716923076923077
0.7434615384615384
0.788076923076923
0.7419230769230769
0.6992307692307692
0.7100000000000001
0.9434615384615385
1.0857692307692308
1.1784615384615384
1.2353846153846153
1.2265384615384616
1.1730769230769231
1.1457692307692307
1.01
1.3288461538461538
1.4846153846153847
1.3703846153846155
1.363076923076923
1.2596153846153846
1.241153846153846
1.2465384615384614
1.3592307692307695
1.2834615384615384
1.4084615384615384
1.3934615384615383
1.4711538461538463
1.5076923076923079
1.5038461538461538
1.7084615384615385
1.6676923076923076
1.7607692307692309
1.7507692307692306
1.7761538461538462
1.830769230769231
1.8361538461538462
1.7488461538461537
1.8276923076923077
1.7757692307692308
1.5784615384615384
1.7846153846153845
1.9276923076923076
1.7999999999999998
1.7384615384615385
1.768846153846154
1.9065384615384615
1.996923076923077
2.026153846153846
1.9861538461538462
2.0707692307692307
1.968076923076923
1.9915384615384615
2.2142307692307694
2.5026923076923073
2.522307692307692
2.5096153846153846
2.620769230769231
2.344230769230769
2.2046153846153844
2.223076923076923
2.2165384615384616
2.0303846153846155
2.267692307692308
2.404230769230769
2.483076923076923
2.4861538461538464
2.4896153846153846
2.5807692307692305
2.6388461538461536
2.878846153846154
2.858461538461538
2.870769230769231
3.036538461538462
2.856923076923077
2.73
2.7384615384615385
2.5949999999999998
2.8469230769230767
2.861923076923077
2.8084615384615383
2.7976923076923077
2.8746153846153844
2.873846153846154
2.8453846153846154
2.8573076923076925
2.9203846153846156
2.897307692307692
3.035769230769231
3.1146153846153846
3.0896153846153847
2.988076923076923
3.0126923076923076
3.0542307692307693
3.0549999999999997
3.2526923076923073
3.0342307692307693
2.914230769230769
2.762307692307692
2.7126923076923077
2.6711538461538464
2.6738461538461538
2.741923076923077
2.954230769230769
2.8623076923076924
2.8576923076923078
2.6723076923076925
2.881153846153846
2.8753846153846156
2.878076923076923
3.108461538461538
3.147692307692308
3.119230769230769
3.0342307692307693
2.925
2.8857692307692306
2.8446153846153845
2.993846153846154
2.951923076923077
3.0515384615384615
3.1623076923076923
2.9784615384615383
3.0292307692307694
3.1215384615384614
3.0592307692307696
3.1653846153846152
3.0603846153846153
3.0676923076923077
3.0257692307692308
3.112692307692308
3.1569230769230767
3.1469230769230765
3.1884615384615387
3.218461538461538
3.1065384615384612
3.0288461538461537
3.0234615384615386
2.9846153846153842
3.147307692307692
3.1507692307692308
3.286538461538462
3.2461538461538457
3.4511538461538462
3.4811538461538456
3.134230769230769
3.1134615384615385
3.0896153846153847
3.1842307692307696
3.1769230769230767
3.340384615384615
3.188846153846154
3.0915384615384616
3.0623076923076926
2.9596153846153848
2.867692307692308
2.9569230769230765
3.0561538461538458
2.9134615384615383
2.946153846153846
2.8865384615384615
2.9042307692307694
2.884230769230769
2.8423076923076924
3.0219230769230765
2.848076923076923
2.778461538461538
2.94
2.7915384615384613
2.799615384615385
2.7007692307692306
2.573846153846154
2.536923076923077
2.5265384615384616
2.5184615384615388
2.4823076923076925
2.4184615384615387
2.4699999999999998
2.5696153846153846
2.464230769230769
2.296923076923077
2.548076923076923
2.2965384615384616
2.164230769230769
2.055769230769231
2.0507692307692307
2.0107692307692306
1.9642307692307692
1.9657692307692307
2.2800000000000002
2.1984615384615385
2.2876923076923075
2.235384615384615
2.18
2.02
2.1223076923076922
1.988846153846154
2.2392307692307694
2.076923076923077
1.9030769230769233
1.801153846153846
1.7430769230769232
1.7961538461538462
1.691153846153846
1.6365384615384615
1.735769230769231
1.7457692307692307
1.7542307692307693
1.7349999999999999
1.651923076923077
1.6126923076923076
1.5357692307692308
1.4853846153846153
1.5088461538461537
1.555
1.5496153846153846
1.583076923076923
1.6092307692307695
1.4361538461538461
1.3357692307692306
1.3115384615384615
1.1930769230769231
1.25
1.116923076923077
1.1126923076923076
1.3123076923076922
1.228076923076923
1.3826923076923079
1.1076923076923078
1.1180769230769232
1.1573076923076924
1.0403846153846155
1.0361538461538462
1.0576923076923077
0.8919230769230769
0.9446153846153845
0.8923076923076922
0.9123076923076923
0.9957692307692307
0.8596153846153847
1.0288461538461537
1.0115384615384615
1.031923076923077
0.9338461538461539
0.9711538461538461
1.0146153846153845
0.9138461538461538
0.948076923076923
0.9111538461538462
0.8103846153846154
0.7792307692307692
0.6788461538461538
0.6538461538461539
0.6688461538461539
0.6303846153846154
0.5273076923076923
0.578076923076923
0.606923076923077
0.6515384615384616
0.6119230769230769
0.5361538461538461
0.5549999999999999
0.5376923076923077
0.6115384615384616
0.49461538461538457
0.5538461538461539
0.5192307692307693
0.43615384615384617
0.44038461538461543
0.43
0.38038461538461543
0.3353846153846154
0.4269230769230769
0.4461538461538461
0.45307692307692304
0.4819230769230769
0.4896153846153846
0.43769230769230766
0.46807692307692306
0.41115384615384615
0.43346153846153845
0.3203846153846154
0.3469230769230769
0.46269230769230774
0.5357692307692308
0.4096153846153846
0.4246153846153847
0.3457692307692308
0.32769230769230767
0.32192307692307687
0.4519230769230769
0.3526923076923077
0.3961538461538462
0.37538461538461537
0.35923076923076924
0.32653846153846156
0.33999999999999997
0.30846153846153845
0.4046153846153846
0.5396153846153846
0.5584615384615385
0.643846153846154
0.5757692307692308
0.4623076923076923
0.4465384615384615
0.40653846153846157
0.2980769230769231
0.49500000000000005
0.5538461538461539
0.5223076923076924
