pet
0.47800000000000004
0.328
0.233
0.27199999999999996
0.36350000000000005
0.3315
0.3845
0.38049999999999995
0.479
0.4545
0.453
0.425
0.44800000000000006
0.48
0.5105
0.48550000000000004
0.33999999999999997
0.404
0.481
0.5485
0.5455
0.409
0.3875
0.3125
0.205
0.356
0.3145
0.403
0.4545
0.43949999999999995
0.45899999999999996
0.523
0.619
0.7030000000000001
0.7275
0.8299999999999998
0.6599999999999999
0.426
0.4845
0.521
0.438
0.5515
0.509
0.476
0.6014999999999999
0.5855
0.5295
0.608
0.5915
0.5895
0.5115000000000001
0.5780000000000001
0.7064999999999999
0.697
0.5175
0.5115000000000001
0.5005
0.6345
0.505
0.5325
0.5429999999999999
0.6970000000000001
0.865
0.9574999999999999
1.167
1.1765
1.033
1.083
1.0465
1.049
1.161
1.131
1.095
0.9810000000000001
1.185
1.2105000000000001
0.909
0.885
0.9665000000000001
1.014
0.977
0.924
0.913
0.8835000000000001
1.021
0.9814999999999999
0.967
1.2625
1.4689999999999999
1.5265
1.562
1.1655
1.0445
1.1185
1.3264999999999998
1.2994999999999999
1.2734999999999999
1.4789999999999999
1.571
1.6605
1.511
1.2754999999999999
1.342
1.44
1.442
1.456
1.397
1.4405
1.3855
1.6905000000000001
1.8259999999999998
1.6575
1.6915
1.848
1.762
1.8605
1.9385
2.0305
2.103
2.1925
2.4665
2.2705
2.3615000000000004
2.275
2.044
2.3105
2.48
2.2135
2.1704999999999997
2.214
2.011
2.2485
2.33
2.6025
2.4524999999999997
2.3095
2.2725
2.2670000000000003
2.2095
2.5620000000000003
2.354
2.4215
2.7265
2.665
2.606
2.5885000000000002
2.435
2.536
2.4745
2.6525
2.82
2.501
2.288
1.9675
2.003
2.041
2.1805
2.2895
2.3745000000000003
2.3625
2.295
2.1595
2.2395
2.4895
2.355
2.386
2.527
2.6399999999999997
2.6405000000000003
2.8535
2.6765
2.3405
2.1935
2.3525
2.461
2.6765
2.6075000000000004
2.501
2.5345
2.498
2.185
2.232
2.368
2.5675
2.6385
2.59
2.5995
2.715
2.505
2.3825
2.443
2.5175
2.2835
2.304
2.3634999999999997
2.29
2.069
2.2190000000000003
2.309
2.637
2.5235
2.3825
2.392
2.4515000000000002
2.451
2.415
2.4385000000000003
2.4375
2.5975
2.363
2.3600000000000003
2.3129999999999997
2.3259999999999996
2.4225000000000003
2.143
2.0735
2.131
2.2495000000000003
2.028
2.146
2.036
1.9649999999999999
1.9825
2.125
2.1175
2.206
2.109
1.925
2.008
2.0855
2.072
2.104
1.9649999999999999
1.7485
1.685
1.784
1.6605
1.7155
1.691
1.8465
1.687
1.7325
1.653
1.5845
1.6969999999999998
1.5615
1.4789999999999999
1.375
1.2429999999999999
1.3325
1.4465
1.341
1.3995000000000002
1.385
1.169
1.0505
1.087
1.0975
1.135
1.163
1.2025000000000001
1.2994999999999999
1.417
1.3705
1.2165
1.315
1.0230000000000001
1.0905
1.1019999999999999
1.1145
1.2945
1.343
1.325
1.173
1.2189999999999999
1.1664999999999999
1.1755
1.061
0.9460000000000001
0.885
1.0230000000000001
1.0755
0.7915
0.866
0.8295
0.9705
1.0150000000000001
0.8
0.915
0.7775000000000001
0.6485000000000001
0.6165
0.613
0.692
0.692
0.6675
0.6825
0.7745
0.6495
0.49050000000000005
0.532
0.5235000000000001
0.5455
0.5555
0.6025
0.522
0.5925
0.4915
0.46449999999999997
0.5255
0.5780000000000001
0.461
0.4765
0.48150000000000004
0.4035
0.43150000000000005
0.4585
0.42400000000000004
0.5235000000000001
0.5115789473684211
0.3710526315789474
0.3394736842105263
0.2726315789473684
0.28842105263157897
0.3815789473684211
0.3642105263157895
0.5473684210526316
0.5052631578947369
0.42526315789473684
0.3642105263157895
0.4473684210526316
0.39210526315789473
0.38947368421052636
0.5757894736842105
0.4694736842105263
0.61
0.5152631578947369
0.33842105263157896
0.3705263157894737
0.3147368421052632
0.31315789473684214
0.4131578947368421
0.3836842105263158
0.40421052631578946
0.4605263157894737
0.3336842105263158
0.35631578947368425
0.41736842105263156
0.3978947368421053
0.4921052631578947
0.33157894736842103
0.29789473684210527
0.21842105263157896
0.30842105263157893
0.3436842105263158
0.32894736842105265
0.39263157894736844
0.46684210526315784
0.29
0.2710526315789474
0.2768421052631579
0.35157894736842105
0.33157894736842103
0.371578947368421
0.3847368421052632
