temperature
4.652222222222222
4.206666666666667
4.172777777777778
4.8533333333333335
5.839444444444444
5.036666666666666
5.13
5.277777777777778
5.581666666666667
5.016666666666667
4.785
5.276666666666667
5.471666666666667
5.510000000000001
5.514444444444445
5.044444444444444
4.268888888888889
4.850555555555555
5.577222222222222
5.702777777777778
4.677222222222222
4.052777777777778
4.617777777777778
4.533888888888889
4.0905555555555555
3.795555555555555
4.171666666666667
4.045555555555556
4.707777777777777
4.891666666666667
4.991666666666666
4.626666666666667
5.006666666666667
5.952222222222222
6.411666666666666
6.067777777777778
5.828333333333333
5.226111111111111
4.7844444444444445
5.045555555555556
5.623333333333333
6.113888888888889
5.491666666666666
4.263333333333333
4.373888888888889
5.031666666666666
4.408888888888889
5.195
5.375555555555555
5.243888888888889
4.919444444444444
4.9127777777777775
5.2188888888888885
5.822222222222222
4.422222222222222
5.168333333333333
5.327222222222222
5.36
4.989999999999999
4.734444444444445
4.69
5.131666666666667
5.976111111111111
6.185555555555556
7.045
7.58
6.972222222222222
7.073888888888889
7.933888888888889
6.753333333333334
6.864444444444445
7.038333333333333
7.743333333333333
7.927222222222222
8.235555555555557
8.546666666666667
7.666111111111111
7.012222222222222
7.7749999999999995
7.819999999999999
7.881666666666667
8.391666666666667
7.836666666666667
7.212777777777777
6.992222222222222
7.223333333333334
7.465
7.709444444444445
7.778333333333332
9.032777777777778
8.997777777777777
8.182777777777778
7.705555555555555
7.654999999999999
7.783333333333333
7.738333333333333
6.857777777777778
7.220555555555555
8.360555555555557
8.340555555555556
8.395000000000001
8.511666666666667
7.281666666666666
7.708333333333333
7.857777777777778
8.292222222222222
7.991666666666666
8.207777777777778
8.085555555555555
8.376111111111111
10.164444444444445
10.27111111111111
9.467777777777776
9.886111111111111
10.027222222222223
10.025555555555556
10.518333333333333
10.472777777777777
10.546111111111111
10.917222222222222
11.382777777777777
11.40388888888889
11.417222222222222
11.166111111111112
10.897222222222222
10.285882352941178
11.201176470588237
11.51764705882353
10.724117647058824
11.47764705882353
11.354117647058825
11.626470588235295
12.08470588235294
12.23058823529412
13.294705882352941
12.24470588235294
12.133529411764707
12.071176470588236
12.462941176470588
12.814705882352941
12.600588235294119
12.80235294117647
13.381764705882354
13.108823529411765
12.254117647058823
12.715294117647058
12.967058823529412
12.92470588235294
13.707647058823529
13.096470588235295
13.647058823529411
13.81529411764706
13.25470588235294
12.835882352941177
12.414117647058823
13.962352941176471
14.182941176470589
14.076470588235296
13.933529411764706
14.481176470588236
13.939411764705882
14.044117647058824
13.641176470588235
14.812941176470588
14.673529411764704
15.567647058823528
15.771176470588236
15.747647058823528
15.585882352941175
15.338823529411764
15.610588235294117
14.625882352941176
14.83235294117647
14.499411764705883
15.185882352941174
15.635882352941177
16.579411764705885
14.928823529411764
15.764705882352942
16.00529411764706
16.503529411764706
15.612352941176471
15.576470588235296
15.96529411764706
16.115882352941178
16.31705882352941
16.38
16.947058823529414
16.79705882352941
16.09
16.42470588235294
16.303529411764707
16.375882352941176
16.29764705882353
17.171764705882353
17.40294117647059
16.981176470588235
16.26529411764706
17.046470588235294
17.584705882352942
17.804117647058824
17.249411764705883
17.72764705882353
17.75941176470588
17.141176470588235
17.29470588235294
17.201764705882354
17.544117647058822
17.931764705882355
18.33294117647059
18.24529411764706
17.47941176470588
17.685294117647057
18.000588235294117
17.584705882352942
17.378235294117648
17.668235294117647
18.378235294117648
17.82
18.03882352941176
18.349999999999998
17.91176470588235
17.764117647058825
17.14
17.03882352941176
17.023529411764706
16.855882352941176
16.93764705882353
16.89764705882353
17.133529411764705
17.367058823529412
17.27
17.078823529411764
16.891176470588235
16.628235294117648
16.635882352941177
16.461176470588235
16.081764705882353
15.636470588235294
15.48470588235294
15.25470588235294
15.202352941176471
14.75235294117647
15.157058823529413
15.81235294117647
14.99764705882353
14.68764705882353
15.348235294117648
15.181176470588234
15.248823529411766
14.909411764705883
14.388823529411766
14.686470588235295
14.858823529411765
14.281764705882352
14.02470588235294
13.278823529411765
13.57
13.45470588235294
14.221764705882352
14.729411764705883
13.645882352941175
13.374705882352941
13.92705882352941
12.734117647058824
13.186470588235295
12.968235294117648
12.719411764705882
13.074705882352943
13.010000000000002
13.442941176470589
13.236470588235294
13.17470588235294
12.489411764705881
11.705882352941176
11.538235294117648
11.381764705882354
11.558235294117647
11.761176470588236
11.157058823529411
11.833529411764705
12.051176470588235
11.695882352941178
11.40529411764706
11.390588235294118
10.782352941176471
10.79529411764706
10.539411764705884
10.358235294117648
9.384705882352941
9.458823529411765
9.838823529411764
9.592941176470589
9.708823529411765
9.817058823529411
9.897647058823528
9.99
10.341176470588236
9.531176470588235
9.487647058823528
9.134705882352941
9.26705882352941
8.712352941176471
8.521176470588236
8.647058823529411
8.675882352941176
8.331764705882353
8.217647058823529
8.066470588235294
8.299411764705882
8.851176470588236
8.26705882352941
7.663529411764706
8.109411764705882
8.187058823529412
8.01705882352941
7.154705882352941
6.377058823529412
6.584117647058824
6.385294117647058
6.628823529411765
6.8217647058823525
6.3488235294117645
5.146470588235295
4.827647058823529
4.982352941176471
5.665882352941177
6.228823529411764
6.616470588235295
6.45
6.169411764705882
6.023529411764706
6.091176470588235
6.61
6.2435294117647056
6.636470588235294
6.185294117647059
5.159411764705882
5.152352941176471
5.153529411764706
4.775294117647059
4.6135294117647065
4.701764705882353
4.3116666666666665
4.875555555555556
5.639444444444445
4.611666666666666
3.9094444444444445
4.604444444444444
5.623333333333333
4.906666666666666
4.603888888888889
4.772777777777778
4.158333333333333
4.7988888888888885
5.248333333333333
5.395
5.648333333333333
4.833333333333333
4.558333333333334
4.155
4.526111111111111
3.855
3.5088888888888885
3.663888888888889
