temperature
5.784800000000001
5.466
4.8788
4.8644
5.0476
5.032
5.5367999999999995
5.1552
5.1171999999999995
5.651999999999999
5.7116
5.8872
5.528
5.7124
6.0016
5.4112
5.127999999999999
5.4148000000000005
5.3656
4.482
4.68
4.5760000000000005
4.6272
4.8144
5.339600000000001
5.0732
5.316
5.5328
5.0388
4.7512
5.354
5.1984
5.24
5.1636
5.858
5.6324000000000005
4.8444
5.11
4.9319999999999995
4.474
4.5844
5.118399999999999
5.5112
5.093999999999999
5.5976
6.0256
5.4888
5.869199999999999
5.6836
6.05
6.2
6.3124
6.1824
6.0760000000000005
5.755599999999999
5.9084
5.6756
5.228
4.930400000000001
4.9012
5.1036
5.1608
4.8888
5.4212
5.8252
6.4572
6.888
7.4252
7.0952
6.830799999999999
6.3224
6.320799999999999
7.296799999999999
7.818
7.443200000000001
7.409199999999999
6.686
7.2791999999999994
7.1296
7.4128
7.204
7.6336
7.7648
8.0236
7.97
7.9708000000000006
8.4176
8.1512
8.4828
8.620800000000001
8.4856
8.427999999999999
8.4392
8.245600000000001
8.4976
8.3448
7.7516
8.387599999999999
8.4612
8.3148
8.4628
8.4484
8.8488
8.9952
8.968
9.011538461538462
9.220384615384615
8.752307692307692
9.065
9.920384615384616
11.003846153846155
10.697307692307692
10.96653846153846
11.14423076923077
10.451923076923077
9.873076923076923
10.095384615384615
9.889999999999999
9.535769230769231
10.039230769230768
10.46269230769231
10.570384615384615
10.790384615384616
10.695
10.838076923076924
10.817692307692308
11.771538461538462
11.783846153846154
11.757307692307693
12.292692307692308
11.64576923076923
11.672307692307694
11.487692307692308
11.548846153846153
12.435384615384615
12.035384615384617
11.945384615384615
11.930769230769231
12.378461538461538
12.44076923076923
12.75923076923077
12.578846153846154
12.563461538461537
12.568461538461538
12.998076923076923
13.166923076923078
13.109615384615385
13.211923076923076
13.403461538461539
13.752692307692307
14.066153846153847
15.079615384615384
14.603461538461538
14.252692307692307
13.822692307692307
13.923461538461538
13.805
13.881153846153845
14.168461538461539
14.576538461538462
14.753461538461538
14.379615384615384
14.032692307692308
14.31846153846154
14.695384615384615
14.580769230769231
15.395
15.399230769230769
15.457307692307692
15.25076923076923
14.991923076923078
14.88846153846154
14.986153846153845
15.284230769230769
15.24923076923077
15.760769230769231
16.17653846153846
15.567307692307692
15.84153846153846
16.068846153846156
15.98423076923077
15.926923076923078
15.951538461538462
16.196923076923078
15.843846153846155
15.832307692307692
15.806923076923077
16.06576923076923
16.244615384615386
16.646153846153847
16.67
16.356153846153845
16.224615384615387
15.857692307692307
16.517692307692307
16.39346153846154
16.645384615384614
16.951923076923077
17.47769230769231
17.58076923076923
16.75
16.667307692307695
16.90346153846154
17.05923076923077
16.792307692307695
17.47730769230769
16.981153846153845
16.806923076923077
16.744615384615386
16.64076923076923
16.420384615384616
16.44192307692308
17.00923076923077
17.015384615384615
16.91423076923077
16.467307692307692
16.808846153846154
16.53846153846154
16.388461538461538
17.094615384615384
16.831923076923076
16.641923076923078
16.90153846153846
16.811153846153847
17.15346153846154
16.665769230769232
16.10576923076923
16.259615384615383
16.360384615384614
15.903846153846153
16.158846153846152
16.12
16.114615384615384
16.49423076923077
16.180384615384614
15.633461538461539
16.106923076923074
15.612307692307693
15.449615384615385
15.205384615384615
14.994615384615384
14.999615384615385
14.843076923076923
14.915384615384616
15.898076923076925
15.479615384615386
15.804615384615385
15.723076923076924
15.467307692307692
15.21923076923077
15.272307692307692
15.03346153846154
15.747307692307693
15.163461538461538
14.836153846153847
14.35423076923077
14.06576923076923
14.416153846153845
13.92153846153846
13.887307692307692
14.220769230769232
14.351153846153846
14.27346153846154
14.445
14.106538461538461
13.715
13.151538461538461
13.421153846153846
13.286923076923076
13.30153846153846
13.452307692307691
13.657692307692308
14.006153846153847
13.0336
12.5084
12.1964
11.941600000000001
12.495999999999999
11.790799999999999
11.9796
12.591600000000001
12.214400000000001
12.482000000000001
11.623199999999999
11.645999999999999
11.433599999999998
11.078399999999998
11.5948
11.26
10.742799999999999
10.9156
10.4956
10.4148
10.6884
10.393600000000001
10.5724
10.55
10.602
10.5988
10.3696
10.1476
9.9052
10.3092
10.076799999999999
9.690800000000001
9.5584
9.0536
9.0144
9.2196
8.8576
8.7108
8.8048
8.773200000000001
9.3344
9.0952
8.549199999999999
8.365599999999999
8.2404
8.5528
7.956
8.378400000000001
7.812799999999999
7.5443999999999996
7.3052
6.9132
6.5716
6.6852
7.2524
6.8312
7.150399999999999
7.0360000000000005
6.972799999999999
6.5776
6.2416
5.647200000000001
5.5816
5.7463999999999995
5.7872
6.4456
6.6024
6.3244
6.1652
6.06
6.1084000000000005
5.5356
6.0356
5.7348
6.1372
5.978
5.49
5.263999999999999
5.17
4.7524
5.1628
6.090800000000001
6.4048
6.976800000000001
6.614
5.956
6.016
5.364
4.6964
5.75
5.8828
5.8048
