pet
0.47423076923076923
0.4176923076923077
0.4
0.6638461538461539
0.6230769230769231
0.44846153846153847
0.5065384615384615
0.5850000000000001
0.5338461538461539
0.5703846153846154
0.46076923076923076
0.38461538461538464
0.43153846153846154
0.5096153846153846
0.5142307692307692
0.44153846153846155
0.4253846153846154
0.44269230769230766
0.4896153846153846
0.5434615384615384
0.5880769230769232
0.49807692307692303
0.5484615384615384
0.6061538461538462
0.495
0.5269230769230769
0.4357692307692308
0.5173076923076922
0.5276923076923077
0.44423076923076926
0.5776923076923077
0.5423076923076923
0.6207692307692307
0.6134615384615385
0.6261538461538462
0.7323076923076923
0.6576923076923076
0.6123076923076923
0.5553846153846154
0.5757692307692308
0.43230769230769234
0.4688461538461538
0.38769230769230767
0.30538461538461537
0.445
0.41846153846153844
0.39307692307692305
0.4507692307692308
0.43653846153846154
0.4623076923076923
0.45769230769230773
0.4692307692307693
0.6557692307692308
0.6434615384615385
0.6415384615384615
0.6569230769230768
0.7211538461538461
0.7426923076923077
0.6623076923076923
0.7180769230769232
0.7388461538461539
0.6692307692307692
0.768076923076923
0.9061538461538462
1.011153846153846
0.9861538461538462
0.8661538461538462
0.9403846153846154
1.0084615384615385
0.9896153846153847
0.9773076923076923
0.8846153846153846
0.6553846153846153
0.6976923076923077
0.7719230769230769
0.8830769230769231
0.7684615384615385
0.7119230769230769
0.7273076923076923
0.7250000000000001
0.8096153846153846
0.8919230769230769
0.9165384615384615
0.9134615384615384
0.908076923076923
0.8934615384615385
0.8665384615384616
1.0415384615384615
1.088076923076923
1.2523076923076923
1.1934615384615386
0.8726923076923078
0.8969230769230769
1.0030769230769232
1.0257692307692308
1.0926923076923076
1.0676923076923077
1.05
1.2296153846153846
1.4796153846153846
1.4911538461538463
1.4030769230769233
1.3111538461538463
1.5623076923076922
1.7023076923076923
1.6669230769230767
1.6803846153846154
1.7338461538461538
1.473076923076923
1.5107692307692309
1.6723076923076925
1.7753846153846153
1.6934615384615386
1.75
1.6603846153846153
1.7757692307692308
1.7542307692307693
1.8438461538461537
1.8469230769230767
1.7646153846153847
1.79
2.056153846153846
2.1815384615384614
2.223846153846154
2.176923076923077
2.378846153846154
2.478846153846154
2.2203846153846154
1.9615384615384615
2.161153846153846
2.38
2.483846153846154
2.560769230769231
2.5153846153846158
2.4688461538461537
2.2849999999999997
2.5473076923076925
2.4626923076923077
2.6765384615384615
2.727692307692308
2.5734615384615385
2.637307692307692
2.8165384615384617
2.9134615384615383
2.7384615384615385
2.7084615384615387
2.6957692307692307
2.524230769230769
2.6334615384615385
2.553076923076923
2.7688461538461535
2.553846153846154
2.2765384615384616
2.374615384615385
2.2284615384615383
2.276153846153846
2.110384615384615
2.108846153846154
2.204230769230769
2.2165384615384616
2.0865384615384617
2.123076923076923
2.0288461538461537
1.9515384615384617
1.98
2.29
2.3400000000000003
2.2853846153846153
2.2734615384615386
2.3073076923076923
2.276923076923077
2.165769230769231
2.1896153846153847
2.193846153846154
2.103076923076923
2.14
2.1696153846153847
2.1603846153846153
2.353076923076923
2.473076923076923
2.308076923076923
2.2038461538461536
2.3626923076923076
2.5546153846153845
2.6107692307692307
2.4857692307692307
2.516153846153846
2.7323076923076925
2.545384615384615
2.439230769230769
2.488076923076923
2.4434615384615386
2.4596153846153843
2.4846153846153842
2.2565384615384616
2.1557692307692307
2.0184615384615383
1.9703846153846156
2.0573076923076923
2.3396153846153847
2.2734615384615386
2.1953846153846155
2.102307692307692
2.216153846153846
2.2126923076923077
2.378846153846154
2.3046153846153845
2.269230769230769
2.2596153846153846
2.296923076923077
2.2930769230769235
1.8888461538461538
2.126923076923077
2.2815384615384615
2.125384615384615
1.9865384615384616
2.0273076923076925
1.885
1.6453846153846154
1.941923076923077
1.785
1.9296153846153847
2.0376923076923075
1.91
1.8965384615384617
1.986923076923077
1.8980769230769232
1.6834615384615386
1.9142307692307694
2.001153846153846
2.111923076923077
2.1930769230769234
2.0930769230769233
1.9673076923076922
1.8534615384615383
1.8996153846153847
1.7707692307692307
1.683076923076923
1.6896153846153845
1.8696153846153847
1.7076923076923076
1.4865384615384616
1.7026923076923077
1.593076923076923
1.6400000000000001
1.5523076923076924
1.5476923076923077
1.5123076923076924
1.563076923076923
1.7219230769230771
1.6442307692307692
1.5573076923076923
1.2338461538461538
1.2042307692307692
1.1934615384615386
1.166153846153846
1.1423076923076922
1.2192307692307691
1.4215384615384616
1.365
1.146153846153846
1.3234615384615382
1.2176923076923076
1.2896153846153846
1.161923076923077
1.2734615384615384
1.003076923076923
1.0557692307692308
1.065
1.2538461538461538
1.3611538461538462
1.3223076923076924
1.2884615384615385
1.1961538461538461
1.2969230769230768
1.2284615384615385
1.093076923076923
1.0607692307692307
1.0673076923076923
1.1176923076923075
1.3173076923076923
1.0715384615384616
0.9326923076923077
1.0826923076923076
1.0742307692307693
1.0626923076923076
1.0438461538461539
0.8873076923076924
0.7903846153846155
0.7307692307692307
0.9030769230769231
0.8688461538461538
0.7953846153846154
0.8326923076923077
0.8796153846153847
1.0676923076923077
0.9138461538461538
0.9573076923076923
0.806923076923077
0.9338461538461539
0.8476923076923076
0.8811538461538462
1.0773076923076923
0.916923076923077
0.88
0.9992307692307693
0.9511538461538461
0.8092307692307692
0.6680769230769231
0.8223076923076923
1.0242307692307693
0.7976923076923076
0.8411538461538461
0.7765384615384616
0.6880769230769231
0.6326923076923077
0.6615384615384615
0.6530769230769231
0.6546153846153846
0.5088
0.604
0.624
0.4532
0.48719999999999997
0.6175999999999999
0.758
0.6587999999999999
0.5883999999999999
0.618
0.544
0.44480000000000003
0.5228
0.5432
0.6064
0.6656
0.762
0.6324000000000001
0.63
0.42
0.41960000000000003
0.40240000000000004
0.41
0.484
0.5224
0.4928
0.6004
0.542
0.5568
0.5316
0.39399999999999996
0.42200000000000004
0.424
0.4708
0.5908
0.5036
0.4988
0.5688
0.6312
0.6823999999999999
0.7495999999999999
0.7028
0.7148
0.5364
0.4968
0.5172
