temperature
2.757222222222222
2.78
2.4283333333333332
2.237222222222222
2.322777777777778
2.776666666666667
2.59
1.8099999999999998
2.4055555555555554
3.4266666666666667
3.355
3.131666666666667
2.523888888888889
2.9233333333333333
3.6327777777777777
2.6372222222222224
2.5900000000000003
2.6722222222222225
2.042222222222222
1.4961111111111112
2.006666666666667
2.03
2.285
3.253888888888889
3.2605555555555554
3.351111111111111
2.893888888888889
2.7594444444444446
1.9633333333333336
1.8983333333333334
2.535555555555556
2.3383333333333334
2.2622222222222224
2.447777777777778
2.6955555555555555
2.2249999999999996
2.074444444444444
2.1055555555555556
2.365
1.7622222222222221
1.0333333333333334
1.7999999999999998
2.7394444444444446
2.8527777777777774
3.4266666666666667
3.976111111111111
3.9027777777777777
3.3666666666666667
3.046666666666667
3.8144444444444443
3.611666666666667
3.886111111111111
3.907222222222222
3.482222222222222
3.242777777777778
3.727222222222222
3.0733333333333333
3.2011111111111115
2.687777777777778
2.4966666666666666
2.482222222222222
2.048333333333334
2.272777777777778
2.587222222222222
3.195
3.4122222222222223
3.748888888888889
3.849444444444445
3.8544444444444443
3.764444444444445
3.762777777777778
4.177222222222222
4.776111111111111
4.946666666666667
4.33
4.442777777777778
4.265555555555555
4.658333333333333
4.035555555555556
4.829444444444444
4.7316666666666665
4.407222222222222
4.852222222222222
5.438888888888889
5.602777777777778
5.690555555555555
4.8438888888888885
5.357222222222223
4.8805555555555555
4.983888888888888
4.554444444444445
5.384444444444444
5.200555555555556
5.164444444444444
5.715
5.663333333333333
4.772222222222222
5.735
6.045
5.961111111111111
6.064444444444444
5.9944444444444445
6.252777777777777
6.5311111111111115
6.486111111111111
6.139444444444445
6.213888888888889
6.407222222222222
7.214444444444445
7.735555555555556
7.967222222222222
8.633888888888889
8.286666666666667
7.9061111111111115
7.246666666666666
6.576666666666666
6.543333333333333
6.86
7.17
7.202777777777778
7.187222222222222
7.3999999999999995
7.397222222222222
8.473333333333334
8.070555555555556
8.040555555555555
8.643888888888888
8.547777777777776
8.73
8.98388888888889
8.270555555555555
8.706666666666667
8.418333333333333
8.240555555555556
8.953888888888889
8.462222222222222
9.155
8.734444444444444
9.72111111111111
9.204444444444444
9.607777777777777
9.297222222222222
9.648888888888889
9.993333333333332
10.421666666666667
10.562777777777777
10.22888888888889
10.399999999999999
10.549444444444445
10.760555555555555
11.740555555555556
12.342777777777776
12.28111111111111
11.752777777777778
11.132777777777777
10.822777777777778
11.208888888888888
12.162222222222221
12.078888888888889
12.092777777777776
12.204444444444444
11.507777777777777
11.66
10.899444444444445
11.213888888888889
11.822777777777778
12.333333333333334
12.376111111111111
11.872777777777777
11.662777777777778
12.270555555555555
11.837222222222222
12.242222222222223
12.331666666666667
12.190000000000001
12.350555555555555
13.027777777777779
13.111666666666666
13.258888888888889
12.970555555555556
13.196666666666665
13.315555555555555
12.824444444444445
13.172777777777778
12.990555555555556
12.747777777777777
12.756666666666668
12.888333333333334
12.769444444444444
13.077222222222222
13.68277777777778
13.805
12.907222222222222
12.331666666666667
13.044444444444444
13.427777777777777
13.748888888888889
14.097222222222221
14.631666666666668
14.325000000000001
13.704444444444444
13.258888888888889
14.469999999999999
14.318333333333335
14.247222222222222
14.579444444444444
14.038333333333334
13.428888888888888
12.806666666666667
12.757777777777779
12.832777777777778
12.699444444444445
13.265
13.293888888888889
13.493333333333332
13.041111111111112
13.100555555555555
12.44888888888889
12.397777777777778
12.672222222222222
12.848333333333334
12.890555555555556
12.639444444444443
12.924444444444445
13.581111111111111
13.415
12.92
12.987777777777778
12.973888888888888
12.68
12.72111111111111
13.146666666666667
13.163888888888888
13.308333333333334
12.659444444444444
11.889444444444443
12.73388888888889
12.007777777777777
12.314444444444444
12.088333333333333
11.550555555555555
11.762777777777778
12.011111111111111
11.646842105263158
12.364736842105264
12.201052631578946
12.283157894736842
12.428421052631577
11.623684210526315
11.840526315789473
12.457894736842105
11.97263157894737
12.099473684210526
11.973684210526315
11.307894736842105
11.313684210526317
10.451052631578946
10.451578947368422
10.364736842105264
9.932631578947369
10.749473684210527
10.861052631578948
10.971578947368421
11.170526315789473
10.882105263157895
10.132631578947368
9.958421052631579
10.16263157894737
9.938421052631579
9.831578947368422
10.620526315789473
10.158947368421053
10.010526315789473
9.085
8.98
8.996666666666666
8.592222222222222
9.051111111111112
8.977777777777778
9.370555555555555
9.53
8.692777777777778
8.955
8.61111111111111
8.759444444444444
8.56111111111111
8.39
7.837222222222222
8.028888888888888
7.817222222222223
8.151666666666667
8.118888888888888
7.853333333333334
8.304444444444444
8.067777777777778
7.805000000000001
7.774444444444445
7.6499999999999995
7.733888888888889
7.8500000000000005
7.180000000000001
6.691111111111111
7.690555555555556
7.4688888888888885
6.6561111111111115
6.407222222222222
6.059444444444445
5.9094444444444445
5.798333333333334
6.203333333333333
5.645
5.635000000000001
5.565555555555556
5.9911111111111115
5.837222222222222
5.585
5.650555555555555
6.114999999999999
6.369444444444444
5.464444444444444
5.184444444444445
5.059444444444444
4.730555555555556
4.28
3.7538888888888895
3.380555555555555
4.093333333333334
3.9694444444444446
3.563888888888889
4.129444444444444
3.666111111111111
3.115
2.648888888888889
2.641666666666667
2.997777777777778
3.07
2.7633333333333336
3.3833333333333333
3.228888888888889
3.285555555555556
3.217777777777778
3.426111111111111
3.981111111111111
3.7338888888888886
3.0533333333333332
2.8455555555555554
3.0288888888888885
3.3744444444444444
3.671111111111111
3.2816666666666667
2.9294444444444445
2.887777777777778
3.06
2.988888888888889
3.1894444444444447
3.7249999999999996
3.855555555555556
2.713888888888889
2.5616666666666665
2.753888888888889
2.6616666666666666
2.783888888888889
3.7266666666666666
4.196111111111112
4.0
