pet
0.31346153846153846
0.3330769230769231
0.31230769230769234
0.3
0.34769230769230774
0.4196153846153846
0.44153846153846155
0.3126923076923077
0.3038461538461539
0.44
0.4453846153846154
0.4107692307692308
0.3857692307692308
0.33653846153846156
0.43769230769230766
0.36769230769230765
0.31961538461538463
0.37269230769230766
0.31653846153846155
0.27884615384615385
0.3403846153846154
0.40884615384615386
0.39923076923076917
0.47538461538461535
0.44423076923076926
0.5323076923076923
0.47846153846153844
0.4688461538461538
0.3119230769230769
0.365
0.5026923076923077
0.4926923076923077
0.4969230769230769
0.48384615384615387
0.46923076923076923
0.3792307692307692
0.365
0.4034615384615385
0.515
0.39538461538461533
0.3680769230769231
0.45269230769230767
0.5384615384615384
0.48923076923076925
0.5823076923076923
0.6803846153846155
0.5965384615384616
0.5846153846153845
0.5423076923076923
0.7269230769230769
0.645
0.7007692307692307
0.6519230769230769
0.7076923076923076
0.5549999999999999
0.6976923076923077
0.5703846153846154
0.6019230769230769
0.5561538461538462
0.5084615384615385
0.5496153846153846
0.5103846153846153
0.48653846153846153
0.5353846153846153
0.7223076923076923
0.8326923076923076
0.8984615384615384
0.8830769230769231
0.8392307692307692
0.8849999999999999
0.841923076923077
1.0042307692307693
1.13
1.1400000000000001
1.13
1.1815384615384614
1.0803846153846153
1.133846153846154
1.1173076923076923
1.156153846153846
1.1042307692307693
1.0603846153846155
1.1965384615384616
1.286153846153846
1.2184615384615385
1.3219230769230768
1.276923076923077
1.3246153846153845
1.2938461538461539
1.4173076923076924
1.211153846153846
1.378076923076923
1.4146153846153846
1.4426923076923077
1.5823076923076924
1.4465384615384616
1.2623076923076924
1.548846153846154
1.6073076923076923
1.4992307692307691
1.3696153846153847
1.3515384615384616
1.481923076923077
1.6180769230769232
1.6403846153846153
1.533076923076923
1.508076923076923
1.4738461538461538
1.688076923076923
1.8769230769230771
2.0576923076923075
2.0761538461538462
2.081153846153846
2.043846153846154
1.8515384615384616
1.6442307692307692
1.7000000000000002
1.731153846153846
1.801153846153846
1.708846153846154
1.896153846153846
2.0626923076923074
2.0676923076923077
2.2988461538461538
2.1523076923076925
2.1523076923076925
2.341153846153846
2.1984615384615385
2.295769230769231
2.3826923076923077
2.2523076923076926
2.18
2.165769230769231
2.3257692307692306
2.543846153846154
2.395
2.4903846153846154
2.379230769230769
2.651923076923077
2.48
2.5157692307692305
2.418461538461538
2.4553846153846157
2.4565384615384613
2.6388461538461536
2.5949999999999998
2.455769230769231
2.508076923076923
2.6015384615384614
2.483076923076923
2.7323076923076925
2.73
2.5215384615384617
2.3449999999999998
2.117692307692308
2.1599999999999997
2.2638461538461536
2.3430769230769233
2.331153846153846
2.33
2.4215384615384616
2.0326923076923076
2.0076923076923077
2.0323076923076924
1.9784615384615383
2.2150000000000003
2.4238461538461538
2.4703846153846154
2.417307692307692
2.1946153846153846
2.4015384615384616
2.1903846153846156
2.2765384615384616
2.38
2.19
2.2226923076923075
2.2596153846153846
2.25
2.3173076923076925
2.2580769230769233
2.1965384615384616
2.3642307692307694
2.366153846153846
2.37
2.3465384615384615
2.3196153846153846
2.253076923076923
2.235384615384615
2.3057692307692306
2.4215384615384616
2.3423076923076924
2.265
2.105769230769231
2.167307692307692
2.1923076923076925
2.3446153846153845
2.3965384615384617
2.3692307692307693
2.5069230769230773
2.4665384615384616
2.3096153846153844
2.2188461538461537
2.4534615384615384
2.411153846153846
2.291153846153846
2.279230769230769
2.276153846153846
2.2746153846153847
2.166153846153846
2.1307692307692307
2.015
2.167692307692308
2.2703846153846152
2.1684615384615387
2.2415384615384615
2.1353846153846154
2.1711538461538464
2.1276923076923078
1.886153846153846
2.1226923076923074
2.0796153846153844
2.058846153846154
1.881153846153846
2.0026923076923078
2.1365384615384615
1.9957692307692307
1.8242307692307693
1.8411538461538461
1.9226923076923077
1.7496153846153848
1.7915384615384615
1.7803846153846155
1.7373076923076924
1.676923076923077
1.7576923076923079
1.6896153846153845
1.7142307692307692
1.4673076923076922
1.558076923076923
1.5615384615384615
1.383846153846154
1.4657692307692307
1.5673076923076923
1.5273076923076923
1.7369230769230768
1.5773076923076923
1.7269230769230768
1.7803846153846155
1.5592307692307692
1.554230769230769
1.6400000000000001
1.3980769230769232
1.508076923076923
1.585
1.3934615384615385
1.3207692307692307
1.2042307692307692
1.183846153846154
1.1503846153846153
1.0615384615384615
1.1507692307692308
1.1807692307692308
1.2857692307692308
1.3315384615384613
1.2119230769230769
1.063076923076923
1.106923076923077
1.1373076923076924
1.1107692307692307
0.9988461538461538
1.2253846153846153
1.083846153846154
1.133846153846154
1.0034615384615384
0.9715384615384615
0.8884615384615385
0.8507692307692308
0.8580769230769231
0.825
0.97
0.9373076923076924
0.905
0.8438461538461539
0.7642307692307693
0.8003846153846155
0.8861538461538461
0.8530769230769231
0.6842307692307692
0.6919230769230769
0.7038461538461539
0.6753846153846154
0.6684615384615384
0.6673076923076924
0.7592307692307692
0.6257692307692307
0.6892307692307693
0.7373076923076922
0.6707692307692308
0.7219230769230769
0.8157692307692308
0.6423076923076922
0.6030769230769231
0.716923076923077
0.76
0.6376923076923078
0.5492307692307692
0.5511538461538461
0.5373076923076924
0.49038461538461536
0.4761538461538462
0.49076923076923074
0.42
0.3984615384615384
0.4569230769230769
0.43730769230769234
0.41384615384615386
0.37961538461538463
0.49153846153846154
0.6469230769230769
0.45769230769230773
0.4623076923076923
0.43884615384615383
0.3823076923076923
0.35346153846153844
0.3565384615384615
0.18807692307692306
0.3342307692307692
0.3107692307692308
0.25884615384615384
0.40115384615384614
0.39384615384615385
0.32653846153846156
0.3426923076923077
0.3861538461538461
0.3092307692307692
0.34076923076923077
0.2107692307692308
0.31038461538461537
0.4107692307692308
0.39653846153846156
0.3511538461538462
0.3565384615384615
0.43423076923076925
0.4465384615384615
0.2665384615384615
0.31807692307692303
0.33076923076923076
0.3342307692307692
0.36653846153846154
0.37846153846153846
0.33269230769230773
0.32384615384615384
0.34423076923076923
0.2926923076923077
0.3942307692307692
0.4061538461538462
0.5461538461538461
0.42076923076923073
0.3169230769230769
0.29346153846153844
0.2865384615384615
0.26615384615384613
0.3811538461538462
0.4253846153846154
0.49153846153846154
