pet
0.25263157894736843
0.26684210526315794
0.26842105263157895
0.2636842105263158
0.28789473684210526
0.3773684210526316
0.40789473684210525
0.2710526315789474
0.23473684210526316
0.3489473684210526
0.3426315789473684
0.29210526315789476
0.2326315789473684
0.2405263157894737
0.3857894736842105
0.26473684210526316
0.25157894736842107
0.32052631578947366
0.26789473684210524
0.17684210526315788
0.2631578947368421
0.3310526315789474
0.3063157894736842
0.3952631578947368
0.3742105263157895
0.378421052631579
0.3721052631578948
0.3815789473684211
0.23
0.261578947368421
0.4221052631578947
0.3768421052631579
0.39631578947368423
0.3431578947368421
0.3694736842105263
0.28736842105263155
0.25684210526315787
0.2894736842105263
0.3721052631578948
0.27842105263157896
0.22421052631578947
0.25894736842105265
0.40789473684210525
0.40789473684210525
0.46578947368421053
0.6063157894736841
0.5473684210526316
0.48315789473684206
0.4463157894736842
0.6226315789473684
0.5510526315789473
0.6226315789473684
0.5978947368421053
0.6036842105263158
0.49789473684210533
0.6136842105263158
0.4863157894736842
0.538421052631579
0.4663157894736842
0.4231578947368422
0.4421052631578948
0.36684210526315786
0.41
0.4942105263157895
0.5926315789473684
0.6036842105263157
0.6752631578947369
0.6673684210526316
0.6810526315789474
0.6926315789473684
0.6705263157894737
0.7810526315789473
0.9063157894736842
0.996842105263158
0.8884210526315789
0.908421052631579
0.9842105263157894
0.9636842105263157
0.8510526315789473
0.9989473684210527
0.94
0.8752631578947367
0.9921052631578948
1.1494736842105262
1.1500000000000001
1.2489473684210526
1.1436842105263159
1.1394736842105262
1.088421052631579
1.131578947368421
1.0142105263157895
1.246842105263158
1.236842105263158
1.2342105263157894
1.3310526315789473
1.3157894736842106
1.0557894736842104
1.3178947368421052
1.4978947368421054
1.4721052631578946
1.4294736842105262
1.4373684210526314
1.453157894736842
1.5636842105263158
1.6005263157894738
1.4557894736842105
1.4610526315789474
1.5184210526315791
1.7473684210526317
1.9010526315789473
2.023157894736842
2.1205263157894736
2.0189473684210526
1.9736842105263157
1.7531578947368422
1.5905263157894736
1.5542105263157895
1.6278947368421053
1.6826315789473685
1.67
1.7126315789473683
1.8715
1.8509999999999998
2.244
2.0595
2.0375
2.256
2.152
2.2315
2.3120000000000003
2.2055
2.073
1.922
2.0355
2.2515
2.0524999999999998
2.3495
2.119
2.4395
2.2275
2.362
2.163
2.2085
2.29
2.457
2.5045
2.3129999999999997
2.3955
2.5309999999999997
2.555
2.8375
2.7800000000000002
2.556
2.4535
2.0945
2.071
2.214
2.4295
2.3375
2.384
2.4445
2.0915
2.025
1.8735
1.9614999999999998
2.1425
2.3600000000000003
2.379
2.1375
1.905
2.1079999999999997
1.985
2.1085000000000003
2.179
2.002
2.0445
2.2595
2.2655000000000003
2.291
2.202
2.254
2.3129999999999997
2.1550000000000002
2.1765
2.1815
2.057
2.0305
1.9535
2.0105
2.165
2.178
2.228
1.964
2.0385
2.0785
2.212
2.299
2.3120000000000003
2.4825
2.3825
2.177
2.0815
2.3235
2.246
2.212
2.266
2.154
1.9875
1.866
1.845
1.7725000000000002
1.8775
1.956
1.8794999999999997
1.9995
1.916
1.9564999999999997
1.717
1.6445
1.8954999999999997
1.943
1.7870000000000001
1.7105000000000001
1.7879999999999998
1.866
1.7469999999999999
1.623
1.6575
1.6469999999999998
1.5310000000000001
1.587
1.6309999999999998
1.6415
1.6170000000000002
1.634
1.4895
1.5795
1.228
1.3785
1.308
1.183
1.2445
1.317
1.234
1.3875
1.364
1.4629999999999999
1.4965
1.212
1.3375
1.4335
1.209
1.3115
1.3225
1.142
1.215
0.986
1.024
1.0065
0.8985
0.9875
1.0074999999999998
1.0335
1.1195
1.0185
0.8655000000000002
0.8620000000000001
0.923
0.8825
0.778
1.018
0.8164999999999999
0.8779999999999999
0.7784210526315789
0.7863157894736842
0.7031578947368421
0.6089473684210527
0.6684210526315789
0.6947368421052632
0.8115789473684211
0.8700000000000001
0.6821052631578948
0.7726315789473684
0.6942105263157895
0.7152631578947368
0.7136842105263158
0.6694736842105263
0.5394736842105263
0.5647368421052632
0.6005263157894737
0.5831578947368421
0.6052631578947368
0.6147368421052631
0.58
0.5131578947368421
0.5673684210526316
0.5742105263157895
0.4784210526315789
0.6263157894736843
0.7952631578947368
0.5510526315789473
0.5136842105263157
0.6905263157894737
0.6710526315789473
0.5131578947368421
0.41789473684210526
0.431578947368421
0.46157894736842103
0.4221052631578947
0.48315789473684206
0.45631578947368423
0.3394736842105263
0.38263157894736843
0.41
0.3957894736842105
0.36578947368421055
0.37473684210526315
0.46684210526315784
0.5589473684210526
0.3631578947368421
0.4047368421052631
0.43315789473684213
0.3489473684210526
0.3068421052631579
0.29
0.16157894736842107
0.26842105263157895
0.21210526315789474
0.17684210526315788
0.31842105263157894
0.2621052631578948
0.23157894736842108
0.20578947368421052
0.19263157894736843
0.1936842105263158
0.19842105263157894
0.1168421052631579
0.261578947368421
0.28736842105263155
0.2542105263157895
0.2005263157894737
0.2142105263157895
0.2931578947368421
0.35368421052631577
0.1636842105263158
0.27578947368421053
0.20842105263157895
0.2552631578947368
0.3078947368421052
0.26894736842105266
0.2868421052631579
0.30526315789473685
0.3447368421052632
0.2805263157894737
0.3605263157894737
0.3631578947368421
0.4352631578947368
0.2868421052631579
0.28
0.24842105263157893
0.261578947368421
0.2563157894736842
0.3547368421052632
0.3942105263157895
0.4905263157894737
