pet
0.2530769230769231
0.2530769230769231
0.23384615384615384
0.22846153846153847
0.27653846153846157
0.3334615384615385
0.3553846153846154
0.2457692307692308
0.23153846153846155
0.34307692307692306
0.36230769230769233
0.34461538461538466
0.3215384615384615
0.27499999999999997
0.34500000000000003
0.29384615384615387
0.2665384615384615
0.3215384615384615
0.2603846153846154
0.1973076923076923
0.2576923076923077
0.32538461538461544
0.3123076923076923
0.3792307692307692
0.36346153846153845
0.4211538461538462
0.37269230769230777
0.3692307692307692
0.22692307692307695
0.29923076923076924
0.4342307692307692
0.4046153846153846
0.39384615384615385
0.3861538461538461
0.37115384615384617
0.2776923076923077
0.2796153846153846
0.29653846153846153
0.3984615384615384
0.2926923076923077
0.28115384615384614
0.3961538461538462
0.4553846153846154
0.4
0.46923076923076923
0.5623076923076923
0.46153846153846156
0.4480769230769231
0.42076923076923073
0.5803846153846154
0.48307692307692307
0.55
0.4988461538461539
0.5492307692307692
0.4326923076923077
0.5753846153846154
0.4369230769230769
0.4773076923076923
0.4196153846153846
0.38769230769230767
0.41115384615384615
0.3723076923076923
0.35461538461538467
0.43961538461538463
0.5588461538461538
0.6188461538461538
0.6876923076923076
0.6838461538461539
0.6649999999999999
0.6938461538461538
0.6269230769230769
0.7661538461538462
0.9161538461538462
0.9642307692307692
0.9084615384615385
0.9542307692307692
0.9057692307692308
0.9188461538461539
0.8707692307692307
0.9353846153846154
0.8911538461538462
0.8999999999999999
0.9965384615384616
1.0823076923076924
1.0296153846153846
1.1815384615384614
1.115
1.1415384615384616
1.1157692307692306
1.235769230769231
1.0446153846153847
1.2284615384615385
1.2823076923076921
1.2496153846153848
1.3192307692307692
1.2526923076923078
1.031923076923077
1.3492307692307692
1.4165384615384615
1.331923076923077
1.236923076923077
1.21
1.31
1.458076923076923
1.4565384615384613
1.3900000000000001
1.3796153846153845
1.343076923076923
1.5596153846153844
1.7596153846153846
1.9103846153846153
1.9553846153846155
1.9115384615384616
1.8707692307692307
1.6446153846153846
1.4530769230769232
1.5069230769230768
1.5596153846153844
1.6396153846153847
1.5565384615384614
1.6746153846153846
1.8926923076923077
1.8919230769230768
2.055769230769231
1.8980769230769232
1.896153846153846
2.21
2.0507692307692307
2.202692307692308
2.3146153846153847
2.1084615384615386
2.1338461538461537
2.0515384615384615
2.164230769230769
2.363076923076923
2.1726923076923077
2.2465384615384614
2.003846153846154
2.3857692307692306
2.1607692307692306
2.164615384615385
2.0723076923076924
2.138076923076923
2.1853846153846153
2.374230769230769
2.381153846153846
2.27
2.2965384615384616
2.4038461538461537
2.3415384615384616
2.6107692307692307
2.5484615384615386
2.311153846153846
2.1715384615384616
1.8865384615384615
1.976153846153846
2.13
2.2473076923076922
2.101153846153846
2.125
2.185
1.8026923076923076
1.793076923076923
1.7449999999999999
1.7065384615384613
1.919230769230769
2.1623076923076923
2.2211538461538463
2.1353846153846154
1.8765384615384615
2.088076923076923
1.8826923076923079
1.9246153846153846
2.0257692307692308
1.9026923076923077
1.981923076923077
2.0376923076923075
2.0138461538461536
2.0934615384615385
2.006153846153846
1.948846153846154
2.0892307692307694
2.13
2.096923076923077
2.083846153846154
2.018846153846154
1.935
1.8723076923076922
1.966923076923077
2.098846153846154
2.039615384615385
2.007307692307692
1.793076923076923
1.8353846153846154
1.87
1.9603846153846154
2.025
2.026153846153846
2.265
2.1934615384615386
2.020769230769231
1.916153846153846
2.2153846153846155
2.0938461538461537
1.9507692307692308
1.986923076923077
1.9565384615384613
1.9276923076923076
1.8357692307692306
1.7988461538461538
1.7153846153846155
1.8580769230769232
1.9276923076923076
1.8534615384615383
1.8973076923076921
1.8250000000000002
1.8469230769230771
1.7615384615384615
1.53
1.7934615384615387
1.8315384615384613
1.715
1.6534615384615385
1.7765384615384614
1.856153846153846
1.676923076923077
1.5065384615384616
1.518846153846154
1.5192307692307692
1.4273076923076924
1.4869230769230768
1.4611538461538462
1.3884615384615384
1.4096153846153845
1.4242307692307692
1.4130769230769231
1.46
1.2030769230769232
1.2573076923076922
1.2349999999999999
1.1153846153846154
1.15
1.261923076923077
1.1873076923076924
1.3819230769230768
1.3015384615384618
1.3926923076923077
1.4423076923076923
1.2042307692307692
1.2488461538461537
1.3034615384615384
1.0823076923076924
1.2334615384615384
1.2553846153846153
1.0446153846153847
1.0657692307692308
0.9526923076923077
0.9757692307692308
0.9400000000000001
0.8603846153846154
0.928076923076923
0.9976923076923078
1.0334615384615384
1.0723076923076922
0.9823076923076923
0.855
0.9019230769230769
0.8761538461538462
0.8611538461538462
0.7946153846153846
1.0096153846153846
0.8353846153846154
0.9311538461538462
0.8426923076923077
0.7807692307692308
0.6861538461538461
0.6703846153846154
0.6834615384615385
0.6423076923076922
0.745
0.7873076923076923
0.7184615384615385
0.7084615384615385
0.6426923076923077
0.6634615384615384
0.7338461538461538
0.7180769230769232
0.5492307692307692
0.6061538461538462
0.5938461538461538
0.5242307692307692
0.5280769230769231
0.556923076923077
0.5946153846153845
0.515
0.5715384615384616
0.6242307692307693
0.5011538461538462
0.5792307692307692
0.6996153846153846
0.5165384615384615
0.5034615384615384
0.6038461538461538
0.6257692307692307
0.5357692307692308
0.4480769230769231
0.4815384615384615
0.46384615384615385
0.39384615384615385
0.3903846153846154
0.4211538461538461
0.3284615384615384
0.31384615384615383
0.36576923076923074
0.3569230769230769
0.2980769230769231
0.2865384615384615
0.3973076923076923
0.5557692307692308
0.3880769230769231
0.375
0.36076923076923073
0.31
0.30153846153846153
0.2826923076923077
0.16153846153846155
0.2865384615384615
0.25038461538461537
0.20923076923076925
0.3334615384615385
0.315
0.28
0.3080769230769231
0.32500000000000007
0.2523076923076923
0.2730769230769231
0.16269230769230772
0.23961538461538462
0.30653846153846154
0.3284615384615384
0.2796153846153846
0.29538461538461536
0.34730769230769226
0.37730769230769234
0.24115384615384616
0.3007692307692308
0.26
0.25115384615384617
0.30692307692307697
0.3215384615384615
0.28076923076923077
0.26076923076923075
0.3026923076923077
0.24115384615384614
0.3426923076923077
0.35884615384615387
0.4646153846153846
0.3619230769230769
0.2773076923076923
0.23576923076923076
0.23576923076923076
0.2119230769230769
0.30230769230769233
0.36730769230769234
0.42500000000000004
