temperature
4.0112
4.2288
4.4684
5.2192
5.3828
4.312
4.2780000000000005
4.5896
4.704
4.5228
3.8004
3.1612
3.5944
4.333600000000001
4.356
4.0544
3.3827999999999996
3.7376
4.4596
4.7456
5.1
5.0376
4.8995999999999995
4.6148
4.3016
3.9619999999999997
4.1764
4.6064
4.2744
3.6319999999999997
4.1168000000000005
4.2783999999999995
4.2844
4.7096
4.8356
5.400799999999999
5.4876
4.780399999999999
4.505199999999999
4.0368
3.924
4.1012
3.8608
3.0751999999999997
2.63
3.1284000000000005
3.4951999999999996
4.0108
3.5827999999999998
3.8539999999999996
3.9108
4.1912
4.7692
4.856
4.2752
3.912
4.688
5.1936
5.5572
5.4448
5.790800000000001
5.587999999999999
5.4252
5.9348
6.386799999999999
6.222799999999999
5.95
5.715199999999999
6.4528
6.3427999999999995
6.306799999999999
6.435599999999999
6.294
6.2096
5.8348
6.0416
6.62
5.972799999999999
5.9796000000000005
6.0676
6.2752
6.9876
6.92
7.050799999999999
6.8512
6.65
6.482
6.5
6.7436
7.425599999999999
6.8515999999999995
6.179600000000001
5.8751999999999995
6.021599999999999
6.2124
6.8316
7.188400000000001
6.476
7.114400000000001
7.6724
7.7072
7.880800000000001
7.6364
7.5988
8.304400000000001
8.4816
7.8355999999999995
8.204
8.1568
7.8252
8.664
9.1652
8.6872
8.693999999999999
8.844
8.63
9.2228
9.1732
9.1896
9.749600000000001
9.204
9.813600000000001
9.868
9.6224
9.780800000000001
9.71
10.1936
10.192
10.267999999999999
10.722000000000001
10.806
10.575999999999999
10.6668
10.7532
11.526800000000001
11.422
11.0884
11.242
11.751600000000002
12.006400000000001
11.828800000000001
12.3532
12.354800000000001
12.5756
12.7248
12.856
12.5
12.0884
12.6744
12.458
12.9124
13.223199999999999
12.8976
12.815999999999999
12.832
13.6324
13.480799999999999
13.5776
13.708
13.7456
13.82
13.8244
13.6328
13.7548
13.8652
14.001600000000002
14.7896
14.2252
14.3396
14.443599999999998
15.033199999999999
14.6744
14.643999999999998
14.6064
14.874400000000001
15.038
15.4524
15.2592
15.619200000000001
15.61
15.688799999999999
15.3816
15.034
15.7884
16.8024
16.506800000000002
16.532799999999998
16.486
16.8532
16.5048
16.4328
16.5588
16.819200000000002
17.0092
16.8916
16.3536
16.25
16.0528
16.371199999999998
16.7308
16.6368
16.3132
16.5236
16.4936
16.0876
16.9136
16.9296
17.238400000000002
16.884
17.3524
17.54
16.6868
16.7208
17.1452
16.7088
16.7932
16.7296
16.3292
16.0744
16.7532
16.8336
16.6832
16.8056
16.4788
16.538800000000002
16.8092
16.8424
16.592
16.2048
16.3964
17.122
16.8808
16.8916
16.1964
15.4636
15.7852
15.675999999999998
15.665999999999999
15.196
15.3344
15.626800000000001
15.248800000000001
15.1316
14.9252
14.9004
14.3448
14.536
14.119200000000001
14.220799999999999
14.6784
14.7668
14.594000000000001
14.0876
14.1696
13.6592
13.221200000000001
13.2852
13.576400000000001
13.6208
13.6396
14.082799999999999
13.372
13.2152
12.9596
12.9836
13.016399999999999
12.869200000000001
12.6896
12.9256
12.645999999999999
12.728399999999999
12.7224
12.613600000000002
12.060799999999999
11.9072
12.088799999999999
11.925999999999998
11.637599999999999
11.7788
11.5024
11.8132
11.929200000000002
11.1172
10.9828
11.0592
10.286800000000001
10.5628
10.45
9.693999999999999
9.736
10.01
10.345999999999998
10.3076
9.3676
9.424
9.4476
9.4288
9.9548
9.6352
9.144400000000001
8.6084
9.0088
9.1156
9.0036
9.21
9.0536
8.4712
8.1576
7.571999999999999
8.1268
8.9724
8.6544
8.5128
8.374
7.7303999999999995
7.0988
6.651599999999999
6.8368
7.2264
6.6241666666666665
6.965
6.98
6.32
5.8500000000000005
5.820416666666667
6.0375000000000005
6.380416666666666
6.467083333333334
6.2375
5.5687500000000005
4.95125
4.753333333333333
5.070833333333334
5.863333333333333
6.142499999999999
6.6125
6.420416666666667
6.103750000000001
5.454166666666667
5.251666666666666
5.773333333333333
4.807083333333334
4.289583333333334
4.535833333333334
4.599583333333333
4.964583333333334
5.075833333333333
4.8812500000000005
5.12875
5.4383333333333335
5.164166666666667
4.62875
5.274583333333333
5.7575
5.554583333333333
5.033333333333333
5.489999999999999
5.1241666666666665
4.9925
5.39
5.07
5.292083333333333
4.495
4.254583333333334
4.6379166666666665
