temperature
2.817272727272727
2.6604545454545456
2.625
2.6886363636363635
3.098181818181818
1.8659090909090907
1.9927272727272725
2.377727272727273
2.242272727272727
2.1513636363636364
2.257727272727273
2.112727272727273
2.333181818181818
2.524545454545455
2.355909090909091
2.161818181818182
2.083636363636364
2.2772727272727273
2.124090909090909
2.437272727272727
2.4727272727272727
2.088636363636364
2.3013636363636363
2.263181818181818
1.5840909090909092
1.513636363636364
1.5845454545454545
2.264090909090909
2.7677272727272726
2.558181818181818
2.4527272727272726
2.4499999999999997
2.8249999999999997
3.125
3.345
3.9795454545454545
3.208636363636364
2.250909090909091
2.0727272727272728
2.1281818181818184
1.7868181818181819
2.2627272727272727
2.2136363636363634
2.153181818181818
2.5313636363636363
2.0563636363636366
1.4931818181818182
2.229545454545455
2.276818181818182
1.9772727272727273
1.9781818181818183
2.0031818181818184
2.3145454545454545
2.61
2.1472727272727274
2.296818181818182
2.4186363636363635
3.162272727272727
2.3322727272727275
2.269090909090909
2.3754545454545455
2.1463636363636365
2.938636363636364
3.475454545454546
4.335909090909091
4.618636363636363
4.297272727272727
4.578636363636364
4.581818181818182
4.484545454545454
4.67
4.596818181818182
4.069545454545454
4.038636363636363
4.08
4.21409090909091
3.4713636363636367
3.5386363636363636
3.660909090909091
3.436363636363636
3.894090909090909
4.315909090909091
4.261363636363637
4.006363636363637
4.380454545454546
4.34
4.09909090909091
5.008636363636364
5.219545454545455
5.631363636363637
5.358181818181818
4.526818181818182
4.29
4.632727272727273
4.865909090909091
5.324090909090909
4.989545454545454
5.092272727272728
5.534545454545455
5.776363636363636
5.448636363636364
5.511818181818182
4.588636363636364
5.444090909090909
5.765909090909091
6.104090909090909
5.528636363636363
5.883181818181819
5.7304545454545455
5.819545454545454
6.364545454545455
6.675909090909091
6.770454545454545
7.1031818181818185
6.611818181818182
7.219090909090909
7.482727272727273
7.445454545454546
7.850909090909091
7.6
7.666818181818181
7.829545454545454
7.916363636363636
7.591363636363636
7.0195454545454545
8.006818181818183
8.350454545454546
7.765909090909091
7.755000000000001
8.132272727272728
8.160454545454545
8.756818181818183
9.199545454545454
9.395909090909091
9.593809523809524
8.981904761904762
9.049047619047618
8.65
9.071904761904761
9.78047619047619
9.26047619047619
9.289047619047619
9.754285714285714
10.116666666666665
9.926666666666668
9.553333333333333
9.15904761904762
9.17904761904762
9.995238095238095
10.262380952380951
10.80904761904762
11.08
10.662380952380952
10.465238095238096
10.368571428571428
10.797619047619047
10.861428571428572
10.595238095238095
11.203333333333333
11.311904761904762
11.156190476190476
10.622380952380952
10.552380952380952
10.974761904761905
10.765238095238095
11.456190476190477
12.067142857142857
12.349523809523808
12.290952380952382
12.751428571428573
12.215238095238094
11.80904761904762
11.63904761904762
11.343333333333334
11.848095238095238
12.092380952380953
12.38190476190476
12.184285714285714
12.843333333333332
12.821428571428571
12.654761904761905
12.08
12.627619047619048
12.992380952380953
13.289047619047619
13.256666666666666
13.743809523809524
13.68904761904762
13.846190476190475
13.947619047619046
13.86809523809524
13.997619047619047
13.815238095238096
13.973809523809523
13.770476190476192
13.21904761904762
13.106190476190477
12.727619047619047
13.465714285714284
14.463333333333335
14.30904761904762
13.563809523809523
13.981904761904762
14.097142857142858
14.233333333333333
14.00095238095238
14.296666666666667
14.322380952380952
14.08
14.074285714285715
14.332857142857144
13.716190476190476
13.800476190476191
14.212857142857144
14.262857142857142
13.511428571428572
13.43904761904762
14.02809523809524
12.893809523809523
13.702380952380953
13.464761904761904
13.604761904761904
13.767142857142858
13.051904761904764
13.269047619047617
13.392380952380952
13.456666666666665
12.961428571428572
13.204761904761906
13.653333333333332
13.815714285714286
13.629047619047618
13.573809523809524
12.875714285714285
12.600476190476192
12.792380952380952
12.47809523809524
12.185238095238095
12.294285714285715
12.886666666666667
12.55857142857143
12.216190476190476
12.52095238095238
12.253333333333334
12.813809523809523
12.204761904761906
11.86
11.487142857142857
11.43952380952381
11.877142857142857
11.527619047619048
11.523333333333333
11.638095238095238
10.948571428571428
10.779047619047619
10.341904761904763
10.534761904761906
10.515714285714285
10.804285714285713
11.516190476190477
11.036190476190475
11.264761904761905
11.342857142857142
10.697619047619048
10.665714285714287
10.963809523809525
9.826190476190476
9.513809523809524
9.953333333333333
9.942857142857143
10.66095238095238
10.427619047619046
10.963809523809525
9.897142857142857
9.613809523809524
9.282857142857143
9.347142857142856
9.097142857142856
9.073809523809524
8.564761904761903
8.89857142857143
9.078095238095237
8.236190476190476
7.920476190476189
8.246666666666666
8.613809523809524
8.234285714285713
7.882380952380952
7.733333333333333
7.054285714285715
7.342380952380952
7.538095238095239
6.662857142857144
6.900952380952382
7.101904761904763
7.113333333333333
7.208095238095238
7.0685714285714285
6.988571428571428
7.0390476190476186
6.567142857142857
6.583333333333333
6.657619047619048
6.277142857142857
6.246190476190476
6.056666666666667
5.817142857142857
5.429523809523809
5.262380952380953
5.331428571428571
6.05095238095238
5.985714285714286
5.582380952380952
5.80047619047619
5.779047619047619
5.540952380952381
4.769047619047619
4.621904761904762
4.95952380952381
4.675238095238096
4.467619047619048
4.201428571428572
3.773333333333333
3.320952380952381
3.362857142857143
3.794761904761905
3.84
4.0095238095238095
4.614285714285715
3.9495238095238094
3.705238095238095
3.5419047619047617
3.576190476190476
3.9838095238095237
4.091428571428572
5.021428571428571
3.9357142857142855
3.2823809523809526
3.5795238095238098
2.991904761904762
2.413809523809524
2.8047619047619046
2.958095238095238
3.1642857142857146
3.2661904761904763
3.2399999999999998
3.096190476190476
2.9366666666666665
3.1752380952380954
3.231904761904762
2.8
2.5628571428571427
2.375714285714286
2.2976190476190474
2.6842857142857146
2.776190476190476
3.169047619047619
3.6414285714285715
2.7409523809523813
2.107142857142857
1.7357142857142858
2.3404761904761906
2.352272727272727
2.713636363636364
2.390454545454545
