temperature
2.1803846153846154
1.9892307692307691
1.9088461538461539
2.495
2.921538461538461
2.2876923076923075
2.4703846153846154
2.873846153846154
2.7607692307692306
2.551153846153846
1.9726923076923077
1.4746153846153847
2.13
2.6634615384615383
2.5380769230769227
2.0184615384615388
1.71
2.0384615384615383
2.254230769230769
2.5442307692307695
2.876923076923077
2.3846153846153846
2.3546153846153848
2.3696153846153845
1.6
1.5834615384615383
1.4957692307692307
1.8642307692307691
2.0603846153846153
1.5396153846153846
1.573076923076923
2.0015384615384617
2.7146153846153847
2.7546153846153842
2.6526923076923077
3.19
2.601153846153846
2.236923076923077
2.0142307692307693
1.9549999999999998
1.3503846153846153
1.4826923076923075
1.5749999999999997
1.301153846153846
1.0934615384615385
0.9088461538461539
1.0238461538461539
1.636923076923077
1.5726923076923076
1.4784615384615383
1.6607692307692308
1.9
2.3015384615384615
2.5219230769230774
2.5153846153846158
2.207692307692308
2.2173076923076924
2.8923076923076922
2.437692307692308
2.664230769230769
2.8503846153846153
2.7150000000000003
3.103846153846154
3.7126923076923077
3.9834615384615386
4.165384615384616
3.769615384615385
3.741923076923077
4.111538461538462
4.110769230769231
4.172307692307692
3.7973076923076925
3.016923076923077
3.1826923076923075
3.238076923076923
3.473076923076923
3.3896153846153845
3.4673076923076924
3.185
3.185769230769231
3.4719230769230767
3.8565384615384612
3.941923076923077
3.868846153846154
4.035384615384616
3.8061538461538458
3.6826923076923075
4.452307692307692
4.710769230769231
4.936538461538461
4.839230769230769
3.8084615384615383
3.868076923076923
4.3634615384615385
4.582307692307692
4.7846153846153845
4.6292307692307695
3.9853846153846155
4.656153846153846
5.6523076923076925
5.725384615384616
5.7226923076923075
4.977692307692307
5.9338461538461535
6.421153846153846
6.428461538461538
6.132692307692308
6.683076923076923
6.260384615384615
6.178846153846154
6.54576923076923
6.956153846153847
6.619615384615385
6.651153846153846
6.2130769230769225
6.679615384615384
6.535769230769231
6.416538461538461
6.810384615384615
6.681923076923076
6.478461538461539
6.72423076923077
7.243461538461539
7.388076923076923
7.162692307692307
7.988076923076923
8.099615384615385
7.571153846153846
7.514230769230769
7.779615384615385
7.96076923076923
8.256153846153847
7.979230769230769
8.222692307692308
8.480384615384615
7.991538461538462
8.588076923076922
8.098461538461539
8.708076923076923
9.358461538461539
9.465384615384615
9.560769230769232
9.720384615384615
10.076538461538462
9.997692307692308
9.78076923076923
9.528461538461539
9.415
9.668076923076923
9.746153846153847
10.271153846153847
11.032692307692308
10.702307692307691
10.629999999999999
10.645384615384614
10.912692307692309
10.835769230769232
10.753461538461538
11.11076923076923
11.07346153846154
11.078846153846154
10.993076923076924
10.803846153846154
10.504999999999999
10.692692307692308
11.504615384615384
11.93923076923077
11.666923076923078
11.82076923076923
12.102307692307694
11.639615384615384
11.686153846153847
11.889615384615384
11.779230769230768
12.032307692307691
12.203076923076923
12.365
12.06
12.505384615384616
12.753461538461538
13.23923076923077
12.672307692307694
12.903076923076924
13.328846153846154
13.51346153846154
13.418461538461539
13.828846153846154
13.991923076923078
13.570384615384615
13.637307692307692
13.521153846153847
13.990384615384615
13.723076923076924
14.066923076923077
13.787692307692309
13.436538461538463
13.139615384615384
12.871538461538462
13.196153846153845
14.06076923076923
13.660384615384617
13.418461538461539
13.36923076923077
13.407692307692308
13.870384615384616
14.016923076923076
14.268846153846154
14.26423076923077
14.021923076923077
13.977307692307694
14.13076923076923
13.138076923076925
13.581153846153846
13.793461538461539
13.72269230769231
13.073076923076922
13.399615384615384
13.503076923076922
12.558461538461538
13.192307692307692
13.134615384615385
13.093846153846155
13.46269230769231
13.180769230769231
13.365
13.477692307692308
13.571538461538463
12.880769230769232
12.98
13.364615384615385
13.433461538461538
13.593461538461538
13.629615384615384
13.022307692307692
12.868846153846155
13.063076923076922
12.649230769230769
12.366153846153846
12.258461538461537
12.872692307692308
12.544230769230769
11.998846153846152
12.377692307692307
12.153076923076924
12.305769230769231
11.928461538461537
11.842307692307692
11.148846153846154
11.339230769230769
11.826538461538462
11.413846153846153
11.524999999999999
10.850769230769231
10.529230769230768
10.681153846153846
10.443461538461538
10.352692307692308
10.253076923076922
11.049230769230768
11.021923076923077
10.51423076923077
10.81423076923077
10.780384615384616
10.459615384615384
10.455
10.551153846153845
9.600384615384616
9.263461538461538
9.40576923076923
9.326538461538462
10.103461538461538
10.070384615384615
10.334999999999999
9.820384615384615
9.886153846153848
9.627307692307692
9.429230769230768
9.322307692307692
9.365384615384615
8.903076923076922
9.333461538461538
9.261538461538462
8.353846153846153
8.646153846153847
8.423846153846155
8.008846153846154
7.744615384615385
7.773461538461539
7.286153846153846
7.012307692307692
7.520384615384615
7.585
6.511153846153846
6.785769230769231
7.298846153846155
7.588846153846154
7.55576923076923
7.353076923076923
7.001538461538461
7.011923076923077
6.765769230769231
6.852307692307692
7.272307692307693
6.593846153846154
6.37
6.5138461538461545
6.408846153846154
5.82923076923077
5.363076923076923
5.43923076923077
6.137307692307692
6.059615384615385
5.558461538461539
5.977692307692307
5.455384615384616
4.811538461538461
4.260384615384615
4.067692307692308
4.365
3.9088461538461536
3.8207692307692307
3.9257692307692307
3.251923076923077
3.13
3.609615384615385
4.0965384615384615
3.9584615384615387
3.9480769230769233
4.167307692307692
3.358461538461538
3.1573076923076924
3.1107692307692307
2.8407692307692307
3.1146153846153846
3.775384615384615
4.236538461538461
3.957307692307692
3.9342307692307696
3.7057692307692305
2.9292307692307693
2.434230769230769
2.623076923076923
2.8615384615384616
3.188846153846154
3.1003846153846153
3.1265384615384613
3.2088461538461535
3.213076923076923
3.6553846153846155
3.2126923076923077
2.7576923076923077
2.917692307692308
2.9196153846153843
2.9865384615384616
2.806923076923077
2.741923076923077
3.0138461538461536
3.166923076923077
3.206538461538462
2.801153846153846
2.6599999999999997
3.049615384615385
2.5734615384615385
2.349615384615385
2.1369230769230767
