pet
0.3869230769230769
0.32807692307692304
0.3511538461538462
0.3230769230769231
0.37692307692307697
0.38153846153846155
0.48846153846153845
0.39
0.38
0.44999999999999996
0.5426923076923077
0.5192307692307693
0.4511538461538462
0.36346153846153845
0.4826923076923077
0.4523076923076923
0.3703846153846154
0.48384615384615387
0.545
0.43846153846153846
0.3019230769230769
0.40230769230769237
0.4030769230769231
0.4288461538461539
0.5034615384615384
0.4676923076923077
0.5434615384615384
0.6046153846153847
0.5411538461538462
0.49769230769230766
0.615
0.6246153846153847
0.6092307692307692
0.5757692307692308
0.7226923076923076
0.6880769230769231
0.5176923076923077
0.5561538461538462
0.6211538461538461
0.5296153846153846
0.5265384615384615
0.6738461538461539
0.6461538461538462
0.49961538461538463
0.6157692307692308
0.7846153846153846
0.681923076923077
0.7749999999999999
0.6961538461538462
0.7888461538461539
0.865
0.9046153846153846
0.8407692307692307
0.9003846153846153
0.7803846153846153
0.8430769230769232
0.7580769230769231
0.78
0.7415384615384616
0.7396153846153847
0.8
0.6719230769230768
0.6634615384615384
0.7361538461538462
0.9219230769230768
1.061923076923077
1.058076923076923
1.251923076923077
1.1853846153846155
1.2011538461538462
1.0784615384615384
1.0496153846153846
1.3250000000000002
1.458846153846154
1.3692307692307693
1.4173076923076924
1.2407692307692306
1.221923076923077
1.1938461538461538
1.2992307692307692
1.231923076923077
1.3353846153846154
1.3619230769230768
1.4196153846153845
1.4884615384615385
1.3880769230769232
1.583076923076923
1.6080769230769232
1.7284615384615383
1.74
1.6834615384615386
1.7065384615384613
1.7792307692307692
1.6688461538461539
1.7784615384615385
1.7407692307692306
1.4565384615384613
1.7315384615384615
1.8242307692307693
1.6857692307692307
1.6588461538461539
1.7142307692307692
1.8265384615384617
1.9765384615384616
1.9273076923076924
1.873076923076923
1.9334615384615386
1.896923076923077
1.8623076923076924
2.0923076923076924
2.3115384615384618
2.3846153846153846
2.401923076923077
2.4842307692307695
2.246153846153846
2.058846153846154
2.1796153846153845
2.085769230769231
1.9953846153846155
2.146923076923077
2.293846153846154
2.3765384615384617
2.455769230769231
2.3880769230769228
2.5023076923076926
2.4523076923076923
2.776923076923077
2.694230769230769
2.703461538461539
2.7903846153846152
2.5988461538461536
2.522692307692308
2.536538461538462
2.416153846153846
2.8034615384615384
2.6634615384615383
2.599615384615385
2.6953846153846155
2.856923076923077
2.7734615384615386
2.727692307692308
2.7453846153846153
2.789615384615385
2.736538461538461
2.8461538461538463
2.8134615384615387
2.917692307692308
2.835769230769231
2.8176923076923077
2.879230769230769
3.0453846153846156
3.1388461538461536
2.958076923076923
2.7446153846153845
2.54
2.641923076923077
2.57
2.626923076923077
2.6884615384615387
2.8503846153846153
2.7207692307692306
2.7203846153846154
2.628846153846154
2.773076923076923
2.7334615384615386
2.8003846153846155
3.036538461538462
3.0453846153846156
3.0023076923076926
2.945
2.7946153846153843
2.8003846153846155
2.7734615384615386
2.962307692307692
2.8365384615384617
2.878076923076923
3.023846153846154
2.8376923076923077
2.849615384615385
2.9738461538461536
2.881153846153846
3.0688461538461542
3.0349999999999997
3.016153846153846
3.006153846153846
3.1365384615384615
2.988076923076923
3.0311538461538463
3.0707692307692307
3.042307692307692
3.0573076923076923
2.8861538461538463
2.921538461538461
2.7526923076923078
2.891153846153846
2.980769230769231
3.1326923076923077
3.1296153846153847
3.302692307692308
3.288846153846154
3.006153846153846
2.7992307692307694
2.991923076923077
3.082692307692308
2.963846153846154
3.21
3.051923076923077
2.9223076923076925
2.946153846153846
2.8042307692307693
2.7211538461538463
2.769615384615385
2.927692307692308
2.8473076923076923
2.8888461538461536
2.769230769230769
2.7523076923076926
2.8826923076923077
2.781538461538461
2.891923076923077
2.813846153846154
2.6346153846153846
2.861923076923077
2.6853846153846153
2.675
2.6034615384615383
2.480384615384615
2.4273076923076924
2.4384615384615382
2.4346153846153844
2.411153846153846
2.3623076923076924
2.3692307692307693
2.4965384615384614
2.3846153846153846
2.131923076923077
2.2830769230769232
2.1003846153846153
2.0726923076923076
1.9438461538461538
1.8857692307692309
1.8842307692307694
1.8438461538461537
1.9026923076923077
2.195
2.0173076923076922
2.1569230769230767
2.123846153846154
2.0234615384615386
1.9207692307692308
1.9903846153846154
1.9073076923076924
2.007307692307692
1.9549999999999998
1.790769230769231
1.728076923076923
1.6584615384615384
1.6765384615384618
1.5865384615384615
1.5499999999999998
1.6376923076923076
1.6442307692307692
1.6080769230769232
1.5996153846153847
1.5034615384615384
1.5034615384615384
1.4115384615384616
1.4096153846153845
1.3992307692307693
1.419230769230769
1.4626923076923077
1.4319230769230769
1.503076923076923
1.3557692307692308
1.255
1.1919230769230769
1.1846153846153846
1.238076923076923
1.0857692307692308
1.133846153846154
1.2999999999999998
1.1673076923076924
1.276923076923077
1.0761538461538462
1.1400000000000001
1.1326923076923077
1.0473076923076923
0.9596153846153845
1.033076923076923
0.8634615384615384
0.8961538461538462
0.9157692307692309
0.8680769230769231
0.9342307692307692
0.8365384615384616
0.9642307692307692
0.9811538461538463
0.9400000000000001
0.845
0.9184615384615384
0.9219230769230768
0.8169230769230769
0.91
0.8415384615384615
0.8042307692307692
0.7526923076923077
0.6896153846153846
0.6503846153846153
0.6830769230769231
0.6111538461538462
0.5461538461538462
0.536923076923077
0.5634615384615385
0.6
0.5646153846153846
0.5411538461538462
0.5415384615384615
0.5365384615384615
0.6657692307692309
0.4953846153846154
0.5338461538461539
0.49615384615384617
0.4273076923076923
0.36038461538461536
0.38769230769230767
0.3088461538461538
0.3119230769230769
0.35615384615384615
0.3384615384615385
0.46846153846153843
0.46115384615384614
0.44730769230769235
0.40576923076923077
0.4819230769230769
0.38346153846153846
0.4226923076923077
0.3273076923076923
0.35615384615384615
0.4553846153846154
0.4876923076923077
0.3946153846153846
0.41423076923076924
0.32384615384615384
0.3403846153846154
0.31961538461538463
0.4296153846153846
0.3688461538461538
0.3776923076923077
0.3861538461538461
0.39692307692307693
0.3161538461538462
0.34153846153846157
0.32192307692307687
0.36653846153846154
0.49653846153846154
0.5207692307692308
0.581923076923077
0.5196153846153846
0.4184615384615385
0.3869230769230769
0.38576923076923075
0.2969230769230769
0.46269230769230774
0.5007692307692307
0.5092307692307693
