temperature
5.624230769230769
5.185384615384615
4.904230769230769
4.802307692307692
5.035769230769231
4.996538461538462
5.168461538461538
4.892307692307693
4.784230769230769
5.399615384615384
5.906923076923078
6.130384615384615
5.72
5.858461538461539
6.0369230769230775
5.6996153846153845
5.540384615384616
5.499615384615385
5.507692307692308
4.854230769230769
5.1450000000000005
5.001153846153846
4.964615384615385
4.992307692307692
5.131923076923077
4.825384615384616
5.015769230769231
5.235769230769231
5.282692307692307
5.08576923076923
5.141923076923077
5.1146153846153855
5.05576923076923
5.131153846153846
5.752692307692308
5.765000000000001
5.313461538461539
5.16423076923077
4.882307692307692
4.823846153846154
5.035384615384616
5.3380769230769225
5.7092307692307696
5.431538461538461
5.690384615384615
5.939230769230769
5.743846153846154
5.988846153846154
5.875769230769231
6.291538461538461
6.235769230769231
6.261923076923077
6.201153846153845
5.953461538461538
5.676153846153847
5.773076923076923
5.488076923076923
5.345769230769231
4.906153846153846
4.943461538461539
5.42576923076923
5.200000000000001
4.745384615384615
5.165384615384616
5.910384615384616
6.292692307692307
6.88
6.907692307692307
6.945384615384616
6.947692307692307
6.138461538461538
6.338461538461539
7.122307692307692
7.605384615384616
7.2288461538461535
7.1850000000000005
6.385384615384615
6.735769230769231
7.04
7.212307692307693
7.2846153846153845
7.476538461538462
7.365769230769231
7.868461538461539
7.8246153846153845
7.703076923076923
7.7434615384615375
7.462692307692308
7.668846153846153
7.972692307692308
8.038846153846153
8.121538461538462
7.764230769230769
7.616153846153846
8.053846153846154
8.003461538461538
7.382692307692308
7.69923076923077
8.256923076923076
7.984230769230769
8.016923076923076
8.325384615384616
8.247307692307693
8.596538461538461
8.531538461538462
8.664615384615384
8.717307692307692
8.301923076923076
8.60423076923077
9.52076923076923
10.560384615384615
10.07423076923077
10.364615384615385
10.37846153846154
9.731923076923078
9.176923076923076
9.628846153846153
9.452692307692308
8.928076923076922
9.143076923076922
9.405
10.149615384615384
10.16576923076923
9.814230769230768
10.118461538461538
10.080769230769231
10.813076923076922
11.011538461538462
10.941153846153846
11.596153846153847
10.999615384615385
11.03076923076923
10.653846153846153
10.82
11.571153846153846
11.328846153846154
11.27346153846154
11.097307692307691
11.249615384615385
11.159230769230769
11.783846153846154
11.68576923076923
11.72269230769231
11.808846153846153
12.133461538461537
12.271153846153847
12.181923076923077
12.403076923076924
12.748846153846156
13.193076923076923
12.845
13.971538461538461
13.492307692307692
13.376923076923077
13.036923076923076
13.123076923076923
13.112692307692308
12.969615384615384
13.163846153846153
13.567692307692308
13.608076923076924
13.227307692307694
13.340769230769231
13.421153846153846
13.671923076923076
13.431538461538462
14.292692307692308
14.525384615384613
14.80923076923077
14.40576923076923
14.044615384615385
13.895384615384616
14.173076923076923
14.17653846153846
14.464230769230769
14.881923076923076
15.043076923076923
14.914230769230768
14.766153846153847
14.839615384615387
15.038461538461538
14.98076923076923
14.981153846153846
15.215
14.886538461538462
14.755384615384616
14.862692307692308
15.078846153846154
15.436538461538463
15.791923076923078
15.663846153846153
15.363076923076923
15.481153846153846
15.165000000000001
15.761923076923077
15.696923076923078
15.763846153846155
16.016538461538463
16.53846153846154
16.548076923076923
15.988076923076923
15.706923076923077
15.965
16.028846153846153
16.028076923076924
16.629615384615384
16.24153846153846
15.747692307692308
15.902692307692309
15.686923076923078
15.376538461538463
15.430769230769231
15.994615384615384
16.10230769230769
16.031153846153845
15.734615384615385
15.96653846153846
15.85423076923077
15.618461538461538
16.326153846153847
15.835769230769232
15.942307692307692
16.206923076923076
15.874615384615385
16.30153846153846
15.76423076923077
15.26
15.527692307692309
15.516153846153847
15.209999999999999
15.344999999999999
15.261153846153848
15.466153846153846
15.809615384615386
15.696153846153846
15.099230769230768
15.625384615384615
15.203076923076923
14.688076923076922
14.610384615384616
14.390769230769232
14.681538461538462
14.137307692307692
14.214615384615383
14.908076923076923
14.790384615384616
14.95346153846154
15.038846153846153
14.785
14.607307692307693
14.574615384615385
14.568076923076923
14.945384615384615
14.511538461538462
14.15846153846154
13.73
13.544615384615385
13.836538461538462
13.425
13.476923076923075
13.506923076923076
13.899999999999999
13.891923076923076
13.779230769230768
13.588461538461539
13.047307692307694
12.556153846153846
12.709615384615384
12.637307692307692
12.888076923076921
12.813846153846155
13.31076923076923
13.543846153846154
12.598846153846154
12.110000000000001
11.948846153846155
11.52346153846154
12.165384615384616
11.553846153846154
11.748076923076923
12.121153846153845
11.928846153846154
12.03346153846154
11.271153846153847
11.435
11.465384615384616
10.985384615384616
11.49
10.850000000000001
10.482692307692307
10.693076923076923
10.130384615384616
10.388846153846155
10.424230769230768
10.186923076923078
10.507307692307693
10.472307692307693
10.546153846153846
10.541923076923077
10.160384615384617
10.283846153846154
10.110384615384616
10.131923076923076
9.943076923076923
9.397692307692308
9.272307692307693
8.967692307692307
9.046153846153846
9.087692307692308
8.837307692307693
8.641923076923076
8.558846153846154
8.497692307692308
8.758076923076924
8.603461538461538
8.173461538461538
7.909230769230769
7.906923076923077
8.213461538461539
7.644230769230769
8.123846153846154
7.737307692307693
7.4653846153846155
7.188846153846153
6.881923076923077
6.704615384615384
6.625769230769231
6.905384615384615
6.893461538461538
6.856923076923077
6.738076923076923
6.693846153846153
6.693846153846153
6.379615384615385
5.848076923076923
5.899230769230769
5.952307692307692
5.930000000000001
6.17576923076923
6.602692307692307
6.276153846153846
6.1753846153846155
6.475384615384616
6.572307692307692
6.223461538461539
6.418461538461538
6.01
6.081538461538462
5.836923076923076
5.5903846153846155
5.671538461538462
5.835384615384616
5.385769230769231
5.706153846153845
6.338846153846154
6.333461538461539
6.892692307692308
6.535384615384616
5.823846153846153
5.881153846153846
5.302307692307693
4.988846153846154
6.095
5.8815384615384625
5.7711538461538465
