temperature
1.056
0.2892
-0.14520000000000002
0.56
0.9912000000000001
0.6611999999999999
0.3072
0.4104
0.08959999999999997
0.20679999999999996
0.36040000000000005
-0.009600000000000079
0.9264000000000001
1.224
1.2595999999999998
0.43359999999999993
0.21720000000000006
0.6596000000000001
1.1112
1.3279999999999998
1.2068
0.8420000000000001
0.8371999999999999
0.4796
-0.6384000000000001
-0.0163999999999999
-0.47159999999999996
0.634
0.9976
0.3764
0.45679999999999993
0.7387999999999999
1.178
0.9664
0.8784000000000001
1.7395999999999998
0.9416
0.042
-0.2624
0.16079999999999997
-0.19760000000000003
-0.18559999999999996
0.03159999999999997
-0.5844
-0.7964
-0.5768
-0.29519999999999996
0.34199999999999986
0.22600000000000006
0.5128
0.592
1.2588
1.4
1.2888
1.29
0.738
0.43599999999999994
1.6372
1.1632
1.2672
1.5756000000000001
1.5248
2.2824
2.8548
3.2292
3.446
2.5408
2.7215999999999996
3.0944
2.9672
3.0976
2.2384
1.5908000000000002
1.4584000000000001
1.956
2.1368
1.348
1.4280000000000002
1.094
1.73
2.0276
1.7828
2.1504
2.4932
2.3087999999999997
2.2688
2.1807999999999996
2.9715999999999996
3.5463999999999998
3.7251999999999996
3.568
2.3568000000000002
2.2536
3.1639999999999997
3.2124
3.4092000000000002
2.766
2.9536000000000002
3.4616
4.5108
4.0176
3.6348000000000003
3.4484
4.7256
5.3236
4.9524
4.9004
4.872
4.4432
4.9572
4.92
4.5816
4.930400000000001
5.0076
4.8264
5.276800000000001
5.5120000000000005
5.376
5.7176
5.7576
5.5767999999999995
5.3
5.566
5.8208
5.4312000000000005
5.944400000000001
6.39
6.305599999999999
5.9475999999999996
6.1644000000000005
6.102799999999999
6.7416
6.7616
6.9664
6.8804
6.3348
7.352
7.1156
7.1672
7.833200000000001
7.8427999999999995
7.4963999999999995
8.3588
8.538
9.0824
8.7716
8.63
8.756
8.5044
8.884400000000001
9.1572
9.492
9.315199999999999
9.3864
9.244399999999999
9.479199999999999
9.8
9.87
10.093200000000001
9.870800000000001
9.5876
9.9324
9.7248
9.683200000000001
9.9524
10.1192
10.4476
10.560799999999999
10.6708
11.158399999999999
10.736400000000001
10.3532
10.5296
10.6024
10.648800000000001
10.9844
10.725999999999999
10.7864
11.1144
11.5028
11.1656
10.9024
11.177999999999999
11.7632
12.201600000000001
12.054
12.754000000000001
12.6872
12.2148
12.321200000000001
12.3496
12.8048
12.452
12.4208
12.114
11.9888
11.133199999999999
11.9728
11.9168
13.1008
12.474400000000001
11.9228
12.0824
12.2704
12.308
12.8652
13.0404
13.216
13.3012
12.941600000000001
12.5032
12.2672
12.446399999999999
12.7444
11.985199999999999
12.2116
12.396399999999998
12.168399999999998
11.8928
12.0868
12.265999999999998
12.0328
12.5396
12.5084
12.276800000000001
12.4768
12.636800000000001
11.601600000000001
12.101600000000001
11.9952
12.366
12.3004
11.803199999999999
11.003599999999999
11.405999999999999
11.501600000000002
11.0348
11.4908
11.0888
11.917200000000001
11.095999999999998
10.7328
10.915999999999999
10.6928
10.4152
10.6676
10.5008
9.690800000000001
9.2028
10.1492
10.1384
9.6004
9.378400000000001
8.935599999999999
9.1028
8.6352
8.9752
8.78
9.7904
9.4676
8.9764
9.0176
9.1448
8.8032
8.792
8.6576
7.9812
7.9712
7.725599999999999
7.343999999999999
8.4868
8.546800000000001
8.3812
8.128400000000001
8.0964
8.0572
7.6756
7.6804
7.373200000000001
7.199199999999999
7.5760000000000005
7.0752
6.21
6.3660000000000005
6.1912
6.1728
6.5888
6.1184
5.7925
5.43375
5.805833333333333
5.81125
5.00625
5.322916666666667
5.421666666666667
5.8825
6.200833333333333
5.851666666666667
5.723333333333334
5.469166666666666
5.3425
4.89375
4.928333333333334
4.465416666666667
4.41625
4.7592
4.9432
4.2612
3.9372
4.2463999999999995
4.587999999999999
4.1432
4.1964
3.8044
3.3172
2.8487999999999998
2.8092
2.9532
3.2127999999999997
2.5572
2.5488
2.5732
1.6688
1.518
2.8280000000000003
3.0068
2.61
1.9908
1.9296
1.3647999999999998
1.67
1.5812
1.2268000000000001
1.6851999999999998
2.1364
2.8331999999999997
2.7340000000000004
2.1268000000000002
2.1228
0.872
0.3676
0.7347999999999999
1.214
1.8695999999999997
1.4076
1.2844
1.2996
1.4416
1.4487999999999999
1.0392000000000001
0.6547999999999999
0.9632
1.0188
0.9436000000000001
1.0844
1.148
1.044
1.3592000000000002
1.2932
0.7791999999999999
0.508
0.6884
0.23599999999999993
0.8220000000000001
0.8632000000000001
