pet
0.506
0.436
0.4056
0.38
0.3932
0.41240000000000004
0.5472
0.5075999999999999
0.4844
0.4632
0.5196000000000001
0.5096
0.49439999999999995
0.43079999999999996
0.526
0.4432
0.3732
0.49560000000000004
0.58
0.4672
0.31
0.396
0.4276
0.4252
0.48960000000000004
0.4744
0.5484
0.5956
0.5568
0.4728
0.5996
0.636
0.6376
0.5812
0.7140000000000001
0.7312000000000001
0.5156000000000001
0.5432
0.6072
0.5584
0.528
0.6408
0.6168
0.5268
0.6136
0.8076000000000001
0.6920000000000001
0.7752
0.6940000000000001
0.7956
0.8592
0.8896
0.8423999999999999
0.8936
0.8436
0.8488
0.8240000000000001
0.8228
0.7512000000000001
0.7504000000000001
0.8368000000000001
0.8048000000000001
0.7136
0.8212
0.9652
1.0964
1.1632
1.2776
1.2575999999999998
1.2264
1.2312
1.0272
1.3552000000000002
1.4996
1.4444
1.376
1.3104
1.2935999999999999
1.2207999999999999
1.3468
1.2296
1.3688
1.4088
1.4324000000000001
1.4284000000000001
1.4340000000000002
1.6403999999999999
1.724
1.8608000000000002
1.7404
1.7024000000000001
1.7972
1.8296000000000001
1.6732
1.8316
1.7288
1.538
1.6688
1.8324
1.7272
1.6503999999999999
1.7180000000000002
1.8259999999999998
1.9476
1.946
1.8352000000000002
1.9752
1.9256
1.97
2.0984
2.3447999999999998
2.5
2.4656000000000002
2.5396
2.2896
2.0608
2.1112
2.114
1.9848
2.1728
2.282
2.3344
2.3092
2.2904
2.4972
2.676
2.8316000000000003
2.8368
2.886
2.9160000000000004
2.6872
2.5784
2.6188
2.4459999999999997
2.6351999999999998
2.7527999999999997
2.638
2.7016000000000004
2.86
2.838
2.8080000000000003
2.8383999999999996
2.9636
2.9216
2.9995999999999996
2.9152
2.9988
2.9196
2.8492
2.862
2.9192
3.0656
3.0148
2.772
2.602
2.5132
2.5404
2.6508
2.7127999999999997
2.878
2.7072000000000003
2.7456
2.7083999999999997
2.8575999999999997
2.9256
2.94
3.0784
3.1936
3.0648
3.0564
2.9995999999999996
2.9556
2.8744
3.0296
3.012
2.9951999999999996
3.1164
3.068
2.944
3.0884000000000005
3.0224
3.1992000000000003
3.1932
3.082
3.1912000000000003
3.2651999999999997
3.1668000000000003
3.034
3.1071999999999997
3.1148000000000002
3.1648
2.992
2.9636
2.9551999999999996
3.0408
3.0768
3.3072000000000004
3.2968
3.4788
3.5608
3.2648
3.0736000000000003
3.1275999999999997
3.2804
3.2948000000000004
3.3548
3.2451999999999996
3.1916
3.148
3.0056
2.9456
3.0256
3.1271999999999998
3.0296
3.0556
2.9512
3.0168
3.1108
2.9636
3.0764
2.8356
2.7912
3.1180000000000003
2.7460000000000004
2.898
2.7948000000000004
2.6692
2.5424
2.6916
2.6832
2.5864
2.4992
2.54
2.612
2.498
2.3636
2.6188
2.3756
2.2744
2.2352000000000003
2.1912000000000003
2.0303999999999998
2.0232
2.0884
2.3612
2.2163999999999997
2.2880000000000003
2.3316
2.1715999999999998
2.0836
2.15
2.0968
2.2344
2.1788
1.9468
1.9188
1.8612
1.8428
1.7656
1.5832
1.746
1.7428
1.7932
1.7408000000000001
1.71
1.64
1.5084
1.4812
1.4736000000000002
1.5568
1.5504
1.5044
1.5484
1.4791666666666667
1.37125
1.3041666666666667
1.2029166666666666
1.2775
1.0816666666666668
1.09375
1.2216666666666667
1.2
1.3758333333333335
1.1641666666666668
1.1512499999999999
1.1754166666666668
1.0420833333333333
0.9916666666666667
1.0220833333333335
0.87
0.9204166666666667
0.8875000000000001
0.9254166666666667
1.0308333333333333
0.91
1.0341666666666667
1.0566666666666666
1.0425
0.9229166666666666
0.9854166666666666
0.9658333333333333
0.89875
0.97125
0.9033333333333333
0.8325
0.7720833333333333
0.66375
0.5875
0.6104166666666667
0.59
0.5504166666666667
0.5983333333333333
0.6208333333333333
0.6804166666666666
0.66125
0.6283333333333333
0.6108333333333333
0.5745833333333333
0.6208333333333333
0.46416666666666667
0.4945833333333333
0.4875
0.4091666666666667
0.40041666666666664
0.4633333333333334
0.4091666666666667
0.35708333333333336
0.44625000000000004
0.4141666666666666
0.4395833333333334
0.50625
0.4875
0.4295833333333334
0.4558333333333333
0.4033333333333333
0.42625
0.29375
0.30250000000000005
0.47333333333333333
0.5066666666666667
0.3825
0.39875
0.29083333333333333
0.295
0.31916666666666665
0.43
0.35375
0.37666666666666665
0.43124999999999997
0.3675
0.3175
0.30291666666666667
0.28833333333333333
0.3525
0.5195833333333334
0.5641666666666667
0.62
0.5645833333333333
0.41958333333333336
0.4483333333333333
0.4170833333333333
0.28125
0.4458333333333333
0.5504166666666667
0.526
