temperature
5.6015999999999995
5.0296
4.6284
4.4252
4.584
4.5584
5.312799999999999
5.17
4.7884
5.1228
5.218
5.4772
5.234399999999999
4.8708
5.0687999999999995
4.488
4.2416
4.7416
4.9075999999999995
4.167199999999999
3.7104000000000004
4.222799999999999
4.1592
4.1224
4.6448
4.6404000000000005
4.9395999999999995
5.0372
4.7976
4.1495999999999995
4.6008
4.7707999999999995
4.7016
4.6712
5.4963999999999995
5.4156
4.4228
4.3652
4.4132
4.2336
3.9904
4.6328000000000005
4.7868
4.3732
4.9188
5.766800000000001
5.1579999999999995
5.595599999999999
5.1968
5.540800000000001
5.8191999999999995
6.1096
5.7236
5.96
5.643199999999999
5.6392
5.537999999999999
5.3684
4.8036
4.7951999999999995
5.1128
5.0404
4.8012
5.3588
5.8312
6.3876
6.7156
7.2992
7.1268
6.8872
6.9848
6.0712
7.493200000000001
8.0716
7.8532
7.345599999999999
6.932
7.065600000000001
6.7364
7.263199999999999
6.886
7.3448
7.460800000000001
7.518400000000001
7.444400000000001
7.483199999999999
8.2452
8.5692
9.0664
8.6288
8.4284
8.7556
8.8996
8.2932
8.8168
8.3064
7.604
8.018
8.767999999999999
8.3172
7.994
8.3
8.5948
9.0504
9.0616
8.6348
9.2804
9.0832
9.270800000000001
9.7768
10.6632
11.254000000000001
11.1392
11.455599999999999
10.579600000000001
9.7472
10.005600000000001
9.994
9.4976
10.2016
10.4528
10.522
10.534
10.4564
11.168399999999998
11.7688
12.3124
12.4824
12.616
12.798399999999999
12.0724
11.750399999999999
11.963199999999999
11.466
12.148800000000001
12.4972
12.2212
12.5636
13.109200000000001
13.065999999999999
13.0324
13.126800000000001
13.5868
13.524000000000001
13.814
13.634400000000001
13.8708
13.6008
13.474400000000001
13.6568
13.863199999999999
15.0804
15.126
14.387599999999999
13.8716
13.668800000000001
13.814400000000001
14.2508
14.519200000000001
15.1636
14.6032
14.7324
14.7336
15.286
15.5308
15.640799999999999
16.1644
16.5424
16.1348
16.1268
16.0048
15.883600000000001
15.6964
16.305999999999997
16.2824
16.293599999999998
16.708
16.558
16.236800000000002
16.7504
16.554000000000002
17.15
17.19
16.8496
17.248800000000003
17.503600000000002
17.2264
16.8536
17.124000000000002
17.1912
17.3612
16.84
16.788
16.8164
17.148
17.3288
18.106
18.137999999999998
18.7856
19.0816
18.1588
17.5924
17.8436
18.3784
18.4332
18.6712
18.4248
18.2912
18.226
17.817999999999998
17.676
17.92
18.3008
18.1028
18.208399999999997
17.892
18.1608
18.54
18.0728
18.4324
17.695999999999998
17.641199999999998
18.7728
17.5492
18.1264
17.8364
17.4692
17.0224
17.6036
17.598399999999998
17.2236
16.972
17.146
17.4616
17.1292
16.6556
17.5468
16.718
16.3944
16.3432
16.2388
15.604800000000001
15.5832
15.6608
16.6388
16.1336
16.372799999999998
16.6572
16.0292
15.68
15.9624
15.7772
16.2844
16.188
15.3156
15.276
15.0228
14.9876
14.6004
14.097999999999999
14.7376
14.718800000000002
14.918800000000001
14.7028
14.6076
14.263599999999999
13.739600000000001
13.7224
13.6652
13.955599999999999
13.916400000000001
13.796
14.0416
13.455
12.786666666666667
12.5725
11.950000000000001
12.574166666666668
11.719166666666666
11.817916666666667
12.413333333333334
12.310833333333333
12.867083333333333
12.0525
12.047083333333333
12.0375
11.442083333333334
11.290416666666667
11.367916666666666
10.596666666666666
10.718333333333334
10.482916666666666
10.572083333333333
11.1425
10.669166666666667
11.067083333333334
11.108333333333334
11.092083333333333
10.61875
10.5775
10.44875
10.130416666666667
10.352916666666667
10.2425
9.739583333333334
9.421666666666667
8.810416666666667
8.247916666666667
8.349583333333333
8.426666666666668
8.296249999999999
8.09875
8.008750000000001
8.590833333333334
8.672916666666667
8.260416666666666
8.097916666666666
7.646249999999999
7.810833333333334
7.0975
7.085833333333333
6.898333333333333
6.434166666666666
6.16125
6.444583333333333
6.343333333333334
5.832916666666667
6.447083333333333
6.210833333333333
6.404166666666666
6.446666666666666
6.267500000000001
5.963333333333334
5.805833333333333
5.615833333333334
5.5575
5.31375
5.223333333333334
5.848333333333334
5.75
5.225416666666667
5.29
4.864166666666667
4.88375
4.631666666666667
5.287916666666667
4.9679166666666665
5.119583333333334
5.380416666666666
4.907916666666666
4.4375
4.062083333333334
3.8216666666666668
4.060833333333334
5.167916666666667
5.515
6.305416666666667
6.2941666666666665
5.164166666666667
5.242083333333333
4.805833333333333
3.9170833333333337
4.62625
5.2404166666666665
5.0896
