temperature
4.165652173913044
3.889130434782609
3.3404347826086958
3.3360869565217395
3.5886956521739135
3.8656521739130434
4.600869565217391
4.042173913043478
3.749565217391304
4.593913043478261
4.739565217391305
4.748695652173913
4.2095652173913045
3.989130434782609
4.367826086956521
4.028695652173913
3.6421739130434783
3.997826086956522
4.317391304347826
3.8817391304347826
3.511304347826087
3.6852173913043482
3.5830434782608696
3.7773913043478258
4.378260869565217
4.429130434782609
4.365652173913043
4.545217391304347
3.884782608695652
3.398695652173913
4.04
4.366086956521739
4.0486956521739135
4.0291304347826085
4.769130434782609
4.5004347826086954
3.7291304347826086
3.926086956521739
3.9826086956521736
3.491739130434783
3.436086956521739
3.946521739130435
4.349130434782609
3.759130434782609
4.188260869565218
5.017826086956521
4.518695652173913
4.644347826086956
4.412173913043478
4.591304347826087
4.822608695652174
5.402608695652174
4.899130434782609
5.210869565217391
4.627391304347825
5.060869565217391
4.679130434782609
4.220434782608696
3.827391304347826
3.7369565217391307
3.8969565217391304
3.9582608695652177
3.941304347826087
4.32695652173913
4.9421739130434785
5.595652173913043
6.002608695652174
6.670434782608695
6.30913043478261
6.117826086956522
5.436521739130434
5.204782608695653
6.399565217391304
6.804347826086956
6.680434782608696
6.321739130434783
5.93304347826087
6.469565217391305
5.8908695652173915
6.551304347826087
6.24304347826087
6.5660869565217395
6.897826086956522
6.947391304347826
7.0826086956521745
6.854347826086957
7.01304347826087
7.298260869565217
7.619999999999999
7.710434782608695
7.209565217391304
7.393913043478261
7.737826086956522
7.00695652173913
7.570869565217391
7.322608695652175
6.455217391304347
7.33
7.664347826086956
7.427826086956522
7.7556521739130435
7.512608695652173
8.219130434782608
8.364347826086956
8.505217391304347
8.441739130434783
8.708695652173914
8.270434782608696
8.271739130434783
9.379130434782608
9.992173913043478
10.260434782608696
10.220434782608695
10.331739130434782
9.534782608695652
8.984782608695653
9.183478260869565
8.98695652173913
8.767391304347827
9.411304347826087
9.836521739130434
9.707391304347826
9.872608695652174
10.136521739130433
10.451739130434783
10.220434782608695
11.373478260869565
11.089130434782609
11.378695652173912
11.880434782608695
11.120869565217392
10.844782608695652
10.999565217391305
10.613478260869567
11.45304347826087
11.433478260869567
11.367083333333333
11.515
12.000833333333333
11.666666666666666
12.332083333333335
12.17125
12.624166666666667
12.215416666666668
12.680416666666666
12.64125
13.01375
12.602083333333333
12.67875
12.686250000000001
13.497916666666667
14.586666666666666
14.158333333333333
13.556666666666667
12.82875
13.007916666666667
12.99375
13.545416666666666
13.615416666666667
14.103333333333333
14.12
13.862916666666665
13.597916666666668
13.874166666666667
13.934583333333334
14.246250000000002
15.265
15.125
15.1
14.578333333333333
14.32875
14.210416666666667
14.734166666666667
15.015833333333333
14.969166666666666
15.158333333333333
15.764166666666668
15.0
15.017916666666666
15.5675
15.349583333333333
15.749583333333334
15.931666666666667
15.52125
15.665
15.870416666666666
15.682916666666666
15.65625
15.54125
15.60375
15.823749999999999
15.535416666666665
15.361666666666666
15.077083333333334
15.50875
15.898333333333333
16.243750000000002
16.461666666666666
17.324583333333333
17.007083333333334
16.157083333333333
15.518749999999999
16.237083333333334
16.74625
16.332083333333333
17.03
16.63375
16.357499999999998
16.21291666666667
16.1975
16.112083333333334
16.156666666666666
16.77958333333333
16.699583333333333
16.920833333333334
16.410833333333333
16.24375
16.361666666666668
15.919583333333334
16.142500000000002
16.244583333333335
15.613333333333332
16.427083333333332
16.057083333333335
16.43
16.4425
15.627083333333333
15.623750000000001
15.65625
15.841666666666667
15.6325
15.51
15.667083333333332
16.074583333333333
15.94375
15.176666666666668
15.41125
14.98625
15.043333333333335
14.642916666666666
14.097499999999998
14.317083333333334
13.966666666666667
14.262916666666667
15.257916666666667
14.615416666666667
15.07
15.198333333333332
14.527916666666668
14.368333333333332
14.445416666666667
14.424999999999999
14.749583333333334
14.6925
14.249166666666667
13.802083333333334
13.66375
13.61625
13.039166666666667
12.770416666666668
13.1475
13.337916666666667
13.1975
13.428333333333333
13.068333333333333
12.725416666666668
12.32
12.687916666666666
12.2275
12.525833333333333
12.864583333333334
12.553333333333333
12.72375
11.890434782608697
11.520434782608698
11.120434782608696
10.81695652173913
11.455652173913045
10.819565217391304
11.141739130434782
11.742173913043478
11.164347826086955
11.64391304347826
11.060434782608697
11.134347826086955
11.036521739130436
10.478260869565217
10.39695652173913
10.268695652173914
9.773478260869565
9.901739130434782
9.551304347826088
9.458260869565217
9.836521739130434
9.59086956521739
9.686521739130434
9.944347826086956
9.84695652173913
9.464347826086957
9.754782608695653
9.36
9.068695652173913
9.585217391304349
9.01608695652174
8.75695652173913
8.491304347826087
7.967826086956522
7.705217391304347
7.57304347826087
7.396521739130435
7.385217391304349
6.894782608695652
6.889565217391305
7.873043478260869
7.678695652173913
7.437826086956521
7.179565217391304
7.024782608695652
7.576521739130435
6.724347826086956
6.6460869565217395
6.3160869565217395
6.028695652173913
5.776521739130434
5.455652173913043
5.086956521739131
5.2330434782608695
5.646521739130435
5.251739130434783
5.718695652173913
5.416086956521739
5.334347826086956
5.22304347826087
5.1573913043478266
4.929565217391304
5.0230434782608695
4.6808695652173915
4.831304347826087
5.458260869565217
5.127826086956522
4.797826086956522
4.727391304347826
4.737391304347826
4.448695652173913
4.144347826086957
4.658695652173913
4.15391304347826
4.127391304347826
4.604782608695652
3.957391304347826
3.603478260869565
3.385217391304348
3.67304347826087
3.8526086956521737
4.498260869565217
5.124347826086956
5.53
4.995652173913044
4.25
4.087391304347826
3.8073913043478265
3.62
4.01304347826087
4.201739130434783
4.471739130434782
