temperature
2.3205555555555555
1.57
1.5372222222222223
1.5544444444444445
1.8038888888888889
1.9794444444444441
1.9072222222222222
1.6327777777777779
1.9188888888888889
2.023888888888889
2.575
2.882222222222222
2.976666666666667
3.160555555555556
3.165
2.336666666666667
2.0533333333333332
2.4216666666666664
2.518333333333333
2.598888888888889
2.625
2.32
2.101111111111111
1.5538888888888889
1.4844444444444445
1.798888888888889
1.7272222222222222
1.8355555555555556
2.0755555555555554
1.7972222222222223
2.073888888888889
2.4238888888888885
2.886111111111111
2.797222222222222
2.3716666666666666
3.158888888888889
1.9544444444444444
1.3494444444444444
1.7572222222222225
1.3988888888888888
1.9683333333333333
2.4322222222222223
2.2305555555555556
2.2572222222222225
2.4694444444444446
2.1783333333333332
1.7438888888888888
2.523888888888889
2.0066666666666664
1.6877777777777778
1.5711111111111111
1.901111111111111
2.1994444444444445
1.6577777777777778
1.03
1.485
1.4505555555555556
1.1994444444444445
0.28222222222222215
0.7933333333333334
0.8005555555555555
1.8294444444444444
2.368333333333333
2.411666666666667
3.3622222222222224
3.1883333333333335
3.086666666666667
3.136111111111111
3.7577777777777777
3.522222222222222
3.573333333333333
3.5438888888888886
2.5944444444444446
2.8183333333333334
4.0505555555555555
4.278888888888889
3.4783333333333335
3.6116666666666664
3.3066666666666666
3.535555555555556
3.433333333333333
3.437777777777778
3.5561111111111114
3.9833333333333334
4.162222222222223
4.087222222222222
4.081666666666667
4.557777777777778
5.420555555555556
5.672777777777778
5.341666666666667
4.452777777777778
3.7011111111111115
3.855555555555556
4.736666666666667
4.426111111111111
4.472777777777778
4.980555555555555
5.395
5.682777777777777
4.911666666666666
3.761111111111111
3.645
4.137222222222222
4.895
4.769444444444444
4.457777777777777
4.056666666666667
3.9183333333333334
5.4816666666666665
6.154999999999999
5.854444444444444
6.16611111111111
6.555000000000001
5.592222222222222
5.89
5.585555555555555
6.591111111111111
6.835555555555555
6.723333333333333
7.9147058823529415
7.055882352941176
7.067058823529412
6.590588235294117
6.931764705882353
6.935294117647058
7.4541176470588235
7.425294117647059
7.171764705882353
7.14
6.974705882352941
7.624117647058824
7.9399999999999995
8.815882352941177
8.529411764705882
7.570588235294117
7.6517647058823535
7.2829411764705885
7.368235294117647
8.561176470588235
8.452352941176471
8.706470588235293
9.071764705882353
8.99470588235294
8.175882352941176
8.56
8.99235294117647
9.418823529411766
9.215294117647058
9.538823529411765
9.907058823529413
9.483529411764707
8.918823529411766
8.705294117647059
8.624117647058824
8.826470588235296
9.445882352941176
9.790588235294118
9.40764705882353
10.359411764705882
10.229411764705883
9.935294117647059
10.058823529411764
10.241176470588234
9.981176470588236
10.245882352941177
10.374117647058823
10.274117647058823
10.305882352941175
10.646470588235292
10.59235294117647
9.962941176470588
9.472941176470588
10.47235294117647
11.186470588235295
11.398235294117647
11.292352941176471
11.181176470588236
11.399411764705881
11.323529411764707
10.091176470588236
10.392941176470588
11.347058823529412
11.468823529411765
11.552941176470588
10.990588235294117
11.27470588235294
11.917058823529413
11.15235294117647
12.224705882352941
11.805294117647058
11.422941176470587
11.117647058823529
11.315882352941177
11.793529411764707
11.256470588235295
11.254117647058823
11.88529411764706
12.724117647058824
13.338823529411764
13.02764705882353
12.74470588235294
13.01764705882353
13.090588235294117
12.888235294117647
12.90235294117647
13.015882352941176
13.461176470588235
13.061764705882354
13.207647058823529
13.558235294117647
13.289411764705882
13.914705882352942
13.197058823529412
13.215294117647058
12.960588235294118
13.326470588235296
13.467647058823529
12.905294117647058
12.852352941176472
13.211764705882352
12.825882352941177
12.619411764705882
12.725882352941177
12.625882352941176
12.340588235294117
12.580588235294117
12.604705882352942
12.068235294117647
12.76
12.813529411764705
12.050588235294116
11.541176470588235
11.158235294117647
10.880588235294118
11.222941176470588
11.402941176470588
11.48
11.25235294117647
11.743529411764705
10.878823529411765
10.824705882352943
11.236470588235294
11.389411764705883
11.664705882352942
11.251176470588234
11.518235294117646
11.090588235294117
9.84
10.52470588235294
11.044705882352941
10.591176470588236
10.251176470588236
10.36
10.064705882352941
9.32235294117647
9.01764705882353
9.378235294117648
9.220588235294118
9.808235294117647
10.392941176470588
9.592941176470589
10.448823529411765
10.09529411764706
9.281176470588235
9.25294117647059
9.462941176470588
8.796470588235294
8.387058823529411
8.691764705882353
8.808823529411764
8.509411764705883
8.792352941176471
8.335882352941177
8.717058823529412
7.614705882352941
8.07764705882353
8.020588235294117
7.694117647058825
8.077058823529413
8.36
7.838235294117647
6.779411764705882
7.2176470588235295
7.394705882352941
7.594705882352942
7.695882352941176
6.684117647058823
6.916470588235294
6.438235294117647
6.421176470588235
5.624705882352941
5.171764705882353
6.20764705882353
6.267058823529411
6.307647058823529
6.556470588235294
6.00764705882353
5.591176470588235
5.497058823529412
5.529411764705882
5.049411764705883
5.357058823529411
5.434117647058823
5.348823529411765
5.119411764705882
4.817058823529412
4.517647058823529
5.2176470588235295
5.522941176470589
5.228235294117646
4.448823529411764
4.490588235294118
4.367058823529412
4.3094117647058825
4.302352941176471
4.199411764705882
4.6000000000000005
4.732352941176471
3.6511764705882355
3.301764705882353
3.3723529411764703
2.9847058823529413
3.4505882352941173
2.9011764705882355
2.9511764705882353
3.878823529411765
4.098235294117647
4.104705882352941
3.7682352941176473
4.142352941176471
4.048823529411765
3.518823529411765
3.7641176470588236
2.9144444444444444
3.625
3.148888888888889
2.6305555555555555
2.929444444444444
2.226111111111111
1.9938888888888888
2.6927777777777777
3.6799999999999997
3.242777777777778
2.867777777777778
2.4522222222222223
2.001666666666667
2.261111111111111
2.1127777777777776
2.798333333333334
2.296666666666667
1.7938888888888889
0.37111111111111117
0.57
1.2538888888888888
2.0105555555555554
2.6305555555555555
2.4405555555555556
1.01
0.32833333333333337
0.5577777777777777
0.7238888888888888
0.007222222222222315
0.7805555555555554
1.1716666666666666
