pet
0.5158333333333334
0.41250000000000003
0.45708333333333334
0.39875
0.4454166666666666
0.4345833333333333
0.57375
0.46291666666666664
0.4483333333333333
0.4283333333333333
0.5233333333333333
0.5183333333333333
0.4945833333333333
0.44208333333333333
0.5658333333333333
0.4995833333333333
0.35833333333333334
0.5329166666666666
0.6391666666666667
0.47625
0.4033333333333333
0.4375
0.45625000000000004
0.4166666666666667
0.5329166666666667
0.49750000000000005
0.5804166666666667
0.6520833333333333
0.5954166666666666
0.5395833333333333
0.6699999999999999
0.6758333333333333
0.7020833333333334
0.6204166666666667
0.7179166666666666
0.7279166666666667
0.54125
0.6408333333333334
0.6145833333333334
0.49875
0.5183333333333333
0.63375
0.6616666666666666
0.5191666666666667
0.6608333333333333
0.7875
0.7312500000000001
0.8125
0.71875
0.8545833333333334
0.8204166666666667
0.97625
0.8999999999999999
0.9170833333333333
0.8275
0.8354166666666667
0.8041666666666667
0.8450000000000001
0.7683333333333334
0.7754166666666666
0.8391666666666667
0.7820833333333334
0.7075
0.7333333333333334
0.9420833333333333
1.0925
1.2658333333333334
1.3499999999999999
1.3345833333333335
1.3054166666666667
1.2275
1.0541666666666667
1.3829166666666666
1.5404166666666665
1.4416666666666667
1.4037499999999998
1.2741666666666667
1.3308333333333333
1.2904166666666665
1.45875
1.3766666666666667
1.4525
1.4304166666666667
1.4983333333333333
1.5516666666666667
1.5858333333333334
1.7454166666666666
1.69625
1.8304166666666666
1.7612500000000002
1.7620833333333332
1.7933333333333332
1.8245833333333332
1.7029166666666666
1.77625
1.7741666666666667
1.5316666666666665
1.71875
1.90125
1.8308333333333333
1.7700000000000002
1.8945833333333333
1.9395833333333332
1.9725000000000001
2.0691666666666664
1.9675
2.1283333333333334
2.02875
2.004166666666667
2.285416666666667
2.5675
2.48
2.5254166666666666
2.5820833333333333
2.3758333333333335
2.2224999999999997
2.2070833333333333
2.2216666666666667
2.049583333333333
2.26625
2.39
2.4116666666666666
2.5191666666666666
2.4683333333333333
2.600416666666667
2.7225
2.9858333333333333
2.9129166666666664
2.9433333333333334
3.0691666666666664
2.8845833333333335
2.7550000000000003
2.7154166666666666
2.589583333333333
2.7579166666666666
2.7729166666666667
2.7445833333333334
2.769166666666667
2.766666666666667
2.77125
2.9183333333333334
2.9308333333333336
3.0237499999999997
2.97125
3.0879166666666666
3.1670833333333337
3.1633333333333336
3.0870833333333336
3.1054166666666667
3.03375
3.0383333333333336
3.31
3.045833333333333
3.0187500000000003
2.8008333333333333
2.705
2.6804166666666664
2.6279166666666667
2.7608333333333337
2.9525
2.8641666666666663
2.8866666666666667
2.7175
2.87875
2.9499999999999997
2.8983333333333334
3.1654166666666668
3.1512499999999997
3.1316666666666664
3.064583333333333
2.891666666666667
2.9291666666666667
2.7725000000000004
2.964166666666667
2.9949999999999997
3.0979166666666664
3.2420833333333334
3.145
3.1766666666666663
3.172083333333333
3.12625
3.2304166666666667
3.125
3.0745833333333334
2.9516666666666667
3.002083333333333
3.0970833333333334
3.1012500000000003
3.1020833333333333
3.2116666666666664
3.0679166666666666
3.03375
2.9612499999999997
2.9554166666666664
3.1391666666666667
3.120416666666667
3.2687500000000003
3.2816666666666667
3.4562500000000003
3.4600000000000004
3.0729166666666665
3.12875
2.9949999999999997
3.15625
3.1820833333333334
3.370416666666667
3.1704166666666667
3.1225
3.0241666666666664
2.889583333333333
2.8066666666666666
2.8699999999999997
2.965
2.8870833333333334
2.9808333333333334
2.8575
2.8545833333333337
2.7891666666666666
2.699583333333333
2.8995833333333336
2.68375
2.629583333333333
2.8241666666666667
2.69125
2.8029166666666665
2.6158333333333332
2.5466666666666664
2.42
2.4795833333333333
2.4716666666666667
2.316666666666667
2.3283333333333336
2.42375
2.5520833333333335
2.38625
2.24875
2.5833333333333335
2.3720833333333333
2.1841666666666666
2.0866666666666664
2.015416666666667
1.9908333333333335
1.8554166666666667
1.9158333333333333
2.191666666666667
2.2695833333333333
2.2795833333333335
2.2525
2.13875
2.0479166666666666
2.10875
1.9712500000000002
2.254583333333333
2.095
1.99875
1.8745833333333335
1.7433333333333334
1.7895833333333335
1.73625
1.6066666666666667
1.6208333333333333
1.6616666666666668
1.7229166666666667
1.68
1.6125
1.6025
1.45625
1.3862500000000002
1.4458333333333335
1.51625
1.55
1.5145833333333334
1.5920833333333333
1.4252173913043478
1.372608695652174
1.3360869565217393
1.2104347826086956
1.2991304347826087
1.1417391304347826
1.0682608695652174
1.3134782608695652
1.2817391304347827
1.4391304347826088
1.102608695652174
1.1234782608695653
1.1395652173913045
1.0226086956521738
1.0634782608695652
1.0645833333333334
0.8883333333333333
0.9895833333333334
0.85875
0.9641666666666667
1.0362500000000001
0.875
1.0883333333333334
1.0262499999999999
1.09375
1.0366666666666666
1.0279166666666666
1.0758333333333334
1.03
1.0799999999999998
1.0333333333333334
0.8658333333333333
0.8104166666666667
0.685
0.6554166666666666
0.6808333333333333
0.6433333333333333
0.5325
0.6825
0.7104166666666667
0.7508333333333334
0.7370833333333334
0.6408333333333333
0.6620833333333334
0.6070833333333333
0.6475
0.53125
0.6104166666666667
0.5924999999999999
0.4879166666666666
0.5554166666666667
0.5733333333333334
0.48583333333333334
0.41625
0.5079166666666667
0.49583333333333335
0.49125
0.5295833333333334
0.5416666666666666
0.45708333333333334
0.5079166666666667
0.45166666666666666
0.46
0.31958333333333333
0.35874999999999996
0.5170833333333333
0.5875
0.44458333333333333
0.43500000000000005
0.3358333333333334
0.315
0.33708333333333335
0.5341666666666667
0.42791666666666667
0.47750000000000004
0.4495833333333333
0.40208333333333335
0.3629166666666667
0.3545833333333333
0.30624999999999997
0.4558333333333333
0.6079166666666667
0.645
0.7258333333333334
0.6133333333333334
0.5204166666666666
0.5116666666666667
0.49791666666666673
0.3729166666666666
0.5529166666666666
0.6062500000000001
0.6091666666666666
