temperature
1.9373076923076922
1.7826923076923078
1.923846153846154
3.0734615384615385
2.871153846153846
2.1715384615384616
2.496153846153846
2.8361538461538465
2.838846153846154
2.138076923076923
1.3800000000000001
0.8553846153846153
1.3392307692307692
1.9934615384615384
1.8142307692307693
1.458846153846154
0.9815384615384615
1.4934615384615384
1.9942307692307693
2.33
2.396153846153846
2.2734615384615386
2.153076923076923
2.313076923076923
1.9723076923076923
1.7003846153846154
1.4665384615384613
1.886923076923077
1.4415384615384617
0.8730769230769231
1.4253846153846155
1.5553846153846154
2.1773076923076924
2.356153846153846
2.1634615384615383
2.659615384615385
2.3023076923076924
2.2096153846153848
1.8523076923076922
1.4526923076923075
1.0480769230769231
1.3165384615384617
1.22
0.16346153846153846
0.0592307692307692
0.43538461538461537
0.8707692307692307
1.2115384615384615
0.5976923076923077
0.8965384615384615
0.6842307692307693
1.315
2.0615384615384618
1.99
1.5711538461538461
1.3688461538461536
1.9365384615384615
2.191538461538461
2.1157692307692306
2.363076923076923
2.6542307692307694
2.2003846153846154
2.4223076923076925
3.108461538461538
3.5807692307692305
3.3015384615384615
2.825384615384615
3.200384615384615
3.6653846153846152
3.51
3.465384615384615
3.415769230769231
3.0503846153846155
2.994230769230769
2.9103846153846153
2.755769230769231
3.0911538461538464
2.6823076923076923
2.8392307692307694
2.821923076923077
2.8926923076923075
3.3784615384615386
3.6334615384615385
3.4242307692307694
3.453076923076923
3.4692307692307693
3.265
3.7157692307692307
4.087692307692308
4.343846153846154
4.038076923076923
2.9734615384615384
3.071923076923077
3.3096153846153844
3.5900000000000003
3.8334615384615387
4.081923076923077
3.3334615384615387
4.260384615384615
4.894615384615384
5.187307692307693
4.899230769230769
4.422692307692308
4.665
5.687307692307693
5.725384615384616
5.434615384615385
5.868846153846154
5.160384615384616
5.542692307692307
5.728076923076923
6.023846153846154
5.586923076923076
5.7288461538461535
5.499615384615385
5.741538461538462
5.535384615384615
5.734615384615385
6.294615384615384
5.995769230769231
5.386923076923077
5.881153846153846
6.298461538461538
6.725769230769231
6.7373076923076916
7.117692307692308
7.575384615384616
7.003461538461538
6.551153846153847
7.386923076923077
7.703846153846154
7.655
7.59923076923077
7.615384615384615
8.007692307692308
7.083076923076923
7.870384615384615
7.754615384615385
8.263846153846155
8.606153846153846
8.656538461538462
9.06576923076923
9.221153846153847
9.579615384615384
8.862692307692308
9.212692307692308
9.062307692307693
8.764615384615384
9.328846153846154
9.056538461538462
9.537307692307692
9.862692307692308
9.56
9.833461538461538
9.296538461538463
9.92576923076923
9.935384615384615
10.046923076923077
10.231153846153846
9.962307692307691
9.934615384615386
10.288461538461538
10.022307692307692
9.72423076923077
9.853846153846153
10.585769230769232
11.024230769230769
11.109615384615385
10.873461538461537
11.00576923076923
11.161923076923076
10.803461538461537
10.924615384615386
11.166538461538462
11.206538461538461
11.257692307692308
11.868846153846155
11.387692307692307
11.731923076923076
11.955769230769231
12.120384615384616
11.690384615384614
12.079615384615384
12.414615384615386
12.698076923076922
12.647692307692306
12.390384615384615
13.325384615384614
13.146153846153847
13.243076923076924
13.090384615384616
13.103461538461538
12.79653846153846
13.14423076923077
13.0
12.700769230769229
12.495384615384616
12.221153846153847
12.587307692307691
13.071923076923078
13.224230769230768
12.826538461538462
12.681923076923077
12.892307692307693
12.566923076923077
13.276153846153846
13.278461538461539
13.306923076923077
13.092692307692309
13.399615384615384
13.709615384615384
12.464615384615383
12.800384615384615
13.054615384615385
12.92923076923077
12.79076923076923
12.713846153846154
12.590384615384616
11.846153846153847
12.573846153846155
11.841153846153846
12.302692307692308
12.963076923076924
12.171923076923077
12.668076923076923
12.945384615384615
12.67923076923077
12.133846153846154
12.12923076923077
12.536538461538461
13.030384615384616
13.238461538461538
13.335769230769232
12.594999999999999
12.52
12.34153846153846
12.343076923076923
11.629615384615384
11.725000000000001
12.292307692307693
12.114615384615385
11.532307692307691
11.840384615384616
11.358461538461539
11.330384615384615
11.135384615384615
11.045384615384616
10.396923076923077
10.920384615384616
11.401538461538461
10.966153846153846
11.215
10.155
9.956923076923077
9.991538461538461
9.89846153846154
9.761923076923077
9.516153846153847
10.368076923076924
10.322692307692307
9.753461538461538
10.231923076923078
9.901153846153846
10.038461538461538
9.580384615384615
10.035769230769231
9.360384615384616
9.351923076923077
8.976538461538462
9.529615384615385
9.528076923076924
9.239230769230769
9.193076923076923
9.035
9.197307692307692
8.967307692307692
8.361153846153845
8.720769230769232
8.68
8.345
9.103461538461538
9.054230769230768
7.746153846153846
8.029615384615385
7.920384615384616
7.097307692307693
7.354615384615385
7.1899999999999995
6.809615384615385
6.788076923076924
7.261923076923077
6.988846153846154
6.491538461538462
6.276153846153846
6.461538461538462
6.9265384615384615
6.545384615384616
7.088461538461539
6.357692307692308
6.3815384615384625
6.212692307692308
6.562692307692307
7.072307692307692
6.656538461538461
6.386923076923077
6.4338461538461535
5.91
5.803076923076923
4.912307692307692
5.180000000000001
6.240769230769231
5.601923076923077
5.451923076923077
5.638076923076923
5.374615384615385
4.367307692307692
4.1923076923076925
3.843461538461539
4.15423076923077
3.8653846153846154
4.155384615384615
4.4569230769230765
3.375384615384615
3.4099999999999997
3.4296153846153845
3.9865384615384616
4.325384615384615
4.0430769230769235
3.897307692307692
3.3380769230769234
2.9000000000000004
2.6792307692307693
2.676153846153846
3.1784615384615384
3.424615384615385
4.033846153846154
3.808846153846154
4.002307692307692
3.126923076923077
2.641153846153846
2.4434615384615386
2.042307692307692
2.2557692307692307
2.522307692307692
2.3838461538461537
3.0803846153846157
3.040769230769231
3.236923076923077
3.0453846153846156
2.8846153846153846
2.5880769230769234
2.727692307692308
2.825384615384615
3.078461538461539
2.569230769230769
2.180769230769231
2.5953846153846154
2.9092307692307693
3.087307692307692
2.94
2.8746153846153844
2.8261538461538462
2.0173076923076922
1.9446153846153846
2.1096153846153847
