temperature
2.916923076923077
2.7657692307692305
2.1015384615384614
2.4319230769230766
2.548076923076923
2.858846153846154
3.0046153846153847
2.7323076923076925
2.5896153846153847
3.4888461538461537
3.524230769230769
3.6115384615384616
3.2465384615384614
3.3419230769230768
3.4853846153846155
3.012307692307693
2.9738461538461536
3.1834615384615383
3.144230769230769
2.335769230769231
2.228846153846154
2.4696153846153845
2.5926923076923076
2.965384615384615
3.175
3.0788461538461536
3.170769230769231
3.0669230769230773
2.4184615384615387
2.147692307692308
2.680769230769231
2.8923076923076922
2.8419230769230768
3.041923076923077
3.446923076923077
3.1465384615384617
2.4703846153846154
2.5988461538461536
2.3953846153846152
2.1923076923076925
2.213076923076923
2.952307692307692
3.3053846153846154
2.6030769230769235
3.2673076923076922
3.681923076923077
3.1246153846153844
3.1946153846153846
3.251923076923077
3.6453846153846152
3.585384615384615
3.776923076923077
3.6465384615384617
3.3499999999999996
3.0473076923076925
3.581538461538462
2.8815384615384616
2.645769230769231
2.427692307692308
2.2753846153846156
2.341153846153846
2.2846153846153845
1.871923076923077
2.701923076923077
3.298076923076923
3.7403846153846154
4.149615384615385
4.4350000000000005
4.378461538461538
4.069230769230769
3.7442307692307697
3.9523076923076923
4.821538461538461
5.203076923076923
5.006153846153846
4.854230769230769
4.281923076923077
4.773846153846154
4.455
4.461923076923077
4.668461538461538
4.776538461538461
5.137692307692307
5.394230769230769
5.2299999999999995
4.886153846153846
5.467692307692308
5.562692307692307
5.750769230769231
5.763846153846154
5.491923076923077
5.345384615384615
5.735384615384616
5.288461538461538
5.82923076923077
5.531538461538461
4.839230769230769
5.843461538461539
5.983461538461539
5.5053846153846155
5.731153846153846
5.473846153846154
5.935769230769231
6.295000000000001
6.22423076923077
6.292307692307692
6.430000000000001
6.054230769230769
6.083076923076923
6.988076923076923
7.936538461538461
8.086923076923076
8.120000000000001
8.260384615384616
7.318846153846153
7.099615384615385
7.207307692307692
6.950384615384616
6.930000000000001
7.386153846153846
7.786153846153846
7.915384615384616
8.223461538461539
8.146153846153847
8.007692307692308
7.763461538461538
8.973846153846154
8.743461538461538
9.077692307692308
9.483846153846155
8.723461538461539
8.968846153846155
9.106153846153846
8.948461538461538
9.672307692307694
9.312692307692307
9.318076923076923
9.391538461538461
9.678076923076922
9.65
9.983846153846153
9.54923076923077
9.874615384615385
9.782692307692308
10.579230769230769
10.246538461538462
10.419615384615385
10.387692307692307
10.670384615384616
10.868076923076924
11.445
12.491923076923078
11.995384615384616
11.238846153846152
10.948076923076922
10.98923076923077
11.053846153846154
11.370000000000001
11.45346153846154
11.907307692307691
11.765384615384615
11.152692307692309
11.231153846153846
11.408076923076923
11.646923076923077
11.745384615384616
12.630384615384616
12.343076923076923
12.826538461538462
12.208461538461538
11.927692307692308
11.870000000000001
12.238076923076923
12.552307692307693
12.601923076923075
12.726153846153846
13.462307692307691
12.618461538461538
12.766153846153847
13.080769230769231
12.874615384615385
13.079230769230769
13.282692307692306
13.224615384615383
13.133846153846154
13.528076923076924
13.057692307692308
13.225384615384616
13.432692307692308
13.77346153846154
13.766153846153847
13.382692307692308
13.041923076923077
12.746153846153845
13.411153846153846
13.523846153846154
13.927307692307693
13.792307692307693
14.86076923076923
14.738846153846156
13.743461538461538
13.44576923076923
14.237692307692308
14.341923076923077
13.886153846153844
14.595384615384615
13.94576923076923
13.97
13.719615384615384
13.656153846153845
13.435
13.583846153846155
14.180384615384614
14.168076923076923
14.10923076923077
13.805
13.906538461538462
14.069615384615386
13.813846153846155
14.293846153846154
14.223846153846154
13.839230769230769
14.28
14.117692307692307
14.078846153846154
14.173846153846153
13.304615384615385
13.63923076923077
13.493076923076924
13.368076923076924
13.368461538461538
13.264615384615384
13.30076923076923
13.69923076923077
13.44
12.626538461538463
13.285
12.747307692307693
12.696538461538463
12.483461538461539
12.108076923076924
12.158076923076923
11.907307692307691
12.007307692307693
12.877307692307692
12.32076923076923
12.913846153846153
12.89846153846154
12.406923076923077
12.237692307692308
12.210384615384616
12.146153846153847
12.643461538461539
12.193846153846154
11.808461538461538
11.526923076923076
11.104615384615386
11.636153846153848
10.652692307692309
11.079615384615384
11.192307692307692
11.358846153846153
11.089230769230769
11.254999999999999
11.112307692307693
10.59769230769231
10.301153846153845
10.593846153846155
10.32
10.496538461538462
10.884615384615385
10.771153846153847
11.193846153846154
9.981153846153846
9.296923076923077
9.394615384615385
9.075
9.403076923076922
8.817307692307692
9.342692307692307
9.81576923076923
9.225
9.379999999999999
8.77076923076923
9.153461538461539
9.083846153846155
8.726923076923077
8.761923076923077
8.457692307692309
7.729615384615385
7.980769230769231
7.906153846153846
7.625384615384615
7.980769230769231
7.657307692307692
7.835384615384616
7.980384615384616
7.96576923076923
7.7553846153846155
8.045769230769231
7.2846153846153845
7.19923076923077
7.700769230769231
7.583846153846154
7.271923076923077
7.21076923076923
6.4957692307692305
6.410769230769231
6.625769230769231
6.438461538461539
5.998461538461539
5.841923076923076
5.796538461538462
6.402692307692307
5.99923076923077
5.880769230769231
5.578461538461538
5.941538461538461
6.367692307692308
5.641923076923077
5.7446153846153845
4.988846153846154
4.825
4.417307692307693
4.161153846153846
3.707692307692308
4.288846153846154
4.571153846153846
4.370384615384615
4.7615384615384615
4.385384615384615
4.268461538461539
4.266153846153847
4.087307692307692
3.772307692307692
3.7673076923076922
3.762307692307692
3.751153846153846
4.3488461538461545
4.2238461538461545
3.896153846153846
3.802692307692308
3.8615384615384616
3.7069230769230765
3.6319230769230773
3.773846153846154
3.1296153846153847
3.1076923076923078
3.5234615384615386
3.361923076923077
2.9734615384615384
2.9515384615384614
2.916923076923077
2.8934615384615388
3.751153846153846
4.023076923076923
4.371923076923077
3.8757692307692313
3.342307692307692
3.1561538461538463
2.6984615384615385
2.355769230769231
3.093461538461538
3.644230769230769
3.412692307692308
