temperature
0.5045454545454544
-0.0859090909090909
0.375
0.0681818181818182
0.04227272727272726
0.2763636363636363
0.20909090909090902
-0.27
0.21636363636363634
0.7190909090909091
0.9022727272727273
1.2177272727272728
0.335
0.6972727272727274
0.8677272727272727
0.31045454545454554
0.045454545454545456
0.04272727272727266
-0.4249999999999999
-0.1868181818181818
0.4754545454545455
0.9295454545454546
0.9163636363636364
1.360909090909091
1.4254545454545455
1.3663636363636364
0.5709090909090908
0.2981818181818182
-0.5004545454545455
-0.26272727272727275
0.10318181818181804
-0.0918181818181818
-0.03136363636363626
0.4859090909090909
0.2840909090909091
-0.08181818181818182
-0.17818181818181814
-0.2290909090909091
-0.18500000000000003
-0.4922727272727272
-0.629090909090909
-0.13954545454545447
0.07863636363636366
0.2727272727272727
1.1327272727272728
1.5340909090909092
1.8045454545454547
1.1054545454545455
0.6163636363636363
1.2540909090909091
1.460909090909091
1.2718181818181817
0.8990909090909089
0.9590909090909091
0.5440909090909091
1.2954545454545454
0.8477272727272727
0.7663636363636364
0.2368181818181819
-0.13500000000000004
-0.01136363636363638
0.35363636363636364
0.34136363636363637
0.5990909090909091
1.336818181818182
1.9313636363636364
1.8454545454545455
1.5090909090909093
1.560909090909091
1.7590909090909093
1.2631818181818182
2.3009090909090912
2.3686363636363637
2.595
2.481818181818182
2.6463636363636365
2.8486363636363636
2.4918181818181817
2.3877272727272727
2.735
2.800909090909091
2.4745454545454546
2.72
3.178181818181818
3.4354545454545455
3.7122727272727274
3.0895454545454544
3.200909090909091
2.8718181818181816
2.8927272727272726
2.6363636363636362
3.3545454545454545
3.7072727272727275
3.1681818181818184
3.8231818181818182
3.651818181818182
3.1568181818181817
3.894545454545454
4.239545454545454
4.580909090909091
3.9618181818181815
3.6904545454545454
4.048181818181818
4.804545454545455
4.8999999999999995
4.762727272727273
3.8400000000000003
4.553636363636364
4.890909090909091
5.411363636363636
5.766363636363637
6.140454545454546
5.808636363636364
5.602727272727273
5.136363636363637
4.912727272727273
4.451818181818182
4.679090909090909
4.357272727272727
4.461818181818182
4.645
5.0213636363636365
5.4359090909090915
6.575
6.373181818181819
6.661818181818182
6.2309090909090905
6.466363636363636
6.590454545454546
6.764545454545455
6.454545454545454
6.469090909090909
6.540454545454545
6.568181818181818
7.147272727272727
6.732272727272728
7.5231818181818175
7.237272727272727
8.119545454545454
8.046363636363637
7.953636363636363
7.668181818181818
8.082727272727272
8.178636363636365
8.406818181818181
8.164545454545454
8.352272727272727
8.461818181818181
8.853636363636364
8.627727272727272
9.876363636363637
10.266363636363637
10.016818181818183
9.501818181818182
8.97
8.795454545454545
9.325000000000001
9.88090909090909
10.070454545454545
10.161363636363637
10.268636363636363
9.304545454545455
9.078181818181818
8.740909090909092
9.218181818181819
9.999090909090908
10.402727272727274
10.57
10.014090909090909
9.505454545454546
10.076363636363636
9.931818181818182
10.893181818181818
11.201363636363636
10.477727272727272
10.441818181818181
10.786363636363637
11.501363636363637
11.557727272727274
11.525454545454545
11.57318181818182
11.876363636363635
11.459545454545456
11.928636363636365
11.783181818181818
11.55090909090909
11.503181818181817
11.260909090909092
11.122727272727273
11.827727272727271
11.78
11.721363636363636
10.831818181818182
11.209090909090909
11.853181818181817
12.278636363636364
12.851818181818182
12.74909090909091
12.335454545454546
12.315
11.82090909090909
11.967727272727274
12.54
12.714545454545453
12.576818181818181
12.384545454545457
12.795
12.344090909090909
11.950000000000001
11.755
11.51590909090909
11.624545454545455
12.030000000000001
12.226363636363637
12.338181818181818
12.031363636363636
12.305454545454545
11.945454545454545
11.47
11.405454545454546
11.31590909090909
11.393636363636363
11.241363636363637
11.77909090909091
12.065454545454545
11.909090909090908
11.328181818181818
11.124545454545455
11.733636363636363
11.359545454545454
11.271818181818182
11.622272727272728
11.554545454545455
11.199545454545456
11.398636363636363
11.137727272727274
10.634090909090908
9.95590909090909
10.65409090909091
10.498636363636363
9.918636363636365
10.15090909090909
10.142272727272728
9.851818181818182
10.575454545454546
10.355
10.715
10.432272727272727
10.362272727272726
10.141363636363637
10.482727272727272
9.785
10.105454545454545
10.521818181818182
10.466818181818182
10.011363636363637
9.317727272727273
9.058181818181819
8.876363636363637
8.59590909090909
8.825000000000001
8.872272727272728
9.66090909090909
9.54
8.662272727272727
7.984090909090909
8.44090909090909
8.34590909090909
8.092727272727272
8.175454545454544
8.737272727272726
8.165454545454546
8.175454545454546
7.683333333333333
7.311904761904761
6.853809523809524
6.326190476190476
7.077619047619048
7.011428571428572
7.413333333333334
7.435714285714286
6.986190476190477
6.730952380952381
6.5409523809523815
6.687142857142858
7.177142857142857
6.74952380952381
5.973333333333334
5.366190476190476
5.395
5.363181818181818
5.390454545454546
5.653181818181818
5.533636363636363
5.1881818181818184
5.759090909090909
5.263636363636364
5.193181818181818
5.420909090909091
5.722727272727273
5.026818181818182
4.409545454545455
5.21909090909091
5.254090909090909
4.557272727272728
4.569545454545454
3.914545454545454
3.5454545454545454
3.544090909090909
4.079545454545454
3.5086363636363633
2.9149999999999996
3.1577272727272727
3.3904545454545456
3.6531818181818183
3.157272727272727
2.9
4.202272727272727
4.169090909090909
3.0349999999999997
2.6131818181818183
2.9840909090909093
2.6681818181818184
2.2495454545454545
1.8477272727272727
1.261818181818182
2.0645454545454545
1.8263636363636364
1.3995454545454544
2.5245454545454544
2.036363636363636
1.4431818181818181
0.865909090909091
0.82
0.879090909090909
1.613181818181818
0.9295454545454546
1.2227272727272729
1.3022727272727272
0.7713636363636364
1.0863636363636362
1.5186363636363638
2.074090909090909
1.63
1.1054545454545455
0.9004545454545455
1.285
1.7777272727272726
1.3172727272727274
0.5813636363636363
0.03681818181818173
0.6227272727272728
0.6536363636363637
0.475
0.45045454545454544
1.0468181818181819
1.7877272727272726
0.5463636363636364
-0.048181818181818284
0.07727272727272722
-0.09545454545454544
-0.7118181818181818
0.15727272727272726
0.7977272727272727
0.965
