pet
0.30538461538461537
0.3126923076923077
0.3088461538461538
0.305
0.32346153846153847
0.4042307692307692
0.4165384615384615
0.3088461538461538
0.33653846153846156
0.41192307692307695
0.44461538461538463
0.4392307692307692
0.36730769230769234
0.35038461538461535
0.43
0.35
0.3019230769230769
0.37730769230769234
0.28384615384615386
0.2611538461538462
0.32499999999999996
0.41115384615384615
0.40576923076923077
0.43884615384615383
0.43
0.4819230769230769
0.44384615384615383
0.47000000000000003
0.2726923076923077
0.38653846153846155
0.49769230769230766
0.4719230769230769
0.4761538461538462
0.4603846153846154
0.4238461538461538
0.36615384615384616
0.3373076923076923
0.3776923076923077
0.46615384615384614
0.4165384615384615
0.375
0.4269230769230769
0.49500000000000005
0.47538461538461535
0.58
0.6453846153846154
0.5896153846153847
0.5492307692307693
0.47961538461538467
0.6269230769230769
0.6261538461538462
0.6365384615384616
0.5942307692307692
0.6415384615384615
0.5161538461538462
0.6603846153846153
0.541923076923077
0.5603846153846154
0.5115384615384616
0.49346153846153845
0.4988461538461539
0.47692307692307695
0.5026923076923077
0.5223076923076924
0.6673076923076924
0.7215384615384616
0.7734615384615384
0.7234615384615384
0.7353846153846154
0.803076923076923
0.7773076923076924
1.0238461538461539
1.0073076923076925
1.0596153846153846
1.1053846153846154
1.1142307692307691
0.9780769230769231
1.0776923076923077
1.043076923076923
1.1003846153846153
0.9996153846153847
0.9984615384615385
1.0326923076923078
1.1688461538461539
1.2126923076923077
1.248076923076923
1.1746153846153846
1.22
1.2223076923076923
1.3323076923076924
1.1865384615384615
1.3038461538461539
1.298846153846154
1.326153846153846
1.4676923076923076
1.360769230769231
1.3003846153846155
1.5457692307692308
1.4830769230769232
1.5053846153846153
1.3438461538461537
1.3465384615384615
1.4476923076923076
1.5534615384615384
1.5746153846153845
1.5261538461538462
1.4496153846153845
1.4823076923076923
1.6834615384615383
1.8138461538461537
1.9626923076923077
2.041153846153846
1.9396153846153845
1.9461538461538461
1.7650000000000001
1.6326923076923079
1.6734615384615383
1.8611538461538462
1.7865384615384616
1.7038461538461538
1.9226923076923077
2.0096153846153846
2.0723076923076924
2.2303846153846156
2.1053846153846156
2.1665384615384613
2.2007692307692306
2.229230769230769
2.2953846153846156
2.290769230769231
2.3034615384615384
2.208846153846154
2.2442307692307693
2.2903846153846157
2.443076923076923
2.328076923076923
2.4326923076923075
2.31
2.608076923076923
2.4050000000000002
2.333076923076923
2.31
2.338461538461538
2.411153846153846
2.4780769230769235
2.448076923076923
2.4288461538461537
2.4769230769230766
2.4973076923076922
2.5442307692307695
2.8007692307692307
2.6584615384615384
2.5430769230769235
2.318846153846154
2.2123076923076925
2.163076923076923
2.311153846153846
2.411538461538462
2.265
2.3273076923076923
2.45
2.0153846153846153
1.9961538461538462
1.948076923076923
1.9388461538461537
2.07
2.195
2.393846153846154
2.2034615384615384
2.0492307692307694
2.2657692307692305
2.0726923076923076
2.18
2.2811538461538463
2.086153846153846
2.1376923076923076
2.2746153846153847
2.216153846153846
2.2603846153846154
2.210384615384615
2.126923076923077
2.3103846153846153
2.256923076923077
2.3446153846153845
2.3211538461538463
2.24
2.165
2.2115384615384617
2.2150000000000003
2.3796153846153847
2.291923076923077
2.2596153846153846
2.0507692307692307
2.0773076923076923
2.085384615384615
2.188076923076923
2.2484615384615383
2.319230769230769
2.3476923076923075
2.306153846153846
2.213461538461538
2.135
2.3876923076923076
2.2626923076923076
2.273076923076923
2.1376923076923076
2.2665384615384614
2.1734615384615386
2.051153846153846
1.9784615384615383
1.919230769230769
2.0076923076923077
2.1599999999999997
2.078076923076923
2.0761538461538462
1.985769230769231
2.1226923076923074
1.9753846153846153
1.9038461538461537
2.0569230769230766
1.911153846153846
1.9265384615384618
1.813076923076923
1.8842307692307694
2.0357692307692306
1.9765384615384616
1.7546153846153845
1.7561538461538464
1.753076923076923
1.6630769230769231
1.6553846153846155
1.735769230769231
1.6084615384615384
1.6215384615384614
1.5876923076923077
1.585
1.6284615384615386
1.4007692307692308
1.508076923076923
1.4842307692307695
1.3511538461538461
1.3757692307692309
1.4365384615384615
1.3934615384615383
1.5476923076923077
1.4773076923076922
1.5857692307692306
1.6307692307692307
1.4573076923076924
1.4353846153846155
1.5015384615384615
1.2623076923076924
1.3957692307692307
1.3761538461538463
1.2742307692307693
1.2773076923076923
1.075
1.106153846153846
1.0380769230769231
0.9734615384615384
1.0473076923076923
1.051153846153846
1.2730769230769232
1.320769230769231
1.12
0.9496153846153846
1.0315384615384615
1.073076923076923
1.0150000000000001
0.9607692307692308
1.0873076923076923
0.9769230769230769
1.0323076923076924
0.893076923076923
0.8692307692307693
0.7969230769230768
0.7380769230769231
0.7823076923076923
0.7753846153846153
0.9107692307692308
0.8638461538461539
0.8492307692307691
0.7730769230769231
0.7015384615384614
0.7496153846153846
0.8376923076923077
0.8461538461538461
0.6473076923076923
0.6284615384615384
0.6173076923076923
0.6411538461538461
0.6319230769230769
0.6538461538461539
0.6892307692307693
0.63
0.666923076923077
0.7230769230769231
0.6649999999999999
0.6607692307692308
0.768076923076923
0.621923076923077
0.5711538461538461
0.6799999999999999
0.7376923076923076
0.5738461538461539
0.5315384615384615
0.5076923076923078
0.46
0.47576923076923083
0.4819230769230769
0.4984615384615385
0.4465384615384615
0.38769230769230767
0.4480769230769231
0.44423076923076926
0.37692307692307697
0.3853846153846154
0.5442307692307693
0.6138461538461539
0.44269230769230766
0.43230769230769234
0.46923076923076923
0.4176923076923077
0.39923076923076917
0.36153846153846153
0.2023076923076923
0.375
0.34153846153846157
0.2853846153846154
0.45269230769230767
0.4288461538461539
0.3323076923076923
0.3284615384615384
0.39192307692307693
0.29423076923076924
0.36961538461538457
0.22692307692307695
0.32807692307692304
0.4376923076923077
0.39538461538461545
0.37423076923076926
0.41884615384615387
0.5165384615384615
0.4803846153846154
0.28846153846153844
0.31961538461538463
0.3565384615384615
0.391923076923077
0.37961538461538463
0.4392307692307692
0.35923076923076924
0.3261538461538462
0.3565384615384615
0.3346153846153846
0.3930769230769231
0.41807692307692307
0.5476923076923077
0.4169230769230769
0.32076923076923075
0.31384615384615383
0.26884615384615385
0.27692307692307694
0.40576923076923077
0.4238461538461538
0.45615384615384613
