temperature
3.9033333333333338
3.9341666666666666
3.4225
3.890416666666667
4.74875
3.734166666666667
3.5749999999999997
4.331666666666667
4.810833333333333
4.252916666666667
3.470833333333333
3.1225
3.324583333333333
3.5904166666666666
3.8074999999999997
3.4908333333333332
2.894166666666667
3.07625
3.3183333333333334
3.82875
4.6120833333333335
4.19125
3.8533333333333335
3.769166666666667
3.5329166666666665
3.014583333333333
3.2045833333333333
3.5187500000000003
3.7095833333333332
3.2616666666666667
3.547083333333333
3.19
3.405
3.795833333333334
4.122916666666667
4.887083333333334
4.998333333333334
4.09125
3.6845833333333338
3.4883333333333333
3.3045833333333334
3.657083333333334
3.3008333333333333
2.72
2.48625
2.6145833333333335
2.860416666666667
3.5004166666666663
3.234583333333333
3.0895833333333336
3.1933333333333334
3.514583333333333
4.065833333333333
4.735416666666667
4.1937500000000005
3.995416666666667
4.269583333333333
5.044583333333334
4.92875
5.325
5.74125
5.1554166666666665
4.972916666666666
5.955416666666667
6.477916666666666
6.361666666666667
6.059166666666666
5.728750000000001
6.771249999999999
6.338333333333334
6.420000000000001
6.149166666666667
6.123333333333334
5.792916666666667
5.852083333333333
6.125416666666666
6.492083333333333
5.579999999999999
5.8675
5.821666666666666
5.984583333333333
6.514166666666667
6.6825
6.6933333333333325
6.566666666666666
6.35875
6.361249999999999
6.52
6.535
7.615833333333334
7.3508000000000004
6.886799999999999
6.1572000000000005
5.9048
6.6228
6.898
6.968
6.4636000000000005
7.2620000000000005
8.0596
7.7136000000000005
7.8744
7.3708
7.5363999999999995
8.0016
8.626800000000001
7.6112
7.8376
8.63
8.145199999999999
9.036
9.8748
8.6756
8.7752
8.9208
8.8304
8.7388
9.21
9.2312
9.8384
9.406799999999999
9.9116
9.3928
9.366
9.7748
9.935599999999999
10.515999999999998
10.5676
10.3248
10.692
10.4624
10.856
11.0596
11.3092
11.8824
11.83
11.1964
11.2628
11.633199999999999
12.318399999999999
11.353599999999998
11.9448
12.0732
12.2808
12.2684
12.439200000000001
11.8896
11.7652
12.558800000000002
12.396400000000002
13.218399999999999
13.854000000000001
13.388800000000002
12.966
13.343600000000002
14.078800000000001
13.988399999999999
13.9968
13.9848
13.7492
13.9476
13.701199999999998
13.664000000000001
14.1844
14.044400000000001
13.8696
14.638
14.1044
14.417200000000001
14.8248
15.398
14.527999999999999
14.368
14.4024
14.7228
14.909600000000001
15.4268
15.253599999999999
15.6472
15.4816
15.7292
15.623750000000001
15.467500000000001
15.805833333333332
16.550833333333333
16.412499999999998
16.864583333333332
17.272916666666667
17.454166666666666
16.731666666666666
16.667083333333334
16.947083333333335
16.960416666666667
17.40625
17.269166666666667
16.888749999999998
16.525000000000002
16.320833333333333
16.464583333333334
17.086666666666666
16.961666666666666
16.810416666666665
17.03
17.087083333333332
16.482916666666664
17.085416666666667
17.350416666666664
17.599166666666665
17.82125
18.097083333333334
18.32375
17.385416666666668
16.88625
17.28291666666667
17.563333333333333
17.182083333333335
17.06416666666667
17.115416666666665
17.0275
17.194166666666664
17.151666666666667
17.125
17.3475
17.090416666666666
17.01625
17.63375
17.662916666666668
17.023333333333333
16.636666666666667
16.8725
17.45625
17.399166666666666
17.6775
16.564583333333335
15.917916666666665
15.8275
16.0275
15.724583333333333
15.119166666666667
15.7025
16.022916666666667
15.595833333333333
15.176250000000001
15.15875
14.941249999999998
14.564583333333333
14.900416666666667
14.405833333333334
14.203333333333333
14.9375
14.911666666666667
14.896666666666667
14.6175
14.434583333333334
13.8225
13.203333333333333
13.26375
13.509583333333333
13.909999999999998
13.957083333333335
13.97875
13.35125
13.38125
13.6075
13.226666666666667
13.605416666666665
12.85125
12.82625
13.197916666666666
12.734583333333333
12.962916666666667
13.3175
12.922916666666666
12.310416666666667
12.016666666666666
11.845833333333333
11.933750000000002
11.673333333333334
11.884166666666667
11.165833333333333
11.890416666666667
12.156666666666666
11.259583333333333
10.948333333333332
11.291666666666666
10.438333333333334
10.210416666666667
10.47
9.742916666666666
9.9625
10.065416666666666
10.474583333333333
9.642916666666666
9.180833333333334
9.177083333333334
9.476666666666667
9.449583333333333
9.842083333333333
9.6075
9.112083333333333
8.57375
8.550416666666667
8.672083333333333
8.756666666666666
8.723333333333334
8.635416666666666
8.19125
7.9504166666666665
7.472916666666666
7.528333333333333
8.452916666666667
8.104583333333332
7.912916666666667
8.240833333333333
7.296666666666667
6.529166666666666
6.2370833333333335
6.206666666666667
6.875
6.43
6.507083333333333
6.749166666666667
6.165
5.2995833333333335
5.318333333333333
5.8875
6.00875
5.914583333333333
6.26125
5.440416666666667
4.90375
4.416666666666667
4.409583333333333
5.0675
5.5125
5.97125
5.51875
5.465833333333333
4.802083333333333
4.488333333333333
4.68375
4.58375
4.202083333333333
4.165
4.01
4.007916666666667
3.98625
4.125
4.529166666666667
4.492500000000001
4.5687500000000005
4.479583333333333
4.8687499999999995
4.96375
4.929583333333333
4.564166666666667
4.884583333333333
5.0200000000000005
4.7749999999999995
4.8325000000000005
4.40625
4.51375
3.9204166666666667
3.686666666666667
3.657083333333333
