pet
0.42291666666666666
0.43416666666666665
0.35250000000000004
0.45083333333333336
0.5775
0.4075
0.45125
0.5270833333333333
0.52875
0.5558333333333333
0.47625
0.47625
0.49333333333333335
0.5445833333333333
0.5770833333333333
0.48416666666666663
0.4366666666666667
0.48875
0.5279166666666667
0.5491666666666667
0.5908333333333333
0.4579166666666667
0.45
0.5204166666666666
0.39916666666666667
0.3733333333333333
0.38333333333333336
0.47625
0.52375
0.5108333333333334
0.5804166666666667
0.5166666666666667
0.5883333333333334
0.7179166666666666
0.8020833333333334
0.8995833333333333
0.76625
0.6066666666666667
0.625
0.6620833333333334
0.5075
0.5429166666666666
0.595
0.53
0.5504166666666667
0.54625
0.45125
0.5916666666666667
0.6129166666666667
0.60875
0.6075
0.625
0.7629166666666666
0.7779166666666667
0.7295833333333333
0.7333333333333334
0.7320833333333333
0.9116666666666666
0.7833333333333333
0.8650000000000001
0.9558333333333334
0.8091666666666666
0.9445833333333334
1.1375
1.1441666666666668
1.1441666666666668
1.0791666666666666
1.11
1.2075
1.19875
1.2541666666666667
1.2645833333333334
1.09375
1.0975
1.0979166666666667
1.1545833333333333
1.04
1.04125
0.9879166666666667
0.9904166666666666
1.0883333333333334
1.1283333333333332
1.1716666666666666
1.1983333333333335
1.2762499999999999
1.2620833333333332
1.2879166666666666
1.42875
1.4483333333333333
1.6654166666666665
1.6241666666666668
1.2645833333333334
1.25875
1.4391666666666667
1.5333333333333332
1.5633333333333335
1.5004166666666665
1.3883333333333334
1.6041666666666667
1.8091666666666668
1.7591666666666665
1.7541666666666667
1.5291666666666668
1.7133333333333332
1.8241666666666667
1.9625000000000001
1.7470833333333333
1.9429166666666668
1.9124999999999999
1.8554166666666667
2.064583333333333
2.1754166666666666
2.1254166666666667
2.15625
2.0254166666666666
2.1254166666666667
2.2066666666666666
2.1999999999999997
2.2087499999999998
2.1245833333333333
2.2666666666666666
2.3995833333333336
2.545
2.4279166666666665
2.2529166666666667
2.48
2.5304166666666665
2.3866666666666667
2.2879166666666664
2.5
2.5308333333333333
2.67375
2.6645833333333333
2.71875
2.8016666666666663
2.5854166666666667
2.762608695652174
2.5473913043478262
2.8395652173913044
2.965652173913043
2.776086956521739
2.8982608695652172
2.9873913043478257
3.1208695652173915
3.076521739130435
2.8391304347826085
2.707826086956522
2.7795652173913044
3.0282608695652176
3.101304347826087
3.2600000000000002
3.0500000000000003
2.7578260869565216
2.864347826086956
2.781739130434783
2.8291304347826083
2.6978260869565216
2.58
2.7830434782608697
2.84
2.756086956521739
2.503478260869565
2.526521739130435
2.4943478260869565
2.4421739130434785
2.539565217391304
2.7491304347826087
2.6969565217391307
2.62
2.86
2.762608695652174
2.5413043478260873
2.5965217391304347
2.527391304347826
2.6682608695652172
2.5704347826086957
2.706086956521739
2.7117391304347827
2.8526086956521737
2.832608695652174
2.8843478260869566
2.623913043478261
2.7508695652173913
2.8108695652173914
3.063913043478261
2.967826086956522
3.1469565217391304
3.1395652173913042
3.0556521739130433
3.0808695652173914
2.9930434782608697
3.1182608695652174
3.04
3.003913043478261
2.86695652173913
2.7056521739130432
2.6456521739130436
2.4821739130434786
2.59
2.9147826086956523
2.837391304347826
2.706086956521739
2.760869565217391
2.7830434782608697
2.821304347826087
2.905217391304348
2.8978260869565218
2.9495652173913043
2.766521739130435
2.827391304347826
2.8630434782608694
2.5404347826086955
2.5934782608695652
2.7769565217391303
2.6630434782608696
2.380434782608696
2.502608695652174
2.595217391304348
2.1847826086956523
2.444782608695652
2.430869565217391
2.5586956521739133
2.6556521739130434
2.3269565217391306
2.361304347826087
2.3552173913043477
2.4569565217391305
2.276086956521739
2.3682608695652174
2.5321739130434784
2.62
2.6217391304347823
2.546521739130435
2.2891304347826087
2.1673913043478263
2.1856521739130432
2.0643478260869568
1.8817391304347826
1.9482608695652175
2.1565217391304348
2.1043478260869564
1.9882608695652173
2.127391304347826
1.9904347826086957
2.081304347826087
1.9717391304347827
1.9417391304347829
1.771304347826087
1.733913043478261
1.9221739130434783
1.8478260869565217
1.8852173913043477
1.7691304347826087
1.606521739130435
1.5217391304347827
1.4634782608695651
1.4830434782608695
1.4117391304347826
1.568695652173913
1.7439130434782608
1.5630434782608698
1.668695652173913
1.673913043478261
1.603913043478261
1.5104347826086957
1.6095652173913044
1.3691304347826085
1.3365217391304347
1.41
1.413478260869565
1.585217391304348
1.5052173913043476
1.598695652173913
1.4165217391304348
1.3521739130434782
1.3608695652173914
1.2921739130434782
1.2317391304347827
1.2465217391304346
1.144782608695652
1.3
1.3069565217391306
1.0452173913043479
1.11
1.1973913043478261
1.1060869565217393
1.0308695652173914
0.9895652173913044
0.8882608695652173
0.7978260869565218
0.8973913043478261
0.9969565217391304
0.8108695652173913
0.8086956521739131
0.8134782608695652
0.8426086956521739
0.8104347826086957
0.84
0.7639130434782608
0.7704347826086956
0.7869565217391304
0.77
0.8660869565217392
0.6821739130434782
0.7091304347826086
0.7495652173913043
0.7365217391304348
0.6365217391304349
0.63
0.6378260869565218
0.7660869565217392
0.6908695652173913
0.7330434782608696
0.793913043478261
0.6947826086956522
0.5847826086956521
0.5278260869565217
0.5539130434782609
0.55
0.538695652173913
0.6039130434782608
0.5986956521739131
0.4678260869565217
0.41782608695652174
0.5321739130434783
0.6447826086956522
0.5726086956521739
0.5008695652173912
0.6126086956521739
0.5104347826086957
0.45608695652173914
0.4534782608695652
0.401304347826087
0.46478260869565213
0.548695652173913
0.668695652173913
0.5247826086956522
0.42869565217391303
0.3434782608695652
0.3034782608695652
0.30782608695652175
0.4191304347826087
0.4165217391304348
0.5113043478260869
0.4969565217391304
0.42043478260869566
0.4543478260869565
0.41521739130434787
0.47130434782608693
0.46956521739130436
0.4543478260869565
0.4126086956521739
0.3695652173913043
0.41434782608695647
0.3760869565217391
0.4078260869565218
0.46391304347826084
0.6091304347826086
0.5347826086956522
0.5082608695652173
0.5113043478260869
0.5382608695652175
0.5460869565217391
0.5269565217391304
0.4943478260869565
