pet
0.3626923076923077
0.39692307692307693
0.31230769230769234
0.42923076923076925
0.5630769230769231
0.37115384615384617
0.42769230769230765
0.5226923076923077
0.5126923076923077
0.5788461538461539
0.445
0.4015384615384615
0.43076923076923074
0.5038461538461538
0.5042307692307693
0.41115384615384615
0.3384615384615385
0.3780769230769231
0.38576923076923075
0.4476923076923077
0.5619230769230769
0.48538461538461536
0.5053846153846154
0.5165384615384615
0.45461538461538464
0.44153846153846155
0.4269230769230769
0.45461538461538464
0.4930769230769231
0.46923076923076923
0.48423076923076924
0.4730769230769231
0.5253846153846153
0.5838461538461538
0.5803846153846154
0.7107692307692308
0.6896153846153846
0.6107692307692308
0.5442307692307693
0.573076923076923
0.4826923076923077
0.4926923076923077
0.4876923076923077
0.41346153846153844
0.4126923076923077
0.4338461538461538
0.42923076923076925
0.5357692307692308
0.5126923076923077
0.4846153846153846
0.52
0.5703846153846154
0.6476923076923077
0.6884615384615385
0.6434615384615385
0.6146153846153847
0.708076923076923
0.7861538461538462
0.7261538461538461
0.7588461538461538
0.8884615384615385
0.8442307692307692
0.8865384615384616
1.0384615384615385
1.0392307692307692
1.0326923076923078
1.053076923076923
1.008076923076923
1.1703846153846154
1.0703846153846155
1.0953846153846154
1.0776923076923077
0.9296153846153847
0.9523076923076922
1.0123076923076924
1.1046153846153846
1.1276923076923078
1.053076923076923
1.0526923076923078
1.0373076923076923
1.1092307692307692
1.2542307692307693
1.211153846153846
1.1942307692307692
1.216923076923077
1.1796153846153847
1.1726923076923077
1.2873076923076923
1.3103846153846155
1.481923076923077
1.441923076923077
1.2426923076923078
1.2265384615384616
1.2999999999999998
1.3707692307692307
1.401923076923077
1.3911538461538462
1.283076923076923
1.4634615384615384
1.6788461538461539
1.763076923076923
1.7315384615384615
1.5461538461538462
1.6557692307692307
1.883846153846154
1.9303846153846154
1.7496153846153848
1.951153846153846
1.8634615384615385
1.855
2.047307692307692
2.153076923076923
1.9257692307692307
1.9461538461538461
1.955769230769231
2.0126923076923076
1.966923076923077
1.9815384615384617
2.042692307692308
2.062307692307692
2.0103846153846154
2.180769230769231
2.2592307692307694
2.330769230769231
2.3446153846153845
2.4784615384615383
2.6265384615384617
2.4507692307692306
2.3346153846153848
2.4915384615384615
2.52
2.5907692307692307
2.5534615384615384
2.5973076923076923
2.6384615384615384
2.5142307692307693
2.5911538461538464
2.4553846153846153
2.738076923076923
2.799615384615385
2.729230769230769
2.8892307692307693
2.8103846153846153
2.9434615384615386
2.8665384615384615
2.855769230769231
2.6934615384615386
2.676153846153846
2.7596153846153846
2.6823076923076923
2.8092307692307688
2.7776923076923077
2.566153846153846
2.575
2.5115384615384615
2.647692307692308
2.575
2.5461538461538464
2.6403846153846158
2.540769230769231
2.531538461538461
2.485
2.453076923076923
2.445
2.416923076923077
2.5261538461538464
2.6634615384615383
2.5834615384615387
2.597692307692308
2.6726923076923077
2.6084615384615386
2.546538461538461
2.551153846153846
2.4934615384615384
2.512307692307692
2.6107692307692307
2.668461538461538
2.5826923076923074
2.6465384615384617
2.683076923076923
2.7869230769230766
2.6407692307692305
2.71
2.833846153846154
2.9273076923076924
2.870769230769231
2.848846153846154
3.005
2.9511538461538462
2.88
2.8438461538461537
2.9465384615384616
2.8176923076923077
2.9373076923076926
2.870769230769231
2.715384615384615
2.6076923076923078
2.5373076923076923
2.563076923076923
2.818076923076923
2.6953846153846155
2.6634615384615383
2.667307692307692
2.686923076923077
2.616153846153846
2.7992307692307694
2.7207692307692306
2.8196153846153846
2.726153846153846
2.831538461538462
2.893076923076923
2.56
2.608076923076923
2.7353846153846155
2.6603846153846153
2.5007692307692304
2.5188461538461535
2.455
2.210769230769231
2.379230769230769
2.2976923076923077
2.3703846153846153
2.441153846153846
2.352307692307692
2.458076923076923
2.4946153846153845
2.4523076923076923
2.2811538461538463
2.2684615384615383
2.338846153846154
2.4457692307692307
2.4934615384615384
2.417307692307692
2.230769230769231
2.1284615384615386
2.171923076923077
2.095769230769231
1.995
1.9934615384615384
2.066153846153846
2.045769230769231
1.9096153846153845
1.9711538461538463
1.8707692307692307
1.948076923076923
1.8288461538461538
1.853846153846154
1.6934615384615386
1.6907692307692308
1.8957692307692307
1.7773076923076923
1.8415384615384616
1.616153846153846
1.5780769230769232
1.5392307692307694
1.4446153846153846
1.426923076923077
1.3896153846153847
1.6719230769230768
1.5569230769230769
1.4334615384615386
1.4034615384615385
1.4288461538461539
1.4092307692307693
1.3165384615384614
1.4353846153846155
1.2315384615384617
1.2073076923076924
1.2234615384615384
1.1865384615384615
1.3361538461538462
1.2884615384615385
1.3092307692307692
1.2430769230769232
1.3023076923076924
1.2565384615384616
1.165
1.1523076923076923
1.1630769230769231
1.058076923076923
1.191153846153846
1.2092307692307693
0.9861538461538462
1.0703846153846155
1.080769230769231
0.8807692307692307
0.8661538461538462
0.8546153846153846
0.7653846153846153
0.795
0.8523076923076923
0.8584615384615385
0.6965384615384616
0.6838461538461539
0.7473076923076923
0.8284615384615385
0.8092307692307692
0.8042307692307692
0.6992307692307692
0.7223076923076923
0.693076923076923
0.7276923076923076
0.8838461538461538
0.7942307692307692
0.7846153846153846
0.818076923076923
0.7184615384615385
0.6511538461538462
0.5434615384615384
0.5223076923076924
0.7407692307692307
0.6434615384615385
0.661923076923077
0.7038461538461539
0.5623076923076924
0.4846153846153846
0.45653846153846156
0.47923076923076924
0.44269230769230766
0.3626923076923077
0.4115384615384615
0.5073076923076923
0.37576923076923074
0.33615384615384614
0.41000000000000003
0.5742307692307692
0.6088461538461538
0.49115384615384616
0.5523076923076923
0.41192307692307695
0.37153846153846154
0.3734615384615385
0.33115384615384613
0.39538461538461533
0.46076923076923076
0.5796153846153846
0.5142307692307692
0.4715384615384615
0.3553846153846154
0.3169230769230769
0.2846153846153846
0.3142307692307692
0.2776923076923077
0.3738461538461539
0.39692307692307693
0.4242307692307692
0.38884615384615384
0.4061538461538462
0.42153846153846153
0.3507692307692307
0.4215384615384616
0.38461538461538464
0.4107692307692308
0.47961538461538467
0.43884615384615383
0.4123076923076923
0.4346153846153846
0.4773076923076923
0.46
0.5069230769230769
0.5226923076923077
0.591923076923077
0.46384615384615385
0.35461538461538467
0.40192307692307694
