date	precipitation	temperature	discharge_spec
20141116	13.78	6.87	1.91
20141117	0.92	8.97	4.98
20141118	0.33	8.46	1.88
20141119	1.05	8.83	1.14
20141120	0.01	7.13	0.87
20141121	4.76	7.79	0.77
20141122	0.78	8.96	1.01
20141123	0.1	4.8	0.85
20141124	0.0	4.25	0.68
20141125	1.05	3.5	0.59
20141126	5.26	6.61	0.61
20141127	0.53	8.09	1.22
20141128	1.5	9.25	1.07
20141129	0.3	8.48	0.89
20141130	0.44	8.7	0.77
20141201	5.01	5.96	0.67
20141202	0.0	1.47	1.34
20141203	0.32	1.52	0.96
20141204	0.02	2.65	0.75
20141205	0.01	1.56	0.64
20141206	1.43	4.51	0.55
20141207	0.42	3.59	0.58
20141208	0.02	1.42	0.52
20141209	0.92	6.54	0.48
20141210	2.17	3.67	0.48
20141211	2.26	2.24	0.5
20141212	0.01	0.83	0.58
20141213	0.11	2.18	0.5
20141214	0.34	5.38	0.48
20141215	0.14	3.93	0.43
20141216	5.08	6.62	0.45
20141217	0.04	10.74	0.86
20141218	0.03	9.01	0.7
20141219	0.01	5.35	0.55
20141220	0.0	6.22	0.45
20141221	0.16	9.72	0.42
20141222	0.06	11.69	0.42
20141223	6.79	7.23	0.48
20141224	0.12	4.65	1.42
20141225	0.05	2.02	0.68
20141226	8.36	2.04	0.56
20141227	6.89	0.18	1.76
20141228	0.1	-0.1	1.79
20141229	0.03	1.36	1.04
20141230	0.01	3.92	0.88
20141231	0.17	6.4	1.2
20150101	0.67	8.71	1.33
20150102	0.0	4.95	0.84
20150103	0.11	1.74	0.68
20150104	0.08	2.86	0.56
20150105	0.04	6.68	0.54
20150106	0.16	5.54	0.52
20150107	0.62	7.81	0.49
20150108	0.01	7.15	0.45
20150109	0.7	9.92	0.43
20150110	0.62	3.73	0.41
20150111	0.57	6.33	0.37
20150112	0.38	6.05	0.38
20150113	2.11	1.97	0.38
20150114	12.81	4.34	1.25
20150115	0.26	3.67	3.78
20150116	1.05	1.4	1.25
20150117	0.08	0.13	0.84
20150118	10.38	0.03	0.69
20150119	2.56	0.55	0.84
20150120	0.1	0.33	1.12
20150121	0.35	0.78	1.17
20150122	0.08	0.76	1.12
20150123	0.43	2.95	1.41
20150124	0.07	3.79	1.64
20150125	0.09	7.0	1.2
20150126	0.05	3.98	1.01
20150127	0.84	6.82	0.76
20150128	1.89	2.6	0.74
20150129	0.84	-1.33	0.69
20150130	7.94	2.01	0.6
20150131	5.26	2.11	2.89
20150201	1.34	-0.32	3.07
20150202	1.8	-0.14	1.52
20150203	2.81	1.54	1.02
20150204	3.08	1.69	0.98
20150205	1.18	1.02	1.5
20150206	0.05	1.6	1.49
20150207	0.0	3.36	1.33
20150208	0.0	4.7	1.23
20150209	0.04	3.95	1.09
20150210	0.07	2.85	0.94
20150211	0.03	2.26	0.82
20150212	0.39	3.07	0.86
20150213	0.92	4.67	1.09
20150214	0.02	5.68	1.1
20150215	1.19	5.76	0.81
20150216	0.39	3.66	0.73
20150217	0.0	5.64	0.61
20150218	0.01	8.21	0.58
20150219	0.7	4.63	0.59
20150220	0.0	3.0	0.56
20150221	0.02	2.87	0.52
20150222	3.86	4.15	0.54
20150223	1.43	4.16	0.6
20150224	1.25	4.16	0.53
20150225	0.15	7.81	0.53
20150226	0.12	5.64	0.49
20150227	0.02	5.69	0.44
20150228	0.97	7.24	0.45
20150301	5.66	3.95	0.54
20150302	2.26	2.75	0.62
20150303	0.31	3.59	0.6
20150304	0.0	5.67	0.51
20150305	0.0	7.72	0.47
20150306	0.0	9.19	0.44
20150307	0.0	10.89	0.42
20150308	0.0	5.29	0.38
20150309	0.75	7.0	0.37
20150310	0.0	4.98	0.34
20150311	0.64	4.4	0.33
20150312	5.39	7.35	0.34
20150313	0.33	4.87	0.42
20150314	0.0	3.55	0.35
20150315	0.48	6.34	0.33
20150316	0.6	3.13	0.33
20150317	0.0	4.56	0.32
20150318	0.06	4.99	0.3
20150319	0.0	7.06	0.29
20150320	0.19	8.38	0.3
20150321	0.0	3.17	0.29
20150322	0.0	7.27	0.28
20150323	0.0	5.45	0.29
20150324	0.53	3.88	0.27
20150325	4.2	5.16	0.27
20150326	0.02	5.35	0.33
20150327	0.87	7.15	0.28
20150328	2.0	10.07	0.29
20150329	1.38	5.51	0.31
20150330	6.47	6.87	0.33
20150331	0.73	4.87	0.42
20150401	0.5	3.42	0.3
20150402	1.53	7.07	0.28
20150403	2.15	6.78	0.3
20150404	0.01	7.51	0.29
20150405	0.0	10.35	0.27
20150406	0.0	11.1	0.26
20150407	0.0	8.65	0.24
20150408	0.0	9.32	0.24
20150409	0.0	11.26	0.24
20150410	0.37	11.28	0.24
20150411	0.23	7.62	0.23
20150412	4.33	5.51	0.26
20150413	0.0	10.54	0.24
20150414	0.0	11.58	0.23
20150415	0.0	6.53	0.22
20150416	0.0	7.44	0.22
20150417	0.0	6.22	0.21
20150418	0.0	5.91	0.2
20150419	0.57	6.68	0.2
20150420	0.0	7.25	0.2
20150421	0.0	9.49	0.19
20150422	0.0	9.81	0.19
20150423	0.0	12.57	0.19
20150424	0.03	13.83	0.19
20150425	2.95	6.15	0.21
20150426	0.06	3.85	0.19
20150427	1.49	6.77	0.18
20150428	2.37	6.59	0.18
20150429	2.56	7.27	0.2
20150430	0.42	3.46	0.2
20150501	0.5	5.41	0.19
20150502	7.17	7.13	0.19
20150503	3.0	11.99	0.4
20150504	7.68	11.97	0.3
20150505	1.42	10.7	0.42
20150506	3.91	7.76	0.38
20150507	0.0	6.87	0.32
20150508	12.06	10.72	0.39
20150509	0.59	9.29	0.64
20150510	0.43	14.41	0.39
20150511	0.15	13.32	0.3
20150512	0.04	8.96	0.24
20150513	0.0	8.53	0.22
20150514	0.0	7.4	0.21
20150515	0.01	11.65	0.2
20150516	0.0	9.64	0.18
20150517	1.41	10.6	0.17
20150518	2.53	8.54	0.19
20150519	3.54	8.23	0.21
20150520	0.07	10.59	0.21
20150521	0.12	13.43	0.18
20150522	0.0	14.38	0.16
20150523	0.8	13.74	0.16
20150524	0.0	11.94	0.15
20150525	0.0	9.48	0.14
20150526	0.0	11.25	0.14
20150527	3.11	10.01	0.15
20150528	3.6	9.97	0.16
20150529	5.4	8.12	0.23
20150530	3.11	11.67	0.2
20150531	0.55	8.69	0.18
20150601	14.22	9.38	0.27
20150602	0.21	11.26	0.5
20150603	0.0	9.21	0.23
20150604	0.0	15.37	0.18
20150605	0.0	14.28	0.15
20150606	0.0	10.84	0.14
20150607	0.0	10.17	0.13
20150608	0.37	7.83	0.13
20150609	0.0	9.01	0.13
20150610	0.0	10.66	0.12
20150611	0.0	11.5	0.12
20150612	1.44	16.06	0.11
20150613	3.69	12.51	0.13
20150614	0.86	7.14	0.16
20150615	0.0	13.54	0.14
20150616	0.0	16.5	0.12
20150617	1.14	12.74	0.12
20150618	0.0	11.24	0.11
20150619	0.14	10.88	0.11
20150620	3.59	15.22	0.13
20150621	0.67	11.83	0.13
20150622	8.78	11.3	0.18
20150623	0.01	11.27	0.22
20150624	0.0	15.17	0.14
20150625	1.03	17.31	0.12
20150626	0.52	15.57	0.12
20150627	0.02	17.63	0.11
20150628	0.0	16.32	0.1
20150629	0.0	17.16	0.1
20150630	0.0	21.44	0.09
20150701	1.33	22.47	0.09
20150702	2.29	16.83	0.08
20150703	12.25	18.12	0.11
20150704	0.01	16.83	0.29
20150705	4.08	15.27	0.18
20150706	1.96	16.31	0.15
20150707	5.83	15.62	0.15
20150708	3.68	9.92	0.17
20150709	0.01	14.64	0.15
20150710	0.06	19.38	0.12
20150711	0.81	17.41	0.1
20150712	0.71	15.43	0.09
20150713	3.26	15.28	0.1
20150714	0.03	14.79	0.11
20150715	0.0	14.09	0.1
20150716	2.31	16.82	0.09
20150717	0.1	15.82	0.1
20150718	3.07	15.31	0.08
20150719	0.46	13.02	0.09
20150720	1.89	16.82	0.09
20150721	0.03	14.55	0.1
20150722	0.52	13.01	0.09
20150723	0.03	12.69	0.08
20150724	0.12	12.66	0.08
20150725	0.85	10.44	0.08
20150726	10.14	14.3	0.09
20150727	12.13	11.99	0.19
20150728	7.04	11.24	0.4
20150729	4.99	12.21	0.34
20150730	0.1	11.09	0.24
20150731	0.39	13.91	0.17
20150801	1.27	14.17	0.13
20150802	0.52	16.39	0.12
20150803	0.0	16.8	0.11
20150804	0.4	15.64	0.09
20150805	0.5	17.13	0.09
20150806	0.02	14.03	0.08
20150807	0.0	14.26	0.08
20150808	0.32	17.46	0.08
20150809	0.02	17.91	0.07
20150810	1.35	15.78	0.07
20150811	0.0	13.81	0.07
20150812	0.0	13.87	0.07
20150813	7.81	16.96	0.07
20150814	10.91	12.2	0.25
20150815	0.0	11.25	0.24
20150816	0.0	13.69	0.13
20150817	4.16	14.43	0.1
20150818	21.23	14.2	0.51
20150819	1.31	17.74	0.63
20150820	0.21	19.01	0.28
20150821	0.06	19.24	0.17
20150822	15.4	18.68	0.47
20150823	6.19	16.8	0.66
20150824	0.0	15.44	0.44
20150825	0.95	15.8	0.25
20150826	0.04	15.89	0.18
20150827	0.0	14.66	0.15
20150828	0.02	15.7	0.13
20150829	0.05	15.47	0.11
20150830	1.21	15.38	0.11
20150831	2.12	12.03	0.12
20150901	1.7	13.62	0.14
20150902	2.53	11.82	0.13
20150903	4.17	10.39	0.13
20150904	1.19	11.47	0.16
20150905	0.21	8.29	0.18
20150906	0.0	12.68	0.14
20150907	0.01	12.16	0.12
20150908	0.16	11.12	0.11
20150909	0.01	11.5	0.12
20150910	0.01	15.36	0.11
20150911	2.43	15.45	0.11
20150912	4.22	12.32	0.15
20150913	0.06	10.36	0.22
20150914	45.3	12.16	0.33
20150915	4.38	9.2	7.1
20150916	0.0	11.41	1.65
20150917	0.45	12.77	0.72
20150918	0.22	10.68	0.45
20150919	0.0	12.65	0.34
20150920	0.33	13.88	0.29
20150921	1.65	9.99	0.27
20150922	1.53	12.11	0.26
20150923	0.21	12.35	0.24
20150924	0.12	11.46	0.21
20150925	0.0	11.04	0.18
20150926	0.01	9.83	0.17
20150927	0.01	11.36	0.17
20150928	0.01	12.82	0.16
20150929	0.01	11.82	0.16
20150930	0.01	10.84	0.15
20151001	0.01	10.52	0.15
20151002	0.04	11.7	0.15
20151003	0.02	8.33	0.15
20151004	0.01	9.13	0.15
20151005	9.22	14.07	0.15
20151006	10.66	15.37	0.39
20151007	14.69	9.3	3.75
20151008	0.01	9.37	1.7
20151009	0.01	11.51	0.73
20151010	0.17	10.79	0.48
20151011	0.0	7.51	0.38
20151012	2.27	8.65	0.32
20151013	0.64	7.29	0.32
20151014	0.71	9.39	0.29
20151015	0.98	10.34	0.27
20151016	0.06	9.47	0.27
20151017	1.68	10.87	0.24
20151018	0.28	8.26	0.25
20151019	0.11	9.4	0.25
20151020	6.09	10.53	0.24
20151021	0.0	14.37	0.4
20151022	0.0	9.05	0.32
20151023	0.05	10.33	0.26
20151024	0.68	8.08	0.24
20151025	0.0	8.05	0.22
20151026	0.0	10.34	0.21
20151027	0.01	12.18	0.2
20151028	5.44	10.95	0.24
20151029	10.25	10.7	0.36
20151030	1.09	13.46	1.55
20151031	0.0	11.47	0.94
20151101	0.15	11.13	0.52
20151102	0.07	8.97	0.42
20151103	0.31	7.51	0.37
20151104	0.01	9.96	0.33
20151105	3.19	12.37	0.33
20151106	5.12	12.44	0.37
20151107	10.02	10.68	2.73
20151108	9.75	10.04	3.5
20151109	0.03	13.51	2.26
20151110	0.11	14.57	1.03
20151111	4.29	10.81	0.91
20151112	13.85	8.89	1.58
20151113	4.66	5.18	5.08
20151114	12.9	10.62	3.72
20151115	0.07	11.3	4.45
20151116	1.42	7.17	1.75
20151117	8.75	8.49	2.92
20151118	6.18	9.11	3.95
20151119	0.02	7.14	2.08
20151120	9.18	3.73	1.35
20151121	0.55	-0.06	3.71
20151122	3.9	1.68	2.1
20151123	6.3	5.03	2.27
20151124	0.03	5.32	2.73
20151125	0.06	5.47	1.45
20151126	0.31	8.9	1.08
20151127	5.11	6.33	1.38
20151128	2.44	5.69	1.73
20151129	2.01	6.27	1.47
20151130	11.17	2.82	2.91
20151201	0.43	7.75	3.24
20151202	1.51	8.03	1.85
20151203	6.08	7.27	2.21
20151204	0.28	9.37	2.25
20151205	0.83	11.48	1.37
20151206	0.15	7.63	1.02
20151207	3.75	10.47	0.85
20151208	0.47	7.55	1.06
20151209	6.22	7.96	0.92
20151210	2.39	5.07	2.16
20151211	0.47	4.58	1.69
20151212	18.78	1.9	6.02
20151213	0.39	2.83	4.7
20151214	0.26	5.59	2.43
20151215	0.97	9.45	1.67
20151216	0.03	12.32	1.45
20151217	0.05	11.83	1.21
20151218	0.0	12.8	1.01
20151219	3.15	12.23	1.05
20151220	0.19	7.74	1.11
20151221	4.11	9.37	1.0
20151222	5.61	9.31	1.5
20151223	0.95	8.02	2.09
20151224	4.29	6.1	2.15
20151225	29.16	7.37	7.1
20151226	10.41	8.37	15.23
20151227	0.1	7.34	5.36
20151228	0.56	9.77	2.83
20151229	0.34	10.16	1.89
20151230	7.3	8.34	2.01
20151231	0.96	3.75	2.35
20160101	10.35	4.11	1.91
20160102	2.18	7.7	5.64
20160103	8.73	6.45	5.83
20160104	5.96	6.59	4.26
20160105	4.25	6.92	4.32
20160106	7.64	5.86	3.35
20160107	5.57	3.21	7.1
20160108	6.53	3.93	4.49
20160109	11.6	4.85	7.52
20160110	0.32	3.23	5.64
20160111	0.19	1.7	2.88
20160112	4.46	2.58	2.78
20160113	10.92	2.0	2.97
20160114	6.27	-0.69	7.47
20160115	0.18	0.04	3.81
20160116	0.08	-1.16	2.3
20160117	0.02	-0.85	1.71
20160118	0.19	1.75	1.7
20160119	0.4	1.59	1.97
20160120	0.01	1.24	1.79
20160121	0.76	2.77	1.67
20160122	3.89	6.97	3.13
20160123	2.06	9.08	2.02
20160124	0.01	12.24	1.77
20160125	0.03	9.0	1.41
20160126	2.48	9.91	1.21
20160127	1.03	7.36	1.27
20160128	1.66	7.6	1.09
20160129	0.37	6.42	1.08
20160130	0.01	3.57	0.91
20160131	2.36	7.2	0.85
20160201	0.54	8.73	0.84
20160202	0.0	4.19	0.74
20160203	0.75	4.46	0.68
20160204	0.04	8.68	0.79
20160205	0.57	6.19	0.79
20160206	10.65	6.17	2.28
20160207	5.83	5.01	2.84
20160208	0.23	5.69	2.46
20160209	0.42	3.77	1.49
20160210	0.0	3.58	1.12
20160211	0.02	1.95	0.96
20160212	0.33	3.6	0.9
20160213	1.91	1.95	0.87
20160214	4.83	0.77	0.96
20160215	3.59	0.02	1.44
20160216	5.68	2.77	2.3
20160217	6.33	1.66	5.87
20160218	0.09	3.52	3.05
20160219	1.17	5.31	2.07
20160220	0.01	7.19	1.68
20160221	0.15	7.05	1.31
20160222	0.0	3.35	1.1
20160223	0.04	1.58	0.94
20160224	0.01	1.23	0.87
20160225	0.01	2.61	0.81
20160226	0.0	1.38	0.78
20160227	0.31	2.73	0.71
20160228	0.11	2.24	0.66
20160229	2.89	5.06	0.66
20160301	1.38	6.71	0.78
20160302	2.33	2.45	0.73
20160303	8.09	4.45	0.74
20160304	17.11	2.95	7.38
20160305	1.77	2.92	5.12
20160306	0.22	1.3	2.47
20160307	0.27	1.54	1.73
20160308	7.47	4.54	1.37
20160309	16.62	3.96	8.32
20160310	0.0	4.84	4.7
20160311	0.0	6.53	2.52
20160312	0.0	7.45	1.82
20160313	0.0	5.73	1.41
20160314	0.16	7.38	1.21
20160315	0.95	5.59	1.1
20160316	0.04	5.43	1.05
20160317	0.18	6.57	0.97
20160318	0.29	5.57	0.91
20160319	0.01	4.46	0.84
20160320	0.18	6.08	0.79
20160321	0.01	6.61	0.75
20160322	0.0	7.63	0.7
20160323	0.0	5.77	0.68
20160324	0.46	6.38	0.67
20160325	0.0	9.6	0.63
20160326	6.85	8.3	0.76
20160327	11.29	6.75	0.94
20160328	2.08	5.94	2.21
20160329	7.9	4.94	2.52
20160330	2.31	4.52	2.48
20160331	0.18	7.29	1.43
20160401	3.14	7.42	1.13
20160402	1.12	7.12	1.11
20160403	0.49	9.54	1.05
20160404	4.08	8.1	1.48
20160405	3.35	7.72	1.78
20160406	1.49	6.22	1.49
20160407	3.45	6.71	1.46
20160408	1.89	8.49	1.33
20160409	1.45	5.73	1.25
20160410	0.0	8.04	1.26
20160411	2.36	10.17	1.0
20160412	12.01	7.38	2.94
20160413	1.0	7.75	4.13
20160414	0.32	4.37	2.2
20160415	15.93	4.73	4.89
20160416	2.97	3.01	6.53
20160417	0.02	8.04	3.06
20160418	0.0	6.85	1.81
20160419	0.0	8.04	1.35
20160420	0.0	8.78	1.1
20160421	0.0	8.82	0.97
20160422	0.66	5.46	0.88
20160423	0.23	4.77	0.82
20160424	0.0	5.93	0.76
20160425	5.36	4.27	0.73
20160426	4.17	3.72	1.19
20160427	0.97	2.72	1.1
20160428	4.63	4.1	1.05
20160429	4.27	3.93	1.91
20160430	0.47	6.96	1.4
20160501	1.22	9.73	1.02
20160502	1.28	9.11	0.94
20160503	0.0	9.59	0.78
20160504	0.0	11.49	0.7
20160505	0.0	13.73	0.64
20160506	0.0	12.7	0.61
20160507	0.0	11.12	0.59
20160508	0.0	13.93	0.56
20160509	0.0	14.82	0.51
20160510	0.01	13.0	0.49
20160511	0.0	13.07	0.48
20160512	0.0	10.61	0.47
20160513	0.0	6.48	0.45
20160514	0.0	6.32	0.42
20160515	0.0	8.96	0.4
20160516	0.0	9.82	0.39
20160517	0.14	14.46	0.39
20160518	0.43	11.09	0.4
20160519	1.4	12.7	0.39
20160520	2.17	14.16	0.38
20160521	6.97	13.04	0.45
20160522	9.27	11.3	0.62
20160523	0.05	9.16	0.54
20160524	0.0	10.78	0.4
20160525	10.38	9.39	0.47
20160526	0.01	10.41	0.68
20160527	0.03	11.82	0.49
20160528	0.0	10.63	0.42
20160529	0.95	10.8	0.38
20160530	0.27	11.44	0.39
20160531	5.04	9.42	0.4
20160601	0.76	8.38	0.63
20160602	0.09	9.13	0.56
20160603	0.36	12.09	0.46
20160604	0.09	10.34	0.42
20160605	0.0	11.71	0.39
20160606	0.0	15.32	0.35
20160607	0.27	18.58	0.32
20160608	0.0	12.71	0.3
20160609	0.78	16.78	0.29
20160610	3.06	13.07	0.4
20160611	8.56	13.57	0.36
20160612	0.71	14.61	0.53
20160613	0.39	12.98	0.41
20160614	0.45	13.99	0.35
20160615	1.48	12.96	0.33
20160616	2.68	11.26	0.33
20160617	8.01	10.84	0.44
20160618	0.0	11.49	0.98
20160619	3.79	16.48	0.55
20160620	0.24	15.48	0.47
20160621	0.0	15.88	0.37
20160622	0.1	15.91	0.32
20160623	0.15	16.48	0.29
20160624	0.02	13.14	0.27
20160625	1.46	15.4	0.27
20160626	4.18	15.71	0.28
20160627	0.0	13.06	0.28
20160628	9.73	12.89	0.36
20160629	5.75	12.61	0.63
20160630	5.17	14.31	0.19
20160701	1.82	12.46	0.2
20160702	1.23	12.39	0.41
20160703	0.03	14.48	0.34
20160704	7.01	15.62	0.29
20160705	0.12	12.21	0.31
20160706	0.33	15.97	0.38
20160707	0.98	17.18	0.34
20160708	2.25	15.81	0.29
20160709	1.29	17.99	0.28
20160710	3.34	17.64	0.28
20160711	0.73	14.34	0.27
20160712	0.01	14.05	0.27
20160713	3.0	12.92	0.26
20160714	0.0	14.6	0.25
20160715	0.74	16.85	0.27
20160716	0.0	17.52	0.24
20160717	0.0	17.64	0.22
20160718	0.0	20.67	0.2
20160719	0.0	24.4	0.19
20160720	0.28	18.95	0.19
20160721	0.02	18.75	0.18
20160722	0.12	19.62	0.17
20160723	0.0	17.66	0.17
20160724	2.06	17.29	0.16
20160725	0.32	15.1	0.17
20160726	6.42	17.01	0.17
20160727	0.0	15.17	0.18
20160728	5.76	15.51	0.21
20160729	0.22	14.8	0.21
20160730	0.0	14.44	0.23
20160731	0.0	14.56	0.22
20160801	0.38	15.81	0.17
20160802	0.59	17.39	0.16
20160803	1.96	17.54	0.16
20160804	1.35	16.92	0.16
20160805	0.05	15.54	0.16
20160806	0.0	19.66	0.15
20160807	0.93	16.0	0.14
20160808	0.0	12.16	0.13
20160809	0.99	12.83	0.13
20160810	8.57	14.63	0.14
20160811	1.37	16.7	0.17
20160812	0.03	17.09	0.22
20160813	0.0	16.55	0.2
20160814	0.0	14.52	0.15
20160815	0.0	15.78	0.14
20160816	0.0	16.47	0.13
20160817	0.0	16.9	0.13
20160818	0.0	16.94	0.13
20160819	4.13	15.03	0.13
20160820	4.1	16.78	0.14
20160821	8.97	17.11	0.17
20160822	3.89	16.8	0.19
20160823	0.04	19.68	0.26
20160824	3.45	18.45	0.25
20160825	10.2	15.31	0.2
20160826	0.0	14.24	0.3
20160827	19.49	16.68	0.44
20160828	0.82	12.69	0.73
20160829	0.0	16.84	0.33
20160830	0.0	18.27	0.18
20160831	0.0	15.01	0.29
20160901	0.1	16.52	0.21
20160902	0.0	15.3	0.18
20160903	16.47	14.1	0.31
20160904	0.78	13.42	0.68
20160905	0.0	18.52	0.19
20160906	0.0	21.1	0.11
20160907	0.0	20.21	0.27
20160908	0.49	16.79	0.22
20160909	0.61	15.46	0.19
20160910	0.05	13.08	0.17
20160911	0.0	15.29	0.16
20160912	0.0	19.16	0.16
20160913	0.32	20.88	0.15
20160914	0.46	13.81	0.14
20160915	2.24	17.71	0.15
20160916	3.43	13.63	0.17
20160917	0.0	11.81	0.19
20160918	2.53	16.28	0.19
20160919	0.41	13.2	0.16
20160920	0.35	13.09	0.16
20160921	2.21	15.63	0.17
20160922	0.01	12.55	0.17
20160923	0.0	14.13	0.17
20160924	6.15	15.96	0.15
20160925	0.44	12.31	0.16
20160926	1.64	12.8	0.19
20160927	0.0	15.45	0.19
20160928	0.03	16.73	0.17
20160929	0.07	11.89	0.15
20160930	0.45	10.06	0.14
20161001	2.52	9.59	0.21
20161002	0.01	7.98	0.22
20161003	0.01	11.61	0.17
20161004	0.0	13.68	0.15
20161005	0.0	10.44	0.14
20161006	0.07	12.27	0.13
20161007	0.46	10.75	0.13
20161008	2.37	9.52	0.14
20161009	0.82	8.15	0.15
20161010	3.23	8.24	0.18
20161011	2.47	9.07	0.19
20161012	4.79	9.58	0.23
20161013	5.86	10.03	0.32
20161014	1.22	10.55	0.42
20161015	0.05	11.1	0.34
20161016	1.67	11.9	0.26
20161017	2.68	10.63	0.24
20161018	1.0	7.22	0.25
20161019	3.61	10.44	0.26
20161020	0.78	9.69	0.34
20161021	1.31	8.26	0.34
20161022	3.74	7.85	0.31
20161023	2.74	6.37	0.46
20161024	0.11	5.9	0.54
20161025	0.06	8.1	0.38
20161026	0.0	12.07	0.3
20161027	0.08	12.13	0.25
20161028	0.0	8.88	0.23
20161029	0.01	12.89	0.22
20161030	0.0	10.75	0.21
20161031	1.7	10.36	0.21
20161101	0.0	5.17	0.2
20161102	0.07	4.4	0.21
20161103	0.59	5.87	0.2
20161104	6.73	6.29	0.21
20161105	11.53	3.98	0.46
20161106	3.37	4.22	1.51
20161107	12.2	2.47	2.22
20161108	6.4	2.55	2.41
20161109	2.26	1.55	1.99
20161110	1.06	3.83	1.4
20161111	5.45	4.86	1.02
20161112	0.02	5.75	1.41
20161113	3.35	7.23	1.11
20161114	0.01	12.92	1.06
20161115	0.36	8.79	0.85
20161116	2.04	6.71	0.72
20161117	7.01	3.21	0.84
20161118	1.49	2.28	1.55
20161119	1.4	1.86	1.07
20161120	1.7	1.59	0.96
20161121	38.52	4.54	7.66
20161122	7.68	5.71	12.36
20161123	0.07	3.62	6.58
20161124	0.0	3.33	3.38
20161125	0.01	1.88	2.19
20161126	0.24	2.99	1.59
20161127	0.14	5.45	1.28
20161128	0.0	2.52	1.05
20161129	0.04	2.38	0.9
20161130	0.0	6.21	0.81
20161201	0.04	6.55	0.75
20161202	1.19	4.31	0.7
20161203	0.06	4.58	0.68
20161204	0.02	2.48	0.63
20161205	0.03	0.94	0.52
20161206	1.48	6.77	0.46
20161207	5.51	11.93	0.48
20161208	4.1	9.61	1.81
20161209	0.5	10.69	1.53
20161210	0.01	7.44	1.01
20161211	0.0	6.66	0.77
20161212	1.61	5.64	0.66
20161213	1.89	8.34	0.67
20161214	0.01	8.07	0.71
20161215	2.08	7.21	0.68
20161216	0.0	4.97	0.73
20161217	0.06	4.53	0.63
20161218	0.0	5.34	0.58
20161219	0.03	4.33	0.55
20161220	0.57	4.49	0.55
20161221	1.1	4.97	0.52
20161222	1.26	5.8	0.5
20161223	2.8	7.07	0.6
20161224	0.54	8.77	0.67
20161225	0.12	7.92	0.6
20161226	0.0	3.82	0.52
20161227	0.02	3.14	0.43
20161228	0.09	1.7	0.42
20161229	0.07	4.47	0.41
20161230	0.04	8.72	0.4
20161231	11.31	6.86	0.43
20170101	5.12	1.74	2.67
20170102	0.06	1.72	2.27
20170103	0.72	5.27	1.25
20170104	0.06	1.24	0.97
20170105	0.37	1.13	0.78
20170106	2.17	5.6	0.74
20170107	0.03	6.04	0.81
20170108	0.04	6.52	0.73
20170109	0.38	6.2	0.71
20170110	0.01	8.02	0.64
20170111	0.02	3.97	0.56
20170112	3.46	0.82	0.52
20170113	0.14	0.15	0.5
20170114	4.49	1.76	0.51
20170115	5.56	6.74	1.29
20170116	1.65	4.97	3.16
20170117	0.92	6.38	1.92
20170118	0.0	5.11	1.36
20170119	0.0	4.38	1.08
20170120	0.11	3.18	0.93
20170121	0.44	1.58	0.83
20170122	0.01	0.85	0.75
20170123	0.02	2.21	0.66
20170124	0.08	4.96	0.62
20170125	0.0	2.98	0.65
20170126	0.0	-1.54	0.59
20170127	3.88	2.01	0.55
20170128	0.87	3.12	0.69
20170129	0.12	3.85	0.69
20170130	0.02	4.9	0.61
20170131	9.84	4.88	0.69
20170201	0.14	8.08	2.83
20170202	0.27	8.28	1.54
20170203	3.29	5.79	1.11
20170204	0.01	4.14	1.26
20170205	0.02	2.09	0.99
20170206	3.96	2.05	0.78
20170207	0.55	4.93	1.33
20170208	0.05	2.56	0.95
20170209	0.58	1.15	0.79
20170210	6.24	1.6	0.74
20170211	8.79	2.24	3.79
20170212	4.15	2.57	4.35
20170213	0.0	4.51	2.65
20170214	0.02	5.37	1.6
20170215	0.14	8.19	1.22
20170216	0.1	5.92	1.02
20170217	0.0	7.39	0.86
20170218	0.18	9.04	0.79
20170219	0.54	9.72	0.56
20170220	0.0	8.54	0.68
20170221	0.01	8.91	0.63
20170222	10.35	6.86	0.63
20170223	7.22	3.96	3.7
20170224	1.1	5.1	2.24
20170225	1.44	8.39	1.27
20170226	2.88	6.84	1.27
20170227	2.76	3.06	1.85
20170228	0.04	3.88	1.56
20170301	1.7	5.22	1.1
20170302	0.02	5.85	0.93
20170303	10.68	5.66	1.35
20170304	0.15	6.89	2.68
20170305	0.08	5.11	1.51
20170306	0.07	4.88	1.07
20170307	7.36	7.24	1.0
20170308	0.04	9.36	1.8
20170309	0.0	6.85	1.13
20170310	0.16	8.89	0.9
20170311	5.52	10.5	0.84
20170312	0.11	8.03	1.35
20170313	0.0	9.83	0.96
20170314	0.0	9.27	0.79
20170315	0.0	10.25	0.69
20170316	0.01	7.11	0.65
20170317	0.04	8.75	0.6
20170318	0.23	10.52	0.56
20170319	0.11	10.07	0.53
20170320	1.62	6.05	0.49
20170321	7.07	4.39	0.45
20170322	9.52	5.37	1.53
20170323	0.19	4.08	1.26
20170324	0.0	5.42	0.8
20170325	0.0	7.54	0.65
20170326	0.0	7.54	0.58
20170327	0.0	7.29	0.53
20170328	0.51	9.29	0.5
20170329	0.49	12.47	0.47
20170330	1.75	14.7	0.46
20170331	0.02	11.81	0.45
20170401	2.74	9.9	0.43
20170402	0.0	10.02	0.44
20170403	0.0	12.06	0.38
20170404	0.0	9.49	0.35
20170405	0.0	7.18	0.33
20170406	0.0	9.25	0.32
20170407	0.0	5.99	0.33
20170408	0.0	13.05	0.3
20170409	0.0	12.23	0.29
20170410	0.0	8.23	0.28
20170411	0.01	10.74	0.27
20170412	0.42	8.03	0.27
20170413	0.05	8.66	0.26
20170414	0.15	8.48	0.26
20170415	0.0	7.49	0.25
20170416	5.36	5.43	0.3
20170417	1.63	4.95	0.3
20170418	0.0	7.23	0.27
20170419	0.16	9.07	0.24
20170420	0.03	10.79	0.24
20170421	1.92	9.0	0.24
20170422	0.1	6.89	0.24
20170423	2.37	9.45	0.23
20170424	0.07	4.65	0.26
20170425	7.72	4.22	0.27
20170426	0.97	5.08	0.38
20170427	2.18	5.75	0.31
20170428	0.0	8.54	0.29
20170429	0.0	9.14	0.26
20170430	0.0	11.21	0.24
20170501	0.0	9.23	0.23
20170502	0.0	8.77	0.22
20170503	0.0	9.45	0.21
20170504	0.0	9.52	0.21
20170505	0.0	9.31	0.2
20170506	0.0	8.72	0.2
20170507	0.11	8.2	0.2
20170508	0.0	7.77	0.19
20170509	0.0	8.17	0.19
20170510	0.0	11.68	0.19
20170511	0.0	10.32	0.19
20170512	0.0	12.29	0.19
20170513	3.19	12.62	0.19
20170514	0.02	11.99	0.2
20170515	2.36	13.65	0.19
20170516	2.24	13.7	0.22
20170517	2.25	9.27	0.2
20170518	3.99	12.92	0.2
20170519	2.45	10.33	0.26
20170520	0.26	11.15	0.22
20170521	0.0	13.13	0.19
20170522	0.0	14.81	0.17
20170523	0.0	17.1	0.16
20170524	0.0	17.22	0.15
20170525	0.0	19.79	0.15
20170526	0.0	18.27	0.14
20170527	1.83	19.26	0.15
20170528	1.2	16.15	0.14
20170529	1.8	13.55	0.15
20170530	0.0	12.09	0.15
20170531	0.0	16.56	0.14
20170601	0.0	17.77	0.13
20170602	1.58	13.94	0.13
20170603	0.01	14.29	0.13
20170604	2.34	13.09	0.12
20170605	14.77	13.32	0.18
20170606	61.02	11.36	3.37
20170607	2.73	13.37	4.47
20170608	3.33	14.13	1.29
20170609	5.01	14.9	0.88
20170610	1.14	15.13	0.74
20170611	0.28	15.05	0.55
20170612	0.0	13.62	0.4
20170613	0.0	15.06	0.32
20170614	0.0	18.28	0.28
20170615	0.11	15.35	0.24
20170616	0.0	17.9	0.22
20170617	0.0	18.79	0.2
20170618	0.0	20.2	0.18
20170619	0.0	21.19	0.17
20170620	1.93	16.3	0.16
20170621	2.45	19.06	0.2
20170622	3.67	16.27	0.21
20170623	0.64	14.32	0.2
20170624	0.0	14.91	0.18
20170625	0.0	12.61	0.16
20170626	4.37	14.26	0.15
20170627	7.99	11.81	0.19
20170628	36.63	10.81	0.92
20170629	3.91	13.44	3.31
20170630	1.59	13.83	1.37
20170701	0.0	14.69	0.79
20170702	1.24	15.32	0.48
20170703	0.84	15.2	0.37
20170704	5.54	13.78	0.38
20170705	0.95	13.56	0.41
20170706	16.08	18.48	2.04
20170707	0.02	14.34	1.23
20170708	0.0	15.28	0.54
20170709	0.4	16.37	0.37
20170710	3.26	14.81	0.38
20170711	2.01	12.02	0.43
20170712	0.0	14.89	0.35
20170713	0.48	16.69	0.26
20170714	2.24	15.82	0.24
20170715	0.52	17.0	0.25
20170716	0.0	15.91	0.22
20170717	0.0	17.07	0.19
20170718	0.0	18.14	0.18
20170719	1.21	18.52	0.18
20170720	4.17	12.02	0.23
20170721	1.96	17.13	0.21
20170722	4.49	14.58	0.22
20170723	19.63	15.06	0.58
20170724	0.69	12.99	1.3
20170725	0.15	15.04	0.59
20170726	3.33	15.04	0.46
20170727	6.95	14.22	0.71
20170728	3.69	15.71	0.58
20170729	1.37	15.12	0.46
20170730	3.43	15.53	0.38
20170731	0.51	14.92	0.34
20170801	2.8	14.98	0.3
20170802	2.85	15.69	0.32
20170803	1.15	16.55	0.34
20170804	0.0	14.24	0.27
20170805	0.42	12.89	0.22
20170806	6.3	15.05	0.23
20170807	0.57	13.43	0.31
20170808	22.79	12.56	2.72
20170809	0.1	11.57	1.87
20170810	0.0	14.91	0.76
20170811	0.52	15.01	0.49
20170812	5.75	12.9	0.58
20170813	0.05	15.45	0.53
20170814	0.43	16.86	0.38
20170815	0.38	15.31	0.31
20170816	6.28	17.08	0.27
20170817	0.2	17.67	0.35
20170818	0.03	14.23	0.26
20170819	0.21	14.02	0.22
20170820	0.0	12.43	0.2
20170821	0.95	18.2	0.19
20170822	0.47	19.05	0.2
20170823	4.38	15.49	0.3
20170824	0.14	15.32	0.25
20170825	0.01	15.97	0.2
20170826	0.0	15.46	0.19
20170827	0.0	17.95	0.17
20170828	1.65	17.25	0.17
20170829	0.32	12.61	0.18
20170830	0.04	12.26	0.18
20170831	1.37	12.34	0.17
20170901	0.03	12.09	0.16
20170902	0.0	14.78	0.15
20170903	0.1	14.91	0.14
20170904	9.88	17.19	0.15
20170905	4.61	14.08	0.31
20170906	0.01	14.19	0.24
20170907	3.03	13.22	0.22
20170908	1.27	13.41	0.22
20170909	1.2	11.72	0.2
20170910	4.14	12.7	0.2
20170911	0.97	13.86	0.22
20170912	18.69	12.55	0.29
20170913	4.42	11.49	1.27
20170914	5.33	10.97	0.73
20170915	10.35	11.29	0.88
20170916	14.36	11.3	3.13
20170917	4.0	11.47	5.92
20170918	0.03	8.41	1.98
20170919	0.0	12.33	0.93
20170920	0.16	15.23	0.61
20170921	0.72	10.68	0.47
20170922	1.03	13.17	0.38
20170923	0.0	14.18	0.33
20170924	0.26	16.07	0.29
20170925	1.24	13.99	0.26
20170926	0.03	14.82	0.25
20170927	7.35	14.8	0.24
20170928	0.08	15.58	0.45
20170929	4.35	12.3	0.46
20170930	1.41	12.64	0.39
20171001	0.87	14.03	0.33
20171002	0.0	11.73	0.28
20171003	0.0	12.07	0.25
20171004	5.19	10.86	0.3
20171005	0.08	9.05	0.35
20171006	0.58	11.33	0.37
20171007	0.1	12.23	0.34
20171008	0.12	13.61	0.31
20171009	1.02	14.13	0.29
20171010	0.27	13.81	0.29
20171011	0.89	11.67	0.28
20171012	0.01	13.82	0.27
20171013	0.02	18.08	0.26
20171014	0.0	15.61	0.25
20171015	0.0	15.28	0.23
20171016	0.0	14.82	0.28
20171017	0.0	9.02	0.29
20171018	1.65	10.5	0.3
20171019	7.87	12.24	0.45
20171020	1.37	12.83	0.56
20171021	10.42	11.4	1.44
20171022	0.0	9.12	1.38
20171023	3.46	12.39	0.74
20171024	8.84	13.07	1.11
20171025	0.02	12.31	2.78
20171026	0.03	7.54	1.12
20171027	0.01	9.46	0.78
20171028	0.12	11.13	0.68
20171029	1.42	5.02	0.59
20171030	2.92	7.21	0.55
20171031	0.83	11.58	0.62
20171101	0.43	9.8	0.6
20171102	0.0	7.05	0.54
20171103	4.74	9.08	0.5
20171104	0.02	6.13	0.64
20171105	0.2	3.49	0.61
20171106	0.08	6.5	0.53
20171107	3.85	5.17	0.57
20171108	0.1	6.5	0.68
20171109	0.4	8.56	0.6
20171110	0.0	5.4	0.54
20171111	0.0	4.16	0.51
20171112	1.59	3.18	0.47
20171113	0.0	5.74	0.44
20171114	2.79	7.75	0.45
20171115	0.02	6.9	0.5
20171116	1.74	5.19	0.53
20171117	0.06	5.5	0.49
20171118	0.0	3.35	0.49
20171119	6.52	3.96	0.48
20171120	11.53	10.26	1.22
20171121	0.74	11.37	4.6
20171122	7.35	9.08	2.54
20171123	1.21	3.62	3.45
20171124	0.17	2.64	1.77
20171125	0.03	2.67	1.21
20171126	1.52	5.13	0.98
20171127	0.66	3.02	0.98
20171128	12.67	3.2	1.14
20171129	10.38	1.83	7.59
20171130	19.77	1.59	4.1
20171201	1.92	2.76	6.12
20171202	0.0	5.3	5.54
20171203	0.04	4.63	4.57
20171204	0.05	6.69	2.72
20171205	0.0	7.54	2.23
20171206	1.62	9.45	1.64
20171207	0.12	3.42	1.4
20171208	0.0	-0.35	1.22
20171209	0.0	-0.39	1.15
20171210	1.22	-3.39	1.15
20171211	0.37	-3.42	1.01
20171212	1.24	0.99	0.92
20171213	4.13	2.83	2.13
20171214	4.09	1.95	1.97
20171215	3.75	1.21	3.39
20171216	0.13	0.28	2.34
20171217	2.25	3.51	1.86
20171218	0.14	3.56	1.7
20171219	0.18	8.4	1.31
20171220	0.96	8.97	1.32
20171221	1.64	7.59	1.27
20171222	0.02	8.32	1.25
20171223	0.05	9.66	1.12
20171224	0.15	10.27	1.04
20171225	6.43	6.41	1.04
20171226	1.72	1.66	2.09
20171227	0.01	0.2	1.66
20171228	0.13	0.21	1.26
20171229	8.17	2.19	1.3
20171230	2.59	5.02	3.03
20171231	0.51	5.64	2.93
20180101	1.01	4.11	1.73
20180102	6.16	5.31	1.97
20180103	0.16	6.5	2.39
20180104	8.44	3.66	3.63
20180105	4.52	2.9	3.0
20180106	2.29	2.1	3.17
20180107	0.25	0.41	2.49
20180108	0.16	2.63	1.75
20180109	0.64	3.51	1.52
20180110	1.73	4.87	1.52
20180111	1.89	5.38	1.54
20180112	0.0	4.68	1.68
20180113	0.0	4.07	1.36
20180114	1.96	4.66	1.15
20180115	3.51	4.31	1.91
20180116	0.17	1.81	1.62
20180117	13.26	2.17	1.24
20180118	0.02	0.83	2.4
20180119	0.18	1.72	1.98
20180120	0.0	-0.49	1.66
20180121	6.27	2.3	1.67
20180122	0.0	5.96	3.62
20180123	3.82	9.21	3.26
20180124	0.32	5.91	3.02
20180125	2.41	4.64	1.91
20180126	0.0	3.71	1.72
20180127	0.01	8.24	1.43
20180128	0.32	10.05	1.21
20180129	0.48	5.27	1.1
20180130	3.17	4.12	1.02
20180131	0.01	2.32	1.19
20180201	2.4	3.55	0.99
20180202	0.54	2.48	1.15
20180203	3.93	1.49	1.3
20180204	0.99	1.96	1.61
20180205	0.21	0.28	1.4
20180206	1.75	-2.19	1.3
20180207	0.16	-0.23	1.18
20180208	0.93	4.65	1.21
20180209	3.61	1.31	1.65
20180210	3.41	4.25	1.63
20180211	0.01	1.92	1.88
20180212	0.12	2.59	1.22
20180213	4.42	0.16	1.83
20180214	3.21	3.02	1.85
20180215	1.12	3.2	2.13
20180216	0.22	4.7	1.47
20180217	0.42	3.62	1.28
20180218	6.47	4.87	1.16
20180219	5.39	6.75	3.47
20180220	1.04	5.94	3.21
20180221	0.23	2.83	1.93
20180222	0.06	1.94	1.55
20180223	0.01	1.91	1.28
20180224	0.0	3.26	1.1
20180225	0.07	1.67	0.98
20180226	5.51	-0.62	0.91
20180227	7.51	-3.03	1.01
20180228	5.45	-3.69	0.93
20180301	0.91	-1.75	0.99
20180302	0.05	-0.63	0.94
20180303	0.59	0.14	0.91
20180304	4.24	2.35	3.12
20180305	9.06	4.73	6.3
20180306	0.18	3.98	6.97
20180307	2.72	4.09	2.78
20180308	7.98	2.85	4.07
20180309	6.92	5.5	4.56
20180310	1.73	6.63	5.64
20180311	4.89	5.97	3.06
20180312	7.22	4.34	6.17
20180313	0.02	4.4	3.88
20180314	0.24	7.58	2.29
20180315	7.14	4.23	2.15
20180316	1.34	1.14	2.95
20180317	3.48	-1.39	2.09
20180318	1.16	0.5	1.7
20180319	1.27	3.43	1.72
20180320	0.27	2.65	1.74
20180321	0.49	6.13	1.44
20180322	0.67	8.05	1.3
20180323	0.92	6.47	1.22
20180324	0.06	4.61	1.09
20180325	0.0	5.76	0.96
20180326	4.12	7.13	0.9
20180327	0.75	7.06	1.09
20180328	3.91	3.37	1.05
20180329	4.18	5.5	1.03
20180330	8.86	6.07	1.35
20180331	8.96	2.7	6.29
20180401	4.16	3.24	3.47
20180402	11.35	5.82	7.17
20180403	4.98	8.81	5.39
20180404	10.94	5.1	8.19
20180405	0.0	7.13	5.0
20180406	0.0	8.92	2.42
20180407	0.53	8.98	1.85
20180408	0.03	7.2	1.51
20180409	6.57	9.43	1.37
20180410	0.49	5.86	1.83
20180411	0.05	5.2	1.47
20180412	3.33	5.26	1.38
20180413	0.04	8.24	1.69
20180414	0.0	9.45	1.3
20180415	0.6	11.45	1.16
20180416	0.02	11.77	1.0
20180417	0.32	13.79	0.9
20180418	0.05	16.78	0.84
20180419	0.0	16.34	0.68
20180420	0.0	11.46	0.63
20180421	0.44	16.18	0.61
20180422	0.8	13.06	0.6
20180423	0.21	10.71	0.55
20180424	7.13	8.82	0.65
20180425	0.07	9.53	0.62
20180426	0.09	7.02	0.52
20180427	1.15	4.54	0.51
20180428	0.54	5.9	0.48
20180429	0.18	6.35	0.45
20180430	0.0	5.33	0.44
20180501	3.55	10.62	0.43
20180502	0.69	8.16	0.5
20180503	0.0	11.84	0.42
20180504	0.0	12.75	0.39
20180505	0.0	15.08	0.37
20180506	0.0	16.3	0.36
20180507	0.0	19.47	0.36
20180508	0.82	13.9	0.36
20180509	2.15	11.84	0.35
20180510	0.0	9.28	0.35
20180511	0.01	12.63	0.32
20180512	10.05	12.21	0.36
20180513	0.01	10.01	0.54
20180514	0.0	11.06	0.36
20180515	1.67	14.84	0.32
20180516	0.0	6.84	0.32
20180517	0.0	6.67	0.3
20180518	0.0	10.6	0.31
20180519	0.0	15.33	0.29
20180520	0.0	15.13	0.28
20180521	0.0	14.75	0.27
20180522	0.03	10.04	0.26
20180523	0.0	10.39	0.27
20180524	0.18	11.43	0.27
20180525	4.65	12.52	0.3
20180526	0.0	14.33	0.31
20180527	0.0	16.92	0.26
20180528	0.21	15.21	0.25
20180529	0.24	12.1	0.26
20180530	1.59	14.51	0.28
20180531	0.01	17.61	0.28
20180601	0.02	18.26	0.25
20180602	9.43	16.55	0.34
20180603	2.22	14.43	0.36
20180604	0.68	11.21	0.37
20180605	0.09	11.77	0.3
20180606	0.18	11.3	0.27
20180607	0.0	13.7	0.25
20180608	0.01	11.55	0.24
20180609	0.0	12.85	0.24
20180610	0.04	16.21	0.23
20180611	0.02	15.83	0.21
20180612	0.0	13.79	0.2
20180613	1.14	16.03	0.2
20180614	0.01	14.17	0.17
20180615	0.44	10.75	0.18
20180616	3.35	14.06	0.24
20180617	0.01	15.25	0.23
20180618	0.0	14.5	0.18
20180619	0.53	16.3	0.18
20180620	0.04	12.95	0.18
20180621	0.0	12.15	0.17
20180622	0.0	14.13	0.16
20180623	0.0	13.54	0.16
20180624	0.0	16.92	0.16
20180625	0.0	16.92	0.15
20180626	0.0	17.36	0.15
20180627	0.0	16.8	0.14
20180628	0.0	16.91	0.14
20180629	0.0	16.19	0.14
20180630	0.0	15.64	0.14
20180701	0.0	16.94	0.14
20180702	0.0	16.57	0.13
20180703	0.0	14.87	0.13
20180704	0.0	17.76	0.13
20180705	0.0	19.12	0.13
20180706	0.0	19.99	0.13
20180707	0.0	19.56	0.13
20180708	0.0	20.84	0.12
20180709	0.03	14.95	0.12
20180710	0.0	14.85	0.13
20180711	0.0	16.84	0.12
20180712	0.0	16.27	0.12
20180713	0.0	17.98	0.12
20180714	0.0	19.61	0.12
20180715	0.0	20.92	0.11
20180716	26.83	17.96	0.4
20180717	0.01	14.03	0.52
20180718	0.0	17.65	0.2
20180719	0.0	16.7	0.15
20180720	2.06	17.97	0.15
20180721	0.0	18.01	0.14
20180722	0.28	21.88	0.14
20180723	1.36	21.94	0.13
20180724	0.33	16.85	0.13
20180725	0.0	17.74	0.12
20180726	3.66	23.21	0.11
20180727	17.15	22.0	0.32
20180728	8.04	14.89	0.48
20180729	6.49	16.65	0.47
20180730	2.01	17.24	0.35
20180731	0.0	17.39	0.22
20180801	0.01	19.32	0.17
20180802	0.0	20.6	0.13
20180803	0.83	18.01	0.14
20180804	0.0	17.21	0.14
20180805	0.0	20.11	0.12
20180806	0.0	18.61	0.11
20180807	0.0	17.56	0.11
20180808	0.15	15.12	0.11
20180809	0.42	13.77	0.11
20180810	3.7	13.18	0.13
20180811	4.8	17.82	0.16
20180812	0.81	18.59	0.16
20180813	0.81	17.41	0.14
20180814	0.0	18.66	0.13
20180815	3.37	18.07	0.12
20180816	0.0	15.22	0.13
20180817	0.88	15.79	0.12
20180818	3.71	19.15	0.13
20180819	0.69	18.28	0.13
20180820	4.03	17.97	0.14
20180821	0.0	18.85	0.14
20180822	0.01	14.78	0.15
20180823	1.48	13.33	0.14
20180824	2.34	11.23	0.14
20180825	0.01	12.9	0.14
20180826	2.71	12.65	0.14
20180827	0.01	13.85	0.15
20180828	0.02	16.02	0.14
20180829	0.08	12.35	0.13
20180830	0.0	10.68	0.12
20180831	0.0	15.3	0.11
20180901	0.0	20.05	0.1
20180902	0.0	18.71	0.1
20180903	8.71	15.48	0.12
20180904	0.94	12.91	0.2
20180905	0.02	12.64	0.17
20180906	0.93	10.87	0.14
20180907	1.65	11.49	0.15
20180908	2.21	14.53	0.16
20180909	0.1	15.05	0.15
20180910	0.95	13.35	0.13
20180911	0.79	13.89	0.13
20180912	0.01	13.65	0.12
20180913	0.01	14.09	0.11
20180914	1.17	11.9	0.11
20180915	0.07	14.19	0.12
20180916	0.0	13.93	0.12
20180917	0.15	17.93	0.12
20180918	0.1	16.72	0.11
20180919	1.51	14.23	0.09
20180920	23.39	10.14	0.19
20180921	0.84	10.09	0.48
20180922	0.01	8.42	0.24
20180923	0.57	7.52	0.17
20180924	0.0	9.69	0.15
20180925	0.0	13.32	0.13
20180926	0.0	16.21	0.12
20180927	0.35	11.67	0.12
20180928	0.0	8.06	0.12
20180929	0.0	11.74	0.11
20180930	0.1	7.43	0.11
20181001	0.79	10.68	0.11
20181002	0.0	11.17	0.11
20181003	0.03	13.36	0.11
20181004	1.86	12.7	0.11
20181005	6.88	7.77	0.13
20181006	3.28	5.23	0.24
20181007	0.13	10.21	0.18
20181008	0.0	13.83	0.14
20181009	0.0	12.87	0.13
20181010	0.01	16.51	0.1
20181011	2.2	14.77	0.09
20181012	16.52	16.53	0.17
20181013	1.24	15.65	0.47
20181014	7.45	6.41	0.41
20181015	0.05	9.24	0.37
20181016	0.0	12.71	0.24
20181017	0.0	8.13	0.19
20181018	0.03	7.33	0.16
20181019	0.0	11.17	0.15
20181020	0.0	13.96	0.14
20181021	0.0	9.99	0.14
20181022	0.03	10.02	0.13
20181023	0.0	13.05	0.13
20181024	0.0	11.48	0.12
20181025	0.29	9.41	0.13
20181026	9.04	4.96	0.13
20181027	8.28	3.82	0.23
20181028	2.49	3.56	0.59
20181029	4.21	3.07	0.45
20181030	2.62	3.57	0.42
20181031	0.58	6.84	0.51
20181101	0.45	5.38	0.32
20181102	0.16	7.07	0.27
20181103	0.2	10.77	0.22
20181104	0.01	10.49	0.2
20181105	0.0	10.06	0.19
20181106	0.78	11.51	0.19
20181107	11.67	8.92	0.34
20181108	0.01	8.34	0.58
20181109	9.47	8.69	0.37
20181110	1.47	8.95	0.91
20181111	0.48	7.86	0.53
20181112	0.04	9.37	0.37
20181113	0.66	9.95	0.3
20181114	0.09	9.54	0.25
20181115	0.01	9.42	0.23
20181116	0.0	9.17	0.22
20181117	0.05	5.97	0.21
20181118	0.15	6.47	0.2
20181119	5.42	6.26	0.21
20181120	19.23	4.57	0.47
20181121	0.61	1.46	2.34
20181122	1.27	3.86	1.0
20181123	0.65	5.39	0.65
20181124	2.8	5.34	0.52
20181125	1.48	3.45	0.5
20181126	0.84	3.12	0.53
20181127	11.49	6.06	1.08
20181128	4.09	10.81	1.9
20181129	4.84	9.55	1.99
20181130	1.06	5.79	1.3
20181201	4.31	7.64	1.0
20181202	1.39	8.16	1.03
20181203	0.0	2.53	0.87
20181204	0.74	2.54	0.62
20181205	6.44	6.67	0.95
20181206	2.98	10.23	1.33
20181207	0.18	6.66	1.18
20181208	0.6	5.62	0.88
20181209	0.0	3.07	0.65
20181210	0.04	2.14	0.51
20181211	0.01	4.87	0.46
20181212	0.2	3.88	0.43
20181213	0.0	2.29	0.39
20181214	0.0	1.78	0.37
20181215	14.82	3.18	0.85
20181216	4.04	3.71	2.39
20181217	0.11	5.32	2.0
20181218	8.83	6.66	2.52
20181219	0.09	5.25	2.45
20181220	3.79	6.05	1.33
20181221	2.47	6.15	1.41
20181222	0.92	6.76	1.44
20181223	0.36	3.91	1.11
20181224	0.08	2.67	0.88
20181225	0.09	6.37	0.75
20181226	0.01	7.15	0.69
20181227	0.0	6.64	0.62
20181228	0.34	7.79	0.56
20181229	0.95	6.89	0.53
20181230	0.02	9.57	0.5
20181231	0.01	8.55	0.47
20190101	0.49	4.73	0.43
20190102	0.17	2.15	0.4
20190103	0.0	1.97	0.39
20190104	0.0	3.99	0.38
20190105	0.0	4.74	0.37
20190106	0.05	8.63	0.36
20190107	0.01	7.55	0.36
20190108	1.76	4.28	0.34
20190109	1.41	2.18	0.35
20190110	0.39	5.5	0.37
20190111	0.75	6.69	0.36
20190112	0.37	8.81	0.37
20190113	0.37	6.95	0.37
20190114	0.08	6.1	0.33
20190115	0.48	8.44	0.32
20190116	0.29	2.92	0.33
20190117	0.29	0.14	0.31
20190118	1.25	0.75	0.29
20190119	0.03	1.52	0.3
20190120	0.13	1.22	0.3
20190121	0.75	1.71	0.29
20190122	0.02	-0.75	0.32
20190123	0.63	-1.32	0.3
20190124	0.98	3.26	0.28
20190125	0.0	8.94	0.3
20190126	4.69	5.12	0.35
20190127	2.24	1.62	0.58
20190128	0.0	1.21	0.46
20190129	3.39	-0.55	0.47
20190130	0.04	-2.18	0.52
20190131	0.93	-2.17	0.45
20190201	4.2	0.05	0.45
20190202	2.1	-2.73	0.38
20190203	1.43	2.82	0.43
20190204	0.01	3.4	1.2
20190205	2.91	4.68	0.99
20190206	11.93	4.71	1.15
20190207	2.08	5.25	5.44
20190208	7.89	6.58	2.69
20190209	0.01	4.77	3.39
20190210	0.26	3.6	1.57
20190211	0.06	4.81	1.02
20190212	0.0	7.86	0.85
20190213	0.0	7.17	0.74
20190214	0.0	7.82	0.65
20190215	0.0	9.61	0.59
20190216	0.0	9.8	0.54
20190217	0.01	9.68	0.5
20190218	0.02	7.52	0.46
20190219	3.06	7.94	0.43
20190220	0.57	10.3	0.45
20190221	0.0	10.22	0.41
20190222	0.0	11.11	0.37
20190223	0.0	8.48	0.36
20190224	0.01	7.96	0.34
20190225	0.0	9.77	0.33
20190226	0.0	11.06	0.32
20190227	0.0	8.21	0.32
20190228	0.23	5.23	0.32
20190301	0.14	7.27	0.31
20190302	1.82	9.27	0.32
20190303	4.56	5.79	0.36
20190304	0.27	6.02	0.37
20190305	10.67	7.16	0.33
20190306	1.94	7.98	1.06
20190307	1.13	3.28	0.76
20190308	10.44	4.02	0.58
20190309	1.01	4.99	2.22
20190310	4.5	3.69	1.89
20190311	2.13	6.65	1.31
20190312	3.04	5.8	1.08
20190313	0.72	8.57	1.05
20190314	0.0	8.72	0.82
20190315	11.46	6.39	0.66
20190316	5.82	6.16	4.17
20190317	1.05	4.38	2.12
20190318	0.21	6.7	1.14
20190319	0.0	10.47	0.85
20190320	0.0	12.08	0.7
20190321	0.0	12.23	0.6
20190322	0.0	8.17	0.54
20190323	0.0	5.97	0.47
20190324	0.01	6.23	0.44
20190325	0.0	6.44	0.41
20190326	0.0	9.63	0.38
20190327	0.0	7.36	0.36
20190328	0.0	8.9	0.36
20190329	0.0	8.19	0.35
20190330	0.36	7.92	0.34
20190331	0.0	4.39	0.32
20190401	3.9	6.56	0.32
20190402	3.57	4.01	0.43
20190403	1.01	5.05	0.42
20190404	0.04	7.19	0.37
20190405	0.0	7.07	0.32
20190406	0.06	7.42	0.3
20190407	0.18	8.36	0.3
20190408	0.0	6.06	0.29
20190409	0.0	4.26	0.28
20190410	0.0	3.63	0.26
20190411	0.0	5.64	0.25
20190412	0.0	4.16	0.25
20190413	0.0	3.07	0.24
20190414	0.01	4.97	0.24
20190415	0.0	8.33	0.24
20190416	0.0	8.89	0.24
20190417	0.0	9.5	0.23
20190418	0.0	10.81	0.22
20190419	0.0	12.33	0.21
20190420	0.0	15.17	0.21
20190421	0.0	13.86	0.2
20190422	0.0	13.36	0.2
20190423	0.0	9.9	0.2
20190424	0.04	12.31	0.2
20190425	2.83	9.31	0.22
20190426	2.62	10.07	0.22
20190427	4.21	7.08	0.28
20190428	0.02	7.08	0.26
20190429	0.0	8.32	0.21
20190430	0.0	11.59	0.2
20190501	0.0	10.48	0.2
20190502	0.49	9.52	0.19
20190503	1.3	4.59	0.19
20190504	0.53	5.67	0.19
20190505	0.59	6.14	0.19
20190506	3.52	5.72	0.2
20190507	3.37	7.03	0.23
20190508	11.93	6.88	0.27
20190509	1.0	3.7	0.56
20190510	0.01	6.96	0.38
20190511	1.56	6.58	0.28
20190512	0.0	11.07	0.23
20190513	0.03	13.25	0.2
20190514	0.0	15.37	0.19
20190515	0.0	12.11	0.18
20190516	0.28	12.04	0.17
20190517	0.62	12.21	0.17
20190518	0.91	10.78	0.18
20190519	0.0	11.16	0.18
20190520	0.35	11.32	0.19
20190521	0.0	11.07	0.17
20190522	0.0	12.43	0.16
20190523	0.0	11.82	0.15
20190524	0.0	12.98	0.15
20190525	4.3	15.05	0.14
20190526	0.93	14.01	0.19
20190527	5.7	10.67	0.19
20190528	2.91	9.34	0.27
20190529	0.28	14.19	0.22
20190530	0.41	16.69	0.17
20190531	0.34	14.54	0.16
20190601	0.61	16.94	0.15
20190602	0.14	16.12	0.14
20190603	0.01	12.79	0.13
20190604	11.96	13.25	0.19
20190605	0.01	11.37	0.26
20190606	2.21	11.88	0.18
20190607	18.95	13.5	0.3
20190608	5.34	11.25	0.68
20190609	0.0	11.3	0.46
20190610	0.32	12.75	0.28
20190611	33.82	9.91	0.27
20190612	29.31	10.81	5.29
20190613	7.75	9.83	9.43
20190614	1.6	13.25	3.74
20190615	3.94	12.52	1.69
20190616	1.74	15.26	1.13
20190617	0.02	13.95	0.79
20190618	5.53	15.47	0.59
20190619	0.81	13.65	0.71
20190620	0.0	12.94	0.54
20190621	0.0	11.56	0.41
20190622	0.0	15.67	0.36
20190623	9.61	16.08	0.36
20190624	3.95	14.91	0.49
20190625	4.91	11.48	0.51
20190626	0.02	10.18	0.59
20190627	0.0	14.95	0.44
20190628	0.0	16.16	0.34
20190629	0.0	20.92	0.3
20190630	0.0	16.41	0.26
20190701	0.0	14.07	0.24
20190702	0.0	13.27	0.22
20190703	0.0	15.17	0.21
20190704	0.0	17.88	0.2
20190705	0.0	17.38	0.2
20190706	0.0	13.04	0.2
20190707	0.0	11.81	0.18
20190708	0.05	15.57	0.18
20190709	0.4	15.84	0.18
20190710	1.91	18.34	0.19
20190711	0.13	17.51	0.19
20190712	1.79	17.08	0.18
20190713	2.6	16.53	0.19
20190714	0.0	13.56	0.2
20190715	0.0	16.65	0.17
20190716	0.0	18.17	0.16
20190717	0.69	18.46	0.15
20190718	0.05	16.64	0.15
20190719	0.27	17.47	0.15
20190720	5.61	15.48	0.23
20190721	3.04	18.68	0.2
20190722	0.0	20.58	0.17
20190723	9.58	23.23	0.15
20190724	0.0	21.38	0.28
20190725	0.03	26.75	0.17
20190726	25.8	20.34	0.16
20190727	4.29	17.03	0.98
20190728	0.41	18.02	0.51
20190729	0.23	16.7	0.3
20190730	4.35	19.66	0.22
20190731	4.05	17.26	0.27
20190801	4.07	16.84	0.3
20190802	0.12	16.05	0.35
20190803	0.02	19.38	0.28
20190804	2.55	19.73	0.23
20190805	0.01	17.09	0.2
20190806	1.55	17.47	0.18
20190807	0.05	16.54	0.17
20190808	4.82	17.99	0.16
20190809	6.13	19.56	0.2
20190810	12.24	16.8	0.49
20190811	3.22	13.81	0.7
20190812	0.23	13.06	0.4
20190813	0.39	12.83	0.3
20190814	1.9	14.65	0.25
20190815	0.56	15.06	0.26
20190816	4.64	15.08	0.25
20190817	0.02	15.24	0.31
20190818	0.68	15.65	0.24
20190819	0.54	15.0	0.2
20190820	0.2	13.66	0.17
20190821	1.86	16.89	0.17
20190822	0.38	17.39	0.17
20190823	0.0	20.06	0.17
20190824	0.0	19.05	0.15
20190825	0.0	21.24	0.14
20190826	0.0	20.15	0.13
20190827	2.93	21.06	0.15
20190828	1.68	14.42	0.15
20190829	0.0	16.87	0.15
20190830	0.06	17.27	0.13
20190831	0.24	13.84	0.12
20190901	0.61	13.71	0.12
20190902	1.05	15.62	0.12
20190903	1.64	15.89	0.13
20190904	2.14	10.98	0.14
20190905	0.17	14.42	0.14
20190906	1.48	13.6	0.13
20190907	0.15	8.74	0.12
20190908	1.56	13.72	0.12
20190909	1.8	10.74	0.14
20190910	2.24	14.48	0.14
20190911	0.0	16.05	0.14
20190912	0.62	13.65	0.12
20190913	0.0	11.64	0.11
20190914	0.0	16.23	0.11
20190915	0.69	10.03	0.11
20190916	0.0	12.19	0.11
20190917	0.0	9.66	0.11
20190918	0.0	12.13	0.11
20190919	0.0	14.39	0.11
20190920	0.0	16.85	0.11
20190921	0.0	15.48	0.1
20190922	6.81	17.07	0.12
20190923	1.64	16.31	0.19
20190924	15.61	14.94	0.37
20190925	6.93	15.76	0.38
20190926	1.75	14.11	0.35
20190927	9.33	12.91	0.36
20190928	14.34	13.52	0.43
20190929	9.21	9.8	2.04
20190930	16.22	12.2	1.44
20191001	2.62	5.66	3.35
20191002	0.0	6.4	1.35
20191003	10.32	8.5	0.91
20191004	0.32	8.92	1.91
20191005	10.54	11.56	1.07
20191006	3.03	10.61	2.5
20191007	2.21	10.99	1.64
20191008	0.47	11.88	1.2
20191009	0.7	10.78	0.81
20191010	8.03	11.85	0.63
20191011	0.95	10.95	1.66
20191012	0.07	11.27	1.1
20191013	9.23	9.22	1.7
20191014	9.01	10.85	2.18
20191015	0.59	10.72	3.24
20191016	1.05	9.57	1.81
20191017	7.57	10.64	1.17
20191018	3.69	10.3	2.86
20191019	7.93	9.45	3.59
20191020	11.94	8.52	7.1
20191021	0.33	5.91	4.89
20191022	0.0	8.48	2.34
20191023	0.0	10.8	1.51
20191024	1.0	7.48	1.16
20191025	26.77	6.67	4.36
20191026	3.4	5.46	10.34
20191027	0.0	5.22	4.02
20191028	3.17	4.43	2.13
20191029	0.12	5.18	1.9
20191030	0.05	5.17	1.47
20191031	2.33	7.75	1.21
20191101	4.33	10.21	1.41
20191102	26.15	8.38	5.73
20191103	1.36	8.04	10.67
20191104	10.85	8.88	4.5
20191105	3.27	4.38	8.27
20191106	2.29	5.07	4.27
20191107	2.31	6.52	2.91
20191108	9.79	2.47	5.45
20191109	0.06	2.89	4.02
20191110	5.46	4.53	2.46
20191111	0.73	5.53	2.9
20191112	5.02	3.21	2.52
20191113	1.19	2.93	2.52
20191114	10.18	5.72	2.81
20191115	6.43	7.21	5.31
20191116	7.26	6.75	6.06
20191117	2.6	4.44	4.79
20191118	0.0	0.92	3.07
20191119	0.05	1.47	2.09
20191120	0.0	4.04	1.69
20191121	1.1	5.02	1.43
20191122	2.19	7.48	1.31
20191123	4.66	7.86	1.99
20191124	0.35	7.98	1.99
20191125	1.64	8.63	1.56
20191126	0.77	7.9	1.53
20191127	29.02	8.17	6.72
20191128	5.44	4.46	13.21
20191129	0.11	0.92	5.4
20191130	0.07	0.71	2.84
20191201	0.07	0.41	2.0
20191202	0.02	4.49	1.6
20191203	0.0	5.4	1.42
20191204	0.05	5.48	1.25
20191205	0.81	9.17	1.13
20191206	0.08	9.09	1.07
20191207	1.91	8.72	0.95
20191208	1.93	5.62	1.0
20191209	1.01	2.81	0.89
20191210	2.21	7.64	0.9
20191211	0.0	3.38	0.94
20191212	5.33	3.29	1.43
20191213	1.6	4.79	1.57
20191214	8.09	2.59	1.37
20191215	0.61	3.04	2.89
20191216	0.0	2.83	2.09
20191217	0.02	2.25	1.42
20191218	9.35	4.99	1.89
20191219	3.99	8.78	4.58
20191220	3.65	4.92	3.47
20191221	1.47	5.18	2.5
20191222	0.08	4.63	1.93
20191223	2.98	6.05	1.47
20191224	0.96	4.14	1.67
20191225	0.0	4.82	1.47
20191226	0.3	5.45	1.25
20191227	0.01	7.07	1.06
20191228	0.0	8.66	0.97
20191229	0.0	8.32	0.9
20191230	0.0	4.12	0.83
20191231	0.01	2.35	0.75
20200101	0.0	4.72	0.73
20200102	0.98	7.05	0.73
20200103	0.0	5.3	0.67
20200104	0.0	7.36	0.61
20200105	0.0	8.17	0.6
20200106	0.06	6.83	0.6
20200107	0.12	9.89	0.57
20200108	9.18	5.28	0.57
20200109	1.19	3.53	1.25
20200110	0.02	5.32	1.09
20200111	2.72	8.32	0.92
20200112	0.79	5.49	0.96
20200113	5.78	5.39	1.54
20200114	5.68	6.9	2.96
20200115	0.0	5.77	1.92
20200116	2.15	8.02	1.24
20200117	1.99	3.86	1.4
20200118	0.0	1.88	1.16
20200119	0.02	2.41	0.91
20200120	0.0	4.78	0.85
20200121	0.06	5.98	0.79
20200122	0.03	7.04	0.75
20200123	0.0	6.34	0.73
20200124	0.0	6.78	0.7
20200125	0.05	6.04	0.66
20200126	0.47	5.35	0.65
20200127	0.02	3.65	0.63
20200128	0.02	3.4	0.59
20200129	0.0	5.98	0.52
20200130	0.11	8.81	0.52
20200131	0.01	9.74	0.5
20200201	0.86	6.16	0.49
20200202	0.12	7.0	0.47
20200203	0.16	4.62	0.45
20200204	0.0	3.71	0.42
20200205	0.0	4.04	0.39
20200206	0.09	4.28	0.4
20200207	1.12	5.3	0.42
20200208	17.34	7.76	0.47
20200209	8.36	6.91	7.33
20200210	1.33	3.69	2.35
20200211	1.0	2.71	1.33
20200212	13.73	3.2	1.01
20200213	3.0	2.99	5.83
20200214	0.22	6.39	2.58
20200215	27.21	8.26	7.05
20200216	0.66	6.07	10.43
20200217	0.52	5.95	3.14
20200218	3.24	4.99	2.26
20200219	0.28	6.9	1.81
20200220	2.22	5.81	1.63
20200221	4.22	7.85	1.38
20200222	5.07	5.38	1.92
20200223	9.84	3.3	2.58
20200224	1.08	5.36	5.83
20200225	0.53	3.04	2.69
20200226	1.48	3.77	1.73
20200227	0.01	3.39	1.41
20200228	3.57	6.21	1.31
20200229	2.8	4.4	1.58
20200301	0.26	3.75	1.42
20200302	0.88	4.03	1.1
20200303	0.0	3.51	0.96
20200304	0.02	3.13	0.85
20200305	0.0	2.15	0.94
20200306	0.03	4.4	0.75
20200307	2.62	8.77	0.7
20200308	0.06	7.22	0.75
20200309	2.4	7.8	0.69
20200310	0.05	8.58	0.7
20200311	7.95	6.19	0.81
20200312	1.79	4.63	1.12
20200313	1.81	4.93	0.93
20200314	6.69	7.73	0.94
20200315	0.2	5.38	2.1
20200316	0.01	8.25	1.13
20200317	0.02	9.9	0.88
20200318	0.14	3.81	0.75
20200319	0.0	5.48	0.67
20200320	0.04	4.25	0.61
20200321	0.02	5.85	0.59
20200322	0.01	4.71	0.55
20200323	0.0	7.12	0.52
20200324	0.0	10.78	0.49
20200325	0.0	8.72	0.47
20200326	0.0	5.47	0.45
20200327	0.0	6.49	0.44
20200328	0.79	4.88	0.42
20200329	0.45	4.33	0.41
20200330	1.42	6.33	0.42
20200331	0.0	6.39	0.42
20200401	0.0	7.36	0.41
20200402	0.0	7.3	0.41
20200403	0.0	7.91	0.38
20200404	0.0	9.13	0.37
20200405	0.73	13.61	0.37
20200406	0.05	8.86	0.35
20200407	0.0	10.95	0.33
20200408	0.01	12.55	0.32
20200409	0.0	9.5	0.32
20200410	0.17	15.31	0.32
20200411	0.0	14.01	0.32
20200412	0.06	9.24	0.32
20200413	0.0	2.55	0.3
20200414	0.0	7.93	0.29
20200415	0.0	11.76	0.29
20200416	0.0	9.59	0.29
20200417	0.0	7.75	0.28
20200418	0.0	5.44	0.27
20200419	0.0	8.19	0.27
20200420	0.0	8.32	0.26
20200421	0.0	9.04	0.26
20200422	0.0	9.24	0.26
20200423	0.0	9.22	0.26
20200424	0.0	9.84	0.25
20200425	0.0	12.31	0.25
20200426	0.19	12.45	0.25
20200427	0.0	8.34	0.24
20200428	0.0	7.02	0.24
20200429	1.66	7.94	0.25
20200430	1.61	8.88	0.26
20200501	4.05	9.31	0.29
20200502	0.01	9.84	0.28
20200503	2.51	10.42	0.26
20200504	0.01	6.96	0.28
20200505	0.0	5.92	0.24
20200506	0.0	10.36	0.22
20200507	0.0	14.16	0.21
20200508	2.08	13.7	0.23
20200509	0.72	13.98	0.23
20200510	0.87	4.93	0.22
20200511	0.51	5.04	0.21
20200512	2.1	8.18	0.21
20200513	0.31	4.6	0.22
20200514	0.0	9.54	0.21
20200515	0.0	10.78	0.2
20200516	0.0	12.39	0.19
20200517	1.73	14.05	0.2
20200518	1.92	13.91	0.2
20200519	0.0	14.58	0.21
20200520	0.0	17.42	0.19
20200521	2.4	17.32	0.18
20200522	1.65	13.74	0.17
20200523	0.05	12.58	0.16
20200524	0.0	12.34	0.16
20200525	0.0	17.25	0.16
20200526	0.0	13.77	0.16
20200527	0.0	10.89	0.16
20200528	0.0	17.8	0.15
20200529	0.0	15.52	0.15
20200530	0.0	12.64	0.14
20200531	0.0	14.35	0.14
20200601	0.0	13.02	0.14
20200602	7.87	16.52	0.14
20200603	7.89	8.84	0.26
20200604	13.06	9.81	0.31
20200605	8.93	9.25	0.44
20200606	13.18	8.58	0.38
20200607	4.26	7.86	0.76
20200608	0.0	8.25	0.48
20200609	2.47	12.54	0.29
20200610	2.72	11.37	0.29
20200611	35.94	10.78	0.57
20200612	10.0	12.53	4.79
20200613	0.19	14.84	2.28
20200614	0.0	15.42	1.01
20200615	0.01	16.91	0.61
20200616	0.04	15.87	0.46
20200617	0.16	15.5	0.38
20200618	4.34	13.5	0.35
20200619	5.81	15.03	0.41
20200620	2.07	16.89	0.36
20200621	0.54	14.34	0.3
20200622	0.0	17.88	0.27
20200623	0.0	20.37	0.24
20200624	0.0	20.32	0.21
20200625	0.0	19.75	0.19
20200626	0.62	20.06	0.18
20200627	19.42	15.43	0.19
20200628	0.41	13.19	0.19
20200629	0.17	13.82	0.19
20200630	0.01	15.27	0.19
20200701	5.1	13.78	0.19
20200702	1.3	12.07	0.19
20200703	2.56	15.35	0.19
20200704	0.09	16.5	0.19
20200705	1.47	12.92	0.19
20200706	0.78	13.7	0.19
20200707	0.28	12.89	0.19
20200708	13.12	12.99	0.22
20200709	1.86	11.43	0.53
20200710	1.88	12.26	0.35
20200711	0.0	12.5	0.26
20200712	0.13	16.02	0.21
20200713	0.07	14.41	0.19
20200714	0.13	14.98	0.19
20200715	0.71	15.01	0.19
20200716	0.0	18.34	0.18
20200717	1.11	18.27	0.17
20200718	0.5	12.99	0.18
20200719	0.0	12.95	0.17
20200720	0.01	12.77	0.15
20200721	0.0	15.44	0.15
20200722	4.11	16.12	0.15
20200723	4.09	15.11	0.22
20200724	0.9	17.99	0.2
20200725	0.08	16.91	0.17
20200726	2.09	16.34	0.15
20200727	3.8	14.8	0.17
20200728	0.0	13.5	0.17
20200729	2.11	14.23	0.14
20200730	0.14	17.98	0.15
20200731	1.09	22.54	0.14
20200801	0.21	17.06	0.13
20200802	1.48	14.35	0.13
20200803	0.02	13.3	0.13
20200804	2.65	15.13	0.14
20200805	0.14	18.64	0.14
20200806	0.0	19.29	0.13
20200807	0.0	20.59	0.12
20200808	0.0	16.63	0.12
20200809	0.02	16.68	0.12
20200810	0.01	19.19	0.12
20200811	0.0	21.97	0.11
20200812	0.26	20.09	0.11
20200813	3.01	15.02	0.12
20200814	0.72	15.14	0.16
20200815	3.87	14.93	0.16
20200816	19.55	14.59	0.22
20200817	0.07	16.55	0.65
20200818	0.41	16.81	0.32
20200819	6.32	17.9	0.22
20200820	1.59	18.56	0.28
20200821	2.73	16.57	0.21
20200822	3.93	15.34	0.22
20200823	7.63	15.07	0.25
20200824	10.07	14.38	0.35
20200825	13.57	15.71	1.7
20200826	1.07	12.67	1.36
20200827	23.84	13.67	1.21
20200828	6.89	10.85	5.22
20200829	1.81	9.96	2.12
20200830	0.0	8.45	1.15
20200831	0.0	10.89	0.68
20200901	0.0	14.94	0.49
20200902	5.81	16.08	0.44
20200903	0.0	14.7	0.48
20200904	0.01	13.12	0.36
20200905	1.23	13.75	0.31
20200906	2.1	11.91	0.3
20200907	0.48	16.24	0.3
20200908	0.09	17.44	0.28
20200909	0.0	11.73	0.25
20200910	0.0	12.77	0.23
20200911	0.43	14.21	0.22
20200912	0.05	15.24	0.21
20200913	0.0	17.1	0.19
20200914	0.0	17.85	0.18
20200915	0.13	19.63	0.18
20200916	0.0	9.96	0.18
20200917	0.01	10.85	0.18
20200918	0.0	12.51	0.17
20200919	0.3	14.11	0.17
20200920	0.09	11.67	0.17
20200921	0.0	15.71	0.17
20200922	9.87	15.62	0.17
20200923	17.68	7.34	0.76
20200924	6.96	8.91	1.14
20200925	2.39	8.44	0.93
20200926	0.59	9.46	0.69
20200927	0.0	6.45	0.45
20200928	0.82	10.91	0.37
20200929	0.01	11.51	0.32
20200930	4.94	9.46	0.31
20201001	0.01	7.62	0.5
20201002	3.24	11.11	0.38
20201003	17.66	11.32	1.5
20201004	5.55	12.2	3.05
20201005	1.69	10.9	1.98
20201006	0.1	12.09	1.48
20201007	13.5	10.63	1.09
20201008	0.86	9.7	3.52
20201009	0.42	7.7	1.48
20201010	1.9	8.67	0.93
20201011	0.1	8.67	0.75
20201012	6.79	7.4	0.68
20201013	12.89	8.7	5.03
20201014	2.01	8.21	3.11
20201015	0.51	8.08	1.76
20201016	1.06	8.88	1.25
20201017	1.39	8.87	1.02
20201018	0.1	8.4	0.96
20201019	0.85	10.56	0.84
20201020	0.99	14.03	0.73
20201021	1.07	11.94	0.7
20201022	0.01	8.74	0.67
20201023	0.76	8.14	0.57
20201024	7.87	9.5	0.89
20201025	0.04	8.55	1.09
20201026	0.97	8.48	0.75
20201027	1.18	7.96	0.67
20201028	0.68	8.22	0.63
20201029	4.73	10.97	0.6
20201030	0.86	8.4	0.91
20201031	3.81	10.77	1.01
20201101	14.32	11.68	2.46
20201102	4.8	7.77	4.7
20201103	0.03	5.72	2.27
20201104	0.0	7.25	1.29
20201105	0.02	8.69	0.98
20201106	0.03	6.22	0.84
20201107	0.06	6.5	0.75
20201108	1.74	10.29	0.68
20201109	1.11	11.83	0.67
20201110	0.01	10.59	0.65
20201111	3.82	9.67	0.63
20201112	2.65	8.4	0.84
20201113	0.04	8.0	0.76
20201114	1.58	10.67	0.73
20201115	1.71	8.79	0.82
20201116	0.05	10.7	0.67
20201117	0.0	13.07	0.57
20201118	3.06	8.91	0.54
20201119	0.01	2.96	0.52
20201120	0.15	7.91	0.48
20201121	0.44	7.9	0.48
20201122	0.06	5.72	0.44
20201123	0.0	7.55	0.42
20201124	0.36	8.85	0.42
20201125	0.78	5.02	0.42
20201126	0.0	5.48	0.38
20201127	0.0	2.39	0.37
20201128	2.0	4.51	0.37
20201129	3.26	7.19	0.39
20201130	1.04	5.4	0.49
20201201	0.02	3.96	0.53
20201202	1.31	5.12	0.49
20201203	10.38	2.87	1.12
20201204	16.14	3.49	7.42
20201205	14.62	3.56	5.08
20201206	4.33	3.34	10.53
20201207	1.59	2.92	4.6
20201208	3.4	4.17	2.83
20201209	0.28	4.47	2.46
20201210	3.2	4.93	1.8
20201211	3.54	6.48	2.17
20201212	8.23	4.83	5.45
20201213	5.11	6.65	5.08
20201214	0.09	7.13	3.22
20201215	1.39	6.49	1.94
20201216	3.35	6.64	2.01
20201217	2.25	8.49	1.8
20201218	6.49	10.71	1.87
20201219	0.46	7.21	3.03
20201220	0.13	5.47	1.69
20201221	2.31	4.34	1.38
20201222	1.12	2.96	1.26
20201223	7.16	2.81	1.95
20201224	4.79	0.57	2.94
20201225	0.02	2.87	2.11
20201226	16.39	4.47	3.77
20201227	0.2	1.74	7.05
20201228	7.2	0.75	2.64
20201229	1.27	1.33	3.61
20201230	0.02	-0.95	2.65
20201231	8.04	-0.06	1.75
20210101	8.52	1.68	7.71
20210102	25.41	0.76	5.45
20210103	2.17	1.58	11.8
20210104	3.65	1.82	8.27
20210105	5.11	1.39	6.11
20210106	1.57	-1.13	4.39
20210107	15.85	-0.38	3.01
20210108	14.68	-2.75	10.06
20210109	2.35	-0.19	5.83
20210110	1.21	4.79	7.89
20210111	6.55	3.66	12.74
20210112	0.01	0.7	7.57
20210113	12.03	0.74	3.85
20210114	5.82	-0.75	8.41
20210115	3.57	-0.68	4.04
20210116	0.02	3.88	4.5
20210117	0.0	3.9	3.09
20210118	3.45	5.63	2.57
20210119	15.18	8.32	8.08
20210120	37.22	5.12	18.89
20210121	0.62	3.12	14.71
20210122	0.0	1.12	5.55
20210123	0.01	-0.9	3.09
20210124	0.01	-1.05	2.15
20210125	0.03	2.0	1.56
20210126	0.71	3.16	1.39
20210127	15.98	4.46	1.64
20210128	11.01	4.39	9.59
20210129	0.98	3.74	6.91
20210130	0.03	-0.12	3.28
20210131	0.02	-0.35	2.18
20210201	1.51	0.66	1.64
20210202	15.82	2.36	3.84
20210203	2.98	3.39	7.47
20210204	2.18	5.01	3.6
20210205	2.56	5.68	2.89
20210206	8.74	2.18	4.93
20210207	1.17	-0.29	4.75
20210208	3.53	-0.98	2.5
20210209	3.23	-2.49	1.92
20210210	2.67	-2.41	1.59
20210211	0.07	-1.79	1.39
20210212	0.13	-1.53	1.24
20210213	0.0	-1.2	1.1
20210214	2.19	2.86	1.53
20210215	0.72	7.65	3.52
20210216	1.09	7.74	3.19
20210217	0.58	8.65	2.09
20210218	0.59	5.95	1.71
20210219	1.87	8.12	1.4
20210220	0.07	9.92	1.37
20210221	2.99	9.03	1.13
20210222	1.25	7.13	1.3
20210223	0.3	9.96	1.17
20210224	4.53	9.64	1.26
20210225	0.01	5.85	1.23
20210226	0.0	6.9	0.98
20210227	0.0	5.97	0.89
20210228	0.01	4.99	0.84
20210301	0.01	4.54	0.79
20210302	0.03	2.66	0.76
20210303	0.58	2.87	0.73
20210304	1.27	2.85	0.72
20210305	0.37	2.14	0.69
20210306	0.0	1.8	0.65
20210307	2.26	5.83	0.64
20210308	1.97	6.67	0.69
20210309	5.28	7.42	0.72
20210310	6.45	8.68	1.5
20210311	1.53	5.83	2.15
20210312	4.63	5.27	1.18
20210313	0.16	5.29	1.41
20210314	0.22	5.18	1.01
20210315	1.8	7.87	0.83
20210316	0.26	7.39	0.78
20210317	0.0	6.82	0.72
20210318	4.58	9.13	0.69
20210319	0.73	7.23	1.03
20210320	0.0	9.88	0.9
20210321	0.0	6.1	0.76
20210322	0.0	8.5	0.68
20210323	0.0	8.67	0.63
20210324	0.0	8.7	0.59
20210325	0.02	10.28	0.55
20210326	0.45	6.36	0.55
20210327	0.34	8.47	0.5
20210328	0.59	12.77	0.49
20210329	0.0	11.43	0.47
20210330	0.0	14.84	0.44
20210331	0.15	12.44	0.44
20210401	0.0	5.13	0.41
20210402	0.0	6.53	0.4
20210403	0.0	5.61	0.39
20210404	0.63	6.83	0.4
20210405	0.41	2.03	0.39
20210406	0.09	1.53	0.38
20210407	0.0	5.06	0.37
20210408	1.36	6.15	0.37
20210409	0.24	2.72	0.38
20210410	3.11	2.84	0.36
20210411	1.16	1.36	0.4
20210412	0.05	3.25	0.39
20210413	0.11	4.6	0.36
20210414	0.0	3.83	0.34
20210415	0.0	4.76	0.33
20210416	0.0	5.87	0.33
20210417	0.0	7.36	0.32
20210418	0.0	6.98	0.31
20210419	0.0	9.39	0.31
20210420	0.0	11.59	0.31
20210421	0.0	4.07	0.29
20210422	0.0	8.65	0.28
20210423	0.0	10.49	0.28
20210424	0.0	6.19	0.27
20210425	0.0	5.36	0.27
20210426	0.56	9.62	0.28
20210427	1.46	7.81	0.29
20210428	4.67	6.0	0.29
20210429	1.94	4.29	0.38
20210430	0.97	5.18	0.32
20210501	0.01	4.62	0.29
20210502	0.72	6.72	0.28
20210503	24.61	7.21	0.76
20210504	2.75	4.01	1.67
20210505	0.86	4.02	0.83
20210506	4.29	5.44	0.7
20210507	3.17	6.14	0.64
20210508	14.2	9.01	1.43
20210509	0.47	13.04	2.81
20210510	3.61	10.92	1.25
20210511	5.3	10.37	1.12
20210512	0.42	9.95	0.94
20210513	1.09	10.16	0.77
20210514	0.04	8.98	0.63
20210515	2.38	10.29	0.56
20210516	4.07	10.0	0.96
20210517	4.02	9.42	1.04
20210518	1.83	9.61	0.96
20210519	0.33	10.19	0.63
20210520	11.76	9.91	1.16
20210521	10.16	8.81	3.08
20210522	0.19	6.74	2.85
20210523	7.27	9.11	1.76
20210524	0.95	10.62	1.94
20210525	12.46	9.64	1.64
20210526	0.49	9.69	2.86
20210527	0.05	13.98	1.51
20210528	0.0	12.82	1.0
20210529	0.0	12.85	0.78
20210530	0.0	12.08	0.64
20210531	0.0	13.4	0.57
20210601	0.0	14.98	0.5
20210602	0.0	15.34	0.44
20210603	0.0	15.07	0.41
20210604	0.0	12.8	0.38
20210605	0.03	17.75	0.35
20210606	0.03	15.04	0.33
20210607	0.02	15.94	0.31
20210608	0.0	16.27	0.29
20210609	0.0	19.43	0.28
20210610	0.0	18.82	0.27
20210611	0.0	15.24	0.25
20210612	0.0	15.84	0.24
20210613	0.0	19.61	0.23
20210614	0.0	12.58	0.23
20210615	0.0	17.32	0.22
20210616	0.74	19.06	0.21
20210617	0.0	15.84	0.21
20210618	1.91	12.82	0.22
20210619	2.38	13.96	0.23
20210620	0.29	11.0	0.23
20210621	0.63	9.4	0.22
20210622	0.0	11.84	0.21
20210623	0.06	17.52	0.19
20210624	10.32	17.38	0.2
20210625	13.91	11.54	0.58
20210626	0.42	13.65	0.52
20210627	0.0	13.11	0.34
20210628	0.0	15.0	0.27
20210629	0.35	14.85	0.23
20210630	0.22	11.8	0.22
20210701	0.0	15.01	0.21
20210702	0.33	16.96	0.2
20210703	2.44	16.53	0.21
20210704	26.0	17.91	0.86
20210705	20.81	15.47	1.05
20210706	4.13	14.29	2.43
20210707	7.04	16.89	1.38
20210708	0.0	16.66	0.83
20210709	0.2	17.45	0.49
20210710	5.42	16.49	0.57
20210711	0.39	17.93	0.54
20210712	8.57	15.96	0.44
20210713	0.03	15.15	0.62
20210714	0.0	17.59	0.45
20210715	0.0	15.9	0.34
20210716	0.0	19.78	0.29
20210717	0.0	22.17	0.26
20210718	0.0	20.17	0.23
20210719	0.0	19.56	0.22
20210720	0.0	20.31	0.21
20210721	0.0	20.13	0.2
20210722	0.0	20.45	0.2
20210723	0.0	18.56	0.19
20210724	0.0	15.43	0.19
20210725	0.0	15.91	0.19
20210726	0.0	18.31	0.19
20210727	1.67	18.68	0.2
20210728	3.89	15.98	0.32
20210729	1.14	16.03	0.26
20210730	7.47	14.99	0.26
20210731	3.61	14.23	0.3
20210801	0.0	11.32	0.27
20210802	0.0	13.0	0.21
20210803	0.0	14.97	0.19
20210804	2.43	17.93	0.18
20210805	4.63	17.96	0.2
20210806	11.76	15.5	0.43
20210807	1.03	16.07	0.36
20210808	1.07	16.08	0.24
20210809	0.01	16.59	0.2
20210810	0.73	16.61	0.18
20210811	0.7	15.81	0.18
20210812	0.01	16.38	0.17
20210813	0.01	16.67	0.15
20210814	1.63	16.15	0.14
20210815	0.46	14.37	0.16
20210816	3.57	15.34	0.16
20210817	0.11	15.29	0.19
20210818	0.0	17.44	0.17
20210819	0.8	15.7	0.16
20210820	2.07	18.39	0.16
20210821	7.71	16.74	0.21
20210822	0.04	16.24	0.26
20210823	0.0	16.86	0.19
20210824	0.0	15.76	0.17
20210825	1.02	15.42	0.16
20210826	1.81	13.01	0.16
20210827	0.24	11.42	0.17
20210828	0.0	15.65	0.17
20210829	1.13	14.01	0.16
20210830	1.42	13.26	0.16
20210831	1.82	13.71	0.16
20210901	0.11	14.06	0.17
20210902	0.0	14.59	0.16
20210903	0.12	13.26	0.15
20210904	0.05	14.47	0.15
20210905	0.68	18.03	0.15
20210906	0.05	17.83	0.14
20210907	0.0	20.46	0.13
20210908	0.44	21.25	0.12
20210909	2.57	19.25	0.13
20210910	3.99	19.11	0.2
20210911	0.26	15.0	0.23
20210912	0.31	12.32	0.16
20210913	0.02	13.72	0.15
20210914	7.99	13.8	0.16
20210915	0.02	15.38	0.25
20210916	0.0	15.63	0.18
20210917	0.0	16.68	0.15
20210918	0.0	18.28	0.14
20210919	0.33	13.47	0.13
20210920	0.0	15.39	0.13
20210921	0.0	16.06	0.12
20210922	0.0	17.37	0.12
20210923	0.0	16.45	0.12
20210924	0.0	17.92	0.12
20210925	0.02	17.63	0.13
20210926	7.84	15.73	0.13
20210927	3.18	11.49	0.27
20210928	6.89	11.41	0.27
20210929	0.38	9.85	0.26
20210930	2.51	12.78	0.19
20211001	0.24	10.58	0.19
20211002	5.3	9.19	0.2
20211003	0.61	11.08	0.27
20211004	9.98	11.54	0.22
20211005	20.56	10.07	1.03
20211006	0.22	12.41	1.96
20211007	0.0	17.03	0.68
20211008	0.01	16.24	0.4
20211009	0.0	12.39	0.31
20211010	0.0	10.52	0.26
20211011	0.45	12.45	0.23
20211012	0.43	10.41	0.22
20211013	0.0	12.25	0.22
20211014	3.11	9.05	0.2
20211015	0.01	6.59	0.22
20211016	1.14	10.01	0.21
20211017	0.29	12.81	0.21
20211018	1.28	13.4	0.2
20211019	0.89	14.4	0.21
20211020	9.61	7.55	0.29
20211021	0.01	7.38	0.49
20211022	0.1	8.38	0.35
20211023	0.01	10.96	0.26
20211024	0.16	11.02	0.23
20211025	0.51	10.33	0.22
20211026	0.07	12.83	0.2
20211027	0.0	14.79	0.19
20211028	7.58	13.58	0.19
20211029	0.64	11.05	0.36
20211030	4.03	8.37	0.33
20211031	21.15	8.76	3.01
20211101	0.02	7.43	2.37
20211102	2.53	7.04	1.02
20211103	9.27	6.51	1.33
20211104	0.03	4.64	1.72
20211105	0.0	9.78	0.97
20211106	0.12	9.74	0.68
20211107	0.0	6.85	0.54
20211108	0.08	10.4	0.45
20211109	0.3	12.12	0.41
20211110	0.0	8.94	0.37
20211111	0.46	9.63	0.34
20211112	0.76	10.37	0.33
20211113	0.41	9.53	0.32
20211114	0.0	9.27	0.29
20211115	0.16	9.14	0.29
20211116	0.14	7.94	0.28
20211117	0.0	9.75	0.27
20211118	0.0	12.5	0.25
20211119	0.0	11.17	0.25
20211120	0.58	7.2	0.24
20211121	5.09	3.34	0.25
20211122	0.06	4.01	0.36
20211123	0.0	5.73	0.31
20211124	0.04	3.96	0.28
20211125	0.98	4.08	0.27
20211126	20.93	3.48	0.43
20211127	7.86	0.43	3.52
20211128	1.35	-0.77	2.0
20211129	1.46	3.86	1.61
20211130	8.31	8.1	2.53
20211201	4.72	2.62	4.15
20211202	0.95	2.2	2.09
20211203	1.43	4.87	1.3
20211204	10.5	3.68	1.1
20211205	4.39	4.03	6.11
20211206	2.85	2.4	3.79
20211207	8.41	3.33	4.55
20211208	0.98	3.33	3.39
20211209	2.42	4.19	1.93
20211210	0.02	2.61	1.64
20211211	2.43	7.52	1.33
20211212	0.02	9.66	1.31
20211213	2.97	6.12	1.1
20211214	0.02	6.89	1.12
20211215	0.0	8.68	0.94
20211216	0.03	4.53	0.78
20211217	0.13	3.04	0.7
20211218	0.58	1.78	0.65
20211219	1.73	3.97	0.64
20211220	0.0	3.8	0.68
20211221	0.0	1.94	0.64
20211222	1.12	3.96	0.61
20211223	2.44	7.11	0.65
20211224	1.42	4.32	0.71
20211225	0.87	1.97	0.73
20211226	0.74	3.94	0.68
20211227	1.78	6.12	0.68
20211228	2.77	4.71	0.9
20211229	1.4	9.3	1.17
20211230	3.67	12.88	1.09
20211231	0.04	12.31	1.35
20220101	0.36	11.01	1.0
20220102	0.59	8.95	0.82
20220103	6.79	3.46	0.95
20220104	0.0	0.23	1.53
20220105	0.0	-0.37	0.97
20220106	4.19	2.34	0.88
20220107	0.61	1.51	1.28
20220108	1.79	3.99	1.26
20220109	0.19	4.26	1.13
20220110	0.55	6.09	0.89
20220111	0.08	4.37	0.77
20220112	0.0	7.76	0.69
20220113	0.0	4.57	0.64
20220114	0.02	2.8	0.6
20220115	0.08	1.48	0.58
20220116	0.52	4.41	0.55
20220117	0.04	4.21	0.49
20220118	0.12	6.61	0.48
20220119	0.15	3.92	0.48
20220120	0.0	2.08	0.43
20220121	0.06	4.44	0.42
20220122	0.05	4.48	0.41
20220123	0.0	4.63	0.4
20220124	0.01	2.43	0.39
20220125	0.04	3.48	0.38
20220126	0.01	7.69	0.37
20220127	0.02	5.39	0.37
20220128	0.0	7.46	0.34
20220129	0.0	6.11	0.34
20220130	0.83	3.78	0.32
20220131	0.35	5.86	0.33
20220201	0.01	9.47	0.32
20220202	0.07	9.56	0.31
20220203	0.09	6.07	0.31
20220204	0.14	3.91	0.31
20220205	2.68	6.43	0.3
20220206	1.45	2.95	0.37
20220207	0.32	6.47	0.32
20220208	1.13	8.58	0.32
20220209	0.0	5.16	0.31
20220210	0.07	1.46	0.29
20220211	0.0	2.06	0.27
20220212	0.57	6.99	0.28
20220213	12.22	6.83	0.53
20220214	5.96	4.26	2.73
20220215	0.42	8.21	1.46
20220216	3.43	8.0	1.0
20220217	10.26	4.14	0.79
20220218	4.0	3.82	5.17
20220219	3.96	5.57	2.18
20220220	6.95	6.61	3.41
20220221	0.58	6.52	2.44
20220222	0.24	6.95	1.36
20220223	2.39	5.85	1.03
20220224	0.19	3.3	0.93
20220225	0.0	5.91	0.73
20220226	0.0	5.5	0.64
20220227	0.18	5.85	0.58
20220228	6.48	3.76	0.74
20220301	0.07	4.45	0.86
20220302	0.8	5.42	0.73
20220303	10.23	5.81	0.69
20220304	4.23	3.89	3.43
20220305	1.91	2.84	2.3
20220306	0.02	2.74	1.53
20220307	0.0	3.88	1.1
20220308	0.0	5.67	0.92
20220309	0.0	9.7	0.75
20220310	0.05	10.84	0.66
20220311	2.98	10.26	0.63
20220312	0.0	8.85	0.59
20220313	0.0	7.9	0.53
20220314	0.34	7.27	0.46
20220315	0.0	9.62	0.43
20220316	10.9	5.95	0.65
20220317	0.02	5.46	1.11
20220318	0.0	8.43	0.67
20220319	0.0	8.32	0.57
20220320	0.0	4.07	0.52
20220321	0.0	8.13	0.47
20220322	0.0	9.66	0.43
20220323	0.0	10.6	0.4
20220324	0.0	10.82	0.38
20220325	0.0	10.69	0.36
20220326	0.0	9.55	0.34
20220327	0.05	12.01	0.33
20220328	5.61	9.57	0.45
20220329	6.35	6.02	0.43
20220330	7.34	1.64	0.66
20220331	7.13	2.81	1.3
20220401	3.4	2.32	3.43
20220402	0.08	2.95	2.08
20220403	6.62	7.84	1.38
20220404	0.16	11.5	1.87
20220405	0.01	10.02	1.21
20220406	6.8	7.61	1.0
20220407	1.61	3.07	1.45
20220408	0.17	3.87	1.09
20220409	0.0	3.15	0.78
20220410	0.0	7.85	0.65
20220411	1.39	9.74	0.59
20220412	4.43	9.53	0.64
20220413	0.02	11.31	0.59
20220414	0.0	12.63	0.5
20220415	0.0	12.61	0.46
20220416	0.0	14.05	0.42
20220417	0.48	12.73	0.4
20220418	0.22	9.44	0.39
20220419	0.0	9.33	0.36
20220420	0.0	8.08	0.34
20220421	0.0	9.86	0.33
20220422	0.0	10.89	0.32
20220423	0.0	9.83	0.31
20220424	0.88	7.57	0.3
20220425	0.03	6.67	0.3
20220426	0.39	7.46	0.29
20220427	0.0	6.62	0.27
20220428	0.0	4.32	0.26
20220429	0.0	8.0	0.26
20220430	0.55	12.4	0.25
20220501	0.0	11.82	0.26
20220502	0.53	10.11	0.26
20220503	0.67	10.38	0.26
20220504	6.28	11.06	0.3
20220505	0.03	13.63	0.4
20220506	3.32	10.76	0.31
20220507	0.0	8.22	0.3
20220508	0.0	12.46	0.25
20220509	0.0	14.3	0.24
20220510	1.12	13.17	0.23
20220511	0.51	11.06	0.23
20220512	0.12	12.23	0.21
20220513	0.0	10.96	0.21
20220514	0.0	14.28	0.2
20220515	7.02	13.46	0.2
20220516	6.77	13.94	0.36
20220517	2.01	15.7	0.3
20220518	0.43	14.78	0.23
20220519	0.01	13.25	0.2
20220520	0.94	12.2	0.19
20220521	0.0	13.55	0.19
20220522	0.38	14.26	0.18
20220523	7.96	12.72	0.24
20220524	0.61	12.23	0.27
20220525	0.64	13.12	0.2
20220526	0.04	12.96	0.18
20220527	0.0	11.34	0.16
20220528	0.17	10.39	0.16
20220529	1.68	9.8	0.16
20220530	2.3	9.57	0.19
20220531	6.25	9.79	0.26
20220601	0.02	11.41	0.33
20220602	0.03	14.57	0.21
20220603	0.0	14.04	0.17
20220604	0.0	11.54	0.16
20220605	11.49	11.16	0.2
20220606	0.02	11.38	0.33
20220607	6.08	13.71	0.23
20220608	0.24	15.12	0.27
20220609	0.0	15.85	0.21
20220610	0.01	16.24	0.17
20220611	0.0	14.46	0.15
20220612	0.33	11.94	0.14
20220613	0.05	13.17	0.14
20220614	0.0	12.9	0.14
20220615	0.0	15.94	0.13
20220616	0.0	20.53	0.13
20220617	0.0	16.92	0.13
20220618	0.0	12.86	0.12
20220619	0.05	11.85	0.12
20220620	0.0	14.94	0.12
20220621	0.0	16.92	0.12
20220622	0.0	17.74	0.12
20220623	0.0	20.05	0.11
20220624	1.7	17.88	0.11
20220625	0.65	15.14	0.11
20220626	0.0	15.93	0.11
20220627	0.53	13.41	0.1
20220628	3.28	15.92	0.1
20220629	0.83	17.0	0.11
20220630	1.66	15.69	0.11
20220701	5.43	15.24	0.12
20220702	0.22	15.39	0.13
20220703	0.31	15.82	0.11
20220704	0.0	13.67	0.1
20220705	0.56	16.02	0.1
20220706	0.02	15.9	0.1
20220707	0.0	19.08	0.1
20220708	0.0	18.33	0.09
20220709	0.0	17.88	0.09
20220710	0.0	20.88	0.09
20220711	0.0	23.57	0.09
20220712	0.13	18.5	0.09
20220713	0.0	16.99	0.09
20220714	0.24	16.29	0.09
20220715	0.35	14.34	0.08
20220716	0.84	19.38	0.09
20220717	0.0	23.87	0.08
20220718	0.0	25.55	0.08
20220719	0.0	27.62	0.08
20220720	0.06	18.79	0.08
20220721	0.69	15.67	0.08
20220722	1.09	15.59	0.08
20220723	3.82	18.92	0.09
20220724	1.38	19.64	0.11
20220725	8.41	16.14	0.13
20220726	0.07	14.14	0.16
20220727	0.52	17.8	0.11
20220728	0.58	15.71	0.09
20220729	0.95	17.07	0.1
20220730	16.95	17.8	0.11
20220731	0.57	15.0	0.31
20220801	0.82	19.24	0.18
20220802	0.36	19.79	0.12
20220803	0.0	17.46	0.1
20220804	0.0	14.75	0.09
20220805	0.65	13.71	0.08
20220806	0.0	16.29	0.09
20220807	0.0	17.16	0.09
20220808	0.0	16.58	0.09
20220809	0.0	19.83	0.09
20220810	0.0	21.48	0.07
20220811	0.0	22.06	0.07
20220812	0.0	19.82	0.07
20220813	0.03	20.62	0.07
20220814	0.0	21.03	0.08
20220815	3.03	20.24	0.07
20220816	4.46	16.31	0.11
20220817	0.0	13.53	0.12
20220818	1.46	16.43	0.1
20220819	0.0	16.47	0.09
20220820	7.17	16.86	0.09
20220821	0.05	15.18	0.12
20220822	0.54	18.96	0.1
20220823	1.25	20.8	0.09
20220824	0.34	18.28	0.09
20220825	0.02	13.94	0.09
20220826	0.06	16.52	0.09
20220827	0.0	17.58	0.09
20220828	0.01	18.07	0.09
20220829	0.09	12.84	0.09
20220830	0.87	14.17	0.09
20220831	0.67	14.83	0.09
20220901	0.02	14.93	0.08
20220902	0.12	18.8	0.08
20220903	7.98	19.08	0.16
20220904	4.51	19.25	0.12
20220905	1.48	18.91	0.14
20220906	19.32	16.83	0.6
20220907	5.76	16.7	0.33
20220908	8.45	14.23	0.24
20220909	4.57	16.38	0.23
20220910	1.54	14.37	0.24
20220911	7.63	17.56	0.2
20220912	0.1	14.22	0.28
20220913	0.0	13.11	0.19
20220914	0.0	13.45	0.15
20220915	0.01	11.0	0.13
20220916	0.06	8.79	0.11
20220917	0.0	12.44	0.1
20220918	0.0	11.53	0.1
20220919	0.0	12.11	0.1
20220920	0.0	12.36	0.1
20220921	0.0	15.08	0.1
20220922	4.72	11.53	0.1
20220923	2.37	12.53	0.12
20220924	2.6	9.78	0.12
20220925	3.7	11.1	0.16
20220926	1.14	8.01	0.16
20220927	2.82	10.06	0.14
20220928	9.56	10.62	0.18
20220929	0.29	9.82	0.32
20220930	10.11	10.68	0.34
