temperature
4.815769230769231
4.32423076923077
4.3380769230769225
4.223461538461539
4.1196153846153845
4.006153846153846
4.849615384615385
4.493076923076924
4.38
4.452307692307692
4.913846153846153
5.241538461538462
4.8561538461538465
4.513461538461538
4.423076923076923
4.095384615384615
4.025
4.377307692307692
4.626153846153846
3.9496153846153845
3.3773076923076926
3.9476923076923076
3.893076923076923
3.7238461538461536
4.062692307692307
4.246538461538462
4.459615384615384
4.531153846153846
4.5965384615384615
3.876153846153846
4.181153846153846
4.326923076923077
4.426153846153846
4.633461538461538
5.359230769230769
5.2700000000000005
4.644615384615385
4.058461538461538
4.221923076923077
4.219230769230769
3.8965384615384617
4.595
4.5661538461538465
4.327307692307692
4.653076923076923
5.488846153846154
5.043461538461538
5.30576923076923
4.881923076923077
5.336538461538462
5.605384615384616
6.008461538461538
5.687307692307693
5.79
5.605384615384616
5.615769230769231
5.471153846153846
5.213846153846154
4.902692307692307
4.8319230769230765
5.041923076923077
4.973461538461539
4.825769230769231
5.279615384615385
5.54576923076923
6.304615384615384
6.572307692307692
7.069615384615385
6.732307692307692
6.632307692307692
6.921923076923077
6.145769230769231
7.412307692307692
7.889615384615384
7.938076923076922
7.268461538461538
6.944615384615385
6.823076923076924
6.651153846153846
6.9557692307692305
6.683076923076923
7.149230769230769
7.1207692307692305
7.543846153846153
7.274230769230769
7.323846153846153
7.8100000000000005
8.388461538461538
8.935384615384615
8.542692307692308
8.245384615384616
8.583846153846155
8.278076923076922
8.327307692307691
8.681923076923077
7.895769230769231
7.548846153846155
7.655384615384615
8.343846153846155
8.268846153846154
7.896923076923077
8.079615384615384
8.43346153846154
8.708461538461538
8.485
8.406538461538462
8.779230769230768
8.75576923076923
8.818461538461538
9.251153846153846
10.133461538461539
10.693076923076923
10.721923076923076
11.247692307692308
10.502307692307692
9.499615384615385
9.975384615384616
10.355
9.558846153846154
10.070384615384615
10.595769230769232
10.405384615384616
10.445384615384615
10.277692307692309
11.036153846153846
11.196538461538463
11.639615384615384
12.119615384615384
12.713076923076924
12.558461538461538
11.891923076923076
11.583461538461538
11.754615384615384
11.246923076923078
11.746923076923078
12.548846153846153
12.306923076923077
12.558846153846153
13.043846153846154
12.977307692307694
12.762307692307692
12.887692307692307
13.18423076923077
13.157307692307693
13.354615384615386
13.636538461538462
13.422692307692309
13.375
13.28076923076923
13.327692307692306
13.198076923076922
14.709615384615384
14.806538461538462
14.028076923076924
13.831153846153846
13.889999999999999
13.910384615384617
14.190384615384614
14.24923076923077
14.961923076923076
14.38423076923077
14.502692307692307
14.719999999999999
15.162307692307694
15.321153846153846
15.40576923076923
15.914615384615384
16.37923076923077
15.897307692307692
15.93423076923077
15.786923076923076
15.486923076923075
15.391538461538461
16.10153846153846
16.173076923076923
15.779615384615385
15.940769230769233
16.29
16.033461538461538
16.360384615384614
15.92653846153846
16.61230769230769
16.81846153846154
16.493076923076924
17.194615384615386
17.325769230769232
16.80923076923077
16.626538461538463
16.865000000000002
16.824615384615385
17.284230769230767
16.80076923076923
16.415384615384617
16.54576923076923
16.709615384615383
17.18730769230769
17.825
17.726153846153846
18.286923076923078
18.694615384615386
18.029615384615383
17.478076923076923
17.35
18.179230769230767
18.55076923076923
18.372307692307693
18.319615384615386
18.018846153846155
17.954615384615384
17.947307692307692
17.590769230769233
17.614615384615384
18.107692307692307
18.04423076923077
18.04269230769231
17.701923076923077
18.04
18.63423076923077
18.072692307692307
18.313846153846153
17.748846153846156
17.77346153846154
18.578076923076924
17.677307692307693
18.17153846153846
18.103076923076923
17.625
17.01615384615385
17.810769230769232
17.683846153846154
17.49423076923077
17.324615384615385
17.46923076923077
17.68076923076923
17.334230769230768
16.740384615384617
17.416923076923077
16.743846153846153
16.341923076923077
16.290769230769232
16.29346153846154
15.67576923076923
15.735000000000001
15.742692307692307
16.524615384615384
16.212692307692308
16.204615384615384
16.665
16.073076923076922
15.889999999999999
15.80423076923077
15.779230769230768
16.129615384615384
16.200384615384614
15.39846153846154
14.983076923076924
14.919615384615383
14.94846153846154
14.746923076923078
14.023076923076925
14.877307692307692
14.83423076923077
14.891538461538461
14.678461538461537
14.729615384615386
14.336923076923076
13.732692307692307
13.861923076923079
13.463461538461539
13.984230769230768
14.099615384615383
13.821153846153846
13.952692307692306
13.580769230769231
12.743846153846153
12.622692307692308
12.087307692307691
12.511153846153848
11.636538461538462
11.73576923076923
12.360000000000001
12.521923076923077
12.478461538461538
11.907307692307691
11.763846153846155
11.935384615384615
11.40576923076923
11.498846153846156
11.503846153846155
10.635
10.817692307692308
10.671923076923077
10.703846153846154
11.08769230769231
10.62076923076923
10.971538461538461
10.976153846153846
10.991923076923078
10.668846153846154
10.34423076923077
10.105
9.748076923076923
9.965384615384616
9.85576923076923
9.55
9.528846153846153
9.130384615384616
8.52076923076923
8.527692307692307
8.411538461538461
8.352307692307692
8.187307692307693
7.802692307692308
8.343461538461538
8.237307692307693
7.89
7.673461538461538
7.515384615384615
7.748461538461539
7.288846153846153
7.023076923076923
6.843461538461539
6.186538461538461
6.1596153846153845
6.407307692307692
6.269615384615384
5.767692307692308
5.991153846153846
6.03
6.151923076923077
6.281538461538461
6.216538461538462
5.886923076923077
5.828076923076923
5.486923076923077
5.337307692307693
4.92
4.894615384615385
5.621923076923077
5.541923076923077
5.042692307692308
5.193461538461539
4.781538461538462
4.9399999999999995
4.804615384615385
5.179230769230769
4.804615384615385
4.733461538461539
5.163461538461538
4.601538461538461
4.216538461538462
4.080384615384616
4.166153846153846
4.289615384615384
5.000384615384615
5.169615384615384
6.27576923076923
6.281153846153846
4.995
4.943846153846153
4.465769230769231
3.6246153846153844
4.092692307692308
4.871538461538462
4.635769230769231
