pet
0.44461538461538463
0.2642307692307692
0.22384615384615386
0.4019230769230769
0.4538461538461539
0.4819230769230769
0.47269230769230774
0.4480769230769231
0.4226923076923077
0.4369230769230769
0.45576923076923076
0.35500000000000004
0.45769230769230773
0.4342307692307692
0.4919230769230769
0.38461538461538464
0.35076923076923083
0.40653846153846157
0.47538461538461535
0.5153846153846154
0.48115384615384615
0.4276923076923077
0.4296153846153846
0.4307692307692308
0.2676923076923077
0.3642307692307692
0.24000000000000002
0.3515384615384616
0.4665384615384615
0.39076923076923076
0.4369230769230769
0.45461538461538464
0.5684615384615385
0.56
0.5307692307692308
0.6773076923076923
0.5557692307692308
0.4061538461538462
0.2980769230769231
0.39269230769230773
0.31384615384615383
0.31807692307692303
0.39538461538461533
0.3092307692307692
0.3246153846153846
0.3130769230769231
0.3553846153846154
0.3973076923076923
0.42923076923076925
0.4503846153846153
0.47000000000000003
0.5142307692307693
0.6188461538461538
0.6038461538461538
0.5546153846153846
0.5746153846153846
0.5596153846153846
0.6807692307692308
0.5857692307692308
0.6615384615384615
0.6811538461538462
0.6638461538461539
0.731923076923077
0.9326923076923077
1.0192307692307692
1.0846153846153845
0.8584615384615385
0.8546153846153846
0.9323076923076923
0.9188461538461539
0.9465384615384616
0.7780769230769231
0.6626923076923077
0.6346153846153846
0.7480769230769231
0.7646153846153846
0.6257692307692307
0.6292307692307693
0.6238461538461538
0.6799999999999999
0.75
0.7811538461538462
0.7976923076923076
0.8042307692307692
0.8465384615384616
0.8184615384615385
0.8261538461538461
0.9292307692307692
1.071923076923077
1.121923076923077
1.0492307692307692
0.8246153846153846
0.8576923076923078
1.088076923076923
1.0607692307692307
1.08
0.9657692307692307
1.1184615384615384
1.2603846153846154
1.4576923076923076
1.366923076923077
1.1434615384615385
1.218076923076923
1.514230769230769
1.5923076923076922
1.468076923076923
1.5803846153846155
1.5546153846153847
1.4584615384615385
1.415769230769231
1.6115384615384616
1.501923076923077
1.5569230769230769
1.5969230769230771
1.5453846153846154
1.726153846153846
1.6596153846153845
1.6534615384615385
1.713076923076923
1.6715384615384616
1.7926923076923076
1.8046153846153847
1.916153846153846
1.9023076923076923
1.8723076923076922
2.1607692307692306
2.176153846153846
2.0319230769230767
1.9203846153846154
2.0234615384615386
2.0103846153846154
2.2165384615384616
2.2584615384615385
2.32
2.1569230769230767
1.8299999999999998
2.31
2.1903846153846156
2.1846153846153844
2.437307692307692
2.4784615384615383
2.2434615384615384
2.6073076923076925
2.5757692307692306
2.7011538461538462
2.5319230769230767
2.479230769230769
2.416153846153846
2.4434615384615386
2.498846153846154
2.5696153846153846
2.4723076923076923
2.356923076923077
2.2742307692307695
2.2303846153846156
2.18
2.3026923076923076
2.2684615384615388
2.2803846153846155
2.2388461538461537
2.1303846153846155
2.138076923076923
2.085384615384615
2.0788461538461536
2.062692307692308
2.1865384615384618
2.315
2.2326923076923078
2.266153846153846
2.4723076923076923
2.1123076923076924
2.1546153846153846
2.184230769230769
2.0953846153846154
2.190384615384615
2.2365384615384616
2.1365384615384615
2.086923076923077
2.167692307692308
2.3196153846153846
2.1715384615384616
2.13
2.1565384615384615
2.316923076923077
2.3734615384615383
2.3346153846153843
2.4699999999999998
2.602692307692308
2.305
2.297307692307692
2.3634615384615385
2.4015384615384616
2.1715384615384616
2.348846153846154
2.18
1.981923076923077
1.7865384615384616
1.9500000000000002
2.1330769230769233
2.381923076923077
2.1853846153846153
1.9957692307692307
2.0053846153846155
2.081153846153846
2.1188461538461536
2.2188461538461537
2.213461538461538
2.2211538461538463
2.2365384615384616
2.105
2.12
1.9726923076923077
2.018076923076923
1.973076923076923
1.771923076923077
1.8357692307692306
1.8699999999999999
1.8096153846153844
1.6488461538461539
1.7430769230769232
1.7307692307692308
1.6530769230769229
1.835
1.8284615384615384
1.73
1.7565384615384616
1.7992307692307692
1.6088461538461538
1.7038461538461538
1.7107692307692306
1.753076923076923
1.835
1.645
1.5276923076923077
1.7307692307692308
1.6753846153846155
1.5961538461538463
1.5546153846153847
1.561923076923077
1.7096153846153845
1.4465384615384616
1.3842307692307694
1.5288461538461537
1.44
1.4030769230769233
1.5557692307692308
1.418076923076923
1.2880769230769231
1.2807692307692307
1.3792307692307693
1.3796153846153845
1.2211538461538463
1.083076923076923
1.04
1.1046153846153846
1.0069230769230768
1.041923076923077
1.0503846153846153
1.376923076923077
1.2488461538461537
1.0946153846153845
1.1653846153846155
1.1930769230769231
1.1630769230769231
1.0815384615384616
1.0415384615384615
0.8523076923076923
0.825
0.8788461538461539
0.8934615384615385
1.0680769230769231
1.1115384615384616
1.1676923076923076
1.0984615384615384
1.0492307692307692
1.0030769230769232
0.9823076923076923
0.9757692307692308
0.8923076923076922
0.841923076923077
1.021923076923077
0.8953846153846154
0.7726923076923077
0.8307692307692308
0.7146153846153845
0.7957692307692308
0.8715384615384616
0.7838461538461539
0.765
0.7180769230769232
0.7180769230769232
0.62
0.5565384615384615
0.595
0.6530769230769231
0.7899999999999999
0.7323076923076923
0.6638461538461539
0.7076923076923076
0.6576923076923078
0.7430769230769231
0.7353846153846154
0.7899999999999999
0.6346153846153846
0.6342307692307692
0.6496153846153846
0.6538461538461539
0.5407692307692308
0.49769230769230766
0.6188461538461538
0.6950000000000001
0.6107692307692308
0.6626923076923077
0.5634615384615385
0.5023076923076923
0.4115384615384615
0.4419230769230769
0.4565384615384615
0.4496153846153846
0.3923076923076923
0.38884615384615384
0.38269230769230766
0.21653846153846154
0.2653846153846154
0.6180769230769231
0.5865384615384616
0.5119230769230769
0.4688461538461538
0.4834615384615385
0.43461538461538457
0.47692307692307695
0.46692307692307694
0.40384615384615385
0.4434615384615385
0.4815384615384615
0.6057692307692307
0.5953846153846154
0.5196153846153846
0.4169230769230769
0.2803846153846154
0.2846153846153846
0.2796153846153846
0.4246153846153847
0.5165384615384615
0.4888461538461539
0.4580769230769231
0.4465384615384616
0.46307692307692305
0.4676923076923077
0.3942307692307692
0.36115384615384616
0.4330769230769231
0.3703846153846154
0.37884615384615383
0.38269230769230766
0.3903846153846154
0.4596153846153846
0.4584615384615385
0.5165384615384615
0.385
0.41615384615384615
0.41115384615384615
0.37576923076923074
0.38423076923076926
0.4757692307692307
