pet
0.3896153846153846
0.37538461538461537
0.34461538461538466
0.3026923076923077
0.3934615384615385
0.39192307692307693
0.4869230769230769
0.36153846153846153
0.3526923076923077
0.44730769230769235
0.49
0.4988461538461539
0.4284615384615385
0.42038461538461536
0.4823076923076923
0.41615384615384615
0.32769230769230767
0.43615384615384617
0.4776923076923077
0.3692307692307692
0.3057692307692308
0.3761538461538461
0.39653846153846156
0.46692307692307694
0.485
0.5123076923076924
0.5126923076923077
0.5365384615384615
0.44884615384615384
0.4392307692307692
0.5388461538461539
0.5803846153846154
0.5246153846153846
0.5211538461538462
0.6138461538461538
0.568076923076923
0.4776923076923077
0.47230769230769226
0.5576923076923077
0.4815384615384615
0.46115384615384614
0.575
0.6130769230769231
0.5126923076923077
0.6161538461538462
0.7507692307692307
0.6588461538461539
0.676923076923077
0.6511538461538462
0.7469230769230768
0.7346153846153847
0.8053846153846155
0.7419230769230769
0.7942307692307692
0.6742307692307693
0.8046153846153847
0.6776923076923077
0.6523076923076924
0.6419230769230769
0.5803846153846154
0.6807692307692308
0.578076923076923
0.5588461538461538
0.6211538461538463
0.8088461538461539
0.9115384615384615
0.9376923076923076
1.0692307692307692
1.0207692307692307
1.0526923076923078
0.926923076923077
0.9246153846153846
1.1434615384615385
1.286153846153846
1.301923076923077
1.2261538461538461
1.1207692307692307
1.2242307692307692
1.0926923076923076
1.1442307692307692
1.1884615384615385
1.2473076923076922
1.291923076923077
1.375
1.4176923076923076
1.3826923076923079
1.4153846153846152
1.448846153846154
1.5815384615384613
1.5715384615384616
1.5034615384615386
1.5130769230769232
1.5826923076923076
1.536153846153846
1.6296153846153845
1.5234615384615384
1.3053846153846154
1.5673076923076923
1.6542307692307692
1.551153846153846
1.5123076923076924
1.518076923076923
1.673846153846154
1.72
1.7496153846153848
1.7776923076923077
1.8223076923076924
1.715
1.7296153846153846
1.9653846153846155
2.223846153846154
2.2930769230769235
2.2757692307692308
2.2946153846153843
2.041923076923077
1.9319230769230769
1.9884615384615385
1.935
1.9211538461538462
2.0057692307692307
2.169230769230769
2.1976923076923076
2.34
2.341153846153846
2.3069230769230766
2.3053846153846154
2.62
2.523846153846154
2.583076923076923
2.725769230769231
2.5115384615384615
2.438846153846154
2.495
2.358846153846154
2.575384615384615
2.5788461538461536
2.585
2.5553846153846154
2.668461538461538
2.5869230769230773
2.698846153846154
2.579615384615385
2.6142307692307694
2.5476923076923077
2.712307692307692
2.6723076923076925
2.7323076923076925
2.6438461538461535
2.7834615384615384
2.793846153846154
2.9630769230769234
2.9953846153846153
2.6584615384615384
2.5442307692307695
2.3461538461538463
2.353846153846154
2.416153846153846
2.5603846153846157
2.5553846153846154
2.6223076923076927
2.678846153846154
2.4534615384615384
2.3603846153846155
2.323846153846154
2.336923076923077
2.4084615384615384
2.758846153846154
2.735
2.745769230769231
2.6030769230769235
2.438076923076923
2.394230769230769
2.4946153846153845
2.5684615384615386
2.5276923076923077
2.5684615384615386
2.67
2.560769230769231
2.508846153846154
2.6526923076923077
2.5292307692307694
2.6623076923076923
2.7646153846153845
2.611923076923077
2.663846153846154
2.670769230769231
2.648846153846154
2.565
2.5234615384615386
2.6046153846153848
2.620769230769231
2.5507692307692307
2.385
2.3234615384615385
2.355769230769231
2.4899999999999998
2.5846153846153848
2.616153846153846
2.829230769230769
2.856923076923077
2.5807692307692305
2.416923076923077
2.61
2.6773076923076924
2.5330769230769232
2.6738461538461538
2.513076923076923
2.530384615384615
2.401153846153846
2.427692307692308
2.3592307692307695
2.3842307692307694
2.473076923076923
2.435769230769231
2.459230769230769
2.4180769230769235
2.334230769230769
2.3196153846153846
2.1607692307692306
2.3103846153846153
2.346923076923077
2.1884615384615382
2.3515384615384614
2.279230769230769
2.3376923076923077
2.3042307692307693
2.0384615384615383
2.136923076923077
2.066923076923077
2.085
2.1065384615384612
1.9996153846153848
1.9957692307692307
2.0569230769230766
2.038076923076923
1.815
1.883846153846154
1.728846153846154
1.7396153846153848
1.6938461538461538
1.5476923076923077
1.6234615384615385
1.6042307692307693
1.651923076923077
1.918076923076923
1.7365384615384616
1.9061538461538463
1.9084615384615384
1.713846153846154
1.7492307692307691
1.7269230769230768
1.6465384615384617
1.7565384615384616
1.7296153846153846
1.5461538461538462
1.4446153846153846
1.3776923076923078
1.4034615384615385
1.2815384615384615
1.3053846153846154
1.3476923076923077
1.373076923076923
1.3711538461538462
1.4215384615384616
1.3853846153846154
1.231923076923077
1.2576923076923079
1.2807692307692307
1.2061538461538461
1.2584615384615385
1.41
1.2503846153846152
1.3515384615384616
1.211153846153846
1.0892307692307692
1.0673076923076923
0.99
1.0276923076923077
0.9792307692307692
1.0580769230769231
1.1203846153846153
1.011923076923077
1.0823076923076924
0.928076923076923
0.9857692307692307
1.0826923076923076
0.9600000000000001
0.9003846153846153
0.9349999999999999
0.7996153846153846
0.8338461538461538
0.8288461538461539
0.786923076923077
0.8907692307692308
0.8023076923076923
0.8530769230769231
0.925
0.8207692307692308
0.8115384615384615
0.943076923076923
0.7669230769230769
0.7561538461538462
0.8169230769230769
0.78
0.7584615384615384
0.7269230769230769
0.6257692307692307
0.6465384615384615
0.6176923076923077
0.5553846153846154
0.558076923076923
0.4938461538461538
0.5284615384615384
0.5700000000000001
0.5657692307692308
0.5526923076923077
0.49769230769230766
0.5226923076923077
0.661923076923077
0.541923076923077
0.5646153846153846
0.48423076923076924
0.44307692307692303
0.40269230769230774
0.3957692307692308
0.29846153846153844
0.34884615384615386
0.3665384615384616
0.35038461538461535
0.43538461538461537
0.43846153846153846
0.45346153846153847
0.435
0.4507692307692308
0.3738461538461539
0.3976923076923077
0.26269230769230767
0.33192307692307693
0.4496153846153846
0.42769230769230765
0.4073076923076923
0.3930769230769231
0.3619230769230769
0.3942307692307692
0.31961538461538463
0.41884615384615387
0.3688461538461538
0.33115384615384613
0.3692307692307692
0.35038461538461535
0.30423076923076925
0.3226923076923077
0.3619230769230769
0.3453846153846154
0.4238461538461538
0.48384615384615387
0.583076923076923
0.5042307692307693
0.40115384615384614
0.3676923076923077
0.3523076923076923
0.30115384615384616
0.4046153846153846
0.4869230769230769
0.5176923076923077
