temperature
1.8703846153846153
1.2934615384615382
0.9626923076923077
1.9561538461538461
2.421923076923077
1.81
1.8696153846153847
2.3376923076923077
1.8219230769230768
1.5965384615384615
1.0669230769230769
0.7173076923076922
1.7557692307692307
2.193846153846154
1.9100000000000001
1.4107692307692308
1.0065384615384616
1.2792307692307692
1.6788461538461539
2.074615384615385
2.3892307692307693
2.1046153846153848
1.8707692307692307
1.7165384615384616
0.9107692307692308
1.04
1.0426923076923076
1.3984615384615384
1.5011538461538463
0.8
0.846923076923077
1.6342307692307694
2.3876923076923076
2.333076923076923
2.2415384615384615
2.6573076923076924
2.3561538461538465
1.6765384615384618
1.4023076923076923
1.401923076923077
0.9469230769230769
0.8842307692307692
1.108076923076923
0.7519230769230769
0.4723076923076924
0.3073076923076923
0.39038461538461533
1.1453846153846154
1.2503846153846152
1.5742307692307693
1.7223076923076923
1.7373076923076924
2.1984615384615385
2.396153846153846
2.151923076923077
2.055769230769231
2.043461538461538
2.689230769230769
2.3203846153846155
2.148076923076923
2.401153846153846
2.2253846153846153
2.6576923076923076
3.4384615384615387
3.897692307692308
4.038461538461538
3.3776923076923078
3.256153846153846
3.663846153846154
3.781538461538462
3.8084615384615383
3.2946153846153843
2.4699999999999998
2.629230769230769
2.714230769230769
3.0296153846153846
2.5369230769230766
2.583076923076923
2.5373076923076923
2.758846153846154
3.097692307692308
3.2765384615384616
3.578076923076923
3.411923076923077
3.5184615384615388
3.1884615384615387
3.162692307692308
3.9099999999999997
4.242692307692308
4.735384615384616
4.388846153846154
3.492692307692308
3.321923076923077
4.1523076923076925
4.155384615384615
4.282307692307692
4.243461538461538
3.7869230769230766
4.399615384615385
5.140769230769231
5.166538461538462
4.841153846153846
4.553076923076923
5.65076923076923
5.950384615384616
5.769615384615384
5.77576923076923
6.349615384615385
5.806923076923076
5.960384615384616
6.412307692307692
6.124615384615385
6.032692307692307
6.1826923076923075
5.938846153846153
6.364230769230769
6.196153846153846
6.126538461538461
6.456153846153845
6.470384615384615
6.244615384615385
6.503846153846154
6.809615384615385
7.113461538461538
6.654230769230769
7.696538461538461
7.852692307692307
7.1692307692307695
7.301923076923076
7.466538461538462
7.600769230769231
7.973461538461539
7.947307692307692
7.875769230769231
8.291538461538462
7.7869230769230775
8.362692307692308
8.179615384615385
8.303846153846154
9.043846153846154
8.997307692307693
8.804230769230768
9.693076923076923
9.655
9.601153846153846
9.212307692307693
9.474615384615385
9.507692307692308
9.468076923076923
9.960384615384616
10.010384615384615
10.489615384615385
10.163076923076924
10.29653846153846
10.24576923076923
10.462307692307691
10.299230769230768
10.472307692307693
10.75923076923077
10.69
10.782692307692308
10.47923076923077
10.091153846153846
10.286538461538461
10.543846153846154
10.958076923076923
11.151923076923076
11.257692307692308
11.291538461538462
12.08
11.248076923076923
11.254615384615384
11.478076923076923
11.049615384615386
11.704230769230769
12.00923076923077
11.683076923076923
11.54653846153846
11.91576923076923
12.406538461538462
12.550384615384615
11.723461538461539
11.947307692307692
12.786538461538461
13.039615384615386
12.751538461538463
13.561923076923078
13.658076923076923
13.089615384615383
12.846153846153847
12.957692307692307
13.320384615384615
12.916153846153845
13.51923076923077
13.337307692307691
12.344615384615384
12.166923076923078
12.391153846153847
12.843846153846155
13.609615384615385
13.27346153846154
13.127692307692307
12.863461538461538
12.784230769230769
13.425
13.668461538461539
13.821538461538463
13.639999999999999
13.568076923076923
13.436923076923078
13.492692307692307
12.856153846153846
13.416538461538462
13.242692307692307
12.991153846153846
12.797307692307694
12.840769230769231
13.056923076923077
12.433846153846153
12.742307692307692
12.57346153846154
12.659230769230769
13.075384615384614
12.904615384615385
12.795
12.96269230769231
13.011923076923077
12.311538461538463
12.510384615384615
12.600000000000001
12.87423076923077
13.018076923076924
12.835384615384616
12.30423076923077
12.450384615384614
12.632692307692308
12.376923076923077
12.078076923076923
11.956538461538461
12.666923076923077
12.039615384615384
11.456538461538461
11.825384615384614
11.51423076923077
11.579230769230769
11.351923076923075
11.46653846153846
10.489615384615385
11.01
11.055769230769231
10.655
10.68423076923077
10.19846153846154
9.970769230769232
10.170384615384616
9.711153846153847
9.60576923076923
9.826923076923077
10.45
10.406923076923077
10.078076923076924
10.063461538461537
10.132692307692308
9.837692307692308
9.683846153846154
9.722307692307693
8.877692307692307
8.487307692307692
8.649615384615384
8.675384615384615
9.345769230769232
9.63923076923077
9.68
9.155384615384616
9.196923076923078
9.11576923076923
9.023076923076923
8.625769230769231
8.692307692307692
8.23
8.646153846153847
8.551923076923076
7.621153846153846
7.899615384615386
7.259230769230769
7.298461538461538
7.2942307692307695
7.187692307692307
6.928461538461539
6.6534615384615385
6.844615384615385
6.655
5.90923076923077
6.274230769230769
6.858076923076923
7.173461538461538
6.803461538461538
6.577692307692308
6.4799999999999995
6.334615384615384
6.286538461538461
6.392692307692308
6.647692307692308
5.715
5.619230769230769
5.8707692307692305
5.821538461538461
5.139230769230769
4.765
5.201923076923077
5.785769230769231
5.238846153846154
5.1692307692307695
5.35
4.799615384615384
4.012692307692308
3.4946153846153845
3.6326923076923077
3.723076923076923
3.101153846153846
3.2223076923076923
3.2903846153846152
2.403076923076923
2.3576923076923078
3.175
3.6484615384615386
3.560769230769231
3.3773076923076926
3.3734615384615383
2.483461538461538
2.667307692307692
2.376153846153846
2.363076923076923
2.741923076923077
3.0300000000000002
3.662692307692308
3.5788461538461536
3.5288461538461537
3.083846153846154
2.2703846153846152
1.583846153846154
1.6323076923076922
2.2053846153846153
2.440769230769231
2.472692307692308
2.663846153846154
2.5938461538461537
2.811153846153846
3.2284615384615383
2.4203846153846156
2.05
2.491153846153846
2.1538461538461537
2.0111538461538463
2.123846153846154
2.0603846153846153
2.6115384615384616
2.756153846153846
2.6357692307692306
2.0542307692307693
1.5253846153846153
2.018846153846154
1.68
1.9173076923076924
1.7426923076923078
