pet
0.3734615384615385
0.32961538461538464
0.3161538461538461
0.2915384615384615
0.3465384615384615
0.3457692307692308
0.46192307692307694
0.35346153846153844
0.34461538461538466
0.41307692307692306
0.4788461538461538
0.47384615384615386
0.38961538461538464
0.35038461538461535
0.4453846153846154
0.37615384615384617
0.33384615384615385
0.4392307692307692
0.4688461538461538
0.38153846153846155
0.25923076923076926
0.3438461538461538
0.37846153846153846
0.4003846153846154
0.4661538461538462
0.4519230769230769
0.4942307692307692
0.5380769230769231
0.4476923076923077
0.4103846153846154
0.5215384615384615
0.5773076923076923
0.515
0.5188461538461538
0.6380769230769231
0.5846153846153845
0.47230769230769226
0.4919230769230769
0.5915384615384616
0.5084615384615384
0.4380769230769231
0.5911538461538461
0.61
0.5007692307692307
0.5861538461538461
0.7430769230769231
0.6534615384615385
0.7230769230769231
0.643076923076923
0.7276923076923077
0.7861538461538462
0.836923076923077
0.7638461538461538
0.8638461538461539
0.7284615384615385
0.8238461538461539
0.753076923076923
0.7007692307692307
0.7084615384615385
0.6915384615384615
0.755
0.6542307692307693
0.5953846153846154
0.6592307692307693
0.8415384615384615
1.0334615384615384
1.0526923076923078
1.2315384615384615
1.1811538461538462
1.1923076923076923
1.0876923076923077
1.1042307692307693
1.3407692307692307
1.3973076923076921
1.438076923076923
1.4284615384615384
1.2476923076923077
1.2773076923076923
1.2434615384615384
1.2865384615384616
1.28
1.3242307692307693
1.3476923076923077
1.4726923076923077
1.4765384615384616
1.398846153846154
1.5253846153846153
1.6334615384615385
1.713846153846154
1.723076923076923
1.5876923076923077
1.5923076923076922
1.6953846153846153
1.6665384615384615
1.7615384615384615
1.713846153846154
1.4434615384615386
1.6965384615384616
1.79
1.633846153846154
1.6046153846153846
1.5734615384615382
1.7142307692307692
1.8323076923076924
1.833846153846154
1.8523076923076922
1.886153846153846
1.7846153846153845
1.735769230769231
1.9684615384615385
2.2146153846153847
2.3465384615384615
2.318846153846154
2.338846153846154
2.1326923076923077
1.96
2.0965384615384615
1.9803846153846154
1.9142307692307694
2.055
2.2273076923076927
2.261923076923077
2.3400000000000003
2.3261538461538462
2.425
2.375
2.606923076923077
2.549615384615385
2.6576923076923076
2.7392307692307694
2.5157692307692305
2.4253846153846155
2.4457692307692307
2.374615384615385
2.662692307692308
2.6246153846153844
2.5757692307692306
2.6634615384615383
2.819230769230769
2.811153846153846
2.793846153846154
2.7765384615384616
2.8665384615384615
2.7842307692307693
2.861923076923077
2.816153846153846
2.900384615384615
2.774230769230769
2.8623076923076924
2.882307692307692
3.088076923076923
3.087307692307692
2.9288461538461537
2.7161538461538464
2.4826923076923078
2.583846153846154
2.5734615384615385
2.668846153846154
2.709230769230769
2.8376923076923077
2.746923076923077
2.6934615384615386
2.636153846153846
2.736923076923077
2.665
2.691923076923077
3.0576923076923075
3.0592307692307696
3.0592307692307688
2.9273076923076924
2.796923076923077
2.7453846153846153
2.8446153846153845
2.943076923076923
2.8457692307692306
2.7788461538461537
2.9069230769230767
2.8288461538461536
2.789615384615385
2.8865384615384615
2.781538461538462
2.957692307692308
3.0023076923076926
2.886923076923077
2.965384615384615
3.0280769230769233
2.973076923076923
2.9253846153846155
2.8957692307692304
2.897307692307692
2.925769230769231
2.798076923076923
2.772692307692308
2.689230769230769
2.763076923076923
2.875
3.0338461538461536
3.041923076923077
3.1623076923076923
3.21
2.9026923076923077
2.693076923076923
2.878076923076923
2.9734615384615384
2.9000000000000004
3.0657692307692312
2.9507692307692306
2.9026923076923077
2.813846153846154
2.777307692307692
2.697307692307692
2.7396153846153846
2.818076923076923
2.8123076923076926
2.871923076923077
2.731923076923077
2.7353846153846155
2.865769230769231
2.735
2.8019230769230767
2.7296153846153848
2.5953846153846154
2.793846153846154
2.5988461538461536
2.6603846153846153
2.621153846153846
2.479230769230769
2.4215384615384616
2.4276923076923076
2.465384615384615
2.4626923076923077
2.352307692307692
2.3923076923076922
2.493846153846154
2.4538461538461536
2.181153846153846
2.2296153846153848
2.0334615384615384
2.0711538461538463
1.9903846153846154
1.860769230769231
1.8653846153846154
1.7823076923076924
1.8757692307692309
2.1969230769230768
2.006923076923077
2.0938461538461537
2.1015384615384614
1.978076923076923
1.9396153846153845
1.9461538461538461
1.9376923076923078
1.9561538461538461
1.8911538461538462
1.756153846153846
1.643076923076923
1.6453846153846154
1.5815384615384613
1.4984615384615385
1.436923076923077
1.4711538461538463
1.5499999999999998
1.481153846153846
1.4834615384615384
1.5050000000000001
1.4
1.3273076923076923
1.3415384615384616
1.2965384615384616
1.3603846153846153
1.456923076923077
1.3599999999999999
1.395
1.3111538461538461
1.1523076923076923
1.1353846153846154
1.0776923076923077
1.1073076923076923
1.0192307692307692
1.0596153846153846
1.191153846153846
1.0634615384615385
1.1507692307692308
1.0076923076923077
1.0392307692307692
1.0769230769230769
0.9284615384615384
0.8903846153846153
0.9142307692307692
0.7669230769230769
0.8303846153846154
0.8123076923076924
0.7696153846153847
0.885
0.7784615384615385
0.8238461538461538
0.8842307692307692
0.8703846153846153
0.7692307692307693
0.8753846153846153
0.8238461538461538
0.76
0.8257692307692307
0.7826923076923078
0.7899999999999999
0.7065384615384616
0.64
0.6211538461538461
0.6165384615384616
0.535
0.5461538461538461
0.49461538461538457
0.51
0.5838461538461538
0.5700000000000001
0.5803846153846154
0.5096153846153846
0.5142307692307692
0.6684615384615384
0.525
0.5073076923076922
0.46846153846153843
0.4153846153846154
0.36846153846153845
0.3811538461538462
0.3034615384615385
0.32384615384615384
0.3384615384615385
0.31807692307692303
0.42615384615384616
0.43230769230769234
0.44307692307692303
0.38884615384615384
0.4461538461538461
0.34461538461538466
0.41115384615384615
0.29038461538461535
0.3153846153846154
0.4592307692307692
0.4480769230769231
0.3396153846153846
0.35884615384615387
0.3211538461538461
0.3457692307692308
0.2988461538461538
0.4076923076923077
0.33115384615384613
0.33615384615384614
0.3473076923076924
0.3507692307692307
0.2946153846153846
0.29653846153846153
0.3384615384615385
0.3038461538461539
0.4123076923076923
0.4807692307692308
0.5703846153846154
0.5111538461538462
0.3942307692307692
0.3703846153846154
0.3465384615384615
0.28153846153846157
0.37692307692307697
0.48115384615384615
0.48538461538461536
