temperature
4.031153846153846
3.677692307692308
3.3646153846153846
3.441153846153846
3.727307692307692
3.763076923076923
4.305769230769231
3.972692307692308
3.833076923076923
4.328461538461538
4.561923076923077
4.819230769230769
4.298461538461539
3.843461538461539
4.186923076923077
3.77
3.696153846153846
4.219230769230769
4.309615384615385
3.6976923076923076
3.083846153846154
3.417692307692308
3.5349999999999997
3.788846153846154
4.3634615384615385
4.163461538461538
4.187692307692307
4.409230769230769
3.8969230769230774
3.4861538461538464
3.826923076923077
4.241153846153846
3.8934615384615388
4.198846153846154
4.895384615384615
4.530384615384616
3.9196153846153843
3.8603846153846155
3.9688461538461537
3.6726923076923077
3.4142307692307696
4.221153846153846
4.5053846153846155
3.9896153846153846
4.530384615384615
5.22
4.658846153846154
4.954615384615384
4.550769230769231
4.707692307692308
5.153846153846154
5.404230769230769
4.968846153846154
5.435769230769231
4.757307692307692
5.226923076923077
4.899615384615385
4.430000000000001
4.15
4.208076923076923
4.348461538461539
4.086153846153847
3.9703846153846154
4.187692307692307
4.795384615384615
5.6292307692307695
5.7069230769230765
6.518846153846154
6.287307692307692
6.181923076923076
5.768846153846154
5.886538461538462
6.867307692307692
7.045384615384616
7.125769230769231
6.919615384615384
6.177307692307693
6.438461538461539
6.259230769230769
6.417307692307692
6.413076923076924
6.564615384615385
6.705
7.104615384615385
7.093846153846154
6.810384615384615
7.21
7.643076923076923
7.825384615384616
7.848461538461539
7.312692307692307
7.4192307692307695
7.751538461538461
7.570384615384616
7.896923076923077
7.726923076923077
6.798461538461538
7.655384615384615
7.94923076923077
7.467307692307693
7.362692307692308
7.252692307692308
7.632692307692308
8.080769230769231
8.081153846153846
8.120000000000001
8.32576923076923
8.045384615384616
7.928846153846154
8.783846153846154
9.648076923076923
10.177307692307693
10.108461538461539
10.21653846153846
9.508846153846154
8.963461538461539
9.433846153846154
8.971538461538461
8.741153846153846
9.295
9.713461538461539
9.756153846153847
10.06
10.011923076923077
10.276153846153846
10.02730769230769
10.91576923076923
10.893461538461539
11.311153846153845
11.539230769230768
10.885769230769231
10.621153846153845
10.788461538461538
10.586923076923076
11.586538461538462
11.359230769230768
11.365384615384615
11.688846153846155
12.166538461538462
12.108461538461539
12.153461538461539
12.093076923076923
12.441923076923077
12.245384615384616
12.501923076923077
12.352692307692308
12.59
12.280384615384616
12.587692307692306
12.763076923076925
13.418461538461539
14.199615384615385
13.94076923076923
13.37423076923077
12.690384615384614
13.121923076923078
13.073846153846155
13.47269230769231
13.67
14.133076923076922
13.926538461538463
13.72653846153846
13.639999999999999
14.058461538461538
13.813076923076922
13.992692307692307
15.131153846153845
15.171923076923077
15.204230769230769
14.75346153846154
14.545384615384616
14.38423076923077
14.838846153846154
15.211153846153847
14.968846153846155
14.731153846153846
15.212307692307691
15.021153846153847
14.929230769230768
15.35576923076923
15.103461538461538
15.65576923076923
15.846538461538461
15.55
15.826538461538462
16.06692307692308
15.962307692307691
15.890384615384615
15.876923076923077
15.891538461538461
16.048461538461538
15.725384615384616
15.708076923076923
15.490384615384615
15.795384615384616
16.154230769230768
16.700384615384614
16.797307692307694
17.20576923076923
17.39
16.46923076923077
15.841153846153846
16.51923076923077
16.817692307692308
16.574615384615385
17.138461538461538
16.85923076923077
16.781153846153845
16.529615384615383
16.487692307692306
16.248076923076923
16.372307692307693
16.696923076923078
16.768846153846155
16.962307692307693
16.568461538461538
16.611538461538462
17.033846153846152
16.64115384615385
16.855384615384615
16.693461538461538
16.355
16.964615384615385
16.42423076923077
16.631923076923076
16.548461538461538
16.142692307692307
15.982307692307693
16.055384615384614
16.17269230769231
16.146153846153847
15.864615384615385
15.926923076923078
16.324615384615385
16.22576923076923
15.395
15.540000000000001
14.901153846153846
15.083461538461538
14.89576923076923
14.466923076923077
14.443461538461538
14.067307692307692
14.36923076923077
15.356923076923078
14.75423076923077
14.973461538461539
15.082692307692307
14.625
14.457307692307692
14.524999999999999
14.51076923076923
14.571153846153845
14.406538461538462
13.927692307692308
13.590384615384616
13.673461538461538
13.427692307692308
12.989615384615385
12.886923076923077
13.118846153846153
13.364615384615385
13.156153846153845
13.065384615384614
13.117307692307692
12.733846153846153
12.464230769230769
12.620384615384616
12.336538461538462
12.593461538461538
12.866153846153846
12.55923076923077
12.736153846153845
11.987307692307693
11.27
11.35153846153846
10.863846153846152
11.348846153846154
10.781153846153845
11.006923076923076
11.513846153846155
11.110384615384616
11.336923076923076
10.794615384615385
10.92923076923077
10.922692307692309
10.399230769230769
10.30423076923077
10.299615384615386
9.623076923076923
9.846153846153847
9.555384615384614
9.408076923076923
9.908846153846154
9.474615384615385
9.51923076923077
9.689230769230768
9.739230769230769
9.212307692307691
9.404230769230768
9.055384615384614
8.713076923076922
9.060769230769232
9.049999999999999
9.043846153846154
8.660769230769231
8.141538461538461
7.862307692307693
7.869615384615385
7.6038461538461535
7.6838461538461535
7.056538461538461
6.985384615384616
7.6450000000000005
7.499615384615385
7.47
6.965
6.956153846153847
7.717307692307693
6.975
6.736153846153846
6.295384615384616
5.8623076923076916
5.478461538461539
5.203846153846154
5.064615384615385
5.120384615384615
5.451538461538462
5.323846153846153
5.863846153846154
5.570769230769231
5.350769230769231
5.235384615384616
5.182307692307693
4.741538461538462
4.955
4.656923076923077
4.703846153846154
5.145384615384615
4.961923076923076
4.659230769230769
4.636923076923077
4.693846153846153
4.680000000000001
4.383076923076922
4.7519230769230765
4.310384615384615
4.253076923076923
4.545384615384615
4.271923076923077
3.667692307692308
3.6096153846153842
3.83
3.5138461538461536
4.0261538461538455
4.8246153846153845
5.451153846153845
5.2092307692307696
4.362692307692307
4.172307692307692
3.8169230769230773
3.4396153846153843
3.7715384615384617
4.436538461538462
4.283076923076923
