pet
0.42615384615384616
0.39807692307692305
0.3761538461538461
0.3334615384615385
0.42461538461538456
0.4230769230769231
0.5230769230769231
0.40230769230769226
0.39076923076923076
0.48423076923076924
0.5319230769230769
0.541923076923077
0.45153846153846156
0.43346153846153845
0.4984615384615385
0.4369230769230769
0.3565384615384615
0.48000000000000004
0.5138461538461538
0.40653846153846157
0.3092307692307692
0.3934615384615385
0.4296153846153846
0.47846153846153844
0.5257692307692308
0.5284615384615384
0.5473076923076923
0.5742307692307692
0.4834615384615385
0.44423076923076926
0.5596153846153846
0.6203846153846153
0.5538461538461539
0.5615384615384615
0.6615384615384615
0.6084615384615385
0.5180769230769231
0.5157692307692308
0.6123076923076923
0.5319230769230769
0.4819230769230769
0.6119230769230769
0.6465384615384615
0.5438461538461539
0.6519230769230769
0.786923076923077
0.6946153846153845
0.7369230769230769
0.7015384615384614
0.7803846153846153
0.7984615384615386
0.86
0.7753846153846153
0.8753846153846154
0.708076923076923
0.8257692307692307
0.7173076923076924
0.6796153846153847
0.6907692307692308
0.643076923076923
0.7361538461538462
0.6292307692307693
0.5907692307692307
0.6638461538461539
0.8376923076923077
0.9996153846153846
1.0026923076923078
1.155
1.1211538461538462
1.1123076923076924
1.0069230769230768
1.0519230769230767
1.2407692307692306
1.3415384615384616
1.383076923076923
1.3411538461538461
1.1984615384615385
1.258846153846154
1.1776923076923078
1.2007692307692308
1.238076923076923
1.261153846153846
1.298846153846154
1.4465384615384616
1.441923076923077
1.3915384615384616
1.465
1.518076923076923
1.651923076923077
1.6080769230769232
1.544230769230769
1.5265384615384614
1.6261538461538463
1.6207692307692307
1.712307692307692
1.6242307692307691
1.386923076923077
1.6300000000000001
1.728076923076923
1.6115384615384616
1.5434615384615387
1.5384615384615385
1.6773076923076924
1.7361538461538462
1.7653846153846153
1.841923076923077
1.8473076923076923
1.7276923076923079
1.7188461538461537
1.9507692307692308
2.2334615384615386
2.338461538461538
2.313846153846154
2.3215384615384616
2.0984615384615384
1.9796153846153846
2.0753846153846154
1.9892307692307691
1.915769230769231
2.0265384615384616
2.232307692307692
2.290769230769231
2.374615384615385
2.3888461538461536
2.420769230769231
2.382307692307692
2.632307692307692
2.5623076923076926
2.683846153846154
2.762307692307692
2.5773076923076923
2.4650000000000003
2.495769230769231
2.391923076923077
2.686153846153846
2.6803846153846154
2.6703846153846156
2.707692307692308
2.7988461538461538
2.7607692307692306
2.831153846153846
2.718461538461539
2.8153846153846156
2.737692307692308
2.8461538461538463
2.763076923076923
2.821923076923077
2.700384615384615
2.8488461538461536
2.840384615384615
3.023076923076923
3.0292307692307694
2.772692307692308
2.645
2.370769230769231
2.438076923076923
2.459230769230769
2.6146153846153846
2.6496153846153847
2.7199999999999998
2.7146153846153847
2.58
2.4696153846153845
2.491153846153846
2.4742307692307692
2.523846153846154
2.8892307692307693
2.8965384615384617
2.898846153846154
2.7626923076923076
2.589230769230769
2.5561538461538458
2.685769230769231
2.7188461538461537
2.694230769230769
2.6257692307692304
2.730769230769231
2.6865384615384613
2.626923076923077
2.755769230769231
2.6030769230769235
2.7523076923076926
2.887307692307692
2.727692307692308
2.8188461538461542
2.858461538461538
2.831153846153846
2.754230769230769
2.7119230769230773
2.759230769230769
2.7930769230769235
2.698846153846154
2.5992307692307692
2.566153846153846
2.581538461538462
2.709230769230769
2.855
2.8665384615384615
3.0203846153846152
3.042307692307692
2.8042307692307693
2.602307692307692
2.75
2.855384615384615
2.725769230769231
2.8673076923076923
2.7446153846153845
2.7503846153846156
2.625
2.628846153846154
2.556923076923077
2.5869230769230773
2.671923076923077
2.6134615384615385
2.681923076923077
2.556923076923077
2.525384615384615
2.58
2.419230769230769
2.5184615384615388
2.4965384615384614
2.371923076923077
2.5653846153846156
2.415
2.4796153846153848
2.4534615384615384
2.253846153846154
2.2803846153846155
2.2615384615384615
2.2796153846153846
2.279230769230769
2.161538461538462
2.18
2.226153846153846
2.2192307692307693
2.0057692307692307
2.0357692307692306
1.8626923076923076
1.8953846153846154
1.8599999999999999
1.7019230769230769
1.7307692307692308
1.7273076923076924
1.815
2.096923076923077
1.9142307692307692
2.0084615384615385
2.0303846153846155
1.8911538461538462
1.8942307692307692
1.8773076923076923
1.804230769230769
1.8919230769230768
1.8215384615384616
1.6992307692307693
1.5696153846153846
1.5673076923076923
1.496923076923077
1.4215384615384616
1.3873076923076924
1.4469230769230768
1.4946153846153847
1.4461538461538461
1.4865384615384616
1.4896153846153846
1.338076923076923
1.3303846153846153
1.353076923076923
1.2973076923076925
1.35
1.4896153846153848
1.334230769230769
1.415
1.2992307692307692
1.1703846153846154
1.1626923076923077
1.0615384615384615
1.1126923076923076
1.0338461538461539
1.1273076923076923
1.1992307692307693
1.0676923076923077
1.1346153846153846
1.021923076923077
1.058846153846154
1.1453846153846154
0.9776923076923077
0.9373076923076924
0.9688461538461539
0.825
0.8746153846153847
0.8438461538461539
0.8223076923076923
0.9334615384615385
0.8392307692307692
0.8807692307692307
0.9457692307692308
0.8703846153846153
0.8426923076923077
0.9815384615384615
0.8253846153846154
0.7792307692307692
0.8461538461538461
0.8173076923076923
0.8238461538461539
0.7423076923076923
0.6607692307692308
0.6607692307692308
0.6323076923076923
0.5565384615384615
0.588076923076923
0.5230769230769231
0.5357692307692308
0.59
0.5869230769230769
0.6057692307692307
0.5276923076923077
0.5407692307692308
0.7003846153846154
0.558076923076923
0.5665384615384615
0.4938461538461538
0.4496153846153846
0.40269230769230774
0.4153846153846154
0.3257692307692308
0.36653846153846154
0.3853846153846154
0.3669230769230769
0.43846153846153846
0.4592307692307692
0.47384615384615386
0.4423076923076923
0.48653846153846153
0.3973076923076923
0.43076923076923074
0.3057692307692308
0.37
0.5015384615384615
0.4819230769230769
0.40653846153846157
0.4123076923076923
0.3765384615384615
0.4238461538461538
0.3426923076923077
0.45884615384615385
0.39538461538461533
0.365
0.4015384615384615
0.38769230769230767
0.3469230769230769
0.3496153846153846
0.3946153846153846
0.3553846153846154
0.44692307692307687
0.5353846153846153
0.64
0.5615384615384615
0.44
0.40653846153846157
0.3780769230769231
0.32
0.42500000000000004
0.5338461538461539
0.55
