temperature
3.909615384615385
3.63
3.3188461538461542
3.2880769230769227
3.706153846153846
3.710384615384615
4.121923076923077
3.772307692307692
3.6803846153846154
4.3076923076923075
4.439615384615385
4.689230769230769
4.181153846153847
3.8469230769230767
4.040384615384616
3.6815384615384614
3.411153846153846
3.9899999999999998
4.091153846153846
3.5065384615384616
3.0992307692307692
3.4192307692307695
3.4903846153846154
3.8623076923076924
4.316538461538462
4.177692307692308
3.9934615384615384
4.092692307692308
3.661538461538462
3.262307692307693
3.6538461538461537
4.013076923076923
3.667692307692308
4.000384615384616
4.5019230769230765
4.231923076923077
3.7357692307692307
3.593461538461538
3.630769230769231
3.475769230769231
3.303076923076923
3.9523076923076923
4.2907692307692304
3.849615384615385
4.464615384615384
4.971923076923077
4.460384615384616
4.663076923076924
4.4642307692307694
4.574230769230769
4.828846153846154
5.129615384615385
4.692692307692308
5.116153846153846
4.4096153846153845
4.966153846153846
4.45423076923077
4.080384615384616
3.834230769230769
3.7207692307692306
3.9080769230769232
3.6873076923076926
3.7238461538461536
3.9192307692307695
4.508846153846154
5.238846153846154
5.32423076923077
6.062307692307693
5.876923076923077
5.731538461538462
5.279615384615385
5.477692307692307
6.303076923076923
6.693846153846153
6.767307692307692
6.467307692307693
5.92
6.278076923076923
5.811538461538461
5.953846153846154
6.1388461538461545
6.256538461538461
6.436538461538461
6.929615384615384
6.8961538461538465
6.701923076923077
6.863076923076923
7.096923076923077
7.484230769230769
7.302692307692308
7.016153846153846
7.013461538461538
7.328076923076923
7.277307692307692
7.558461538461539
7.286153846153846
6.4557692307692305
7.276923076923077
7.5588461538461535
7.220384615384615
6.981153846153846
6.924615384615384
7.257692307692308
7.44076923076923
7.538846153846153
7.866538461538462
7.935769230769231
7.608076923076923
7.636923076923077
8.455
9.363461538461538
9.79076923076923
9.742307692307692
9.771153846153847
9.04076923076923
8.685384615384615
8.984615384615385
8.660384615384615
8.435384615384615
8.847307692307693
9.338076923076922
9.416538461538462
9.691153846153846
9.766153846153847
9.798846153846153
9.618846153846153
10.546153846153846
10.436153846153845
10.858846153846153
11.093846153846155
10.603461538461538
10.295384615384616
10.536538461538461
10.229615384615386
11.185
11.107307692307693
11.211538461538462
11.390384615384615
11.675384615384615
11.606538461538461
11.886923076923077
11.55076923076923
11.947307692307692
11.791923076923077
12.128076923076922
11.938461538461537
12.160769230769231
11.871923076923078
12.385384615384615
12.466923076923077
13.067692307692308
13.84
13.299230769230771
13.033076923076923
12.258076923076922
12.567307692307692
12.651538461538461
13.238076923076923
13.432307692307692
13.701153846153847
13.76346153846154
13.376538461538463
13.133461538461539
13.283076923076923
13.183461538461538
13.46923076923077
14.69
14.761153846153848
14.786153846153846
14.325384615384614
13.965384615384616
13.849230769230768
14.420384615384616
14.598076923076924
14.554615384615385
14.311153846153845
14.751538461538463
14.654615384615385
14.473076923076924
14.999615384615385
14.598461538461539
15.061923076923078
15.495384615384616
15.071153846153846
15.386538461538462
15.536538461538461
15.501153846153844
15.339230769230769
15.275384615384617
15.437692307692307
15.585769230769232
15.375
15.080769230769231
15.044615384615385
15.164230769230768
15.586153846153847
16.08076923076923
16.17076923076923
16.686923076923076
16.781923076923075
16.08
15.48076923076923
16.043846153846154
16.389615384615386
16.01846153846154
16.48923076923077
16.18846153846154
16.275
15.918846153846154
15.98923076923077
15.794230769230769
15.924615384615386
16.255384615384614
16.143846153846155
16.39730769230769
16.026153846153846
15.973461538461539
16.173846153846153
15.709615384615384
16.043076923076924
16.0
15.67923076923077
16.321153846153848
15.909230769230769
16.15153846153846
16.10576923076923
15.459615384615384
15.598846153846154
15.568846153846154
15.637307692307692
15.641153846153847
15.294230769230769
15.311923076923078
15.551538461538463
15.563076923076922
14.850769230769231
14.979230769230771
14.391923076923076
14.561153846153847
14.483461538461539
13.88846153846154
13.933846153846153
13.829615384615384
14.145
15.06423076923077
14.443461538461538
14.707307692307692
14.836538461538462
14.278076923076924
14.272692307692306
14.303846153846154
14.02730769230769
14.358846153846153
14.166923076923078
13.646538461538462
13.218076923076923
13.275769230769232
13.054615384615385
12.605384615384615
12.536153846153846
12.872307692307693
13.04076923076923
12.851923076923075
12.954615384615384
12.86153846153846
12.351153846153846
12.233461538461539
12.435384615384615
12.09
12.285384615384617
12.71923076923077
12.202307692307691
12.502692307692307
11.596923076923076
11.073461538461537
11.122692307692308
10.557307692307692
10.998846153846152
10.558076923076923
10.92653846153846
11.24076923076923
10.748846153846156
10.955769230769231
10.450769230769229
10.573846153846155
10.770384615384614
10.165384615384616
10.079230769230769
10.089615384615383
9.4
9.531923076923077
9.281153846153845
9.180769230769231
9.669230769230769
9.30846153846154
9.309615384615386
9.471153846153847
9.336923076923076
9.121538461538462
9.418461538461539
8.669230769230769
8.351923076923077
8.76923076923077
8.788076923076924
8.691153846153846
8.372307692307693
7.883076923076923
7.668846153846153
7.43576923076923
7.271538461538461
7.421538461538462
6.783846153846154
6.744230769230769
7.252692307692308
7.164615384615384
7.19923076923077
6.735769230769231
6.792692307692308
7.476153846153846
6.806538461538461
6.643076923076923
6.07423076923077
5.7153846153846155
5.291153846153846
5.060769230769231
4.782307692307692
5.0126923076923084
5.385
5.238846153846154
5.547692307692308
5.351923076923077
5.072307692307692
5.016538461538461
4.891538461538461
4.578846153846154
4.64
4.231923076923077
4.416923076923077
4.965769230769231
4.835769230769231
4.723846153846154
4.541153846153846
4.627307692307692
4.65423076923077
4.239230769230769
4.49
4.236923076923077
4.038076923076923
4.4180769230769235
4.138461538461539
3.6742307692307694
3.5573076923076927
3.7973076923076925
3.553076923076923
3.9076923076923076
4.783461538461538
5.352307692307692
4.946153846153846
4.148461538461539
4.0115384615384615
3.6153846153846154
3.2326923076923078
3.523076923076923
4.274230769230769
4.163461538461538
