temperature
5.895416666666667
5.193333333333333
4.823333333333333
4.649583333333333
4.940416666666667
4.7612499999999995
5.440833333333334
5.242083333333333
4.83875
5.179583333333333
5.2975
5.497083333333333
5.404583333333334
5.1154166666666665
5.249583333333333
4.760416666666667
4.384166666666666
4.745416666666666
5.172083333333333
4.45375
4.057916666666666
4.585
4.369583333333333
4.259166666666666
4.890833333333333
4.900416666666667
5.308333333333334
5.3475
5.080416666666667
4.385000000000001
5.0
5.482083333333333
5.239583333333333
5.19
6.016666666666667
5.76875
4.823333333333333
4.836666666666667
4.703333333333333
4.575833333333333
4.234583333333333
4.806666666666667
4.925833333333333
4.463333333333334
5.085833333333333
5.849166666666666
5.59625
6.072916666666667
5.67625
5.895833333333333
6.024166666666667
6.663333333333333
6.167916666666667
6.305416666666667
6.019583333333333
5.809583333333333
5.872916666666666
5.75
5.3175
5.110416666666667
5.420416666666667
5.314166666666666
5.114583333333333
5.663333333333333
6.104583333333333
6.639166666666667
7.335
7.76625
7.664166666666667
7.435
7.530833333333334
6.607083333333333
7.970833333333334
8.531666666666666
8.237916666666667
7.7004166666666665
7.4191666666666665
7.512083333333334
6.99125
7.75125
7.49125
8.049583333333333
8.050833333333333
7.9975
7.788333333333333
7.9558333333333335
8.62125
8.870416666666666
9.5
9.0525
8.834166666666667
9.207083333333333
9.292083333333332
8.618333333333334
9.145
8.7975
8.09625
8.594166666666666
9.465416666666668
8.950833333333334
8.8275
8.99625
9.24875
9.8175
9.849583333333333
9.494166666666667
9.98375
9.629583333333334
9.889583333333333
10.4125
11.305
11.66625
11.773333333333333
11.957083333333335
11.01625
10.258750000000001
10.514166666666666
10.527916666666668
10.06
10.762083333333335
11.053333333333333
10.998
11.0472
11.0184
11.5988
12.386800000000001
12.8972
12.896399999999998
13.088
13.3408
12.6696
12.3332
12.5524
12.122
12.7156
13.03
12.7272
13.088
13.5764
13.6144
13.5552
13.675999999999998
14.1328
14.1552
14.525599999999999
14.2392
14.36
14.198
14.0724
14.357999999999999
14.5296
15.6216
15.696800000000001
14.971599999999999
14.43
14.1864
14.3172
14.6272
15.0472
15.7512
15.1736
15.386800000000001
15.206
15.789200000000001
16.174
16.142
16.6204
17.014400000000002
16.6484
16.7164
16.6632
16.352
16.1532
16.7564
16.8396
16.9416
17.3928
17.1676
16.7804
17.3184
17.1048
17.6632
17.6496
17.2032
17.5856
17.8964
17.6632
17.2788
17.4836
17.6956
17.6156
17.2672
17.3044
17.3428
17.7396
17.836399999999998
18.46
18.6364
19.2304
19.5056
18.5904
18.0876
18.1724
18.7256
18.93
19.15
18.8232
18.6704
18.636
18.203599999999998
18.0948
18.4476
18.855999999999998
18.5028
18.6292
18.3004
18.6424
18.9028
18.598
18.993199999999998
18.1948
18.1932
19.188
18.0292
18.5488
18.2868
17.8832
17.436400000000003
18.0644
17.9396
17.5668
17.3316
17.528
17.881600000000002
17.485599999999998
17.0292
18.0272
17.1148
16.8296
16.6928
16.6116
16.0696
16.038800000000002
16.0064
17.022000000000002
16.6132
16.854
17.0332
16.4236
16.0568
16.498800000000003
16.1328
16.7092
16.471600000000002
15.679200000000002
15.6228
15.3528
15.298799999999998
15.038
14.3752
15.0404
15.052
15.4156
15.106
14.8352
14.5288
14.1504
14.043999999999999
14.014800000000001
14.244000000000002
14.2476
14.162799999999999
14.4844
13.81875
13.177916666666667
12.918333333333335
12.279583333333333
12.728333333333333
12.173333333333334
12.145000000000001
12.688333333333333
12.725
13.165833333333333
12.310416666666667
12.400416666666667
12.315416666666666
11.751666666666667
11.6075
11.699583333333335
10.887083333333335
11.089166666666666
10.856666666666667
10.93
11.446666666666665
11.000416666666666
11.34625
11.350416666666668
11.43
10.933750000000002
10.910416666666668
10.8125
10.537916666666666
10.659166666666666
10.519166666666667
9.950416666666667
9.575833333333334
9.03875
8.434166666666666
8.488333333333333
8.671666666666667
8.4725
8.2525
8.220833333333333
8.8175
8.85
8.47125
8.32625
7.890000000000001
7.997916666666666
7.289583333333333
7.353333333333333
7.275833333333334
6.7995833333333335
6.452500000000001
6.7562500000000005
6.640833333333333
6.128333333333334
6.732916666666667
6.533333333333334
6.670416666666667
6.5874999999999995
6.6241666666666665
6.262083333333333
6.125416666666666
6.021249999999999
5.857500000000001
5.6883333333333335
5.590833333333333
6.100833333333333
6.203333333333333
5.68
5.663333333333333
5.309583333333333
5.250416666666666
5.031666666666667
5.732500000000001
5.3725
5.5254166666666675
5.6275
5.280833333333333
4.863333333333333
4.572500000000001
4.382083333333333
4.56625
5.646666666666667
6.04
6.774166666666667
6.762083333333333
5.5633333333333335
5.62375
5.15125
4.4325
5.102083333333334
5.6375
5.41375
