date	precipitation	temperature	discharge_spec
20070101	0.03	5.24	1.02
20070102	0.39	5.8	0.73
20070103	0.54	9.57	0.66
20070104	0.01	7.43	0.57
20070105	0.4	7.92	0.49
20070106	0.1	7.32	0.46
20070107	3.83	7.03	0.49
20070108	3.02	8.12	0.71
20070109	7.58	7.59	1.03
20070110	10.46	5.89	1.97
20070111	1.62	7.57	4.55
20070112	0.02	9.74	1.47
20070113	1.96	7.18	0.89
20070114	0.01	6.88	0.78
20070115	0.45	5.02	0.7
20070116	4.22	4.02	0.64
20070117	11.58	5.2	1.02
20070118	1.29	6.18	3.68
20070119	1.65	9.12	1.28
20070120	6.29	4.38	1.31
20070121	1.26	3.21	1.62
20070122	2.68	2.16	1.06
20070123	6.54	0.75	0.97
20070124	5.78	0.73	3.38
20070125	0.6	1.86	2.05
20070126	0.45	4.87	1.62
20070127	0.0	6.46	1.49
20070128	0.0	8.08	1.29
20070129	0.0	5.51	0.91
20070130	0.02	5.37	0.81
20070131	0.0	9.18	0.74
20070201	0.0	8.99	0.64
20070202	0.0	4.41	0.58
20070203	0.0	4.63	0.52
20070204	0.0	3.55	0.51
20070205	0.05	0.55	0.49
20070206	0.13	0.43	0.47
20070207	0.57	0.08	0.45
20070208	1.98	0.23	0.46
20070209	7.42	1.77	0.49
20070210	9.33	4.14	2.04
20070211	2.36	6.54	2.48
20070212	0.92	5.97	1.56
20070213	0.75	6.57	1.0
20070214	0.0	5.36	0.86
20070215	1.2	7.36	0.74
20070216	7.77	6.04	1.27
20070217	0.0	4.97	1.29
20070218	0.01	5.76	0.89
20070219	1.42	6.91	0.84
20070220	1.11	7.71	0.79
20070221	2.21	6.79	0.74
20070222	2.8	7.89	1.01
20070223	1.14	8.56	0.93
20070224	0.55	6.47	0.86
20070225	3.73	6.56	0.82
20070226	2.86	4.83	0.85
20070227	1.65	6.99	1.14
20070228	0.82	6.82	0.94
20070301	0.0	3.45	0.77
20070302	0.18	6.48	0.64
20070303	0.01	6.66	0.56
20070304	12.7	6.75	1.8
20070305	3.97	7.26	1.92
20070306	0.65	7.44	1.33
20070307	0.08	6.95	0.86
20070308	0.01	7.47	0.72
20070309	0.0	7.73	0.6
20070310	0.0	8.84	0.53
20070311	0.0	10.25	0.5
20070312	0.0	7.26	0.46
20070313	0.0	7.0	0.42
20070314	0.0	8.8	0.39
20070315	0.01	5.78	0.39
20070316	0.01	8.33	0.37
20070317	0.85	6.54	0.36
20070318	0.49	2.42	0.38
20070319	8.88	2.93	0.36
20070320	4.15	0.46	0.66
20070321	4.12	3.45	0.71
20070322	4.28	5.87	1.39
20070323	0.13	3.8	1.36
20070324	0.05	6.38	0.84
20070325	0.0	6.44	0.67
20070326	0.01	7.38	0.56
20070327	0.05	6.19	0.5
20070328	0.67	7.97	0.46
20070329	0.35	6.09	0.45
20070330	0.01	7.28	0.41
20070331	0.0	6.92	0.37
20070401	0.0	6.73	0.34
20070402	1.68	7.71	0.34
20070403	0.0	4.02	0.35
20070404	0.0	9.5	0.33
20070405	0.0	11.21	0.31
20070406	0.0	7.53	0.29
20070407	0.0	9.79	0.28
20070408	0.0	11.8	0.27
20070409	0.0	12.4	0.27
20070410	0.0	11.48	0.26
20070411	0.0	10.02	0.26
20070412	0.0	9.92	0.25
20070413	0.0	8.61	0.24
20070414	0.0	12.12	0.24
20070415	0.0	16.03	0.24
20070416	0.0	8.07	0.23
20070417	0.0	8.25	0.22
20070418	0.0	10.17	0.21
20070419	0.73	9.96	0.21
20070420	0.0	9.4	0.21
20070421	0.15	14.05	0.21
20070422	2.52	13.47	0.22
20070423	0.78	14.93	0.21
20070424	3.83	15.34	0.22
20070425	0.0	11.17	0.24
20070426	0.0	10.17	0.2
20070427	0.0	9.26	0.19
20070428	0.0	10.54	0.18
20070429	0.0	8.09	0.18
20070430	0.0	8.61	0.18
20070501	0.0	10.65	0.18
20070502	0.0	9.33	0.17
20070503	0.0	9.79	0.17
20070504	0.0	8.24	0.17
20070505	0.0	11.94	0.17
20070506	0.17	11.61	0.16
20070507	0.8	11.96	0.16
20070508	0.63	9.84	0.16
20070509	1.6	11.67	0.16
20070510	2.11	10.78	0.16
20070511	6.02	10.51	0.18
20070512	2.51	11.18	0.22
20070513	20.66	10.02	0.32
20070514	1.75	9.6	0.63
20070515	0.93	8.41	0.32
20070516	3.46	10.63	0.26
20070517	0.04	13.84	0.25
20070518	0.46	13.16	0.2
20070519	0.0	10.68	0.18
20070520	0.0	9.55	0.16
20070521	0.0	12.89	0.16
20070522	0.0	12.85	0.15
20070523	0.0	15.54	0.14
20070524	0.09	14.66	0.14
20070525	0.0	9.73	0.14
20070526	1.12	10.52	0.14
20070527	2.36	9.2	0.14
20070528	12.62	8.41	0.15
20070529	0.87	8.92	0.38
20070530	0.82	11.97	0.25
20070531	0.88	12.79	0.18
20070601	0.0	12.78	0.16
20070602	0.0	17.14	0.14
20070603	0.01	14.74	0.13
20070604	0.0	12.25	0.12
20070605	0.0	11.51	0.12
20070606	0.78	10.28	0.13
20070607	0.26	12.33	0.14
20070608	0.0	14.68	0.15
20070609	0.1	15.76	0.13
20070610	0.02	15.27	0.13
20070611	0.23	18.08	0.13
20070612	5.48	14.45	0.13
20070613	13.28	11.71	0.18
20070614	18.29	9.79	0.33
20070615	22.09	11.21	2.07
20070616	5.83	13.38	1.07
20070617	2.74	13.63	0.77
20070618	1.29	13.57	0.59
20070619	9.89	15.24	0.43
20070620	0.0	16.24	0.66
20070621	2.82	16.88	0.41
20070622	17.89	15.27	0.99
20070623	10.39	14.2	1.85
20070624	16.24	14.42	2.04
20070625	29.1	10.2	11.14
20070626	2.53	11.09	6.53
20070627	5.33	10.9	3.04
20070628	1.73	12.62	1.49
20070629	1.88	12.45	1.05
20070630	5.83	15.59	0.81
20070701	10.25	16.28	2.71
20070702	4.19	15.63	1.76
20070703	23.07	14.23	9.16
20070704	2.97	15.03	3.95
20070705	7.1	15.51	2.46
20070706	9.06	13.59	5.4
20070707	0.27	13.56	2.86
20070708	1.7	13.94	1.29
20070709	1.11	12.68	0.92
20070710	0.0	15.43	0.74
20070711	0.41	15.44	0.63
20070712	0.53	16.41	0.58
20070713	7.12	15.84	0.6
20070714	0.0	15.16	0.61
20070715	14.9	16.21	1.43
20070716	3.72	16.69	2.19
20070717	0.32	16.62	0.91
20070718	2.43	14.64	0.69
20070719	0.17	16.12	0.63
20070720	14.02	13.56	0.55
20070721	0.51	11.41	1.82
20070722	0.59	14.75	0.8
20070723	0.14	13.97	0.64
20070724	1.35	15.18	0.53
20070725	0.07	16.03	0.45
20070726	5.44	15.28	0.51
20070727	0.94	14.81	0.45
20070728	0.0	13.08	0.37
20070729	0.33	12.03	0.32
20070730	0.0	13.46	0.29
20070731	0.0	16.63	0.26
20070801	0.0	13.47	0.25
20070802	0.0	15.31	0.24
20070803	0.0	19.3	0.23
20070804	0.01	19.05	0.22
20070805	0.0	20.35	0.22
20070806	0.0	14.65	0.19
20070807	0.0	12.11	0.18
20070808	0.0	12.04	0.17
20070809	0.0	13.4	0.17
20070810	0.0	17.33	0.17
20070811	1.52	17.87	0.16
20070812	4.41	14.75	0.2
20070813	3.35	15.04	0.17
20070814	14.17	15.37	0.25
20070815	0.69	13.02	0.54
20070816	0.0	12.5	0.29
20070817	0.48	14.57	0.2
20070818	3.47	16.02	0.2
20070819	7.9	12.52	0.37
20070820	0.28	12.35	0.48
20070821	0.73	13.14	0.29
20070822	0.0	12.43	0.25
20070823	0.0	13.5	0.22
20070824	0.0	18.78	0.19
20070825	0.0	15.89	0.17
20070826	0.0	13.44	0.15
20070827	0.0	13.54	0.15
20070828	0.41	12.82	0.15
20070829	0.03	15.5	0.15
20070830	0.0	17.19	0.14
20070831	0.0	14.71	0.13
20070901	0.11	17.86	0.13
20070902	0.89	12.85	0.13
20070903	0.0	9.8	0.13
20070904	0.0	15.58	0.12
20070905	0.01	18.82	0.11
20070906	0.0	18.08	0.11
20070907	0.0	16.54	0.11
20070908	0.0	15.07	0.11
20070909	0.03	15.4	0.11
20070910	0.0	11.85	0.11
20070911	0.0	15.13	0.1
20070912	0.0	14.61	0.1
20070913	0.01	15.5	0.1
20070914	0.0	11.19	0.09
20070915	0.0	14.94	0.09
20070916	0.02	13.85	0.09
20070917	3.25	7.02	0.09
20070918	1.16	10.5	0.1
20070919	2.87	15.35	0.11
20070920	4.69	13.86	0.13
20070921	4.23	12.1	0.21
20070922	0.02	15.5	0.16
20070923	8.8	14.7	0.12
20070924	6.19	11.66	0.3
20070925	3.93	9.56	0.26
20070926	4.6	7.43	0.27
20070927	3.02	9.77	0.29
20070928	8.3	11.57	0.32
20070929	0.06	7.54	0.63
20070930	0.0	9.93	0.37
20071001	0.0	10.34	0.24
20071002	0.0	12.97	0.19
20071003	1.38	12.49	0.17
20071004	0.04	9.58	0.16
20071005	0.0	12.08	0.14
20071006	0.0	10.95	0.14
20071007	0.7	10.73	0.13
20071008	7.52	11.02	0.13
20071009	3.21	11.59	0.26
20071010	0.02	12.41	0.27
20071011	0.21	15.15	0.2
20071012	0.07	16.13	0.18
20071013	0.18	14.68	0.16
20071014	0.0	12.55	0.15
20071015	0.25	13.04	0.14
20071016	0.0	9.24	0.13
20071017	0.01	6.37	0.13
20071018	0.0	6.17	0.12
20071019	0.0	7.93	0.11
20071020	0.0	6.9	0.11
20071021	0.0	9.71	0.11
20071022	0.0	7.51	0.11
20071023	0.0	5.89	0.11
20071024	0.0	7.18	0.11
20071025	0.0	9.4	0.11
20071026	0.18	10.35	0.11
20071027	2.14	13.85	0.11
20071028	1.66	10.05	0.12
20071029	0.2	7.09	0.13
20071030	0.0	9.91	0.12
20071031	0.01	13.66	0.11
20071101	1.59	12.59	0.11
20071102	0.0	13.32	0.11
20071103	0.0	7.84	0.11
20071104	0.0	7.94	0.11
20071105	0.08	7.94	0.1
20071106	0.06	8.25	0.1
20071107	0.03	10.98	0.1
20071108	0.15	7.27	0.09
20071109	2.93	7.49	0.09
20071110	0.71	9.56	0.11
20071111	0.43	3.21	0.12
20071112	1.52	3.81	0.11
20071113	3.5	6.79	0.11
20071114	0.04	4.3	0.15
20071115	0.0	5.36	0.13
20071116	0.0	6.0	0.12
20071117	10.56	5.72	0.11
20071118	8.22	4.57	0.66
20071119	2.36	6.28	0.78
20071120	11.44	7.63	0.8
20071121	0.14	7.84	1.6
20071122	8.08	3.86	1.18
20071123	0.97	1.49	1.06
20071124	0.05	5.64	0.74
20071125	0.0	3.57	0.53
20071126	0.09	4.02	0.39
20071127	0.21	7.48	0.34
20071128	0.56	7.39	0.32
20071129	0.73	7.43	0.3
20071130	12.14	8.35	0.54
20071201	2.92	6.44	1.5
20071202	6.96	4.1	2.47
20071203	0.15	4.67	1.16
20071204	0.57	9.46	0.76
20071205	1.66	9.81	0.66
20071206	6.32	8.54	0.68
20071207	0.0	4.57	1.13
20071208	9.34	4.31	1.6
20071209	16.25	4.62	2.54
20071210	2.21	1.8	8.22
20071211	0.09	2.41	2.94
20071212	0.06	2.41	1.58
20071213	0.01	2.25	1.0
20071214	0.06	-0.26	0.76
20071215	0.01	1.36	0.63
20071216	0.05	-0.35	0.56
20071217	0.0	2.61	0.5
20071218	0.0	3.81	0.47
20071219	0.05	2.22	0.44
20071220	0.0	2.37	0.42
20071221	0.0	-0.98	0.37
20071222	0.16	2.15	0.34
20071223	0.05	3.94	0.31
20071224	2.44	5.68	0.33
20071225	0.18	3.6	0.37
20071226	0.01	8.15	0.33
20071227	0.9	10.13	0.32
20071228	12.56	6.89	0.89
20071229	2.53	3.83	3.24
20071230	0.22	4.75	1.51
20071231	3.57	6.77	0.92
20080101	16.19	5.25	5.59
20080102	1.0	1.31	4.58
20080103	2.78	0.9	1.93
20080104	10.84	4.58	4.41
20080105	0.02	5.4	4.32
20080106	3.38	4.57	1.92
20080107	0.85	4.25	1.8
20080108	5.11	5.28	1.89
20080109	11.63	5.21	2.7
20080110	1.8	5.42	5.83
20080111	0.89	0.76	2.44
20080112	1.06	4.68	1.59
20080113	0.83	7.92	1.37
20080114	1.9	6.62	1.17
20080115	6.88	5.49	1.69
20080116	0.9	2.3	2.56
20080117	5.76	5.57	2.93
20080118	0.41	9.19	1.88
20080119	7.97	7.08	1.41
20080120	12.04	6.03	3.63
20080121	17.11	2.18	14.61
20080122	0.03	5.18	5.78
20080123	0.64	8.63	2.79
20080124	0.0	6.65	1.79
20080125	0.0	9.32	1.29
20080126	0.04	8.97	1.03
20080127	0.0	7.7	0.88
20080128	0.0	7.71	0.77
20080129	0.02	6.03	0.71
20080130	9.33	4.76	0.63
20080131	0.29	3.11	1.19
20080201	5.51	1.03	1.03
20080202	0.44	2.85	0.95
20080203	1.95	4.05	1.22
20080204	8.28	5.35	1.11
20080205	3.41	6.1	3.26
20080206	0.02	5.17	1.88
20080207	0.0	10.01	1.14
20080208	0.0	7.74	0.9
20080209	0.0	6.27	0.77
20080210	0.06	4.99	0.67
20080211	0.01	4.94	0.6
20080212	0.01	6.04	0.55
20080213	0.0	5.29	0.5
20080214	0.0	4.61	0.48
20080215	0.05	1.61	0.45
20080216	0.0	-0.52	0.42
20080217	0.0	-0.01	0.4
20080218	0.0	-0.84	0.39
20080219	0.0	-3.03	0.37
20080220	0.05	1.53	0.37
20080221	0.02	9.49	0.38
20080222	0.59	8.38	0.37
20080223	0.0	9.54	0.34
20080224	0.01	6.19	0.33
20080225	2.17	6.57	0.32
20080226	0.0	6.52	0.35
20080227	0.03	6.73	0.3
20080228	0.0	6.54	0.28
20080229	2.37	8.13	0.3
20080301	0.01	8.59	0.31
20080302	0.55	5.61	0.27
20080303	0.49	2.07	0.26
20080304	0.29	1.52	0.24
20080305	0.01	6.27	0.24
20080306	0.01	7.89	0.25
20080307	0.12	7.14	0.25
20080308	3.07	7.13	0.28
20080309	8.74	5.08	0.28
20080310	5.06	5.84	1.26
20080311	3.39	5.56	0.69
20080312	2.14	5.91	0.62
20080313	0.54	5.73	0.53
20080314	0.06	8.21	0.42
20080315	0.01	7.02	0.38
20080316	1.27	4.76	0.34
20080317	1.47	3.8	0.3
20080318	0.84	2.96	0.3
20080319	3.18	4.68	0.3
20080320	4.2	6.01	0.67
20080321	9.6	3.08	0.84
20080322	4.21	1.95	1.77
20080323	2.09	1.25	1.39
20080324	1.03	0.11	1.1
20080325	0.64	3.03	0.75
20080326	0.53	3.47	0.63
20080327	3.91	5.08	0.58
20080328	1.67	6.83	0.94
20080329	26.99	8.12	6.77
20080330	0.02	6.06	5.64
20080331	2.33	10.33	1.8
20080401	0.01	9.03	1.25
20080402	0.0	8.91	0.94
20080403	0.0	12.67	0.7
20080404	2.04	7.62	0.62
20080405	0.98	1.61	0.62
20080406	14.62	2.8	0.78
20080407	5.21	2.53	3.88
20080408	0.97	5.1	3.06
20080409	1.48	5.21	2.2
20080410	1.8	7.24	1.55
20080411	7.19	5.62	1.53
20080412	1.58	4.04	2.09
20080413	0.03	4.25	1.38
20080414	1.42	3.35	1.02
20080415	4.2	5.34	1.26
20080416	0.3	3.67	1.13
20080417	4.99	5.97	1.13
20080418	0.55	6.32	1.26
20080419	0.0	6.54	0.94
20080420	0.0	7.08	0.76
20080421	0.0	7.24	0.65
20080422	0.01	8.38	0.57
20080423	0.55	9.25	0.51
20080424	0.78	10.21	0.48
20080425	0.45	11.84	0.43
20080426	3.74	13.44	0.42
20080427	3.04	10.22	0.55
20080428	1.8	8.05	0.63
20080429	13.95	9.66	0.68
20080430	1.88	9.03	3.46
20080501	1.97	8.41	1.38
20080502	0.0	11.76	0.82
20080503	0.07	14.17	0.63
20080504	1.32	14.55	0.54
20080505	0.0	14.48	0.48
20080506	0.0	12.97	0.42
20080507	0.0	12.61	0.38
20080508	0.0	14.34	0.35
20080509	0.08	16.57	0.33
20080510	0.0	16.96	0.3
20080511	0.13	13.31	0.29
20080512	0.0	10.99	0.27
20080513	0.0	9.06	0.27
20080514	0.0	9.49	0.27
20080515	0.07	11.49	0.25
20080516	0.67	9.52	0.24
20080517	0.41	6.14	0.25
20080518	0.66	6.8	0.24
20080519	0.0	5.99	0.22
20080520	0.0	8.18	0.21
20080521	0.0	10.7	0.2
20080522	0.0	11.67	0.2
20080523	0.0	12.7	0.19
20080524	0.0	11.45	0.18
20080525	0.0	12.67	0.17
20080526	0.0	12.46	0.16
20080527	3.31	11.2	0.17
20080528	1.25	14.25	0.22
20080529	12.49	16.35	0.27
20080530	0.0	11.49	0.48
20080531	3.57	13.68	0.24
20080601	8.23	12.53	0.4
20080602	8.0	15.15	0.33
20080603	17.76	12.72	1.69
20080604	0.0	13.32	1.26
20080605	0.01	13.94	0.49
20080606	1.53	13.33	0.35
20080607	0.0	13.27	0.31
20080608	0.0	16.44	0.25
20080609	0.0	18.12	0.22
20080610	0.0	13.77	0.19
20080611	9.01	12.72	0.2
20080612	0.08	9.56	0.34
20080613	0.31	9.71	0.22
20080614	0.92	9.67	0.2
20080615	0.05	9.92	0.19
20080616	0.01	12.12	0.17
20080617	1.01	13.23	0.16
20080618	12.05	13.15	0.21
20080619	1.25	12.72	0.33
20080620	0.06	11.4	0.19
20080621	6.31	13.8	0.19
20080622	6.55	12.57	0.2
20080623	0.0	11.07	0.3
20080624	1.45	14.6	0.2
20080625	1.35	14.31	0.16
20080626	6.45	12.6	0.21
20080627	0.59	15.83	0.23
20080628	0.04	15.81	0.17
20080629	1.09	13.61	0.15
20080630	0.0	15.49	0.14
20080701	3.46	18.32	0.13
20080702	0.02	14.95	0.14
20080703	1.2	14.55	0.12
20080704	0.0	16.49	0.12
20080705	9.18	14.14	0.17
20080706	14.88	12.93	0.55
20080707	8.58	12.69	1.02
20080708	6.34	13.59	1.3
20080709	10.88	15.83	0.86
20080710	10.85	14.8	1.23
20080711	7.95	11.42	3.78
20080712	1.49	13.75	1.54
20080713	0.0	14.82	0.75
20080714	0.01	18.81	0.47
20080715	0.01	16.28	0.35
20080716	0.63	14.39	0.29
20080717	2.34	13.46	0.29
20080718	1.93	15.41	0.29
20080719	8.54	13.59	0.43
20080720	1.89	11.31	0.46
20080721	0.0	15.59	0.32
20080722	0.0	17.85	0.25
20080723	0.0	18.51	0.22
20080724	0.0	17.79	0.19
20080725	0.0	19.03	0.18
20080726	0.0	19.68	0.17
20080727	0.0	19.33	0.16
20080728	0.35	18.2	0.15
20080729	0.07	18.58	0.15
20080730	0.0	20.09	0.13
20080731	28.22	19.82	0.22
20080801	0.04	16.83	1.39
20080802	1.3	17.25	0.41
20080803	7.92	16.16	0.27
20080804	0.06	14.94	0.65
20080805	2.32	17.1	0.32
20080806	3.16	18.16	0.26
20080807	8.17	16.28	0.26
20080808	0.03	12.54	0.63
20080809	7.16	15.33	0.48
20080810	2.0	15.74	0.6
20080811	0.27	15.67	0.39
20080812	8.41	13.26	0.52
20080813	6.46	14.2	1.34
20080814	0.74	13.27	0.86
20080815	0.01	15.29	0.49
20080816	13.03	16.5	0.41
20080817	2.96	14.79	2.1
20080818	6.71	15.85	1.09
20080819	15.59	15.95	5.55
20080820	0.13	15.15	3.2
20080821	9.32	14.8	2.0
20080822	6.82	12.13	1.86
20080823	1.14	15.92	1.73
20080824	0.0	16.15	0.9
20080825	0.86	16.93	0.63
20080826	0.44	17.29	0.51
20080827	0.07	17.09	0.44
20080828	0.0	17.71	0.38
20080829	0.0	19.18	0.35
20080830	0.0	17.66	0.32
20080831	11.71	15.77	0.62
20080901	0.72	14.1	0.93
20080902	3.33	13.68	0.53
20080903	6.51	12.31	1.06
20080904	1.12	10.2	1.06
20080905	38.31	13.37	5.08
20080906	7.8	14.83	13.21
20080907	0.34	14.42	4.56
20080908	0.02	14.61	2.1
20080909	2.47	13.63	1.39
20080910	0.35	15.55	1.09
20080911	0.13	14.88	0.83
20080912	8.5	14.18	1.05
20080913	0.0	14.97	1.28
20080914	0.01	14.21	0.76
20080915	0.14	13.63	0.62
20080916	1.84	11.67	0.54
20080917	0.0	11.97	0.49
20080918	0.0	14.87	0.43
20080919	0.0	14.24	0.38
20080920	0.0	15.43	0.36
20080921	1.3	14.99	0.34
20080922	0.22	10.51	0.33
20080923	0.84	12.36	0.31
20080924	0.17	12.25	0.31
20080925	0.05	11.9	0.29
20080926	0.0	13.26	0.27
20080927	0.0	13.22	0.26
20080928	0.0	10.37	0.25
20080929	2.62	11.81	0.24
20080930	5.08	10.08	0.29
20081001	0.54	9.06	0.34
20081002	4.92	8.0	0.28
20081003	0.17	5.48	0.37
20081004	14.22	8.67	1.3
20081005	0.01	6.57	1.67
20081006	0.33	11.06	0.68
20081007	4.5	12.4	0.72
20081008	0.02	10.63	0.68
20081009	0.72	12.35	0.49
20081010	0.21	14.94	0.43
20081011	0.0	10.56	0.39
20081012	0.0	13.43	0.35
20081013	0.49	10.93	0.36
20081014	4.67	9.68	0.41
20081015	0.02	8.42	0.46
20081016	0.0	8.06	0.36
20081017	1.1	10.63	0.32
20081018	0.02	11.4	0.3
20081019	1.18	12.71	0.29
20081020	1.19	9.9	0.29
20081021	0.02	7.6	0.27
20081022	0.01	9.91	0.24
20081023	0.24	10.22	0.23
20081024	0.0	9.37	0.23
20081025	2.95	10.91	0.21
20081026	0.53	7.68	0.27
20081027	0.05	4.38	0.24
20081028	0.04	1.65	0.22
20081029	0.0	2.82	0.22
20081030	9.32	4.14	0.23
20081031	9.89	3.28	1.63
20081101	2.1	5.85	2.1
20081102	15.93	6.7	5.26
20081103	0.03	8.31	4.05
20081104	4.42	8.03	2.28
20081105	1.89	7.89	1.72
20081106	2.99	8.58	1.57
20081107	2.74	8.16	1.63
20081108	8.47	7.47	2.22
20081109	9.11	5.15	4.47
20081110	0.06	6.5	3.93
20081111	0.04	7.28	1.66
20081112	0.0	6.93	1.09
20081113	2.07	10.22	0.91
20081114	0.06	11.92	0.81
20081115	0.0	9.11	0.7
20081116	0.0	4.19	0.61
20081117	3.03	6.9	0.59
20081118	0.0	8.0	0.63
20081119	0.01	10.08	0.55
20081120	0.54	6.25	0.52
20081121	0.5	2.04	0.47
20081122	0.75	-0.31	0.43
20081123	4.0	3.28	0.5
20081124	11.3	3.73	0.96
20081125	1.03	4.61	3.34
20081126	0.02	9.32	1.49
20081127	0.15	5.08	1.04
20081128	0.07	-0.1	0.81
20081129	0.06	-0.89	0.67
20081130	0.11	-1.42	0.57
20081201	4.51	0.64	0.65
20081202	1.91	0.64	0.86
20081203	9.27	0.15	0.76
20081204	6.8	1.6	3.08
20081205	10.7	2.42	6.06
20081206	0.45	1.44	5.83
20081207	0.22	3.53	2.41
20081208	0.58	2.73	2.94
20081209	0.04	1.7	1.59
20081210	5.54	2.22	1.31
20081211	0.64	0.11	2.54
20081212	13.63	3.81	1.92
20081213	13.29	2.66	12.31
20081214	0.0	0.59	4.75
20081215	0.01	2.35	2.34
20081216	0.4	4.96	1.74
20081217	0.13	6.69	1.39
20081218	0.36	6.56	1.19
20081219	2.67	7.21	1.09
20081220	1.12	8.09	1.04
20081221	0.03	9.84	0.98
20081222	0.0	7.41	0.86
20081223	0.0	4.69	0.79
20081224	0.02	4.78	0.73
20081225	0.0	5.2	0.69
20081226	0.0	0.83	0.64
20081227	0.0	1.81	0.6
20081228	0.07	1.76	0.6
20081229	0.0	1.32	0.56
20081230	0.0	-0.67	0.53
20081231	0.0	-1.64	0.5
20090101	0.47	-0.29	0.47
20090102	0.22	1.61	0.47
20090103	0.0	-0.07	0.46
20090104	4.64	0.74	0.5
20090105	0.47	-2.62	0.6
20090106	0.55	-1.69	0.48
20090107	1.82	2.42	0.5
20090108	0.01	3.17	0.53
20090109	0.05	0.52	0.54
20090110	0.0	2.71	0.51
20090111	2.91	8.64	0.55
20090112	0.36	7.45	0.82
20090113	1.77	2.57	0.8
20090114	0.15	2.19	0.79
20090115	2.88	5.16	0.82
20090116	4.79	6.47	1.06
20090117	2.95	4.52	2.53
20090118	12.03	3.5	1.9
20090119	4.86	2.21	7.75
20090120	0.07	3.17	2.82
20090121	7.48	4.54	1.63
20090122	1.91	4.42	4.04
20090123	0.26	2.01	2.26
20090124	7.65	3.15	1.57
20090125	0.22	5.41	4.2
20090126	0.0	4.48	1.79
20090127	8.18	4.76	1.39
20090128	0.03	4.67	3.54
20090129	0.0	2.71	1.75
20090130	0.0	3.54	1.29
20090131	0.0	3.69	1.06
20090201	3.73	0.42	0.91
20090202	16.85	0.53	1.58
20090203	0.39	-0.45	6.06
20090204	0.0	-0.73	2.33
20090205	3.06	-1.74	1.5
20090206	0.51	-1.65	1.18
20090207	1.47	-1.49	0.98
20090208	0.67	-0.82	0.88
20090209	3.33	2.38	0.87
20090210	1.91	1.09	2.6
20090211	1.02	0.25	1.87
20090212	8.97	0.85	1.45
20090213	0.99	1.67	1.83
20090214	0.52	3.83	2.54
20090215	0.0	7.07	5.64
20090216	0.89	7.83	4.19
20090217	0.36	9.66	2.69
20090218	1.33	6.7	1.96
20090219	0.87	4.95	1.72
20090220	0.39	5.69	1.44
20090221	0.0	8.88	1.2
20090222	1.23	8.09	1.05
20090223	0.25	8.97	0.97
20090224	0.0	8.64	0.87
20090225	0.0	7.43	0.78
20090226	0.05	8.46	0.73
20090227	0.0	8.8	0.69
20090228	0.05	6.56	0.66
20090301	0.01	5.51	0.62
20090302	0.57	7.09	0.57
20090303	9.06	4.52	1.15
20090304	0.74	0.79	1.34
20090305	0.56	2.42	0.83
20090306	0.0	5.77	0.69
20090307	6.56	6.96	0.84
20090308	0.27	4.58	1.47
20090309	0.87	6.16	0.83
20090310	0.05	4.66	0.71
20090311	0.0	8.45	0.6
20090312	0.0	7.04	0.58
20090313	0.06	9.49	0.54
20090314	0.0	7.91	0.51
20090315	0.0	9.74	0.46
20090316	0.0	8.78	0.45
20090317	0.0	8.09	0.43
20090318	0.0	9.62	0.42
20090319	0.0	7.2	0.41
20090320	0.0	7.19	0.39
20090321	0.0	8.86	0.38
20090322	0.0	9.68	0.36
20090323	1.34	6.15	0.38
20090324	1.28	7.22	0.35
20090325	1.44	8.6	0.38
20090326	0.34	6.76	0.36
20090327	5.98	5.9	0.35
20090328	2.55	0.76	0.49
20090329	0.05	5.74	0.39
20090330	0.0	9.27	0.34
20090331	0.0	10.13	0.32
20090401	0.02	8.39	0.31
20090402	0.0	9.03	0.31
20090403	0.01	9.27	0.3
20090404	0.0	7.19	0.29
20090405	0.0	8.65	0.28
20090406	0.65	9.6	0.29
20090407	4.73	9.75	0.28
20090408	0.41	8.29	0.34
20090409	1.04	12.13	0.3
20090410	1.25	10.7	0.3
20090411	0.01	6.49	0.28
20090412	0.0	8.02	0.27
20090413	0.01	9.34	0.26
20090414	0.01	9.24	0.26
20090415	0.02	7.61	0.25
20090416	0.0	7.85	0.26
20090417	0.0	7.83	0.25
20090418	0.0	6.84	0.23
20090419	0.0	8.22	0.23
20090420	0.0	11.43	0.22
20090421	0.0	8.63	0.2
20090422	0.0	12.19	0.2
20090423	0.0	13.23	0.2
20090424	0.0	12.39	0.2
20090425	1.54	10.6	0.2
20090426	0.12	10.85	0.2
20090427	6.61	6.37	0.27
20090428	11.27	7.43	0.5
20090429	0.09	11.31	0.61
20090430	0.56	13.15	0.32
20090501	0.9	11.68	0.26
20090502	4.4	10.47	0.23
20090503	2.23	8.68	0.27
20090504	0.7	9.72	0.27
20090505	0.51	11.31	0.23
20090506	0.11	11.2	0.21
20090507	0.02	10.68	0.2
20090508	0.22	9.55	0.18
20090509	1.6	9.74	0.18
20090510	2.83	7.32	0.2
20090511	0.0	7.44	0.2
20090512	0.0	8.53	0.18
20090513	0.06	11.96	0.18
20090514	0.15	11.08	0.18
20090515	5.12	10.17	0.2
20090516	1.74	10.01	0.23
20090517	2.89	11.03	0.2
20090518	2.58	11.5	0.22
20090519	2.76	11.29	0.21
20090520	4.56	12.06	0.19
20090521	6.54	11.44	0.42
20090522	0.62	12.68	0.3
20090523	0.0	12.15	0.22
20090524	0.0	13.19	0.19
20090525	2.88	15.49	0.17
20090526	0.3	11.18	0.17
20090527	0.03	13.43	0.15
20090528	0.0	14.54	0.15
20090529	0.0	15.15	0.14
20090530	0.0	12.92	0.13
20090531	0.0	13.96	0.12
20090601	0.0	14.72	0.12
20090602	0.0	16.73	0.12
20090603	0.0	10.59	0.11
20090604	0.01	7.42	0.11
20090605	31.27	8.19	0.3
20090606	0.12	9.28	0.86
20090607	0.06	9.13	0.32
20090608	0.44	9.55	0.21
20090609	4.42	9.62	0.2
20090610	4.42	10.96	0.27
20090611	5.29	9.54	0.35
20090612	0.62	13.76	0.28
20090613	0.0	14.17	0.19
20090614	0.88	13.88	0.16
20090615	6.28	13.33	0.25
20090616	0.0	15.69	0.23
20090617	3.97	11.59	0.2
20090618	1.33	12.86	0.18
20090619	0.52	13.21	0.15
20090620	8.32	13.56	0.24
20090621	0.03	15.85	0.28
20090622	1.39	18.54	0.4
20090623	0.75	16.0	1.33
20090624	0.01	15.25	0.47
20090625	0.0	15.27	0.24
20090626	0.39	16.27	0.2
20090627	7.88	16.26	0.66
20090628	2.86	16.95	0.55
20090629	0.0	18.11	0.34
20090630	0.9	20.89	0.24
20090701	0.04	21.63	0.19
20090702	0.0	19.11	0.16
20090703	9.43	16.66	0.29
20090704	0.25	19.15	0.28
20090705	11.34	17.77	0.25
20090706	10.06	15.83	0.51
20090707	4.47	13.71	0.43
20090708	0.54	12.89	0.27
20090709	0.05	12.93	0.19
20090710	0.0	12.52	0.16
20090711	6.59	16.97	0.16
20090712	0.17	14.54	0.22
20090713	0.86	16.53	0.16
20090714	1.58	16.39	0.13
20090715	2.09	16.73	0.14
20090716	29.78	17.32	0.31
20090717	39.34	12.98	10.39
20090718	2.47	14.03	6.58
20090719	1.26	14.77	2.19
20090720	0.0	14.0	0.95
20090721	1.87	14.97	0.67
20090722	2.38	16.28	0.56
20090723	4.74	15.88	0.72
20090724	2.97	13.73	0.74
20090725	0.15	14.84	0.48
20090726	1.29	14.71	0.37
20090727	0.47	15.4	0.33
20090728	2.77	15.85	0.3
20090729	12.29	14.09	1.13
20090730	1.18	13.44	0.84
20090731	1.51	15.57	0.47
20090801	3.62	14.54	0.52
20090802	0.0	14.39	0.46
20090803	0.51	18.49	0.33
20090804	0.16	18.95	0.29
20090805	0.13	16.86	0.26
20090806	7.58	17.55	0.25
20090807	0.0	15.4	0.44
20090808	0.0	16.02	0.28
20090809	3.37	18.25	0.23
20090810	1.21	16.07	0.26
20090811	0.09	17.1	0.22
20090812	0.0	15.07	0.19
20090813	0.0	15.18	0.18
20090814	0.83	18.05	0.18
20090815	2.34	17.19	0.17
20090816	0.35	15.47	0.16
20090817	0.89	16.23	0.17
20090818	0.06	18.17	0.15
20090819	0.0	20.96	0.14
20090820	1.45	16.06	0.17
20090821	2.72	13.87	0.2
20090822	0.0	16.29	0.19
20090823	4.21	18.99	0.18
20090824	11.88	13.98	0.47
20090825	2.26	14.38	0.46
20090826	2.1	14.85	0.3
20090827	0.34	15.12	0.26
20090828	1.23	13.11	0.22
20090829	0.18	13.75	0.19
20090830	0.95	16.52	0.18
20090831	7.95	17.57	0.28
20090901	2.41	14.85	0.33
20090902	11.19	15.18	0.35
20090903	1.98	12.1	1.02
20090904	12.94	12.2	2.11
20090905	0.22	13.24	1.02
20090906	1.55	14.89	0.54
20090907	0.0	16.4	0.41
20090908	0.87	15.77	0.33
20090909	0.0	12.08	0.28
20090910	0.0	13.35	0.26
20090911	0.0	13.73	0.24
20090912	0.01	14.63	0.23
20090913	0.07	12.48	0.21
20090914	0.41	12.95	0.22
20090915	0.26	12.05	0.22
20090916	0.1	10.38	0.21
20090917	0.0	11.98	0.2
20090918	0.0	12.43	0.2
20090919	0.23	12.69	0.19
20090920	0.0	13.17	0.18
20090921	0.71	14.64	0.16
20090922	0.0	14.76	0.16
20090923	0.0	13.39	0.15
20090924	0.0	13.84	0.15
20090925	0.0	12.02	0.15
20090926	0.0	14.53	0.16
20090927	0.0	15.45	0.15
20090928	0.0	16.55	0.14
20090929	0.63	15.6	0.15
20090930	0.14	11.83	0.15
20091001	0.34	10.5	0.14
20091002	0.41	11.76	0.14
20091003	0.04	10.25	0.13
20091004	0.0	9.57	0.13
20091005	1.19	10.49	0.14
20091006	3.47	8.78	0.17
20091007	0.01	8.52	0.19
20091008	0.0	7.31	0.16
20091009	2.71	9.31	0.16
20091010	0.03	11.48	0.17
20091011	0.28	9.33	0.16
20091012	0.0	9.14	0.15
20091013	2.22	11.56	0.15
20091014	2.52	13.75	0.17
20091015	1.85	11.35	0.18
20091016	0.01	8.92	0.18
20091017	0.0	7.04	0.17
20091018	0.49	10.02	0.16
20091019	0.06	9.55	0.16
20091020	4.48	10.27	0.16
20091021	9.37	10.24	0.29
20091022	0.84	11.44	0.48
20091023	0.07	12.15	0.31
20091024	2.27	13.29	0.25
20091025	0.05	12.08	0.3
20091026	0.01	10.8	0.23
20091027	1.3	12.44	0.2
20091028	0.02	11.17	0.2
20091029	0.0	12.74	0.19
20091030	2.99	11.99	0.18
20091031	7.18	12.98	0.21
20091101	16.34	11.18	1.75
20091102	1.64	8.65	1.11
20091103	1.65	7.94	0.74
20091104	3.5	6.12	0.7
20091105	0.55	6.24	0.61
20091106	1.04	5.35	0.47
20091107	4.37	6.01	0.48
20091108	0.24	4.31	0.57
20091109	0.14	4.53	0.48
20091110	0.26	4.15	0.41
20091111	0.79	5.76	0.38
20091112	5.11	8.49	0.46
20091113	10.96	9.61	1.62
20091114	0.2	8.03	1.96
20091115	0.71	8.51	0.86
20091116	8.24	9.3	1.93
20091117	16.43	7.91	1.36
20091118	0.61	9.04	5.17
20091119	1.16	12.72	1.95
20091120	1.49	8.89	1.15
20091121	5.03	9.82	1.16
20091122	1.72	7.89	1.39
20091123	0.08	8.04	1.02
20091124	2.95	9.26	0.78
20091125	1.86	6.79	0.85
20091126	0.97	5.03	0.74
20091127	0.02	4.21	0.7
20091128	14.61	3.58	0.62
20091129	40.67	4.53	17.29
20091130	2.42	1.24	11.8
20091201	5.42	2.06	4.79
20091202	0.85	5.36	3.86
20091203	6.67	3.82	4.06
20091204	2.88	4.06	3.4
20091205	10.87	8.53	2.73
20091206	1.47	6.72	7.14
20091207	2.83	5.55	3.38
20091208	0.51	6.25	2.36
20091209	0.63	6.25	1.83
20091210	0.03	2.83	1.47
20091211	0.22	2.1	1.11
20091212	0.2	3.09	1.0
20091213	3.01	4.12	0.93
20091214	14.72	5.21	5.55
20091215	10.31	3.95	5.08
20091216	6.76	2.99	8.36
20091217	6.98	0.08	4.89
20091218	1.61	-3.45	2.74
20091219	7.28	-3.8	2.15
20091220	0.01	-1.87	1.85
20091221	0.13	-3.2	1.67
20091222	1.7	-1.07	1.46
20091223	2.59	-0.93	1.45
20091224	1.37	-0.35	1.47
20091225	1.54	0.51	1.69
20091226	1.81	2.35	3.76
20091227	2.47	0.6	6.34
20091228	0.61	-1.07	3.69
20091229	1.05	2.38	2.16
20091230	3.31	1.75	3.85
20091231	1.62	-0.74	2.67
20100101	5.98	-1.16	1.72
20100102	3.41	-2.48	1.4
20100103	0.45	-3.58	1.21
20100104	2.55	-2.67	1.08
20100105	8.63	-0.79	1.05
20100106	0.54	-3.8	0.97
20100107	4.4	-5.7	0.9
20100108	7.8	-4.33	0.94
20100109	0.52	-1.95	0.98
20100110	2.9	2.21	1.16
20100111	1.2	1.82	4.45
20100112	0.96	1.19	5.64
20100113	1.44	-0.04	4.19
20100114	0.05	0.86	2.62
20100115	10.03	2.73	8.65
20100116	5.15	3.01	18.61
20100117	0.04	5.02	6.53
20100118	0.14	2.81	4.7
20100119	0.85	1.34	2.97
20100120	0.81	2.15	2.49
20100121	4.44	3.0	1.99
20100122	11.35	3.89	7.75
20100123	0.05	2.71	4.98
20100124	0.62	2.64	2.79
20100125	0.08	0.89	2.08
20100126	0.14	3.03	1.7
20100127	1.52	5.16	1.75
20100128	3.93	3.43	1.66
20100129	1.52	0.13	2.02
20100130	0.3	-0.32	1.5
20100131	0.11	-0.11	1.26
20100201	2.89	1.46	1.1
20100202	1.8	-0.1	2.47
20100203	0.53	0.17	1.63
20100204	1.01	3.83	1.37
20100205	3.48	2.78	2.26
20100206	0.73	2.62	1.82
20100207	1.65	2.23	1.51
20100208	2.91	1.82	1.86
20100209	7.8	2.43	3.23
20100210	1.22	-0.52	4.45
20100211	5.86	1.37	2.35
20100212	1.05	3.06	3.88
20100213	2.65	2.58	2.75
20100214	0.45	2.72	2.54
20100215	3.67	1.55	2.44
20100216	0.06	1.24	2.53
20100217	1.43	-0.06	1.73
20100218	1.91	1.16	1.79
20100219	1.66	0.24	1.83
20100220	0.72	0.7	1.57
20100221	4.22	-0.16	1.42
20100222	0.2	0.22	1.65
20100223	1.79	1.73	1.45
20100224	0.09	3.54	1.62
20100225	11.11	4.72	1.58
20100226	15.88	2.05	12.69
20100227	0.44	3.16	7.1
20100228	1.82	1.37	3.69
20100301	0.05	1.59	2.5
20100302	0.02	1.98	1.84
20100303	0.12	1.49	1.56
20100304	0.0	2.19	1.36
20100305	0.8	4.95	1.19
20100306	0.02	0.61	1.13
20100307	0.0	0.47	0.99
20100308	0.08	3.48	0.92
20100309	0.01	2.89	0.88
20100310	0.0	2.41	0.85
20100311	5.89	5.52	0.8
20100312	1.61	3.18	1.36
20100313	0.0	5.92	1.11
20100314	1.39	7.99	0.97
20100315	0.02	5.93	0.91
20100316	0.0	7.31	0.84
20100317	0.0	9.63	0.78
20100318	0.0	11.03	0.75
20100319	3.37	8.98	0.72
20100320	4.66	3.93	1.01
20100321	0.02	9.31	0.87
20100322	1.55	6.99	0.79
20100323	4.36	8.34	0.78
20100324	8.48	10.74	1.16
20100325	5.87	9.89	3.06
20100326	1.54	9.11	2.67
20100327	0.0	7.9	1.42
20100328	0.1	7.07	1.07
20100329	10.33	6.87	1.65
20100330	3.73	6.19	3.29
20100331	1.37	3.79	1.95
20100401	0.0	4.37	1.33
20100402	2.05	6.02	1.13
20100403	1.08	4.76	1.06
20100404	1.87	5.87	0.9
20100405	0.04	9.5	0.86
20100406	2.32	9.79	0.81
20100407	0.02	6.69	0.78
20100408	0.0	9.82	0.68
20100409	0.0	8.98	0.64
20100410	0.0	11.39	0.61
20100411	0.0	7.15	0.58
20100412	0.01	7.43	0.56
20100413	0.44	6.76	0.55
20100414	0.0	6.56	0.53
20100415	0.0	5.44	0.5
20100416	0.0	9.69	0.48
20100417	0.0	9.09	0.47
20100418	0.29	7.55	0.46
20100419	0.03	4.85	0.45
20100420	0.1	5.64	0.44
20100421	0.0	4.69	0.42
20100422	0.0	7.38	0.41
20100423	0.0	8.96	0.4
20100424	0.16	13.27	0.39
20100425	0.06	12.96	0.38
20100426	0.0	11.68	0.37
20100427	0.0	14.12	0.36
20100428	0.0	15.93	0.36
20100429	2.74	10.27	0.37
20100430	1.01	10.01	0.39
20100501	1.24	7.36	0.36
20100502	2.1	5.46	0.35
20100503	0.6	4.77	0.35
20100504	0.0	9.16	0.33
20100505	1.8	11.46	0.33
20100506	2.66	7.5	0.36
20100507	0.0	8.65	0.38
20100508	0.77	6.54	0.33
20100509	1.12	6.07	0.32
20100510	0.05	3.12	0.32
20100511	0.3	3.42	0.3
20100512	0.2	3.8	0.29
20100513	0.0	8.83	0.29
20100514	0.03	8.59	0.28
20100515	0.17	10.7	0.27
20100516	1.71	9.89	0.28
20100517	0.02	8.86	0.28
20100518	0.0	12.78	0.26
20100519	0.0	15.42	0.25
20100520	0.0	16.43	0.25
20100521	0.0	17.09	0.25
20100522	0.0	19.27	0.24
20100523	0.03	19.63	0.23
20100524	0.2	13.14	0.23
20100525	0.0	6.93	0.23
20100526	2.78	7.38	0.25
20100527	1.18	8.77	0.24
20100528	0.01	9.68	0.23
20100529	2.97	10.81	0.23
20100530	0.59	11.75	0.24
20100531	0.2	11.66	0.22
20100601	1.69	12.2	0.24
20100602	0.0	13.71	0.23
20100603	0.0	14.95	0.21
20100604	0.11	17.9	0.2
20100605	0.01	17.82	0.19
20100606	7.77	12.51	0.26
20100607	11.05	13.52	0.67
20100608	4.86	13.34	0.59
20100609	13.34	11.2	0.69
20100610	0.04	9.8	1.36
20100611	0.0	13.38	0.57
20100612	2.11	13.36	0.37
20100613	4.86	11.77	0.36
20100614	0.43	9.01	0.37
20100615	0.0	10.94	0.34
20100616	0.0	13.9	0.25
20100617	0.01	16.65	0.23
20100618	0.29	11.08	0.21
20100619	0.07	9.8	0.2
20100620	0.0	12.53	0.2
20100621	0.0	16.27	0.19
20100622	0.0	17.35	0.18
20100623	0.0	17.91	0.16
20100624	0.0	15.2	0.16
20100625	0.0	16.54	0.16
20100626	7.43	17.68	0.17
20100627	0.0	18.98	0.22
20100628	9.47	19.32	0.17
20100629	1.33	16.76	0.34
20100630	0.0	18.9	0.22
20100701	2.5	18.59	0.17
20100702	0.0	17.71	0.15
20100703	0.0	16.18	0.13
20100704	0.02	16.18	0.12
20100705	0.0	14.06	0.12
20100706	0.0	17.7	0.12
20100707	0.7	17.13	0.12
20100708	0.82	17.31	0.12
20100709	0.01	20.13	0.12
20100710	0.02	20.69	0.11
20100711	0.03	14.62	0.11
20100712	0.66	12.42	0.11
20100713	7.03	14.65	0.14
20100714	3.62	17.16	0.19
20100715	3.92	16.23	0.16
20100716	0.01	14.93	0.16
20100717	0.1	14.19	0.13
20100718	0.31	18.23	0.12
20100719	7.46	20.34	0.14
20100720	13.48	18.18	0.29
20100721	0.33	16.05	0.23
20100722	2.8	10.41	0.15
20100723	0.0	12.72	0.17
20100724	1.4	18.23	0.14
20100725	0.01	16.66	0.13
20100726	0.03	18.12	0.13
20100727	0.05	16.12	0.12
20100728	0.39	15.74	0.12
20100729	0.0	14.11	0.12
20100730	0.52	15.8	0.12
20100731	0.75	15.48	0.12
20100801	2.92	16.12	0.13
20100802	0.61	14.86	0.14
20100803	0.14	16.39	0.12
20100804	0.01	13.99	0.12
20100805	0.18	13.8	0.11
20100806	0.31	16.4	0.11
20100807	1.41	15.94	0.13
20100808	0.02	15.32	0.12
20100809	2.4	14.6	0.12
20100810	0.13	14.08	0.12
20100811	0.27	14.98	0.11
20100812	15.29	14.97	0.12
20100813	16.53	13.76	0.41
20100814	0.48	15.89	0.82
20100815	0.13	14.56	0.33
20100816	2.11	14.44	0.22
20100817	0.21	14.8	0.2
20100818	0.06	15.02	0.17
20100819	1.56	16.98	0.15
20100820	4.33	18.31	0.22
20100821	0.01	16.85	0.2
20100822	0.18	16.13	0.14
20100823	7.72	12.84	0.19
20100824	1.33	12.81	0.23
20100825	0.0	13.78	0.16
20100826	0.0	11.65	0.13
20100827	0.11	13.61	0.13
20100828	2.09	14.74	0.13
20100829	1.76	11.6	0.12
20100830	0.0	9.77	0.11
20100831	0.0	12.87	0.12
20100901	0.0	14.95	0.11
20100902	0.0	14.53	0.11
20100903	0.0	14.63	0.1
20100904	0.0	15.66	0.11
20100905	0.0	15.86	0.11
20100906	16.59	15.74	0.11
20100907	7.34	15.47	0.48
20100908	0.11	13.24	0.37
20100909	2.36	15.95	0.19
20100910	4.51	17.4	0.18
20100911	0.49	15.69	0.2
20100912	0.14	14.58	0.16
20100913	4.49	15.94	0.16
20100914	0.89	13.07	0.17
20100915	1.39	12.67	0.15
20100916	1.85	10.05	0.14
20100917	0.0	9.55	0.14
20100918	4.13	13.03	0.13
20100919	3.17	14.47	0.17
20100920	0.71	14.12	0.2
20100921	0.0	16.3	0.17
20100922	5.01	17.19	0.14
20100923	29.76	13.37	0.36
20100924	1.68	7.96	2.87
20100925	0.77	9.26	0.75
20100926	3.95	10.48	0.43
20100927	1.3	11.74	0.44
20100928	1.1	13.06	0.43
20100929	6.67	10.09	0.74
20100930	0.48	13.53	0.8
20101001	15.56	10.15	2.68
20101002	1.88	12.43	1.64
20101003	24.09	11.1	6.34
20101004	0.06	13.86	2.7
20101005	1.92	13.3	1.14
20101006	0.03	11.86	0.76
20101007	0.08	13.87	0.56
20101008	0.01	14.27	0.48
20101009	0.0	12.23	0.42
20101010	0.0	11.73	0.38
20101011	0.0	9.38	0.34
20101012	0.06	9.26	0.31
20101013	0.69	9.29	0.29
20101014	1.4	9.91	0.3
20101015	4.84	8.73	0.32
20101016	0.23	5.88	0.43
20101017	0.05	9.43	0.36
20101018	0.95	8.57	0.32
20101019	0.72	5.28	0.29
20101020	0.1	5.0	0.27
20101021	0.0	8.96	0.25
20101022	4.22	10.19	0.25
20101023	6.42	5.43	0.4
20101024	0.41	3.65	0.59
20101025	4.91	5.77	0.46
20101026	2.46	10.1	0.84
20101027	0.03	10.92	0.76
20101028	0.0	11.34	0.51
20101029	0.02	10.13	0.43
20101030	0.08	8.96	0.37
20101031	0.39	7.57	0.32
20101101	0.3	9.09	0.3
20101102	4.27	10.22	0.3
20101103	5.89	11.68	0.34
20101104	13.28	12.41	2.72
20101105	0.84	7.63	2.6
20101106	3.37	5.0	1.14
20101107	0.31	5.37	1.17
20101108	9.9	6.13	1.17
20101109	1.54	4.38	2.9
20101110	3.26	3.36	1.66
20101111	3.95	7.77	1.94
20101112	0.02	7.02	1.51
20101113	2.16	5.88	0.95
20101114	0.92	2.95	0.84
20101115	1.33	4.18	0.72
20101116	0.17	4.62	0.72
20101117	0.3	5.58	0.68
20101118	0.32	6.18	0.6
20101119	0.15	5.75	0.54
20101120	8.59	4.89	0.52
20101121	15.03	3.62	3.39
20101122	5.01	4.88	5.69
20101123	2.63	3.09	3.28
20101124	7.83	1.0	2.66
20101125	3.79	-2.2	2.69
20101126	4.71	-2.5	2.27
20101127	4.61	-5.17	2.14
20101128	9.79	-2.69	2.05
20101129	7.12	0.03	2.0
20101130	6.59	-1.84	2.17
20101201	7.83	-1.62	2.16
20101202	3.4	-5.31	2.05
20101203	0.69	-4.22	1.94
20101204	0.16	-0.57	1.85
20101205	0.02	-4.69	1.72
20101206	0.11	-4.17	1.48
20101207	0.72	-4.45	1.22
20101208	0.05	-3.53	1.03
20101209	0.08	1.66	1.02
20101210	0.24	4.73	2.52
20101211	0.32	2.75	4.75
20101212	3.95	2.29	3.13
20101213	2.94	2.4	5.12
20101214	5.27	2.51	7.52
20101215	3.85	4.38	11.37
20101216	3.77	-1.85	11.04
20101217	0.21	-4.24	4.45
20101218	1.18	-4.45	2.25
20101219	0.11	-5.77	1.49
20101220	0.0	-7.14	1.02
20101221	0.23	-5.83	1.01
20101222	5.11	-2.23	1.1
20101223	3.66	-3.11	1.01
20101224	0.35	-4.52	0.85
20101225	0.04	-1.89	0.7
20101226	0.44	-1.24	0.78
20101227	9.94	1.5	0.92
20101228	1.0	2.69	4.0
20101229	0.61	3.08	4.37
20101230	0.5	4.16	4.44
20101231	0.69	4.36	4.89
20110101	0.21	1.66	4.93
20110102	0.18	0.44	2.73
20110103	0.09	0.8	1.8
20110104	3.21	3.27	1.7
20110105	0.36	2.14	3.6
20110106	0.3	-1.4	2.12
20110107	5.12	2.18	1.51
20110108	3.64	2.25	2.79
20110109	0.37	2.41	2.63
20110110	12.84	3.83	4.75
20110111	2.0	2.17	5.59
20110112	2.63	7.23	3.26
20110113	0.02	10.32	3.39
20110114	0.14	7.62	2.23
20110115	1.2	10.61	1.79
20110116	1.31	8.06	1.63
20110117	0.0	3.8	1.38
20110118	0.01	3.39	1.13
20110119	0.06	1.78	1.01
20110120	0.01	-0.65	0.9
20110121	0.05	-0.43	0.8
20110122	0.0	3.7	0.78
20110123	0.18	4.65	0.8
20110124	0.53	5.5	0.81
20110125	4.79	6.19	0.98
20110126	2.97	3.28	1.87
20110127	0.42	0.26	1.4
20110128	0.02	-1.02	1.07
20110129	0.31	-0.57	0.89
20110130	0.06	0.8	0.85
20110131	0.75	3.71	0.78
20110201	0.07	7.16	0.8
20110202	0.14	6.99	0.76
20110203	4.32	6.71	0.73
20110204	0.06	10.08	0.9
20110205	7.14	7.6	0.8
20110206	3.15	9.07	2.73
20110207	0.09	6.03	1.86
20110208	1.91	4.61	1.18
20110209	0.02	7.59	1.12
20110210	0.68	4.31	0.99
20110211	3.93	5.1	0.9
20110212	0.16	5.58	1.24
20110213	7.4	5.52	1.77
20110214	0.33	3.49	2.42
20110215	3.74	4.29	1.49
20110216	0.0	6.0	1.85
20110217	0.01	4.51	1.33
20110218	1.8	2.75	1.08
20110219	2.2	2.26	1.18
20110220	0.03	1.98	1.11
20110221	2.01	2.25	0.98
20110222	2.35	5.29	0.97
20110223	0.94	9.08	1.1
20110224	0.1	10.07	1.03
20110225	7.59	9.06	0.98
20110226	4.55	4.71	4.12
20110227	0.36	4.81	2.22
20110228	0.0	2.07	1.47
20110301	0.0	4.61	1.15
20110302	0.0	1.23	0.98
20110303	0.0	2.45	0.86
20110304	0.82	5.25	0.8
20110305	0.0	3.67	0.77
20110306	0.0	3.35	0.7
20110307	0.07	2.15	0.65
20110308	1.22	5.42	0.63
20110309	0.16	6.4	0.61
20110310	0.04	6.23	0.56
20110311	3.02	7.09	0.55
20110312	0.62	7.98	0.58
20110313	1.7	2.63	0.59
20110314	0.07	5.35	0.52
20110315	0.03	6.75	0.5
20110316	0.14	5.26	0.49
20110317	0.06	4.23	0.47
20110318	0.0	5.43	0.43
20110319	0.0	7.21	0.4
20110320	0.0	8.66	0.4
20110321	0.0	11.13	0.39
20110322	0.0	11.13	0.38
20110323	0.0	10.18	0.36
20110324	0.0	8.5	0.37
20110325	0.0	8.92	0.38
20110326	0.0	5.99	0.38
20110327	0.0	6.17	0.35
20110328	0.0	7.28	0.34
20110329	0.14	7.58	0.35
20110330	2.26	9.96	0.34
20110331	0.33	11.97	0.35
20110401	0.1	13.87	0.32
20110402	0.64	9.54	0.33
20110403	0.23	8.56	0.31
20110404	0.3	10.45	0.3
20110405	0.01	13.72	0.3
20110406	0.02	14.85	0.28
20110407	0.0	10.94	0.26
20110408	0.0	13.67	0.26
20110409	0.0	11.38	0.26
20110410	0.0	14.06	0.25
20110411	1.45	8.57	0.26
20110412	0.1	8.34	0.25
20110413	0.0	7.93	0.25
20110414	0.0	11.11	0.25
20110415	0.0	10.54	0.24
20110416	0.0	8.44	0.24
20110417	0.0	11.29	0.23
20110418	0.0	10.2	0.23
20110419	0.0	10.27	0.23
20110420	0.0	10.04	0.22
20110421	0.0	11.75	0.22
20110422	0.0	13.19	0.22
20110423	2.7	16.16	0.24
20110424	0.03	11.04	0.24
20110425	0.0	11.23	0.22
20110426	0.0	6.95	0.2
20110427	0.0	7.03	0.2
20110428	0.0	9.97	0.2
20110429	0.09	10.13	0.21
20110430	0.0	9.67	0.2
20110501	0.0	9.2	0.19
20110502	0.0	7.33	0.19
20110503	0.0	5.7	0.18
20110504	0.0	10.27	0.18
20110505	1.08	14.06	0.18
20110506	0.02	16.25	0.18
20110507	15.88	16.72	0.2
20110508	0.28	13.91	0.53
20110509	1.97	13.99	0.26
20110510	2.17	13.07	0.21
20110511	1.04	12.25	0.22
20110512	1.3	10.61	0.2
20110513	3.4	8.94	0.24
20110514	0.08	9.66	0.2
20110515	1.69	11.26	0.18
20110516	0.13	13.14	0.18
20110517	0.11	14.63	0.18
20110518	0.15	10.53	0.17
20110519	0.0	11.7	0.16
20110520	0.12	10.66	0.16
20110521	1.65	13.41	0.16
20110522	0.96	11.88	0.17
20110523	1.98	10.87	0.16
20110524	0.05	10.15	0.15
20110525	0.06	13.35	0.14
20110526	10.35	11.32	0.21
20110527	0.51	12.33	0.23
20110528	0.43	12.0	0.17
20110529	2.24	13.34	0.16
20110530	2.01	8.96	0.18
20110531	0.01	12.26	0.17
20110601	0.0	14.37	0.14
20110602	0.0	16.59	0.14
20110603	0.0	16.14	0.13
20110604	0.37	10.8	0.13
20110605	0.23	10.53	0.14
20110606	0.02	10.84	0.14
20110607	4.04	11.51	0.14
20110608	1.29	12.22	0.16
20110609	0.01	9.3	0.14
20110610	3.05	9.42	0.15
20110611	4.84	9.05	0.2
20110612	6.52	13.26	0.2
20110613	0.0	11.84	0.2
20110614	0.0	16.08	0.15
20110615	5.62	16.29	0.16
20110616	3.89	12.61	0.2
20110617	3.3	14.03	0.18
20110618	7.55	12.31	0.2
20110619	4.2	12.93	0.33
20110620	2.64	15.73	0.23
20110621	1.98	15.28	0.19
20110622	11.5	14.28	0.23
20110623	3.28	10.89	0.43
20110624	1.25	12.98	0.3
20110625	0.0	17.87	0.19
20110626	0.04	22.22	0.17
20110627	0.97	20.22	0.14
20110628	0.04	12.92	0.14
20110629	3.57	12.82	0.13
20110630	0.5	11.94	0.19
20110701	0.0	13.63	0.15
20110702	0.0	14.35	0.13
20110703	0.01	15.76	0.12
20110704	0.0	18.2	0.11
20110705	1.76	18.0	0.11
20110706	3.5	15.34	0.13
20110707	7.76	14.13	0.19
20110708	4.58	14.28	0.21
20110709	4.21	15.37	0.2
20110710	3.83	14.72	0.24
20110711	0.39	15.49	0.19
20110712	0.96	11.35	0.15
20110713	0.01	11.27	0.14
20110714	0.0	14.69	0.13
20110715	1.44	18.18	0.12
20110716	9.29	14.6	0.16
20110717	15.35	14.2	0.51
20110718	4.05	14.43	0.69
20110719	14.18	15.56	0.65
20110720	15.07	13.54	2.19
20110721	0.05	11.48	1.39
20110722	0.06	10.29	0.56
20110723	0.0	11.07	0.35
20110724	0.0	12.97	0.27
20110725	0.04	13.61	0.23
20110726	0.24	13.85	0.2
20110727	0.03	14.47	0.2
20110728	0.0	16.93	0.18
20110729	0.0	12.29	0.16
20110730	0.0	14.55	0.16
20110731	0.0	19.65	0.15
20110801	0.28	19.81	0.15
20110802	0.37	17.63	0.14
20110803	1.05	18.8	0.14
20110804	4.18	16.66	0.19
20110805	2.2	14.94	0.17
20110806	14.01	12.87	0.52
20110807	0.52	13.2	0.36
20110808	10.6	12.48	0.47
20110809	4.56	14.02	0.45
20110810	12.7	14.78	0.38
20110811	3.44	14.69	1.65
20110812	0.68	15.79	0.98
20110813	0.16	16.52	0.55
20110814	0.66	13.91	0.37
20110815	1.45	15.47	0.28
20110816	0.92	13.23	0.24
20110817	0.0	12.61	0.23
20110818	3.29	13.13	0.21
20110819	0.02	15.47	0.22
20110820	1.23	17.74	0.19
20110821	0.02	14.86	0.17
20110822	0.0	15.34	0.16
20110823	2.58	12.01	0.16
20110824	12.89	14.65	0.19
20110825	0.85	13.64	0.61
20110826	15.09	11.3	1.62
20110827	1.54	12.52	1.49
20110828	0.28	12.18	0.69
20110829	0.03	12.47	0.42
20110830	0.45	12.13	0.33
20110831	0.01	12.6	0.29
20110901	0.0	14.85	0.25
20110902	0.0	16.91	0.23
20110903	0.07	16.7	0.21
20110904	1.65	13.76	0.22
20110905	7.25	13.19	0.23
20110906	0.66	13.14	0.33
20110907	0.02	13.63	0.25
20110908	2.95	14.7	0.25
20110909	0.09	16.92	0.24
20110910	0.35	17.6	0.2
20110911	1.32	14.85	0.19
20110912	0.05	14.7	0.15
20110913	0.44	13.09	0.15
20110914	0.01	10.58	0.14
20110915	0.0	12.43	0.15
20110916	5.06	12.75	0.17
20110917	2.64	10.46	0.22
20110918	2.43	11.4	0.19
20110919	0.04	13.73	0.18
20110920	0.01	11.98	0.16
20110921	7.07	12.12	0.21
20110922	0.0	12.41	0.27
20110923	0.0	13.14	0.19
20110924	0.42	14.46	0.17
20110925	1.94	14.34	0.16
20110926	0.05	12.03	0.16
20110927	0.0	17.32	0.15
20110928	0.0	19.94	0.14
20110929	0.0	19.13	0.13
20110930	0.0	20.79	0.13
20111001	0.72	20.84	0.12
20111002	2.33	17.17	0.13
20111003	0.0	15.83	0.14
20111004	0.0	13.96	0.13
20111005	2.29	12.61	0.12
20111006	0.29	8.67	0.13
20111007	0.03	10.39	0.13
20111008	12.19	12.61	0.14
20111009	0.17	15.75	0.37
20111010	9.31	13.77	0.3
20111011	11.19	11.6	0.7
20111012	1.78	9.55	1.65
20111013	0.05	11.7	0.85
20111014	0.0	9.49	0.47
20111015	0.0	11.09	0.35
20111016	0.0	12.04	0.29
20111017	2.08	9.2	0.25
20111018	0.35	6.43	0.26
20111019	0.0	5.34	0.22
20111020	3.9	8.35	0.2
20111021	0.0	10.74	0.24
20111022	0.0	9.6	0.23
20111023	0.0	12.77	0.21
20111024	4.57	12.3	0.2
20111025	2.88	9.95	0.26
20111026	0.08	8.99	0.34
20111027	2.32	7.24	0.28
20111028	0.0	9.11	0.28
20111029	1.57	10.38	0.24
20111030	0.42	13.18	0.25
20111031	1.92	12.78	0.24
20111101	0.08	9.46	0.24
20111102	4.6	10.95	0.24
20111103	5.4	13.21	0.43
20111104	7.07	11.37	1.25
20111105	2.35	5.88	1.61
20111106	0.06	4.63	0.97
20111107	0.26	6.18	0.61
20111108	0.59	9.64	0.5
20111109	0.03	10.54	0.44
20111110	0.04	10.66	0.4
20111111	1.67	9.31	0.36
20111112	0.06	11.03	0.35
20111113	0.05	8.52	0.33
20111114	0.06	8.69	0.31
20111115	0.0	7.25	0.3
20111116	0.01	7.97	0.29
20111117	0.0	9.65	0.27
20111118	0.0	10.0	0.26
20111119	0.01	7.95	0.25
20111120	0.09	7.12	0.24
20111121	0.25	9.08	0.24
20111122	0.06	6.48	0.23
20111123	0.01	10.07	0.22
20111124	4.45	8.92	0.22
20111125	2.49	6.92	0.32
20111126	1.47	10.09	0.29
20111127	0.0	6.38	0.29
20111128	0.01	9.19	0.25
20111129	2.05	8.34	0.26
20111130	0.8	6.68	0.26
20111201	0.01	3.53	0.25
20111202	0.22	6.22	0.24
20111203	0.58	4.53	0.24
20111204	0.43	2.27	0.24
20111205	0.42	1.71	0.23
20111206	2.25	2.93	0.22
20111207	2.08	4.01	0.26
20111208	3.53	6.04	0.47
20111209	0.0	0.93	0.49
20111210	0.26	3.95	0.35
20111211	1.22	4.35	0.33
20111212	11.34	5.0	0.52
20111213	1.17	3.7	2.2
20111214	0.65	1.54	0.89
20111215	0.03	2.28	0.61
20111216	1.78	0.64	0.52
20111217	0.55	0.18	0.46
20111218	0.15	0.12	0.41
20111219	1.97	3.77	0.45
20111220	4.56	4.04	0.58
20111221	0.2	8.44	1.09
20111222	0.38	10.34	0.87
20111223	4.21	5.22	0.95
20111224	0.09	7.64	0.88
20111225	0.0	11.38	0.68
20111226	1.04	9.4	0.55
20111227	0.23	7.88	0.5
20111228	0.12	5.73	0.47
20111229	0.13	3.66	0.4
20111230	5.22	5.75	0.55
20111231	0.4	9.44	0.76
20120101	3.53	5.19	0.81
20120102	8.85	6.35	0.81
20120103	0.46	5.4	2.92
20120104	3.54	6.71	1.33
20120105	0.0	3.2	1.21
20120106	0.08	5.36	0.82
20120107	0.0	6.28	0.69
20120108	0.0	7.55	0.58
20120109	0.0	6.24	0.52
20120110	0.0	7.79	0.46
20120111	0.18	9.25	0.43
20120112	0.1	3.68	0.42
20120113	0.0	0.13	0.37
20120114	0.03	-0.1	0.36
20120115	0.12	0.19	0.34
20120116	0.07	0.94	0.33
20120117	0.43	3.12	0.31
20120118	0.01	6.96	0.32
20120119	0.9	4.42	0.32
20120120	5.62	6.5	0.38
20120121	0.5	6.34	0.62
20120122	0.0	5.46	0.47
20120123	2.2	3.09	0.39
20120124	2.0	5.14	0.49
20120125	3.45	6.11	0.62
20120126	1.23	3.54	0.95
20120127	1.33	2.48	0.79
20120128	0.06	1.93	0.76
20120129	0.22	1.16	0.65
20120130	0.29	1.64	0.58
20120131	0.01	1.11	0.51
20120201	0.0	1.22	0.45
20120202	0.0	-2.76	0.41
20120203	0.0	-1.41	0.37
20120204	5.65	-1.65	0.34
20120205	0.44	1.79	0.41
20120206	0.21	1.35	0.36
20120207	0.29	-1.06	0.36
20120208	0.0	-0.83	0.33
20120209	3.76	0.66	0.42
20120210	0.21	-1.68	0.44
20120211	0.44	0.35	0.4
20120212	0.0	3.71	0.46
20120213	0.15	4.78	0.78
20120214	0.0	5.95	0.84
20120215	0.0	6.85	0.64
20120216	0.15	5.89	0.52
20120217	0.01	7.33	0.46
20120218	2.09	2.58	0.48
20120219	0.01	2.0	0.38
20120220	0.13	6.62	0.35
20120221	0.0	10.34	0.34
20120222	0.64	10.53	0.35
20120223	0.01	11.48	0.33
20120224	0.32	7.58	0.31
20120225	0.0	6.39	0.29
20120226	0.57	8.11	0.29
20120227	2.88	10.19	0.34
20120228	0.05	10.88	0.35
20120229	0.0	8.25	0.31
20120301	0.0	8.17	0.29
20120302	0.4	7.6	0.28
20120303	1.12	7.17	0.3
20120304	10.03	2.5	1.09
20120305	0.44	2.57	1.32
20120306	1.81	5.75	0.8
20120307	0.19	5.79	0.66
20120308	0.07	8.27	0.48
20120309	0.01	10.15	0.42
20120310	0.0	9.52	0.38
20120311	0.0	9.58	0.35
20120312	0.0	9.34	0.33
20120313	0.0	6.79	0.31
20120314	0.0	6.48	0.3
20120315	0.0	8.38	0.3
20120316	0.07	9.68	0.29
20120317	2.05	6.32	0.29
20120318	0.0	5.84	0.28
20120319	0.0	8.91	0.24
20120320	0.0	10.01	0.23
20120321	0.0	5.48	0.23
20120322	0.0	8.2	0.23
20120323	0.0	8.95	0.23
20120324	0.0	9.17	0.22
20120325	0.0	9.91	0.21
20120326	0.0	10.84	0.21
20120327	0.0	12.17	0.2
20120328	0.0	12.93	0.2
20120329	0.0	10.84	0.2
20120330	0.12	11.03	0.2
20120331	0.12	3.39	0.2
20120401	0.0	8.22	0.19
20120402	6.52	8.84	0.21
20120403	38.75	4.05	3.2
20120404	0.05	2.29	10.06
20120405	0.0	5.57	3.36
20120406	2.83	6.83	2.02
20120407	1.28	7.1	1.82
20120408	1.2	9.21	1.38
20120409	1.9	6.88	1.15
20120410	2.79	7.28	0.95
20120411	3.26	5.31	1.28
20120412	0.71	5.74	1.17
20120413	5.26	4.27	0.82
20120414	0.96	2.88	1.32
20120415	0.69	2.58	0.94
20120416	7.92	6.39	0.73
20120417	1.1	6.69	2.09
20120418	15.9	6.61	4.07
20120419	7.6	6.56	6.39
20120420	2.92	7.36	4.67
20120421	7.02	8.02	4.7
20120422	2.0	6.82	3.33
20120423	0.06	5.09	1.81
20120424	0.02	7.09	1.27
20120425	14.67	7.3	2.61
20120426	17.35	7.51	8.36
20120427	1.32	4.88	7.66
20120428	0.11	6.27	2.7
20120429	12.55	7.15	5.5
20120430	0.01	10.12	3.52
20120501	0.04	8.75	1.82
20120502	0.0	7.34	1.36
20120503	0.29	6.35	1.11
20120504	2.59	4.39	1.03
20120505	0.55	2.42	0.92
20120506	0.0	6.45	0.77
20120507	8.09	8.55	0.78
20120508	0.02	8.69	1.12
20120509	12.64	10.54	1.24
20120510	9.23	8.82	5.59
20120511	8.77	5.71	7.38
20120512	0.01	9.71	4.11
20120513	0.02	9.59	1.83
20120514	2.98	8.22	1.25
20120515	0.92	5.26	1.07
20120516	0.09	8.04	0.86
20120517	1.19	8.19	0.79
20120518	4.98	7.89	0.77
20120519	0.16	6.56	0.87
20120520	0.0	8.28	0.74
20120521	0.17	10.54	0.66
20120522	0.0	13.27	0.59
20120523	0.0	16.01	0.52
20120524	0.0	16.49	0.48
20120525	0.0	16.43	0.44
20120526	0.0	13.6	0.4
20120527	0.0	14.25	0.39
20120528	0.0	18.68	0.36
20120529	0.0	14.6	0.35
20120530	2.77	16.22	0.34
20120531	9.4	12.22	0.5
20120601	0.08	9.57	0.47
20120602	0.79	8.84	0.4
20120603	2.21	6.85	0.36
20120604	0.19	9.64	0.37
20120605	0.9	12.45	0.33
20120606	2.42	13.16	0.34
20120607	10.47	13.55	0.37
20120608	17.84	13.28	1.34
20120609	10.44	12.96	3.89
20120610	3.7	12.7	3.12
20120611	0.01	9.08	1.56
20120612	0.0	8.5	0.92
20120613	0.02	11.5	0.67
20120614	4.59	11.28	0.57
20120615	8.02	13.41	0.81
20120616	2.43	13.39	0.86
20120617	0.21	10.72	0.66
20120618	0.5	12.74	0.53
20120619	0.01	12.52	0.43
20120620	0.76	13.75	0.39
20120621	7.99	13.31	0.42
20120622	10.6	12.23	1.36
20120623	2.24	12.73	1.54
20120624	10.43	13.64	2.39
20120625	0.0	11.89	2.09
20120626	0.88	17.46	0.95
20120627	1.89	17.82	0.73
20120628	13.02	17.42	1.87
20120629	2.37	16.12	1.84
20120630	3.3	13.89	1.0
20120701	0.42	13.53	0.74
20120702	1.54	15.79	0.62
20120703	1.89	17.78	0.55
20120704	2.24	18.74	0.56
20120705	11.67	17.44	0.71
20120706	8.44	13.43	3.74
20120707	0.28	15.24	2.52
20120708	0.97	13.19	1.12
20120709	3.05	12.38	0.85
20120710	7.06	11.75	1.25
20120711	9.97	11.46	6.11
20120712	0.01	13.1	3.45
20120713	0.01	11.42	1.42
20120714	1.11	12.13	0.97
20120715	0.0	13.99	0.75
20120716	4.55	15.09	0.71
20120717	5.12	17.37	0.79
20120718	11.69	14.66	1.61
20120719	0.01	12.59	3.44
20120720	0.0	11.41	1.17
20120721	0.0	16.07	0.77
20120722	0.0	18.54	0.6
20120723	0.0	20.0	0.52
20120724	0.04	19.47	0.47
20120725	0.5	15.71	0.44
20120726	1.53	16.28	0.44
20120727	0.0	14.23	0.43
20120728	0.63	13.73	0.39
20120729	6.41	13.1	0.45
20120730	2.91	11.86	0.51
20120731	0.8	15.35	0.43
20120801	0.61	16.25	0.39
20120802	0.59	15.71	0.36
20120803	0.15	16.22	0.33
20120804	1.51	16.46	0.29
20120805	1.25	15.33	0.3
20120806	5.11	15.38	0.38
20120807	14.18	15.35	2.24
20120808	0.01	14.97	0.86
20120809	0.0	16.51	0.46
20120810	0.0	14.75	0.37
20120811	0.0	16.01	0.33
20120812	0.02	17.99	0.31
20120813	0.04	18.73	0.29
20120814	0.0	19.09	0.27
20120815	6.99	17.93	0.31
20120816	0.29	18.78	0.33
20120817	3.58	19.51	0.29
20120818	0.01	18.26	0.29
20120819	4.37	15.42	0.31
20120820	0.17	17.23	0.3
20120821	3.3	16.2	0.3
20120822	0.05	15.87	0.28
20120823	2.34	14.68	0.26
20120824	2.55	15.77	0.28
20120825	1.55	13.82	0.29
20120826	0.39	13.72	0.28
20120827	2.87	14.44	0.27
20120828	1.06	15.2	0.28
20120829	19.24	12.87	0.32
20120830	0.64	7.86	2.59
20120831	0.25	13.85	0.75
20120901	0.0	16.61	0.46
20120902	0.01	16.56	0.37
20120903	0.0	18.51	0.32
20120904	0.0	14.17	0.29
20120905	0.0	12.31	0.26
20120906	0.0	16.17	0.25
20120907	0.0	17.69	0.24
20120908	0.0	16.7	0.23
20120909	0.01	19.16	0.21
20120910	10.53	13.23	0.3
20120911	0.61	11.14	0.44
20120912	6.67	9.36	0.55
20120913	0.57	12.45	0.48
20120914	0.19	12.18	0.35
20120915	0.0	15.36	0.28
20120916	3.69	12.15	0.3
20120917	2.25	11.02	0.33
20120918	0.37	9.45	0.31
20120919	1.28	11.1	0.17
20120920	6.94	11.07	0.16
20120921	1.13	6.5	0.42
20120922	0.01	8.61	0.26
20120923	7.29	10.12	0.2
20120924	41.97	10.34	5.55
20120925	19.19	10.21	15.74
20120926	1.64	11.17	7.75
20120927	0.48	10.85	3.17
20120928	0.01	10.81	1.52
20120929	0.22	11.2	0.94
20120930	0.52	12.86	0.7
20121001	1.55	11.51	0.6
20121002	10.02	10.77	0.92
20121003	5.09	7.71	2.18
20121004	1.48	10.57	1.17
20121005	0.07	9.09	0.79
20121006	0.0	7.38	0.6
20121007	0.07	8.13	0.49
20121008	0.0	7.04	0.45
20121009	0.0	6.02	0.4
20121010	0.0	8.27	0.37
20121011	20.31	10.94	1.21
20121012	0.06	7.42	4.84
20121013	0.01	6.79	1.17
20121014	2.92	7.0	0.75
20121015	5.45	7.31	0.78
20121016	3.91	6.28	1.43
20121017	8.34	11.15	2.75
20121018	1.86	10.3	4.93
20121019	0.0	9.75	1.85
20121020	0.01	8.49	1.0
20121021	0.61	9.48	0.75
20121022	1.82	10.42	0.66
20121023	0.81	10.81	0.65
20121024	1.16	8.73	0.66
20121025	1.3	5.63	0.66
20121026	6.66	2.74	0.72
20121027	4.7	4.94	2.05
20121028	2.37	7.7	2.22
20121029	1.43	5.42	1.77
20121030	0.09	7.72	1.16
20121031	5.38	6.74	1.18
20121101	0.06	5.24	1.72
20121102	2.31	4.64	0.96
20121103	0.0	3.66	0.82
20121104	0.02	0.76	0.66
20121105	0.61	3.99	0.56
20121106	3.37	7.83	0.66
20121107	0.24	9.25	0.75
20121108	0.0	8.4	0.62
20121109	1.08	6.98	0.56
20121110	0.02	5.62	0.53
20121111	0.0	5.56	0.45
20121112	0.27	9.3	0.41
20121113	0.0	11.26	0.39
20121114	0.0	10.14	0.36
20121115	0.01	7.3	0.37
20121116	7.42	6.52	0.39
20121117	0.08	5.06	0.8
20121118	1.77	5.07	0.6
20121119	0.84	8.3	0.57
20121120	7.7	10.14	0.53
20121121	10.5	6.57	6.91
20121122	7.22	8.46	4.2
20121123	0.3	4.15	2.75
20121124	23.53	4.07	1.95
20121125	18.89	4.58	13.86
20121126	39.41	6.46	23.07
20121127	15.22	5.04	20.25
20121128	3.5	2.02	11.61
20121129	0.09	0.05	5.36
20121130	2.17	-0.35	2.95
20121201	0.12	0.36	2.27
20121202	3.99	0.03	1.72
20121203	0.22	3.04	2.11
20121204	1.66	1.53	1.66
20121205	2.89	-1.78	1.24
20121206	11.57	1.11	1.86
20121207	3.65	2.0	7.1
20121208	0.06	4.1	3.7
20121209	3.55	4.2	2.38
20121210	5.69	2.36	3.02
20121211	0.95	0.14	3.44
20121212	0.12	-2.35	1.93
20121213	0.26	-1.89	1.23
20121214	14.0	4.44	7.1
20121215	0.13	5.72	4.36
20121216	2.0	5.08	2.17
20121217	2.45	5.23	1.95
20121218	0.14	5.63	1.87
20121219	5.5	5.31	1.31
20121220	9.42	5.05	3.93
20121221	1.8	3.77	4.12
20121222	9.11	8.82	4.52
20121223	0.0	6.55	3.83
20121224	1.16	5.08	1.95
20121225	0.75	5.29	1.52
20121226	4.33	5.14	1.55
20121227	4.13	2.45	2.07
20121228	4.76	8.21	2.25
20121229	6.77	5.08	5.26
20121230	0.73	6.7	2.98
20121231	1.23	6.25	1.98
20130101	0.98	4.35	1.25
20130102	1.49	8.16	1.15
20130103	0.04	10.0	1.04
20130104	0.0	8.84	0.93
20130105	0.0	6.48	0.84
20130106	0.01	6.29	0.77
20130107	3.42	8.62	0.76
20130108	1.47	5.96	1.05
20130109	0.06	2.84	0.95
20130110	2.26	2.91	0.85
20130111	0.01	2.99	0.94
20130112	0.99	0.81	0.79
20130113	1.15	0.19	0.7
20130114	6.22	-0.09	0.78
20130115	4.4	-3.72	0.83
20130116	0.27	-4.26	0.77
20130117	0.04	-2.44	0.68
20130118	2.99	-0.63	0.68
20130119	1.84	0.47	0.69
20130120	6.39	0.57	0.8
20130121	4.27	-0.2	1.14
20130122	1.57	0.61	1.25
20130123	0.44	0.33	1.22
20130124	0.17	-0.47	1.08
20130125	6.64	0.2	0.94
20130126	4.08	4.59	3.63
20130127	2.22	4.23	10.34
20130128	6.57	6.03	5.73
20130129	1.49	9.11	4.7
20130130	0.81	6.41	2.67
20130131	0.01	5.84	1.66
20130201	4.17	3.8	1.34
20130202	1.62	1.97	1.92
20130203	0.04	7.06	1.39
20130204	1.87	3.14	1.16
20130205	3.37	2.33	0.99
20130206	2.21	1.3	1.74
20130207	0.71	1.41	1.29
20130208	0.34	2.33	0.97
20130209	0.06	2.84	0.87
20130210	2.4	1.82	0.88
20130211	0.01	2.18	0.86
20130212	0.05	0.81	0.69
20130213	6.73	1.2	0.67
20130214	0.01	4.78	1.92
20130215	0.0	4.82	1.13
20130216	0.0	5.18	0.86
20130217	0.0	4.27	0.73
20130218	0.07	1.45	0.65
20130219	0.04	2.8	0.59
20130220	0.0	2.3	0.56
20130221	0.0	1.06	0.52
20130222	0.65	0.27	0.49
20130223	2.11	0.46	0.5
20130224	0.52	2.58	0.48
20130225	0.09	4.09	0.47
20130226	0.0	1.28	0.44
20130227	0.0	2.01	0.43
20130228	0.06	3.71	0.41
20130301	0.16	1.86	0.41
20130302	0.0	6.72	0.4
20130303	0.01	4.91	0.39
20130304	0.0	1.52	0.38
20130305	0.01	2.9	0.38
20130306	0.55	3.74	0.36
20130307	1.0	6.27	0.37
20130308	9.17	2.78	0.51
20130309	3.95	1.61	2.36
20130310	0.6	-0.81	1.12
20130311	2.62	-1.89	0.66
20130312	2.31	1.49	0.59
20130313	2.35	-0.36	0.7
20130314	0.4	3.43	0.66
20130315	2.69	4.73	0.7
20130316	3.38	4.23	0.84
20130317	24.06	2.56	3.57
20130318	2.97	1.34	9.4
20130319	1.96	2.73	3.48
20130320	0.13	-0.86	1.94
20130321	0.04	2.29	1.15
20130322	0.09	0.61	0.91
20130323	0.07	-0.01	0.74
20130324	0.02	1.37	0.64
20130325	0.98	0.6	0.57
20130326	0.46	0.44	0.55
20130327	0.57	0.45	0.52
20130328	0.23	0.67	0.48
20130329	0.41	0.09	0.46
20130330	0.02	0.12	0.44
20130331	0.0	2.62	0.41
20130401	0.08	1.52	0.39
20130402	0.01	1.82	0.38
20130403	0.0	3.39	0.36
20130404	0.03	3.88	0.36
20130405	0.01	3.14	0.34
20130406	0.0	4.81	0.33
20130407	0.11	5.07	0.34
20130408	0.01	2.16	0.34
20130409	0.0	4.67	0.33
20130410	0.0	4.39	0.32
20130411	1.39	4.28	0.32
20130412	0.03	5.86	0.33
20130413	0.22	11.27	0.29
20130414	0.32	13.27	0.28
20130415	0.4	13.03	0.26
20130416	0.48	10.28	0.25
20130417	0.05	11.49	0.25
20130418	2.11	8.37	0.25
20130419	0.0	6.95	0.26
20130420	0.0	9.41	0.23
20130421	0.18	7.75	0.24
20130422	0.0	9.57	0.28
20130423	0.0	11.63	0.29
20130424	1.65	11.02	0.3
20130425	1.84	6.23	0.33
20130426	5.35	6.66	0.33
20130427	0.69	5.2	0.37
20130428	0.07	7.21	0.34
20130429	0.0	7.52	0.3
20130430	0.0	7.97	0.28
20130501	0.0	7.23	0.27
20130502	0.0	10.67	0.27
20130503	0.01	12.04	0.27
20130504	0.0	10.83	0.27
20130505	0.0	11.73	0.26
20130506	0.0	11.81	0.25
20130507	0.0	15.63	0.25
20130508	0.23	11.36	0.25
20130509	6.4	10.45	0.28
20130510	0.64	9.46	0.3
20130511	3.13	8.66	0.29
20130512	1.67	8.65	0.28
20130513	0.36	8.15	0.26
20130514	15.14	8.71	0.27
20130515	4.01	6.28	1.31
20130516	0.64	8.91	0.61
20130517	26.53	9.74	0.57
20130518	3.38	10.29	6.58
20130519	0.87	13.25	1.89
20130520	1.24	11.0	1.02
20130521	0.0	8.43	0.78
20130522	8.44	8.05	1.02
20130523	7.08	6.34	1.7
20130524	1.75	7.14	2.6
20130525	0.0	10.81	1.2
20130526	0.0	12.39	0.76
20130527	0.42	12.15	0.61
20130528	1.33	11.26	0.53
20130529	33.95	9.4	2.79
20130530	0.39	11.94	11.33
20130531	0.01	14.22	3.11
20130601	0.08	9.85	1.49
20130602	0.0	10.58	1.0
20130603	0.0	11.88	0.76
20130604	0.04	12.66	0.63
20130605	0.0	9.71	0.57
20130606	0.0	12.66	0.51
20130607	0.0	12.88	0.46
20130608	0.01	11.47	0.42
20130609	0.0	12.6	0.4
20130610	0.0	10.9	0.38
20130611	0.71	14.8	0.37
20130612	1.94	15.6	0.36
20130613	2.22	13.27	0.37
20130614	3.24	13.64	0.35
20130615	5.67	12.7	0.37
20130616	0.0	13.62	0.38
20130617	0.0	13.9	0.3
20130618	0.0	17.35	0.28
20130619	0.0	14.69	0.26
20130620	4.32	14.97	0.27
20130621	2.78	14.67	0.32
20130622	3.26	13.35	0.3
20130623	15.55	13.4	0.85
20130624	0.35	10.76	0.65
20130625	0.0	13.82	0.37
20130626	0.0	12.15	0.31
20130627	3.97	14.59	0.29
20130628	6.23	12.15	0.46
20130629	0.0	15.03	0.38
20130630	0.01	14.51	0.3
20130701	0.46	12.14	0.26
20130702	1.61	14.83	0.26
20130703	0.0	15.07	0.26
20130704	0.0	15.13	0.24
20130705	0.0	16.77	0.22
20130706	0.0	17.9	0.21
20130707	0.0	18.2	0.2
20130708	0.0	17.16	0.19
20130709	0.0	20.48	0.19
20130710	0.0	13.61	0.19
20130711	0.0	15.5	0.19
20130712	0.0	21.14	0.18
20130713	0.01	19.5	0.17
20130714	0.0	17.62	0.17
20130715	0.0	18.39	0.16
20130716	0.0	19.27	0.15
20130717	0.0	19.0	0.15
20130718	0.0	20.81	0.14
20130719	0.0	17.99	0.14
20130720	0.0	17.03	0.15
20130721	0.0	16.84	0.15
20130722	0.27	18.47	0.15
20130723	1.37	19.95	0.15
20130724	0.32	19.82	0.15
20130725	0.89	18.42	0.14
20130726	0.0	17.33	0.15
20130727	27.53	19.19	0.2
20130728	0.51	18.23	0.98
20130729	4.3	17.19	0.33
20130730	1.44	16.95	0.25
20130731	4.74	18.35	0.22
20130801	0.0	21.37	0.22
20130802	2.54	19.34	0.18
20130803	0.03	16.89	0.16
20130804	2.89	18.96	0.15
20130805	2.77	14.18	0.18
20130806	0.0	12.31	0.17
20130807	0.0	13.68	0.14
20130808	0.29	18.23	0.14
20130809	0.0	15.38	0.13
20130810	0.99	14.94	0.13
20130811	0.96	14.46	0.13
20130812	0.67	13.79	0.14
20130813	0.0	14.82	0.13
20130814	3.78	18.92	0.12
20130815	4.06	19.25	0.16
20130816	0.08	17.48	0.18
20130817	8.01	14.83	0.19
20130818	0.02	14.37	0.23
20130819	0.0	15.16	0.14
20130820	0.01	17.05	0.13
20130821	0.14	17.0	0.12
20130822	0.11	19.25	0.12
20130823	33.65	19.03	0.57
20130824	5.43	16.31	1.43
20130825	0.02	14.95	0.57
20130826	0.0	15.87	0.31
20130827	0.0	16.84	0.23
20130828	0.0	15.18	0.19
20130829	0.0	17.31	0.17
20130830	0.0	14.0	0.16
20130831	0.0	13.36	0.14
20130901	0.0	15.6	0.14
20130902	0.0	18.1	0.13
20130903	0.0	16.66	0.13
20130904	0.0	18.68	0.13
20130905	9.66	17.33	0.13
20130906	34.81	10.97	3.81
20130907	0.04	10.79	1.53
20130908	0.01	11.75	0.57
20130909	1.3	12.05	0.37
20130910	0.44	12.15	0.3
20130911	2.7	12.7	0.29
20130912	3.26	15.36	0.29
20130913	1.08	9.76	0.31
20130914	0.62	10.25	0.3
20130915	2.13	10.33	0.28
20130916	0.0	9.91	0.26
20130917	2.45	8.36	0.24
20130918	1.59	10.54	0.22
20130919	1.68	11.58	0.24
20130920	0.0	11.73	0.22
20130921	0.0	15.69	0.19
20130922	0.0	14.79	0.17
20130923	0.01	16.72	0.17
20130924	0.0	14.57	0.17
20130925	1.04	10.21	0.18
20130926	0.38	12.6	0.18
20130927	0.0	11.82	0.17
20130928	0.01	13.76	0.16
20130929	0.0	11.77	0.15
20130930	0.0	13.11	0.15
20131001	0.03	12.65	0.15
20131002	1.48	13.69	0.15
20131003	6.47	15.18	0.19
20131004	3.75	15.03	0.28
20131005	0.0	13.26	0.24
20131006	0.0	15.77	0.18
20131007	0.0	16.61	0.16
20131008	0.0	13.4	0.15
20131009	5.24	9.44	0.14
20131010	3.68	8.79	0.2
20131011	0.72	10.62	0.24
20131012	2.87	10.3	0.21
20131013	12.4	10.41	0.52
20131014	11.14	9.87	2.77
20131015	0.33	8.08	1.95
20131016	5.9	9.05	1.44
20131017	0.0	9.68	1.21
20131018	0.38	10.79	0.69
20131019	7.25	13.03	0.8
20131020	0.68	12.59	0.96
20131021	3.38	13.56	0.69
20131022	3.26	14.52	0.76
20131023	1.53	9.85	1.02
20131024	5.57	11.13	0.75
20131025	6.69	14.21	1.91
20131026	1.54	11.73	1.65
20131027	6.0	10.82	0.96
20131028	1.53	8.7	1.78
20131029	0.01	7.83	1.06
20131030	0.02	9.18	0.68
20131031	1.8	9.33	0.57
20131101	0.04	5.37	0.54
20131102	10.41	7.34	1.77
20131103	0.04	4.38	1.79
20131104	2.66	3.68	0.9
20131105	0.18	4.87	0.79
20131106	1.4	6.28	0.72
20131107	0.08	7.17	0.66
20131108	0.04	5.05	0.56
20131109	0.56	2.99	0.5
20131110	2.21	3.69	0.44
20131111	0.22	9.41	0.45
20131112	0.0	6.9	0.45
20131113	0.21	7.04	0.41
20131114	0.0	4.05	0.4
20131115	0.0	6.95	0.36
20131116	0.0	7.88	0.35
20131117	1.66	8.19	0.34
20131118	2.86	2.82	0.49
20131119	2.36	2.22	0.47
20131120	17.7	4.27	3.54
20131121	10.09	4.99	5.4
20131122	2.68	1.53	5.03
20131123	0.93	4.23	2.33
20131124	1.18	4.39	1.45
20131125	0.01	1.89	1.23
20131126	0.08	6.17	1.01
20131127	0.07	6.22	0.85
20131128	0.1	6.02	0.73
20131129	0.1	5.09	0.68
20131130	0.0	4.66	0.59
20131201	0.0	4.87	0.53
20131202	0.0	6.13	0.5
20131203	0.03	5.68	0.48
20131204	0.03	4.8	0.44
20131205	2.02	3.83	0.44
20131206	0.18	3.03	0.42
20131207	0.05	7.68	0.4
20131208	0.16	10.02	0.4
20131209	0.0	7.59	0.38
20131210	0.0	7.36	0.36
20131211	0.0	5.0	0.35
20131212	3.3	9.68	0.35
20131213	0.46	7.68	0.41
20131214	0.3	7.68	0.38
20131215	5.37	8.97	0.37
20131216	0.06	5.85	0.54
20131217	0.2	4.16	0.44
20131218	10.68	6.26	1.3
20131219	0.07	3.81	2.21
20131220	1.32	7.27	0.97
20131221	3.17	7.11	0.92
20131222	2.2	3.35	1.1
20131223	14.99	6.74	4.2
20131224	0.29	3.77	4.61
20131225	0.01	2.35	1.63
20131226	6.38	3.54	1.13
20131227	1.78	5.96	2.46
20131228	0.19	4.43	1.48
20131229	2.15	6.11	1.01
20131230	3.13	6.48	1.53
20131231	0.81	5.55	1.33
20140101	11.02	6.7	3.54
20140102	3.13	6.86	3.79
20140103	0.78	5.44	2.68
20140104	0.31	3.43	1.6
20140105	14.57	5.74	3.74
20140106	1.12	8.12	5.87
20140107	0.48	7.69	2.29
20140108	12.69	5.97	2.77
20140109	0.29	4.66	5.92
20140110	0.01	4.55	2.5
20140111	0.0	2.38	1.6
20140112	3.81	3.54	1.38
20140113	0.44	4.15	1.62
20140114	2.73	4.24	1.25
20140115	4.18	6.91	1.72
20140116	1.24	5.62	2.64
20140117	0.41	4.92	1.81
20140118	8.05	5.98	1.43
20140119	2.17	3.49	4.79
20140120	0.18	2.53	2.21
20140121	8.61	2.89	2.3
20140122	0.79	5.03	4.21
20140123	0.42	2.37	2.07
20140124	5.64	4.85	2.13
20140125	1.45	5.32	2.47
20140126	11.43	3.71	6.44
20140127	0.66	4.28	3.15
20140128	8.65	4.66	2.79
20140129	0.41	3.58	3.86
20140130	0.5	3.15	2.15
20140131	8.62	4.09	4.55
20140201	2.0	4.06	3.32
20140202	0.02	5.36	1.94
20140203	2.37	4.56	1.5
20140204	10.82	4.92	1.86
20140205	7.79	6.17	8.22
20140206	5.5	4.84	4.79
20140207	5.63	4.95	4.15
20140208	8.62	5.94	5.83
20140209	0.17	3.94	5.08
20140210	3.73	3.58	2.35
20140211	2.49	2.62	2.69
20140212	16.25	3.49	8.93
20140213	0.81	3.64	5.22
20140214	14.45	5.11	7.14
20140215	3.11	4.1	6.95
20140216	0.01	4.45	3.34
20140217	1.84	5.49	2.26
20140218	2.04	7.59	1.97
20140219	1.64	7.94	1.77
20140220	0.41	6.68	1.65
20140221	0.48	5.52	1.33
20140222	0.01	8.04	1.13
20140223	0.51	9.34	1.01
20140224	1.55	7.78	0.93
20140225	0.0	6.63	0.9
20140226	8.06	6.29	0.78
20140227	0.02	3.55	2.0
20140228	0.01	3.51	1.09
20140301	1.11	4.85	0.9
20140302	8.49	5.49	1.68
20140303	0.06	4.8	2.12
20140304	0.0	6.29	1.14
20140305	0.21	8.18	0.94
20140306	1.67	9.76	0.83
20140307	0.04	6.45	0.78
20140308	0.0	8.97	0.71
20140309	0.0	8.9	0.65
20140310	0.0	3.82	0.59
20140311	0.01	4.55	0.57
20140312	0.0	6.84	0.55
20140313	0.0	9.51	0.52
20140314	0.0	10.36	0.5
20140315	0.0	9.16	0.47
20140316	0.0	11.28	0.46
20140317	0.01	8.76	0.44
20140318	1.04	9.31	0.45
20140319	0.0	10.22	0.41
20140320	1.19	7.1	0.43
20140321	0.4	6.02	0.41
20140322	1.56	5.01	0.41
20140323	0.69	2.78	0.39
20140324	0.14	6.45	0.39
20140325	0.2	4.02	0.36
20140326	7.41	5.07	0.44
20140327	9.06	5.62	1.14
20140328	2.67	6.94	1.0
20140329	0.0	7.57	0.78
20140330	0.0	8.48	0.6
20140331	4.43	9.04	0.53
20140401	0.07	9.37	0.66
20140402	0.05	7.61	0.55
20140403	0.58	8.5	0.5
20140404	0.17	8.44	0.45
20140405	1.53	12.91	0.43
20140406	0.51	11.57	0.44
20140407	5.5	9.73	0.49
20140408	0.0	8.86	0.5
20140409	0.14	9.74	0.41
20140410	0.13	8.61	0.38
20140411	0.26	9.27	0.36
20140412	0.01	8.36	0.35
20140413	0.0	7.96	0.33
20140414	0.0	5.62	0.31
20140415	0.0	9.09	0.3
20140416	0.0	11.96	0.29
20140417	0.0	6.0	0.29
20140418	0.0	4.53	0.28
20140419	0.0	7.23	0.28
20140420	0.0	9.33	0.28
20140421	3.7	11.45	0.28
20140422	4.0	11.0	0.43
20140423	4.67	12.49	0.36
20140424	0.09	11.12	0.37
20140425	7.15	9.23	0.43
20140426	0.25	10.26	0.55
20140427	2.29	9.62	0.4
20140428	0.04	10.44	0.38
20140429	0.03	12.9	0.34
20140430	1.74	11.56	0.31
20140501	0.77	7.25	0.32
20140502	0.0	4.18	0.29
20140503	1.42	11.21	0.26
20140504	0.0	11.79	0.27
20140505	2.86	12.89	0.27
20140506	1.48	12.27	0.3
20140507	0.13	10.69	0.26
20140508	6.52	10.7	0.26
20140509	2.25	11.15	0.37
20140510	5.69	11.61	0.41
20140511	4.76	9.6	0.57
20140512	1.55	10.19	0.55
20140513	1.78	9.33	0.39
20140514	0.0	12.05	0.34
20140515	0.0	12.16	0.29
20140516	0.0	15.47	0.27
20140517	0.0	15.81	0.25
20140518	0.0	16.7	0.24
20140519	0.02	15.66	0.22
20140520	0.22	14.69	0.21
20140521	15.12	14.22	0.21
20140522	10.47	9.82	0.76
20140523	3.24	10.24	0.98
20140524	7.67	10.69	0.75
20140525	1.67	11.53	0.66
20140526	2.38	13.49	0.45
20140527	7.47	12.56	0.45
20140528	8.86	10.28	2.14
20140529	0.12	10.11	1.9
20140530	0.0	12.49	0.85
20140531	0.0	13.21	0.59
20140601	0.11	16.69	0.46
20140602	8.84	15.93	0.46
20140603	2.11	13.8	0.63
20140604	6.71	11.67	1.31
20140605	1.1	11.11	0.9
20140606	0.0	14.99	0.54
20140607	8.3	13.93	0.74
20140608	1.89	15.41	0.67
20140609	1.12	17.02	0.49
20140610	0.18	15.86	0.39
20140611	0.0	15.77	0.31
20140612	0.0	15.98	0.26
20140613	2.71	17.09	0.27
20140614	0.06	15.2	0.27
20140615	0.0	12.15	0.25
20140616	0.02	12.74	0.23
20140617	0.0	15.85	0.23
20140618	0.0	17.01	0.23
20140619	0.0	13.84	0.23
20140620	0.0	15.01	0.22
20140621	0.0	16.52	0.2
20140622	0.0	15.51	0.2
20140623	0.03	16.45	0.19
20140624	0.09	12.2	0.18
20140625	0.0	13.62	0.19
20140626	0.0	12.48	0.19
20140627	1.79	12.11	0.2
20140628	19.07	11.7	0.23
20140629	0.09	11.88	0.88
20140630	0.0	12.81	0.35
20140701	0.0	14.15	0.25
20140702	0.05	17.88	0.21
20140703	0.0	17.46	0.2
20140704	15.61	16.52	0.23
20140705	0.56	12.79	0.64
20140706	3.63	13.21	0.36
20140707	7.07	15.79	0.29
20140708	1.37	14.24	0.62
20140709	0.0	15.25	0.36
20140710	0.01	14.47	0.26
20140711	0.0	15.92	0.23
20140712	3.38	20.46	0.2
20140713	4.26	15.13	0.33
20140714	0.12	15.61	0.26
20140715	0.0	15.59	0.2
20140716	3.16	17.16	0.19
20140717	0.01	19.08	0.2
20140718	0.56	17.39	0.17
20140719	6.6	18.3	0.22
20140720	0.1	17.66	0.23
20140721	0.0	16.95	0.19
20140722	0.0	18.19	0.16
20140723	0.0	18.0	0.15
20140724	0.0	18.13	0.15
20140725	0.0	17.83	0.14
20140726	3.22	19.51	0.13
20140727	1.09	15.01	0.17
20140728	0.0	16.44	0.14
20140729	0.0	16.54	0.13
20140730	0.17	17.23	0.12
20140731	0.01	17.24	0.12
20140801	8.17	17.67	0.18
20140802	4.22	16.13	0.26
20140803	0.0	16.08	0.22
20140804	0.0	14.43	0.15
20140805	3.34	18.74	0.13
20140806	1.67	16.15	0.17
20140807	0.0	14.51	0.15
20140808	14.83	16.6	0.23
20140809	0.25	15.89	0.42
20140810	17.06	13.47	0.61
20140811	0.13	14.87	0.65
20140812	1.99	14.96	0.29
20140813	0.43	15.39	0.22
20140814	0.99	14.33	0.18
20140815	0.3	13.37	0.17
20140816	1.21	14.17	0.15
20140817	0.38	13.96	0.15
20140818	4.36	11.9	0.15
20140819	1.13	10.23	0.22
20140820	0.08	12.61	0.17
20140821	0.98	11.7	0.15
20140822	1.31	11.31	0.15
20140823	2.06	10.04	0.2
20140824	0.07	12.45	0.18
20140825	0.01	13.77	0.16
20140826	0.0	11.48	0.14
20140827	1.22	15.41	0.13
20140828	0.11	16.93	0.13
20140829	0.37	16.06	0.13
20140830	0.0	15.07	0.12
20140831	1.75	16.53	0.12
20140901	0.05	12.23	0.13
20140902	0.0	15.9	0.13
20140903	0.0	15.35	0.12
20140904	0.0	15.52	0.12
20140905	5.04	16.63	0.12
20140906	2.56	11.23	0.18
20140907	0.02	11.9	0.17
20140908	0.0	12.27	0.14
20140909	0.0	12.72	0.12
20140910	0.0	12.97	0.12
20140911	0.0	14.27	0.12
20140912	0.0	13.99	0.11
20140913	0.0	12.46	0.11
20140914	1.0	13.84	0.11
20140915	0.85	13.92	0.13
20140916	0.02	15.54	0.14
20140917	0.37	14.83	0.13
20140918	0.23	17.55	0.13
20140919	0.25	14.14	0.13
20140920	1.05	10.17	0.13
20140921	0.01	9.27	0.13
20140922	0.0	13.34	0.13
20140923	4.74	13.65	0.13
20140924	0.08	11.46	0.14
20140925	0.0	16.38	0.13
20140926	0.06	12.91	0.12
20140927	0.0	14.19	0.11
20140928	0.0	15.54	0.11
20140929	0.22	15.28	0.11
20140930	0.29	16.76	0.11
20141001	0.0	9.63	0.11
20141002	0.0	13.04	0.1
20141003	1.31	15.08	0.11
20141004	1.16	8.33	0.11
20141005	5.15	11.36	0.12
20141006	11.21	8.39	0.37
20141007	0.11	8.24	0.29
20141008	0.81	11.09	0.18
20141009	1.4	11.28	0.16
20141010	0.89	10.9	0.14
20141011	0.76	8.38	0.14
20141012	0.0	9.87	0.13
20141013	11.55	10.25	0.13
20141014	13.38	9.15	1.81
20141015	9.59	10.92	1.33
20141016	3.43	12.41	1.43
20141017	2.49	15.2	1.05
20141018	0.0	15.79	0.76
20141019	0.3	13.23	0.47
20141020	1.63	11.26	0.34
20141021	0.0	7.92	0.29
20141022	2.09	11.12	0.25
20141023	0.15	12.63	0.24
20141024	0.0	11.02	0.22
20141025	0.09	11.55	0.2
20141026	0.1	13.3	0.19
20141027	0.0	14.81	0.19
20141028	8.31	9.54	0.25
20141029	1.54	7.53	0.39
20141030	0.03	13.88	0.33
20141031	0.0	14.91	0.29
20141101	0.5	12.62	0.25
20141102	0.45	9.72	0.23
20141103	0.0	5.42	0.23
20141104	4.14	5.78	0.22
20141105	0.76	3.94	0.26
20141106	4.96	7.88	0.24
20141107	9.22	8.86	1.34
20141108	3.78	7.65	1.33
20141109	0.04	6.77	0.83
20141110	1.79	7.41	0.54
20141111	1.94	10.65	0.49
20141112	0.94	9.09	0.59
20141113	2.61	9.94	0.55
20141114	14.79	7.08	4.0
20141115	0.02	5.47	1.84
