temperature
3.3675
3.50625
3.5575
4.04125
3.43375
3.09625
4.09625
4.24625
3.44
4.41375
4.4475
4.79
4.0525
3.5275
4.04875
3.27
3.71375
4.6725
3.73875
3.085
2.69125
3.8062500000000004
3.0675
3.52375
4.4125
4.55875
4.41625
4.43625
3.4575
3.16875
3.8274999999999997
3.5175
2.40625
3.165
3.5612500000000002
3.1975
2.8912500000000003
2.77
2.6275000000000004
3.485
2.21625
2.91875
3.68875
3.90625
4.48125
4.70625
4.51375
4.5200000000000005
3.39375
3.00875
4.15125
5.52125
6.08875
7.3950000000000005
6.60625
6.43125
5.28125
5.78
5.1825
4.78125
5.71875
4.755
4.00375
4.175
4.93875
5.36125
5.70375
6.13625
5.0475
6.16625
6.11625
6.18
7.045
7.0975
7.5737499999999995
6.78125
6.1587499999999995
6.00875
5.00875
7.135
5.98125
5.17375
6.3575
5.96875
5.96125
5.8175
5.9925
6.7125
7.5325
7.695
7.24625
7.3725
7.03125
7.75625
8.63
8.16625
7.7
8.02875
9.20125
9.09
7.5375
7.3575
7.70625
8.305
8.49625
8.02625
8.001249999999999
7.54
7.5512500000000005
8.54375
9.095
10.2575
11.575000000000001
11.065
9.84
9.46375
9.06875
9.5775
9.3175
9.7225
9.065
8.075
8.911249999999999
10.06625
11.54125
10.942499999999999
11.71875
10.3825
10.7625
10.30875
9.7075
8.9975
9.74125
9.7925
9.58625
10.6
11.43375
11.161249999999999
11.58625
10.8675
11.7425
11.97375
12.46375
12.21
11.9725
11.9225
11.8125
11.4525
12.5825
12.6225
13.22625
13.313749999999999
14.0975
13.26125
11.53375
11.47875
12.11875
12.47375
12.936250000000001
13.1525
12.91125
13.38625
13.52625
12.23875
12.35125
12.19625
13.15875
13.895
13.516250000000001
13.2
14.16
15.0775
15.17625
14.20625
13.07625
14.445
14.76125
15.39
14.91375
15.035
15.54625
15.725
16.42
15.7625
16.5675
16.26625
15.64375
14.86
14.71875
15.4525
14.95625
15.06125
14.9
14.97125
15.35875
16.53375
16.28
15.69375
16.295
16.64375
15.01875
13.8025
15.00625
15.9975
17.07125
16.83125
16.6925
16.37
16.228749999999998
14.7725
15.38875
16.85875
17.26875
16.3425
17.36375
16.802500000000002
16.28375
15.295
14.7975
15.29
14.88125
15.313749999999999
15.557500000000001
15.12625
15.245
16.175
15.6525
15.06375
15.285
15.36375
15.67875
15.68625
14.975
15.21875
14.30125
14.9475
14.79125
13.6675
14.75625
14.56125
14.95
14.59125
14.145
14.995
15.5225
14.435
15.2775
14.93
13.71625
14.46625
14.36375
14.55375
14.76375
14.39375
14.23625
12.84625
12.4125
12.84125
12.68375
10.7525
12.305
13.285
12.54625
13.3275
13.685
13.01125
12.05375
11.795
11.51125
13.09
14.311250000000001
12.57375
13.620000000000001
12.13125
12.70375
12.3375
10.44
11.5425
10.01
10.85
11.27875
10.90875
10.93125
10.95875
10.71875
11.0925
10.305
9.98625
9.15875
8.9075
9.94375
9.5075
9.60375
9.940000000000001
10.1825
9.88125
9.95
10.1325
10.22625
10.0625
8.65375
8.13125
9.4175
10.38625
8.79125
8.91125
7.72625
7.40875
5.66125
6.1587499999999995
7.6225000000000005
7.1825
6.57125
6.37
7.2787500000000005
7.3975
8.001249999999999
7.0725
7.4725
7.454285714285715
6.822857142857143
6.367142857142857
6.855714285714286
7.311428571428571
7.3914285714285715
4.75
5.01
5.234285714285714
3.5385714285714287
4.571428571428571
4.985714285714286
4.801428571428572
3.9057142857142857
2.607142857142857
1.9300000000000002
2.5
2.164285714285714
3.315714285714286
3.1885714285714286
2.5271428571428567
2.8442857142857143
4.088571428571428
3.9828571428571427
3.795714285714286
3.0271428571428567
3.2457142857142856
3.087142857142857
2.492857142857143
3.71
2.1928571428571426
1.832857142857143
2.0300000000000002
1.7742857142857142
2.4557142857142855
2.6685714285714286
3.735714285714286
4.0128571428571425
3.3514285714285714
3.6871428571428573
4.67
4.577142857142857
3.275714285714286
4.147142857142858
4.184285714285714
4.4871428571428575
