pet
0.4625
0.328
0.18
0.339
0.3735
0.336
0.35500000000000004
0.33399999999999996
0.4545
0.39249999999999996
0.3975
0.4625
0.5085
0.466
0.4365
0.453
0.31
0.3375
0.422
0.495
0.41600000000000004
0.3005
0.32
0.309
0.22349999999999998
0.39
0.23199999999999998
0.337
0.43
0.422
0.44699999999999995
0.509
0.5275000000000001
0.6035
0.634
0.658
0.5965
0.46699999999999997
0.493
0.41600000000000004
0.376
0.5235000000000001
0.3795
0.3235
0.46749999999999997
0.3915
0.41
0.4755
0.4915
0.46349999999999997
0.354
0.4125
0.5695
0.5775
0.4375
0.425
0.4835
0.5900000000000001
0.4445
0.483
0.43499999999999994
0.545
0.6785
0.757
0.8675
1.011
0.89
0.8949999999999999
0.883
0.9175000000000001
0.865
0.8484999999999999
0.8905
0.766
0.8615
0.8779999999999999
0.7015
0.784
0.9115
0.861
0.984
0.9255000000000001
0.9369999999999999
0.7769999999999999
0.906
0.8385
0.9065
1.129
1.3039999999999998
1.38
1.4131578947368422
1.0178947368421052
0.9289473684210525
1.0726315789473684
1.0494736842105263
1.2252631578947368
1.378421052631579
1.351578947368421
1.3721052631578947
1.3057894736842106
1.2942105263157895
1.2315789473684209
1.0742105263157895
1.2515789473684211
1.1721052631578948
1.3763157894736842
1.4263157894736842
1.4589473684210525
1.3568421052631578
1.5352631578947369
1.6194736842105264
1.6926315789473683
1.786842105263158
1.8078947368421054
1.7936842105263158
1.9094736842105264
1.9526315789473685
1.9078947368421053
2.0710526315789473
2.073157894736842
2.243157894736842
2.458421052631579
2.621578947368421
2.374736842105263
2.0252631578947367
2.5121052631578946
2.5363157894736843
2.2936842105263158
2.33
2.476842105263158
2.413684210526316
2.5642105263157893
2.701578947368421
2.7594736842105263
2.6826315789473685
2.634210526315789
2.459473684210526
2.230526315789474
2.524736842105263
2.9210526315789473
2.5163157894736843
2.662631578947368
3.03
3.0489473684210524
2.7463157894736843
2.5436842105263158
2.6894736842105265
2.4894736842105263
2.6126315789473686
2.6510526315789473
2.7468421052631578
2.4857894736842105
2.2289473684210526
1.928421052631579
1.8378947368421052
2.096315789473684
2.171578947368421
2.108421052631579
2.1736842105263157
2.3873684210526314
2.2489473684210526
2.0452631578947367
2.0242105263157897
2.212105263157895
2.1257894736842107
2.3247368421052634
2.5289473684210524
2.5057894736842106
2.3957894736842102
2.6489473684210525
2.495263157894737
2.194210526315789
2.1384210526315792
2.1242105263157893
2.296842105263158
2.4289473684210527
2.4921052631578946
2.3873684210526314
2.4878947368421054
2.6257894736842107
2.389473684210526
2.122105263157895
2.1426315789473684
2.434736842105263
2.4226315789473687
2.4126315789473685
2.568947368421053
2.5105263157894737
2.1489473684210525
2.106842105263158
2.303157894736842
2.2263157894736842
1.9068421052631581
2.0589473684210526
2.181052631578947
1.7921052631578946
1.9094736842105264
1.7805263157894735
2.1347368421052635
2.4278947368421053
2.3173684210526315
2.2157894736842105
2.2710526315789474
2.315263157894737
2.2057894736842107
2.2273684210526317
2.2678947368421056
2.154736842105263
2.143157894736842
2.061578947368421
2.10578947368421
2.1794736842105262
2.1757894736842105
2.243157894736842
1.8505263157894738
1.8199999999999998
1.9089473684210525
2.0757894736842104
1.6836842105263157
2.0121052631578946
1.796842105263158
1.8594736842105262
1.7626315789473685
1.8110526315789472
1.8426315789473684
1.8157894736842106
1.733157894736842
1.6278947368421053
1.6436842105263159
1.855263157894737
1.9373684210526316
1.827894736842105
1.684736842105263
1.7
1.5726315789473684
1.6105263157894738
1.5078947368421052
1.4973684210526317
1.5026315789473685
1.6694736842105264
1.4578947368421051
1.433684210526316
1.4921052631578948
1.5226315789473683
1.69
1.578421052631579
1.4810526315789474
1.3621052631578947
1.2642105263157895
1.2057894736842105
1.261578947368421
1.1852631578947368
1.3342105263157893
1.2415789473684211
1.17
1.0257894736842106
0.9536842105263158
0.94
1.0157894736842106
1.1189473684210527
1.0705263157894738
1.2321052631578948
1.4747368421052631
1.1963157894736842
1.0615789473684212
1.0863157894736843
0.9763157894736842
0.7868421052631579
0.973157894736842
0.9921052631578948
1.3021052631578947
1.3621052631578947
1.2236842105263157
1.1155000000000002
1.033
1.0859999999999999
1.0665
0.968
0.807
0.7585
0.9404999999999999
0.9465
0.71
0.877
0.8240000000000001
1.041
0.976
0.7945
0.8634999999999999
0.769
0.5974999999999999
0.605
0.5814999999999999
0.617
0.599
0.7115
0.6555
0.6835
0.5675
0.5345
0.453
0.528
0.5985
0.5425
0.637
0.579
0.564
0.4685
0.4575
0.5575
0.6025
0.43899999999999995
0.492
0.5625
0.5145000000000001
0.49850000000000005
0.4035
0.457
0.524
0.472
0.40800000000000003
0.34550000000000003
0.248
0.27999999999999997
0.3335
0.3115
0.457
0.477
0.457
0.394
0.4405
0.45599999999999996
0.507
0.579
0.5455
0.6985
0.5429999999999999
0.35150000000000003
0.301
0.2935
0.357
0.417
0.41950000000000004
0.426
0.45149999999999996
0.34700000000000003
0.359
0.32999999999999996
0.352
0.4445
0.3125
0.2815
0.19749999999999998
0.33599999999999997
0.3725
0.353
0.49350000000000005
0.5515000000000001
0.35900000000000004
0.3705
0.4415
0.44350000000000006
0.403
0.39699999999999996
0.37
