pet
0.29653846153846153
0.321923076923077
0.2569230769230769
0.26153846153846155
0.30230769230769233
0.415
0.4126923076923077
0.27576923076923077
0.27384615384615385
0.3707692307692308
0.3976923076923077
0.4019230769230769
0.35730769230769227
0.3526923076923077
0.4157692307692308
0.3330769230769231
0.3157692307692308
0.3738461538461539
0.30038461538461536
0.2403846153846154
0.32807692307692304
0.38961538461538464
0.35884615384615387
0.4238461538461538
0.3723076923076923
0.4592307692307692
0.3946153846153846
0.40230769230769237
0.27884615384615385
0.3392307692307692
0.4788461538461538
0.46076923076923076
0.4538461538461539
0.43961538461538463
0.42807692307692313
0.3396153846153846
0.3288461538461539
0.3680769230769231
0.4411538461538461
0.35461538461538467
0.3288461538461539
0.43192307692307697
0.5023076923076923
0.4119230769230769
0.5461538461538461
0.6280769230769232
0.5511538461538461
0.49
0.47923076923076924
0.6334615384615384
0.5434615384615384
0.6349999999999999
0.606923076923077
0.5946153846153847
0.5007692307692307
0.6380769230769231
0.5165384615384615
0.5261538461538462
0.4703846153846154
0.4707692307692308
0.48423076923076924
0.4165384615384615
0.4257692307692308
0.49923076923076926
0.6434615384615385
0.7142307692307692
0.7765384615384616
0.7565384615384616
0.7742307692307692
0.7634615384615385
0.7061538461538461
0.8792307692307693
0.9953846153846153
1.0642307692307693
0.9992307692307693
1.0538461538461539
0.9073076923076923
1.0069230769230768
0.9365384615384615
1.0561538461538462
1.021153846153846
1.0265384615384614
1.0765384615384617
1.1400000000000001
1.1803846153846154
1.2392307692307691
1.1653846153846155
1.2715384615384617
1.2346153846153847
1.343076923076923
1.1819230769230769
1.3357692307692306
1.2507692307692309
1.283076923076923
1.3873076923076924
1.3084615384615386
1.1807692307692308
1.4034615384615385
1.4734615384615386
1.3699999999999999
1.3369230769230769
1.3250000000000002
1.4465384615384616
1.5665384615384617
1.548846153846154
1.5023076923076923
1.5046153846153845
1.4746153846153844
1.6423076923076925
1.8265384615384617
2.0242307692307695
2.0846153846153848
2.0384615384615383
2.0300000000000002
1.8234615384615382
1.5788461538461538
1.6530769230769229
1.7149999999999999
1.7607692307692309
1.7573076923076922
1.8788461538461538
2.0323076923076924
2.065
2.2011538461538462
2.055
2.0984615384615384
2.3430769230769233
2.243076923076923
2.3249999999999997
2.4092307692307693
2.263076923076923
2.2884615384615383
2.295769230769231
2.2634615384615384
2.448846153846154
2.333846153846154
2.3407692307692307
2.1634615384615383
2.474615384615385
2.276923076923077
2.2384615384615385
2.202692307692308
2.2226923076923075
2.3096153846153844
2.4134615384615383
2.4676923076923076
2.431153846153846
2.4492307692307693
2.4873076923076924
2.5111538461538463
2.766923076923077
2.694230769230769
2.513076923076923
2.2884615384615383
2.1665384615384613
2.1603846153846153
2.273076923076923
2.401923076923077
2.268846153846154
2.3434615384615385
2.356153846153846
2.038076923076923
2.0715384615384616
1.9484615384615382
2.02
2.1169230769230767
2.2603846153846154
2.365
2.265
2.085
2.2407692307692306
2.0303846153846155
2.1342307692307694
2.1984615384615385
2.0634615384615382
2.1788461538461537
2.3026923076923076
2.1961538461538463
2.2434615384615384
2.2442307692307693
2.171923076923077
2.2592307692307694
2.2523076923076926
2.2984615384615386
2.225769230769231
2.1523076923076925
2.1753846153846155
2.0923076923076924
2.1453846153846152
2.2303846153846156
2.2715384615384617
2.1992307692307693
1.9930769230769232
1.9457692307692307
2.076923076923077
2.0953846153846154
2.2026923076923075
2.181153846153846
2.4026923076923077
2.336153846153846
2.1953846153846155
2.078076923076923
2.401923076923077
2.316923076923077
2.226153846153846
2.245
2.1819230769230766
2.0819230769230765
1.9753846153846153
1.933076923076923
1.9223076923076923
1.9903846153846154
2.0942307692307693
2.0942307692307693
2.081153846153846
1.981153846153846
2.0315384615384615
1.9469230769230768
1.7661538461538462
1.965
1.99
1.8723076923076922
1.79
1.893846153846154
2.0134615384615384
1.9134615384615385
1.713076923076923
1.75
1.6638461538461538
1.6019230769230768
1.6596153846153845
1.6411538461538462
1.5746153846153845
1.6134615384615385
1.5896153846153847
1.468076923076923
1.5634615384615385
1.3876923076923076
1.418076923076923
1.3673076923076921
1.2453846153846155
1.3023076923076924
1.4076923076923078
1.383076923076923
1.591923076923077
1.5065384615384616
1.5873076923076925
1.5799999999999998
1.3453846153846152
1.375
1.475
1.2853846153846153
1.418076923076923
1.3646153846153846
1.1811538461538462
1.2003846153846154
1.0507692307692307
1.088076923076923
1.0265384615384616
0.9665384615384615
1.0896153846153847
1.103846153846154
1.183076923076923
1.2426923076923078
1.1246153846153846
0.948076923076923
1.0223076923076924
1.0061538461538462
1.0076923076923077
0.9496153846153846
1.1311538461538462
1.0357692307692308
1.051153846153846
0.92
0.8846153846153846
0.8046153846153845
0.77
0.7903846153846155
0.7611538461538461
0.8903846153846153
0.8903846153846153
0.8426923076923077
0.816923076923077
0.72
0.7607692307692309
0.8103846153846154
0.8242307692307692
0.6476923076923077
0.7284615384615385
0.6703846153846154
0.6469230769230769
0.6723076923076923
0.625
0.7207692307692307
0.6465384615384615
0.7088461538461538
0.7646153846153846
0.6242307692307693
0.6907692307692308
0.7942307692307693
0.5946153846153845
0.5838461538461538
0.7061538461538461
0.6900000000000001
0.5953846153846154
0.5388461538461539
0.5161538461538462
0.52
0.4646153846153846
0.4623076923076923
0.46846153846153843
0.3811538461538462
0.37000000000000005
0.4688461538461538
0.4253846153846154
0.3723076923076923
0.34346153846153843
0.47692307692307695
0.5892307692307692
0.43653846153846154
0.42230769230769233
0.43499999999999994
0.3707692307692308
0.3457692307692308
0.34192307692307694
0.1853846153846154
0.31384615384615383
0.31923076923076926
0.27692307692307694
0.39
0.33615384615384614
0.31115384615384617
0.3426923076923077
0.3665384615384616
0.2980769230769231
0.3284615384615384
0.19615384615384618
0.29
0.35
0.36961538461538457
0.37884615384615383
0.3626923076923077
0.44269230769230766
0.4238461538461538
0.28615384615384615
0.31923076923076926
0.28692307692307695
0.2896153846153846
0.3057692307692308
0.37269230769230766
0.30423076923076925
0.2896153846153846
0.3211538461538461
0.29038461538461535
0.3973076923076923
0.3976923076923077
0.5007692307692307
0.37
0.2857692307692308
0.27884615384615385
0.27961538461538465
0.25653846153846155
0.375
0.4126923076923077
0.4492307692307692
