pet
0.4459090909090909
0.3686363636363636
0.34863636363636363
0.33454545454545453
0.3727272727272727
0.40772727272727277
0.38818181818181813
0.4254545454545454
0.47818181818181815
0.47590909090909095
0.3918181818181818
0.39681818181818185
0.4727272727272727
0.48045454545454547
0.5277272727272728
0.45545454545454545
0.46318181818181814
0.4977272727272727
0.5177272727272727
0.5731818181818181
0.5490909090909091
0.44499999999999995
0.45272727272727276
0.41500000000000004
0.30363636363636365
0.38863636363636367
0.3377272727272727
0.49499999999999994
0.5754545454545454
0.5331818181818182
0.5977272727272728
0.5022727272727273
0.504090909090909
0.5631818181818182
0.5995454545454545
0.7490909090909091
0.46636363636363637
0.3781818181818182
0.43409090909090914
0.41727272727272724
0.3731818181818182
0.52
0.5922727272727273
0.5072727272727273
0.5240909090909092
0.3986363636363636
0.3809090909090909
0.52
0.49318181818181817
0.5290909090909092
0.4768181818181818
0.515
0.635
0.630909090909091
0.5445454545454546
0.6013636363636364
0.615909090909091
0.7086363636363636
0.5322727272727273
0.5859090909090909
0.5072727272727273
0.5913636363636363
0.7486363636363635
0.8899999999999999
0.9618181818181818
0.9831818181818182
0.8345454545454545
0.8809090909090909
0.9395454545454545
1.0245454545454544
1.1254545454545453
1.0504545454545455
0.8672727272727272
0.7913636363636364
0.9331818181818182
0.8
0.6072727272727273
0.7059090909090909
0.6704545454545454
0.6740909090909091
0.6981818181818181
0.734090909090909
0.85
0.8745454545454546
0.9368181818181818
0.8613636363636363
0.8931818181818181
1.0563636363636364
1.27
1.3354545454545454
1.305909090909091
0.9199999999999999
0.9586363636363636
1.1209090909090909
1.2477272727272728
1.3836363636363638
1.2854545454545454
1.3395454545454546
1.4054545454545455
1.4981818181818183
1.3695454545454544
1.214090909090909
1.2527272727272727
1.4090909090909092
1.4386363636363635
1.3195454545454546
1.4018181818181819
1.4054545454545455
1.2872727272727273
1.404090909090909
1.5272727272727273
1.4418181818181817
1.6445454545454545
1.7827272727272727
1.6754545454545455
1.7409090909090907
1.8954545454545455
1.9522727272727274
1.9913636363636364
1.9649999999999999
2.170909090909091
2.0195454545454545
2.161818181818182
1.9613636363636362
1.9649999999999999
2.049545454545455
2.0290909090909093
1.9631818181818181
1.9868181818181818
2.020909090909091
2.1786363636363637
2.540909090909091
2.722272727272727
2.8427272727272728
2.6081818181818184
2.2936363636363635
2.3413636363636363
2.185
2.255909090909091
2.486818181818182
2.294090909090909
2.2845454545454547
2.598181818181818
2.5027272727272725
2.303181818181818
2.359090909090909
2.3286363636363636
2.2595454545454547
2.4068181818181817
2.645
2.6586363636363637
2.4522727272727276
2.3736363636363635
2.2068181818181816
2.265454545454545
2.1727272727272724
2.1404545454545456
2.1731818181818183
2.108181818181818
2.208636363636364
2.1072727272727274
2.166363636363636
2.1722727272727274
2.105909090909091
1.9668181818181816
2.1386363636363637
2.265909090909091
2.288181818181818
2.204090909090909
2.4745454545454546
2.347272727272727
2.1363636363636362
1.950909090909091
1.8922727272727273
2.0995454545454546
2.062272727272727
2.0890909090909093
2.105909090909091
2.088181818181818
2.0736363636363637
1.8399999999999999
1.7854545454545454
2.0663636363636364
2.188181818181818
2.2195454545454543
2.104090909090909
2.159090909090909
2.1963636363636363
2.0290909090909093
2.202272727272727
2.1686363636363635
2.2713636363636365
1.968181818181818
1.9549999999999998
1.9531818181818181
1.6145454545454547
1.710909090909091
1.6968181818181818
2.041363636363636
2.21
2.1186363636363637
1.86
2.0204545454545455
2.106818181818182
2.1254545454545455
2.1954545454545453
2.1677272727272725
2.104090909090909
2.096363636363636
2.048636363636364
2.0504545454545453
1.9009090909090909
2.084090909090909
1.9722727272727274
1.872272727272727
1.8504545454545456
1.8118181818181818
1.755909090909091
1.6836363636363636
1.6131818181818183
1.7068181818181818
1.8072727272727271
1.8604545454545454
1.6786363636363637
1.665
1.6736363636363636
1.6263636363636365
1.5559090909090907
1.6231818181818183
1.776818181818182
1.7877272727272726
1.6913636363636364
1.444090909090909
1.3968181818181817
1.3763636363636365
1.4386363636363635
1.413181818181818
1.4118181818181819
1.4936363636363637
1.6022727272727273
1.4495454545454545
1.430909090909091
1.5590909090909089
1.4768181818181818
1.5340909090909092
1.470909090909091
1.3613636363636363
1.3436363636363635
1.2218181818181817
1.31
1.259090909090909
1.3327272727272728
1.1581818181818182
1.0513636363636363
1.0577272727272726
0.9009090909090909
0.9213636363636364
0.9931818181818183
1.1604545454545454
1.0981818181818181
1.116818181818182
1.1754545454545455
1.2454545454545454
1.1463636363636363
1.1390909090909092
1.1154545454545455
0.9981818181818182
1.0463636363636364
1.065909090909091
1.0836363636363637
1.1318181818181818
1.1154545454545455
1.2172727272727273
1.0836363636363637
1.0436363636363637
0.9481818181818181
0.9345454545454547
0.855
0.7909090909090909
0.8140909090909091
0.9809090909090908
0.8968181818181818
0.7268181818181818
0.7345454545454545
0.7972727272727272
0.8827272727272727
0.9586363636363636
0.8272727272727273
0.8854545454545455
0.6577272727272727
0.7804545454545455
0.6536363636363637
0.5659090909090909
0.6636363636363636
0.6713636363636364
0.75
0.7222727272727273
0.62
0.5918181818181818
0.595
0.6372727272727272
0.6463636363636364
0.6331818181818182
0.6268181818181818
0.5604545454545454
0.5777272727272728
0.5259090909090909
0.44499999999999995
0.4531818181818182
0.5881818181818181
0.5822727272727273
0.5290909090909092
0.5636363636363636
0.43227272727272725
0.4018181818181818
0.42136363636363633
0.43454545454545457
0.39272727272727276
0.5290909090909092
0.48333333333333334
0.4809523809523809
0.41047619047619044
0.2719047619047619
0.40523809523809523
0.5785714285714286
0.4714285714285714
0.5280952380952381
0.49809523809523815
0.4633333333333334
0.3761904761904762
0.5223809523809524
0.4785714285714286
0.4904761904761905
0.6157142857142857
0.6561904761904762
0.7938095238095239
0.5147619047619048
0.34904761904761905
0.36952380952380953
0.26
0.3352380952380952
0.3538095238095238
0.4552380952380953
0.5209523809523811
0.5390476190476191
0.44476190476190475
0.4504761904761904
0.45714285714285713
0.35619047619047617
0.42523809523809525
0.33190476190476187
0.2680952380952381
0.24333333333333332
0.24857142857142855
0.32
0.27714285714285714
0.4319047619047619
0.5009523809523809
0.38904761904761903
0.2947619047619048
0.3138095238095238
0.4138095238095238
0.4519047619047619
0.4257142857142857
0.45428571428571424
