pet
0.4326923076923077
0.4603846153846154
0.44384615384615383
0.5676923076923077
0.6215384615384616
0.40846153846153843
0.4957692307692308
0.5634615384615385
0.5757692307692308
0.5957692307692308
0.4538461538461539
0.4061538461538462
0.4519230769230769
0.52
0.4653846153846154
0.45269230769230767
0.32807692307692304
0.3988461538461538
0.46615384615384614
0.5338461538461539
0.6496153846153846
0.6103846153846153
0.6280769230769232
0.5692307692307692
0.55
0.5665384615384615
0.5530769230769231
0.5615384615384615
0.5269230769230769
0.4573076923076923
0.5634615384615385
0.5403846153846155
0.5707692307692308
0.625
0.6915384615384615
0.7584615384615384
0.7526923076923077
0.6907692307692308
0.6607692307692308
0.5850000000000001
0.5753846153846154
0.6123076923076923
0.565
0.48846153846153845
0.45884615384615385
0.48653846153846153
0.5111538461538461
0.6323076923076923
0.5665384615384615
0.6080769230769231
0.6069230769230769
0.5842307692307692
0.6996153846153846
0.7573076923076923
0.6461538461538462
0.6388461538461538
0.7857692307692308
0.84
0.8673076923076923
0.8634615384615384
0.9657692307692307
0.9026923076923077
0.8934615384615385
0.9957692307692307
1.0323076923076924
1.06
1.0446153846153847
1.0296153846153846
1.1765384615384615
1.1053846153846154
1.081923076923077
1.106923076923077
1.066153846153846
1.1046153846153846
1.0742307692307693
1.186923076923077
1.206923076923077
1.1203846153846153
1.1423076923076922
1.165
1.1923076923076923
1.4226923076923077
1.421153846153846
1.3757692307692309
1.3619230769230768
1.359230769230769
1.355
1.3476923076923077
1.4092307692307693
1.5776923076923075
1.4803846153846154
1.3534615384615383
1.25
1.3273076923076923
1.3596153846153847
1.521153846153846
1.6276923076923078
1.4834615384615384
1.5907692307692307
1.7584615384615385
1.7534615384615384
1.8488461538461538
1.7853846153846153
1.7853846153846153
2.023076923076923
1.9815384615384617
1.8796153846153845
2.0126923076923076
1.9861538461538462
1.926153846153846
2.0984615384615384
2.2296153846153848
2.0596153846153844
2.055769230769231
2.0353846153846153
1.9696153846153843
2.1557692307692307
2.0796153846153844
2.1726923076923077
2.1592307692307693
2.0596153846153844
2.295
2.291153846153846
2.276923076923077
2.398846153846154
2.336153846153846
2.455
2.4303846153846154
2.458846153846154
2.4903846153846154
2.578076923076923
2.453076923076923
2.4403846153846156
2.4707692307692306
2.629230769230769
2.5326923076923076
2.417692307692308
2.5430769230769235
2.6753846153846155
2.792692307692308
2.7600000000000002
2.925
2.855769230769231
2.959230769230769
2.8726923076923074
2.891153846153846
2.7992307692307694
2.726153846153846
2.7903846153846152
2.6907692307692304
2.803076923076923
2.7169230769230768
2.5869230769230773
2.5676923076923077
2.523076923076923
2.706538461538462
2.6319230769230773
2.641153846153846
2.703076923076923
2.6965384615384616
2.5984615384615384
2.648846153846154
2.5907692307692307
2.6061538461538465
2.6584615384615384
2.696153846153846
2.9242307692307694
2.73
2.755
2.828076923076923
2.917307692307692
2.8184615384615386
2.801153846153846
2.7492307692307696
2.8442307692307693
2.871923076923077
2.991153846153846
2.8603846153846155
2.9284615384615384
2.918846153846154
2.9784615384615383
2.89
2.8065384615384614
3.0046153846153847
3.273846153846154
3.1169230769230767
3.0911538461538464
3.063076923076923
3.208076923076923
3.082307692307692
3.004230769230769
3.039615384615385
3.023076923076923
3.083846153846154
3.089230769230769
2.9584615384615387
2.8534615384615383
2.81
2.8896153846153845
3.011923076923077
2.983076923076923
2.835
2.8723076923076927
2.8376923076923077
2.713461538461538
2.918846153846154
2.9203846153846156
3.007307692307692
2.911153846153846
2.9934615384615384
3.088846153846154
2.7776923076923077
2.7434615384615384
2.9042307692307694
2.7703846153846152
2.695
2.7130769230769234
2.6180769230769227
2.4973076923076927
2.6796153846153845
2.6953846153846155
2.5615384615384613
2.6334615384615385
2.5488461538461538
2.536153846153846
2.5992307692307692
2.5953846153846154
2.5342307692307693
2.4661538461538464
2.5142307692307693
2.6092307692307695
2.5900000000000003
2.5726923076923076
2.3449999999999998
2.191538461538461
2.295769230769231
2.272692307692308
2.266923076923077
2.1507692307692308
2.2065384615384613
2.1957692307692307
2.0915384615384616
2.1015384615384614
2.1184615384615384
2.151923076923077
2.0107692307692306
2.0476923076923077
1.9034615384615385
1.9603846153846154
2.0296153846153846
2.07
1.991923076923077
1.801923076923077
1.7696153846153846
1.7615384615384615
1.6426923076923077
1.6476923076923078
1.6896153846153845
1.7146153846153847
1.68
1.7015384615384617
1.5711538461538461
1.5496153846153846
1.5026923076923078
1.5057692307692307
1.5626923076923078
1.5011538461538463
1.4526923076923077
1.4523076923076923
1.378076923076923
1.4442307692307692
1.3676923076923078
1.3746153846153848
1.2815384615384615
1.3361538461538462
1.2938461538461539
1.3046153846153847
1.1700000000000002
1.165
1.1203846153846153
1.1942307692307692
1.2796153846153848
1.169230769230769
1.1203846153846153
1.1188461538461538
0.9038461538461539
0.9515384615384614
0.9619230769230769
0.821923076923077
0.8876923076923078
0.9542307692307692
0.9138461538461538
0.8811538461538462
0.7565384615384616
0.7923076923076924
0.841923076923077
0.8280769230769232
0.8849999999999999
0.8088461538461539
0.8315384615384616
0.7438461538461538
0.8257692307692307
0.9003846153846153
0.886923076923077
0.931923076923077
0.8738461538461538
0.713076923076923
0.7126923076923077
0.6342307692307692
0.7007692307692307
0.8242307692307692
0.8038461538461538
0.7569230769230769
0.755
0.6592307692307693
0.5761538461538461
0.5357692307692308
0.5223076923076924
0.5738461538461539
0.525
0.595
0.6253846153846153
0.4776923076923077
0.46499999999999997
0.48538461538461536
0.5526923076923077
0.6465384615384615
0.5526923076923077
0.5592307692307693
0.525
0.4480769230769231
0.3723076923076923
0.4242307692307692
0.5276923076923077
0.5365384615384615
0.5969230769230769
0.5507692307692308
0.5115384615384616
0.4230769230769231
0.4288461538461539
0.49961538461538463
0.3303846153846154
0.3119230769230769
0.4019230769230769
0.42653846153846153
0.52
0.45769230769230773
0.4815384615384615
0.47807692307692307
0.4876923076923077
0.5076923076923077
0.4169230769230769
0.4807692307692308
0.5711538461538461
0.5473076923076923
0.5511538461538461
0.5384615384615384
0.5215384615384615
0.5123076923076924
0.5876923076923076
0.5726923076923077
0.6507692307692309
0.4919230769230769
0.40692307692307694
0.47115384615384615
