temperature
4.788461538461538
4.912307692307692
4.9692307692307685
5.691538461538461
5.832307692307692
5.025
5.357692307692308
5.630769230769231
5.626538461538461
5.267692307692307
4.341923076923077
3.8680769230769227
4.20423076923077
4.914230769230769
4.917692307692308
4.662307692307692
3.918846153846154
4.45
4.961923076923076
5.25
5.67
5.562307692307693
5.581153846153847
5.220384615384615
4.909230769230769
4.751538461538461
4.761923076923077
4.991153846153846
4.474230769230769
3.7492307692307696
4.273846153846154
4.539230769230769
4.933076923076923
5.1388461538461545
5.28
5.710384615384616
5.598076923076923
5.213846153846154
5.078076923076923
4.358076923076923
4.352692307692307
4.566923076923077
4.2676923076923075
3.691923076923077
3.2534615384615386
3.433076923076923
3.7961538461538464
4.365
4.029615384615385
4.206538461538462
4.1303846153846155
4.352692307692307
4.998846153846154
5.136153846153846
4.496538461538462
4.314230769230769
5.178846153846154
5.422692307692308
5.726538461538462
5.5880769230769225
5.888076923076923
5.59
5.494230769230769
5.999230769230769
6.193461538461539
6.303846153846154
6.1984615384615385
6.108461538461539
6.798461538461538
6.575769230769231
6.314615384615385
6.491923076923077
6.283461538461538
6.431538461538461
6.108461538461539
6.533076923076924
6.861923076923077
6.32923076923077
6.351923076923077
6.418846153846153
6.464615384615385
7.401153846153846
7.319999999999999
7.19923076923077
7.093846153846154
6.904615384615385
6.763846153846154
6.866923076923077
7.094615384615385
7.693076923076924
7.265384615384615
6.635
6.250384615384615
6.428461538461538
6.533461538461538
7.180000000000001
7.563076923076924
6.970384615384615
7.3465384615384615
7.818846153846153
7.97
8.29923076923077
8.022307692307692
7.978461538461539
8.881153846153847
8.767307692307693
8.358846153846155
8.774230769230769
8.694615384615386
8.507307692307693
9.192692307692308
9.667692307692308
9.063846153846153
8.928846153846154
8.930384615384614
8.527692307692307
9.349615384615385
9.13423076923077
9.49846153846154
9.553076923076922
9.01
9.632307692307693
9.736153846153847
9.712307692307693
10.170769230769231
10.022692307692306
10.37576923076923
10.346923076923076
10.453846153846154
10.618461538461538
10.953846153846154
10.625384615384615
10.671153846153846
10.82076923076923
11.339615384615383
11.004999999999999
10.659230769230769
11.122692307692308
11.554230769230768
11.97923076923077
11.993461538461538
12.543846153846154
12.400769230769232
12.748076923076923
12.478846153846153
12.549230769230771
12.339230769230769
12.209999999999999
12.439615384615385
12.201538461538462
12.602692307692308
12.957692307692307
12.82
12.775384615384617
12.708076923076923
13.33
13.168461538461539
13.28076923076923
13.524230769230769
13.539615384615384
13.313076923076922
13.508846153846154
13.395
13.465384615384616
13.667692307692308
13.92653846153846
14.713846153846154
14.200769230769232
14.31423076923077
14.567692307692308
14.931153846153846
14.641923076923076
14.661923076923076
14.554615384615385
14.908076923076923
15.10576923076923
15.52076923076923
15.192692307692308
15.478461538461538
15.5
15.73
15.493846153846155
15.253461538461538
15.91230769230769
16.805
16.417307692307695
16.348846153846154
16.302307692307693
16.838846153846156
16.513461538461538
16.341923076923077
16.536538461538463
16.526923076923076
16.75653846153846
16.809615384615384
16.47423076923077
16.208076923076923
16.118076923076924
16.43307692307692
16.83076923076923
16.789615384615384
16.35076923076923
16.503846153846155
16.444615384615386
16.128846153846155
16.79692307692308
16.841153846153848
17.12576923076923
16.892692307692307
17.207692307692305
17.566538461538464
16.61576923076923
16.531923076923075
17.080384615384613
16.673846153846153
16.521153846153847
16.62653846153846
16.311923076923076
15.947692307692307
16.564230769230768
16.69923076923077
16.285384615384615
16.548846153846153
16.287692307692307
16.331923076923076
16.59423076923077
16.620384615384616
16.456923076923076
16.20346153846154
16.418846153846154
16.804615384615385
16.73153846153846
16.741153846153846
15.99423076923077
15.49923076923077
15.845384615384615
15.829230769230769
15.838461538461539
15.415384615384616
15.639999999999999
15.637307692307692
15.300384615384615
15.357307692307693
15.292307692307693
15.342307692307692
14.84
14.968461538461538
14.50576923076923
14.668846153846154
14.974230769230768
15.10730769230769
14.857307692307693
14.21653846153846
14.136153846153848
14.096923076923076
13.696153846153846
13.681538461538462
13.832692307692307
13.904230769230768
13.844615384615386
14.006923076923076
13.532307692307691
13.458846153846155
13.220769230769232
13.260384615384615
13.499615384615385
13.266153846153847
13.088461538461539
13.044615384615385
12.81576923076923
13.011153846153848
12.71923076923077
12.77346153846154
12.206538461538461
12.319230769230769
12.197307692307692
12.146923076923077
11.603076923076923
11.683846153846153
11.365384615384615
11.703846153846154
12.055
11.541153846153845
11.428461538461537
11.248076923076923
10.317692307692308
10.53346153846154
10.538076923076924
9.74
10.068846153846154
10.419615384615385
10.283076923076923
10.133076923076922
9.443076923076923
9.767692307692307
9.795384615384616
9.896923076923077
10.095
9.735384615384616
9.565
9.305769230769231
9.500769230769231
9.903461538461539
9.802307692307693
9.915000000000001
9.55923076923077
8.72423076923077
8.635769230769231
8.023846153846154
8.566923076923077
9.296538461538463
9.070769230769232
8.66423076923077
8.74846153846154
8.358846153846155
7.688461538461539
7.4399999999999995
7.068461538461539
7.471923076923077
7.2907692307692304
7.552307692307693
7.555000000000001
6.739615384615385
6.561153846153847
6.453076923076923
6.646923076923077
7.273076923076923
7.103076923076923
6.906538461538461
6.406153846153846
5.873846153846154
5.717692307692308
5.827307692307692
6.193076923076924
6.40076923076923
7.014230769230769
6.758076923076923
6.599615384615385
6.131538461538461
6.144615384615384
6.256153846153846
4.973076923076923
4.683461538461538
5.304615384615385
5.438461538461539
6.001923076923077
5.796153846153846
5.918846153846155
6.180384615384615
6.166153846153846
5.887307692307692
5.3719230769230775
5.871538461538462
6.322692307692307
5.935384615384615
5.520769230769231
5.831153846153847
5.6534615384615385
5.663846153846153
5.783461538461538
5.408076923076924
5.660384615384615
4.994230769230769
4.555769230769231
4.855384615384616
