pet
0.3766666666666667
0.33266666666666667
0.25066666666666665
0.26133333333333336
0.25866666666666666
0.2806666666666667
0.47866666666666663
0.4706666666666667
0.38333333333333336
0.35
0.428
0.448
0.396
0.32933333333333337
0.44933333333333336
0.37
0.29
0.358
0.3686666666666667
0.2793333333333333
0.22933333333333333
0.384
0.414
0.4166666666666667
0.494
0.486
0.5126666666666666
0.602
0.4653333333333333
0.3813333333333333
0.48800000000000004
0.5233333333333333
0.5246666666666667
0.41133333333333333
0.5433333333333333
0.5973333333333333
0.38999999999999996
0.40066666666666667
0.5013333333333333
0.484
0.31933333333333336
0.2886666666666667
0.36266666666666664
0.38
0.542
0.7713333333333333
0.7886666666666666
0.866
0.5993333333333334
0.7826666666666667
0.8973333333333334
0.9573333333333333
0.9246666666666666
0.9580000000000001
0.95
0.8166666666666667
0.7746666666666666
0.7993333333333333
0.7773333333333333
0.7086666666666667
0.85
0.7293333333333333
0.6113333333333333
0.7646666666666667
0.824
0.966
1.032
1.2433333333333332
1.1786666666666668
1.2633333333333332
1.2986666666666666
1.0973333333333335
1.3666666666666667
1.5813333333333333
1.296
1.1113333333333333
1.3359999999999999
1.268
1.108
1.3726666666666667
1.1786666666666668
1.252
1.3246666666666667
1.3333333333333333
1.37
1.3366666666666667
1.536
1.63
1.796
1.5173333333333332
1.3946666666666665
1.5126666666666668
1.706
1.5866666666666667
1.7593333333333334
1.8446666666666665
1.6700000000000002
1.7906666666666666
1.956
1.838
1.7833333333333334
1.7593333333333334
1.9353333333333333
2.0653333333333332
2.07
1.9066666666666667
2.0006666666666666
2.046
2.1226666666666665
2.2126666666666663
2.3973333333333335
2.444
2.5166666666666666
2.512
2.1026666666666665
1.8233333333333335
1.8966666666666667
1.936
1.7853333333333334
2.0780000000000003
2.152
2.1646666666666667
2.146
2.2393333333333336
2.6166666666666667
2.7060000000000004
2.9166666666666665
2.8146666666666667
2.936
2.9459999999999997
2.5993333333333335
2.4106666666666663
2.4393333333333334
2.3586666666666667
2.396
2.5586666666666664
2.444666666666667
2.574
2.7693333333333334
2.710666666666667
2.874
2.9713333333333334
2.96
3.0046666666666666
3.06
2.9040000000000004
2.984
3.072
2.917333333333333
2.920666666666667
3.094
3.0140000000000002
3.064
2.731333333333333
2.478
2.2766666666666664
2.48
2.6153333333333335
2.603333333333333
2.643333333333333
2.644
2.6839999999999997
2.6353333333333335
2.655333333333333
2.7246666666666663
2.6213333333333333
2.876
3.01
2.796666666666667
2.702
2.747333333333333
2.933333333333333
2.7760000000000002
2.884666666666667
2.978
3.115333333333333
3.247333333333333
3.292
2.953333333333333
3.070666666666667
3.0226666666666664
3.162
3.094666666666667
2.991333333333333
3.1493333333333333
3.267333333333333
3.202
2.998666666666667
3.0286666666666666
3.1406666666666667
3.092
3.0473333333333334
2.981333333333333
2.8459999999999996
2.9846666666666666
2.9299999999999997
3.2733333333333334
3.3280000000000003
3.5453333333333332
3.5413333333333337
3.2013333333333334
3.016
3.1079999999999997
3.2939999999999996
3.3633333333333337
3.506
3.2239999999999998
3.1246666666666667
2.8253333333333335
2.648
2.622
2.938
3.14
2.920666666666667
2.994666666666667
2.7113333333333336
2.69
2.7886666666666664
2.7853333333333334
2.948
2.614
2.496666666666667
2.953333333333333
2.6719999999999997
2.726
2.6453333333333333
2.504
2.3873333333333333
2.4939999999999998
2.48
2.582666666666667
2.4953333333333334
2.5566666666666666
2.678
2.3040000000000003
2.3246666666666664
2.4286666666666665
2.39
2.274
2.2319999999999998
2.0953333333333335
1.8853333333333333
1.7986666666666666
1.8760000000000001
2.2079999999999997
2.1086666666666667
2.087333333333333
1.9993333333333334
1.8419999999999999
1.8986666666666667
2.0853333333333333
1.9786666666666666
2.1606666666666663
1.9613333333333332
1.7846666666666666
1.66
1.7966666666666666
1.806
1.8186666666666667
1.4926666666666668
1.5706666666666667
1.6586666666666665
1.6046666666666667
1.5493333333333335
1.6513333333333333
1.4720000000000002
1.386
1.4493333333333334
1.3506666666666667
1.4253333333333333
1.4026666666666665
1.462
1.412
1.3785714285714286
1.3692857142857144
1.3478571428571429
1.2407142857142859
1.2242857142857144
1.0171428571428571
1.0385714285714287
1.1921428571428572
1.0621428571428573
1.2892857142857144
1.037857142857143
1.055
1.0564285714285715
0.8178571428571428
0.8607142857142858
0.9285714285714286
0.8907142857142857
0.9621428571428572
0.9007142857142857
0.8778571428571429
0.8714285714285713
0.7000000000000001
0.9907142857142858
0.972857142857143
0.9078571428571428
0.8271428571428572
0.8514285714285714
0.8328571428571429
0.7428571428571429
0.8364285714285714
0.9071428571428571
0.7835714285714286
0.6435714285714286
0.6278571428571428
0.6057142857142858
0.5535714285714286
0.5385714285714286
0.355
0.42214285714285715
0.6078571428571429
0.6449999999999999
0.6528571428571429
0.6442857142857142
0.6321428571428571
0.6314285714285715
0.7385714285714285
0.5678571428571428
0.5564285714285714
0.5650000000000001
0.42357142857142854
0.4092857142857143
0.5235714285714286
0.4714285714285714
0.30142857142857143
0.30642857142857144
0.3
0.3528571428571428
0.36357142857142855
0.3457142857142857
0.2621428571428571
0.2592857142857143
0.2342857142857143
0.29214285714285715
0.1285714285714286
0.135
0.32571428571428573
0.3892857142857143
0.32
0.31214285714285717
0.26866666666666666
0.234
0.184
0.26799999999999996
0.186
0.254
0.42000000000000004
0.37266666666666665
0.34199999999999997
0.3906666666666666
0.37733333333333335
0.4066666666666666
0.6486666666666667
0.646
0.6213333333333334
0.466
0.39799999999999996
0.47
0.45666666666666667
0.34400000000000003
0.49133333333333334
0.5766666666666667
0.486
