pet
0.44875
0.38875
0.3841666666666666
0.34708333333333335
0.4070833333333333
0.3975
0.585
0.44708333333333333
0.39666666666666667
0.47291666666666665
0.5499999999999999
0.48875
0.43
0.41041666666666665
0.5066666666666667
0.44
0.33
0.44416666666666665
0.59
0.47541666666666665
0.30541666666666667
0.3695833333333333
0.4370833333333333
0.4058333333333333
0.5595833333333333
0.5083333333333334
0.6045833333333334
0.6566666666666666
0.5254166666666666
0.43416666666666665
0.6220833333333333
0.71875
0.6295833333333333
0.6304166666666667
0.7487499999999999
0.6820833333333334
0.5433333333333333
0.5904166666666667
0.66125
0.5204166666666666
0.4633333333333334
0.5766666666666667
0.5729166666666666
0.5425
0.5825
0.7975
0.7058333333333334
0.7583333333333333
0.7087500000000001
0.7591666666666667
0.8295833333333333
0.9258333333333333
0.8441666666666667
0.9512499999999999
0.79625
0.8808333333333334
0.81875
0.7758333333333334
0.75
0.6941666666666667
0.80625
0.7270833333333333
0.6445833333333334
0.7133333333333334
0.89125
1.0866666666666667
1.1345833333333333
1.3741666666666668
1.3291666666666666
1.2758333333333334
1.1425
1.0758333333333334
1.35375
1.4425
1.4708333333333332
1.43625
1.2920833333333335
1.3145833333333334
1.2691666666666668
1.36
1.2987499999999998
1.3708333333333333
1.41875
1.4962499999999999
1.4666666666666668
1.4120833333333334
1.5479166666666666
1.7041666666666666
1.8866666666666667
1.8237499999999998
1.6883333333333335
1.7491666666666665
1.8229166666666667
1.7933333333333332
1.9433333333333334
1.82625
1.5650000000000002
1.7804166666666665
1.9349999999999998
1.7725
1.7829166666666667
1.8054166666666667
1.9120833333333334
2.06875
2.06125
2.0083333333333333
2.1329166666666666
2.0154166666666664
1.852083333333333
2.172083333333333
2.484583333333333
2.59125
2.5520833333333335
2.627083333333333
2.4433333333333334
2.220833333333333
2.3354166666666667
2.1912499999999997
2.0308333333333333
2.2191666666666667
2.4291666666666667
2.4229166666666666
2.557916666666667
2.565
2.8058333333333336
2.8258333333333336
2.9745833333333334
2.904166666666667
3.1079166666666667
3.2091666666666665
2.9004166666666666
2.762083333333333
2.6233333333333335
2.5366666666666666
2.9095833333333334
3.0224999999999995
2.965
2.9895833333333335
3.1495833333333336
3.1166666666666667
3.2375000000000003
3.1624999999999996
3.27875
3.10875
3.1266666666666665
3.2025
3.2762499999999997
3.0829166666666663
3.095416666666667
2.9949999999999997
3.171666666666667
3.25125
3.202916666666667
2.9241666666666664
2.622916666666667
2.6654166666666668
2.486666666666667
2.734583333333333
2.79625
2.995416666666667
2.8333333333333335
2.905416666666667
2.8204166666666666
3.0241666666666664
2.907083333333333
3.0187500000000003
3.34125
3.3733333333333335
3.1770833333333335
3.1468000000000003
2.9707999999999997
3.0239999999999996
3.0380000000000003
3.1544
3.0787999999999998
2.9032
2.9696
3.0907999999999998
2.9224
3.0924
2.9972000000000003
3.2259999999999995
3.2607999999999997
3.0712
3.282
3.3024
3.2207999999999997
3.1448
3.0948
3.0864
3.1388
3.0388
2.9827999999999997
2.904
3.0624000000000002
3.1239999999999997
3.3668
3.4916
3.5008
3.6919999999999997
3.3251999999999997
3.0860000000000003
3.2436000000000003
3.3432
3.3396000000000003
3.3731999999999998
3.3084
3.3168
3.2163999999999997
3.1075999999999997
3.0483999999999996
3.15
3.2872000000000003
3.2428
3.312
3.06
3.156
3.2248
3.0587999999999997
3.1031999999999997
2.9495999999999998
2.7552
3.0436
2.8080000000000003
2.9816
2.9328
2.8516000000000004
2.6708
2.7656
2.7508
2.738
2.6368
2.7363999999999997
2.7976
2.6384
2.488
2.5728000000000004
2.2676
2.3052
2.2988
2.136
2.06
2.02
2.1516
2.4344
2.3884
2.3208
2.3588
2.2752
2.2212
2.206
2.3007999999999997
2.238
2.2328
2.0824000000000003
2.0147999999999997
1.9428
1.7368000000000001
1.7292
1.5672
1.7412
1.8352000000000002
1.8188
1.7404
1.8192
1.716
1.5572
1.5348
1.5144
1.6576
1.7072
1.4972
1.6203999999999998
1.485
1.4262500000000002
1.3475000000000001
1.2045833333333333
1.36
1.1479166666666667
1.1824999999999999
1.33375
1.2137499999999999
1.3933333333333333
1.2637500000000002
1.25375
1.285
1.06625
0.9754166666666667
1.0129166666666667
0.8845833333333334
0.94375
0.9379166666666666
0.9387499999999999
1.0933333333333335
0.90875
0.9991666666666666
1.0666666666666667
1.0887499999999999
0.9729166666666668
1.0254166666666666
0.9541666666666666
0.8695833333333334
0.9941666666666666
0.92125
0.82125
0.7454166666666667
0.6445833333333334
0.56375
0.5791666666666667
0.5133333333333333
0.58375
0.56625
0.6316666666666667
0.6604166666666667
0.6437499999999999
0.6433333333333333
0.5645833333333333
0.5991666666666667
0.6829166666666667
0.48625
0.4995833333333333
0.49625
0.4479166666666667
0.42333333333333334
0.43333333333333335
0.3566666666666667
0.3120833333333333
0.39916666666666667
0.34833333333333333
0.38916666666666666
0.46125
0.47541666666666665
0.4066666666666667
0.4579166666666667
0.3670833333333334
0.41874999999999996
0.26875
0.26791666666666664
0.49541666666666667
0.5120833333333333
0.36833333333333335
0.36791666666666667
0.28458333333333335
0.31916666666666665
0.2754166666666667
0.43083333333333335
0.3954166666666667
0.3720833333333333
0.38999999999999996
0.3516666666666666
0.3066666666666667
0.3016666666666667
0.34
0.3516666666666666
0.4675
0.5416666666666666
0.60125
0.5625
0.4079166666666667
0.42083333333333334
0.41958333333333336
0.25458333333333333
0.3725
0.49499999999999994
0.5683333333333334
