pet
0.5196153846153846
0.4653846153846154
0.45307692307692304
0.41923076923076924
0.5015384615384616
0.5219230769230769
0.5753846153846154
0.48923076923076925
0.49230769230769234
0.5119230769230769
0.6273076923076922
0.6326923076923077
0.5538461538461539
0.5515384615384615
0.6665384615384615
0.5869230769230769
0.5065384615384615
0.6038461538461538
0.6442307692307693
0.515
0.5442307692307693
0.4888461538461539
0.5126923076923077
0.5496153846153846
0.565
0.5215384615384615
0.5734615384615385
0.6415384615384615
0.6292307692307693
0.6215384615384616
0.6273076923076922
0.6519230769230769
0.6546153846153846
0.6023076923076923
0.6757692307692308
0.6742307692307693
0.6188461538461538
0.6276923076923077
0.6115384615384616
0.5688461538461538
0.6380769230769231
0.7123076923076923
0.6838461538461539
0.6176923076923077
0.7630769230769231
0.8238461538461539
0.7669230769230769
0.8061538461538462
0.7653846153846153
0.9015384615384614
0.9011538461538462
0.911923076923077
0.9288461538461538
0.8926923076923077
0.8184615384615385
0.8357692307692308
0.7692307692307693
0.8130769230769231
0.7461538461538461
0.7896153846153846
0.8503846153846154
0.7673076923076922
0.645
0.7553846153846154
0.9888461538461539
1.0815384615384616
1.2142307692307692
1.2411538461538463
1.2430769230769232
1.268076923076923
1.0338461538461539
1.0680769230769231
1.2923076923076924
1.4434615384615386
1.3315384615384613
1.3773076923076923
1.225
1.3092307692307692
1.3353846153846154
1.3896153846153845
1.448076923076923
1.4715384615384615
1.4530769230769232
1.6234615384615385
1.6157692307692306
1.6026923076923079
1.6207692307692307
1.5788461538461538
1.646153846153846
1.7396153846153848
1.790769230769231
1.8376923076923077
1.7261538461538461
1.695769230769231
1.8515384615384616
1.8211538461538461
1.6326923076923079
1.79
1.926923076923077
1.833076923076923
1.8800000000000001
1.9773076923076922
1.9457692307692307
2.0573076923076923
2.0153846153846153
2.0553846153846154
2.0569230769230766
1.9515384615384617
2.000384615384615
2.3046153846153845
2.6376923076923076
2.4503846153846154
2.5430769230769235
2.5523076923076924
2.361923076923077
2.175
2.288846153846154
2.2476923076923074
2.0515384615384615
2.1273076923076926
2.276923076923077
2.5473076923076925
2.543461538461538
2.415769230769231
2.501923076923077
2.4976923076923074
2.7161538461538464
2.7569230769230773
2.7365384615384616
2.9465384615384616
2.7484615384615383
2.6757692307692307
2.519230769230769
2.578076923076923
2.821923076923077
2.7642307692307693
2.7188461538461537
2.5869230769230773
2.6434615384615388
2.6284615384615386
2.8126923076923074
2.7757692307692308
2.721538461538462
2.7576923076923077
2.8473076923076923
2.9050000000000002
2.8642307692307694
2.916923076923077
3.0126923076923076
3.1665384615384613
3.016153846153846
3.1653846153846152
2.893076923076923
2.848076923076923
2.698846153846154
2.7157692307692307
2.6903846153846156
2.6242307692307696
2.6680769230769235
2.773076923076923
2.7976923076923077
2.6588461538461536
2.6773076923076924
2.6734615384615386
2.7399999999999998
2.6507692307692308
2.9273076923076924
3.0046153846153847
3.0615384615384613
2.93
2.8007692307692307
2.7284615384615383
2.7503846153846156
2.757307692307692
2.821923076923077
2.978846153846154
2.9861538461538464
2.9315384615384614
2.866923076923077
2.8638461538461537
2.936153846153846
2.9053846153846155
2.866923076923077
2.9492307692307693
2.796923076923077
2.740769230769231
2.795769230769231
2.8576923076923078
2.9438461538461542
3.0626923076923074
2.977692307692308
2.8734615384615387
2.8796153846153847
2.7492307692307696
2.954230769230769
2.9438461538461542
2.9161538461538465
2.987692307692308
3.1580769230769232
3.1538461538461537
2.915
2.8061538461538458
2.850769230769231
2.8607692307692307
2.878076923076923
3.071153846153846
2.899230769230769
2.7223076923076923
2.746923076923077
2.6403846153846158
2.5153846153846158
2.546538461538461
2.6738461538461538
2.683076923076923
2.6515384615384616
2.5326923076923076
2.6061538461538465
2.5492307692307694
2.444230769230769
2.6757692307692307
2.495769230769231
2.5250000000000004
2.605769230769231
2.4765384615384614
2.616923076923077
2.414615384615385
2.2653846153846153
2.3042307692307693
2.29
2.1923076923076925
2.2373076923076924
2.201923076923077
2.261923076923077
2.348076923076923
2.2984615384615386
2.13
2.2934615384615387
2.121153846153846
1.981153846153846
1.9392307692307693
1.8888461538461538
1.9715384615384615
1.8226923076923076
1.848076923076923
2.0926923076923076
2.055
2.086153846153846
2.12
2.059230769230769
1.9934615384615384
1.9646153846153847
1.9711538461538463
2.080769230769231
1.962307692307692
1.8434615384615385
1.708846153846154
1.643846153846154
1.6996153846153845
1.6403846153846153
1.6084615384615384
1.573846153846154
1.7273076923076922
1.7315384615384617
1.695
1.6211538461538462
1.5261538461538462
1.3526923076923079
1.3888461538461538
1.4065384615384615
1.419230769230769
1.426923076923077
1.5388461538461538
1.6088461538461538
1.3923076923076925
1.3065384615384614
1.2657692307692305
1.1707692307692308
1.2888461538461538
1.1415384615384616
1.18
1.3296153846153846
1.2076923076923076
1.3023076923076924
1.061923076923077
1.1003846153846153
1.196923076923077
1.044230769230769
1.1346153846153846
0.995
0.9299999999999999
1.0026923076923078
0.8253846153846154
0.931923076923077
0.9573076923076923
0.8715384615384616
1.0523076923076924
1.0434615384615384
1.035
1.0296153846153846
0.9980769230769231
1.0842307692307693
1.0153846153846153
1.0353846153846153
0.9865384615384615
0.8542307692307692
0.8150000000000001
0.72
0.7692307692307693
0.7634615384615385
0.6984615384615385
0.6423076923076922
0.6880769230769231
0.7023076923076922
0.7246153846153847
0.6946153846153845
0.62
0.6023076923076923
0.6342307692307693
0.6838461538461539
0.5507692307692308
0.6692307692307692
0.5957692307692308
0.5515384615384615
0.5688461538461538
0.5065384615384615
0.4730769230769231
0.4880769230769231
0.48730769230769233
0.5507692307692308
0.5403846153846155
0.543076923076923
0.5515384615384615
0.5488461538461539
0.5357692307692308
0.43076923076923074
0.45653846153846156
0.3946153846153846
0.4253846153846154
0.5019230769230769
0.581923076923077
0.49038461538461536
0.4926923076923077
0.49923076923076926
0.53
0.45269230769230767
0.5334615384615385
0.46538461538461545
0.47115384615384615
0.43961538461538463
0.4461538461538461
0.42346153846153844
0.49153846153846154
0.4257692307692308
0.5261538461538462
0.6442307692307693
0.6196153846153846
0.7419230769230769
0.6361538461538461
0.5011538461538462
0.545
0.5007692307692307
0.40538461538461534
0.628076923076923
0.588076923076923
0.5738461538461539
