temperature
6.2057692307692305
5.769230769230769
5.528846153846154
5.385
5.606153846153846
5.552692307692308
5.755
5.468461538461539
5.351538461538461
5.936923076923078
6.478076923076923
6.730769230769231
6.283461538461538
6.439615384615385
6.654230769230769
6.2907692307692304
6.0442307692307695
6.065769230769231
6.078461538461538
5.44923076923077
5.728846153846154
5.578076923076923
5.535
5.598461538461539
5.700769230769231
5.377692307692308
5.654230769230769
5.864230769230769
5.886923076923077
5.706538461538462
5.687307692307693
5.649230769230769
5.5965384615384615
5.660384615384615
6.278846153846154
6.272692307692308
5.856923076923077
5.723076923076922
5.495384615384615
5.352307692307692
5.516538461538461
5.851923076923077
6.2215384615384615
5.9034615384615385
6.154230769230769
6.473076923076923
6.277307692307692
6.511538461538462
6.376538461538461
6.808461538461539
6.780384615384615
6.8319230769230765
6.742307692307692
6.5200000000000005
6.242692307692308
6.312692307692307
6.022307692307693
5.892692307692308
5.482307692307692
5.503461538461538
5.943076923076924
5.764615384615384
5.33
5.689230769230769
6.399230769230769
6.823076923076924
7.433461538461539
7.460384615384616
7.473846153846154
7.438076923076922
6.7130769230769225
6.860769230769231
7.62
8.135769230769231
7.731153846153846
7.699999999999999
6.888461538461538
7.288076923076924
7.528076923076923
7.730769230769231
7.801923076923076
7.938846153846153
7.848076923076922
8.367692307692307
8.284615384615385
8.157307692307693
8.268846153846154
8.006153846153847
8.25153846153846
8.519615384615385
8.620000000000001
8.705384615384615
8.365
8.217307692307692
8.656153846153845
8.614615384615385
7.94423076923077
8.313846153846153
8.833846153846155
8.547307692307692
8.654230769230768
8.958846153846155
8.882692307692308
9.160384615384615
9.072307692307692
9.227307692307692
9.283846153846154
8.929615384615385
9.11923076923077
10.079230769230769
11.087307692307691
10.562307692307693
10.868846153846153
10.90230769230769
10.327692307692306
9.808076923076923
10.214615384615383
10.082692307692307
9.544230769230769
9.728076923076923
10.028461538461539
10.71923076923077
10.766153846153847
10.469615384615384
10.761153846153848
10.731153846153846
11.406538461538462
11.604615384615384
11.557692307692308
12.185384615384615
11.615
11.562692307692307
11.230384615384615
11.399615384615384
12.123076923076923
11.916153846153845
11.879615384615384
11.686923076923078
11.87076923076923
11.811538461538463
12.423846153846153
12.352692307692308
12.331538461538461
12.448461538461537
12.72269230769231
12.911538461538461
12.766538461538461
12.973461538461539
13.309615384615386
13.692307692307692
13.373461538461537
14.546153846153846
14.077692307692306
13.987307692307693
13.651153846153846
13.768076923076924
13.677692307692308
13.582692307692307
13.788846153846153
14.156153846153845
14.225384615384616
13.899999999999999
14.034230769230769
14.085769230769232
14.328846153846154
14.128846153846155
14.937692307692307
15.151538461538461
15.384615384615385
15.047692307692309
14.743076923076924
14.551538461538463
14.778461538461539
14.854615384615386
15.105384615384615
15.515384615384615
15.601923076923075
15.51423076923077
15.406153846153845
15.445769230769232
15.724615384615383
15.65846153846154
15.615
15.873076923076923
15.52730769230769
15.422692307692309
15.60153846153846
15.816538461538462
16.124615384615385
16.481923076923074
16.306153846153844
16.085384615384616
16.15153846153846
15.872692307692308
16.447692307692307
16.436923076923076
16.477307692307694
16.71769230769231
17.217692307692307
17.23923076923077
16.681153846153844
16.432307692307692
16.61423076923077
16.69423076923077
16.762307692307694
17.310769230769232
16.920384615384616
16.516538461538463
16.627307692307692
16.38923076923077
16.085
16.24269230769231
16.68769230769231
16.774615384615384
16.732307692307693
16.452692307692306
16.671538461538464
16.561923076923076
16.33653846153846
16.98730769230769
16.519615384615385
16.658461538461538
16.933846153846154
16.606923076923074
17.02
16.46153846153846
15.996923076923078
16.234615384615385
16.221923076923076
15.946923076923078
16.06846153846154
16.015
16.200769230769232
16.49346153846154
16.36653846153846
15.85153846153846
16.343846153846155
15.878076923076922
15.475384615384616
15.381923076923076
15.17576923076923
15.393846153846154
14.922307692307694
14.930769230769231
15.638076923076921
15.521923076923077
15.62923076923077
15.750384615384615
15.536923076923076
15.338461538461539
15.27
15.291153846153845
15.612307692307693
15.212307692307691
14.870384615384616
14.491538461538463
14.277692307692309
14.52076923076923
14.142692307692307
14.155000000000001
14.150769230769232
14.55423076923077
14.593076923076923
14.478076923076923
14.266538461538461
13.793461538461539
13.301153846153845
13.395
13.377692307692307
13.530384615384616
13.471538461538461
13.892692307692307
14.156538461538462
13.191153846153847
12.790000000000001
12.62423076923077
12.201538461538462
12.80423076923077
12.205384615384615
12.344615384615384
12.756538461538462
12.517307692307693
12.678461538461537
11.903076923076924
12.020384615384614
12.085769230769232
11.595384615384615
12.091923076923077
11.451923076923077
11.09153846153846
11.278461538461539
10.782692307692308
11.015384615384615
11.068846153846154
10.84
11.18923076923077
11.085769230769232
11.21653846153846
11.201153846153847
10.769615384615385
10.865384615384615
10.681153846153846
10.768076923076924
10.586538461538462
9.965769230769231
9.849230769230768
9.568846153846154
9.590769230769231
9.59423076923077
9.37346153846154
9.201153846153845
9.144615384615385
9.087692307692308
9.350384615384616
9.216923076923077
8.753846153846153
8.476153846153846
8.473846153846154
8.803846153846154
8.238846153846154
8.728461538461538
8.293076923076923
8.05
7.805384615384615
7.505769230769231
7.299230769230769
7.181153846153847
7.473461538461539
7.444615384615385
7.424230769230769
7.306923076923076
7.270769230769231
7.243846153846154
6.8876923076923084
6.353461538461539
6.398076923076923
6.432307692307693
6.466153846153846
6.746923076923077
7.095769230769231
6.767692307692308
6.687692307692307
6.947307692307692
7.031153846153846
6.66423076923077
6.940384615384615
6.548461538461538
6.663076923076924
6.396923076923077
6.135384615384615
6.193076923076924
6.321923076923077
5.9023076923076925
6.245384615384615
6.82923076923077
6.81923076923077
7.421538461538462
7.040384615384616
6.325384615384616
6.417692307692308
5.813461538461539
5.47
6.551923076923076
6.375384615384615
6.285384615384616
