pet
0.3569230769230769
0.36346153846153845
0.2965384615384616
0.39692307692307693
0.5084615384615385
0.3961538461538462
0.44846153846153847
0.49653846153846154
0.485
0.5480769230769231
0.46807692307692306
0.42461538461538456
0.4376923076923077
0.4776923076923077
0.4773076923076923
0.38692307692307687
0.33884615384615385
0.37269230769230766
0.39384615384615385
0.4523076923076923
0.5576923076923077
0.43
0.4376923076923077
0.4596153846153846
0.37115384615384617
0.36961538461538457
0.3126923076923077
0.39499999999999996
0.49230769230769234
0.43230769230769234
0.4707692307692308
0.4257692307692308
0.5096153846153846
0.5707692307692308
0.5611538461538461
0.6853846153846154
0.6388461538461538
0.5403846153846154
0.4519230769230769
0.47000000000000003
0.36961538461538457
0.37730769230769234
0.3761538461538461
0.31653846153846155
0.3453846153846154
0.33115384615384613
0.3415384615384615
0.4126923076923077
0.39499999999999996
0.41615384615384615
0.4461538461538461
0.47384615384615386
0.5588461538461538
0.6215384615384616
0.5796153846153846
0.5096153846153846
0.5034615384615384
0.6403846153846153
0.5819230769230769
0.661923076923077
0.7442307692307693
0.715
0.7726923076923077
0.925
0.9461538461538462
1.0076923076923077
0.9057692307692308
0.893076923076923
0.9984615384615385
0.9542307692307692
0.9442307692307692
0.91
0.7534615384615384
0.7496153846153847
0.8415384615384615
0.9153846153846155
0.8269230769230769
0.8184615384615385
0.7923076923076924
0.7838461538461539
0.8961538461538462
0.9196153846153846
0.9265384615384615
0.9057692307692308
0.9265384615384615
0.9626923076923077
0.9373076923076924
1.0615384615384615
1.1403846153846153
1.2265384615384616
1.2403846153846154
0.985
0.9588461538461538
1.033076923076923
1.1057692307692308
1.1634615384615385
1.0853846153846154
0.99
1.185769230769231
1.5015384615384615
1.5496153846153846
1.4846153846153847
1.3092307692307692
1.5303846153846155
1.6465384615384617
1.6688461538461539
1.5876923076923077
1.7938461538461539
1.625
1.5861538461538462
1.7284615384615383
1.838846153846154
1.7361538461538462
1.7396153846153846
1.6546153846153848
1.7553846153846153
1.731923076923077
1.6673076923076924
1.7315384615384617
1.713076923076923
1.7573076923076922
1.8707692307692307
2.102307692307692
2.145769230769231
1.9838461538461538
2.2607692307692306
2.3426923076923076
2.102692307692308
2.0907692307692307
2.1753846153846155
2.2396153846153846
2.2953846153846156
2.2184615384615385
2.23
2.309230769230769
2.1007692307692305
2.3492307692307692
2.1580769230769232
2.385
2.5519230769230767
2.4857692307692307
2.5703846153846155
2.5461538461538464
2.6796153846153845
2.701923076923077
2.62
2.444230769230769
2.4319230769230766
2.509230769230769
2.480384615384615
2.638076923076923
2.647307692307692
2.434230769230769
2.382307692307692
2.355384615384615
2.4057692307692307
2.3392307692307694
2.2334615384615386
2.357307692307692
2.2523076923076926
2.283846153846154
2.2165384615384616
2.185769230769231
2.1296153846153847
2.1126923076923076
2.27
2.4665384615384616
2.2984615384615386
2.3734615384615383
2.443846153846154
2.2184615384615385
2.213461538461538
2.2584615384615385
2.2199999999999998
2.271153846153846
2.2776923076923077
2.361923076923077
2.2607692307692306
2.316923076923077
2.3846153846153846
2.601923076923077
2.358076923076923
2.451923076923077
2.5326923076923076
2.5442307692307695
2.5015384615384617
2.643076923076923
2.7196153846153845
2.5523076923076924
2.485
2.498846153846154
2.6061538461538465
2.527307692307692
2.6123076923076924
2.4780769230769235
2.3992307692307695
2.235
2.14
2.2023076923076923
2.476923076923077
2.3176923076923077
2.2507692307692304
2.2096153846153848
2.253461538461538
2.3653846153846154
2.392692307692308
2.4426923076923077
2.462307692307692
2.3638461538461537
2.3888461538461536
2.4196153846153843
2.0984615384615384
2.2584615384615385
2.3515384615384614
2.2361538461538464
2.0303846153846155
2.1580769230769232
2.1407692307692305
1.8503846153846153
1.9965384615384614
1.8807692307692307
1.916153846153846
2.0323076923076924
1.991153846153846
2.0526923076923076
2.1415384615384614
2.1273076923076926
1.9103846153846153
1.9403846153846152
2.0015384615384617
2.058076923076923
2.1392307692307693
2.1065384615384617
1.9142307692307692
1.8615384615384616
1.896923076923077
1.7546153846153845
1.6703846153846154
1.716923076923077
1.808076923076923
1.7326923076923075
1.598076923076923
1.6773076923076924
1.666153846153846
1.7503846153846152
1.6473076923076921
1.5803846153846155
1.4273076923076924
1.4603846153846154
1.645
1.521923076923077
1.5776923076923077
1.4215384615384616
1.2446153846153847
1.2992307692307692
1.2273076923076922
1.2
1.1738461538461538
1.4473076923076924
1.4403846153846156
1.2276923076923076
1.3073076923076923
1.3069230769230769
1.3215384615384616
1.2430769230769232
1.286153846153846
1.005
0.9530769230769232
1.0469230769230768
1.0696153846153846
1.2138461538461538
1.2392307692307691
1.2842307692307693
1.115
1.196923076923077
1.126923076923077
1.0342307692307693
0.9726923076923076
0.9780769230769231
0.928076923076923
1.03
0.9865384615384615
0.8265384615384617
0.9623076923076923
0.9157692307692307
0.8088461538461539
0.7334615384615385
0.7342307692307692
0.6153846153846154
0.625
0.6592307692307693
0.7003846153846154
0.5576923076923077
0.5615384615384615
0.6873076923076924
0.7634615384615385
0.7303846153846153
0.6911538461538461
0.6234615384615385
0.66
0.655
0.6796153846153847
0.8238461538461539
0.7273076923076923
0.6911538461538461
0.7692307692307693
0.7503846153846154
0.63
0.5353846153846153
0.5273076923076924
0.7123076923076923
0.625
0.6311538461538462
0.7269230769230769
0.5565384615384615
0.4661538461538462
0.4626923076923077
0.47230769230769226
0.43884615384615383
0.36538461538461536
0.40576923076923077
0.4553846153846154
0.3373076923076923
0.295
0.45692307692307693
0.6157692307692308
0.6161538461538462
0.5061538461538462
0.6130769230769231
0.47230769230769226
0.40384615384615385
0.41461538461538466
0.3903846153846154
0.41000000000000003
0.5180769230769231
0.5953846153846154
0.5280769230769231
0.4926923076923077
0.4046153846153846
0.30846153846153845
0.24461538461538462
0.34423076923076923
0.37538461538461537
0.4407692307692308
0.43538461538461537
0.4253846153846154
0.4238461538461538
0.4180769230769231
0.45461538461538464
0.36076923076923073
0.3880769230769231
0.39269230769230773
0.3496153846153846
0.445
0.4123076923076923
0.3873076923076923
0.4165384615384615
0.49192307692307696
0.5180769230769231
0.5103846153846153
0.535
0.5738461538461539
0.49076923076923074
0.3942307692307692
0.40807692307692306
