pet
0.2928571428571428
0.32357142857142857
0.36428571428571427
0.31142857142857144
0.40857142857142853
0.43
0.43928571428571433
0.4257142857142857
0.515
0.40214285714285714
0.4514285714285714
0.5835714285714285
0.705
0.5542857142857143
0.5535714285714286
0.47428571428571425
0.3314285714285714
0.5185714285714286
0.4857142857142857
0.37857142857142856
0.38499999999999995
0.4
0.43857142857142856
0.26
0.2942857142857143
0.5285714285714286
0.5007142857142857
0.5492857142857143
0.27142857142857146
0.44785714285714284
0.5578571428571429
0.5528571428571428
0.5750000000000001
0.6978571428571428
0.5857142857142856
0.5842857142857143
0.5657142857142857
0.515
0.6042857142857143
0.5178571428571429
0.562142857142857
0.7378571428571429
0.725
0.6035714285714285
0.6557142857142857
0.71
0.545
0.5485714285714286
0.4864285714285714
0.5599999999999999
0.5092857142857142
0.62
0.5335714285714286
0.7257142857142858
0.5235714285714286
0.6157142857142857
0.5650000000000001
0.6021428571428571
0.5785714285714285
0.5135714285714286
0.515
0.65
0.5885714285714286
0.5785714285714285
0.8064285714285714
0.9942857142857143
0.9621428571428571
0.9992857142857143
0.9992857142857143
0.9542857142857143
0.8735714285714286
1.0678571428571428
1.1107142857142858
1.1535714285714285
1.422857142857143
1.3821428571428573
0.9564285714285715
1.0664285714285715
1.082142857142857
1.07
1.0335714285714286
1.2185714285714284
1.167142857142857
1.28
1.1985714285714286
1.2642857142857142
1.227857142857143
1.4007142857142856
1.4749999999999999
1.675
1.6957142857142855
1.6564285714285714
1.5078571428571428
1.6771428571428573
1.707142857142857
1.3692857142857142
1.3821428571428573
1.5142857142857142
1.6757142857142857
1.83
1.5042857142857142
1.3707142857142858
1.5007142857142857
1.7357142857142858
1.5607142857142857
1.6178571428571427
1.4914285714285713
1.3821428571428573
1.4614285714285715
1.6400000000000001
2.0664285714285713
1.98
2.037142857142857
2.255714285714286
2.057857142857143
1.8842857142857141
1.9628571428571429
2.1664285714285714
1.9992857142857143
2.0464285714285713
2.332857142857143
2.4914285714285715
2.5707142857142857
2.4899999999999998
2.242857142857143
2.4135714285714287
2.41
2.2814285714285716
2.3792857142857144
2.472857142857143
2.547857142857143
2.3228571428571425
2.301428571428571
2.562142857142857
2.732142857142857
2.475714285714286
2.4164285714285714
2.2235714285714283
2.488571428571429
2.3814285714285717
2.3742857142857146
2.539285714285714
2.562857142857143
2.515
2.597857142857143
2.662857142857143
2.6864285714285714
2.6614285714285715
2.4814285714285718
2.557857142857143
2.8757142857142854
2.7407142857142857
2.4807142857142854
2.4528571428571433
2.347142857142857
2.4450000000000003
2.755714285714286
2.767857142857143
2.6557142857142857
2.6264285714285713
2.712857142857143
2.452142857142857
2.1864285714285714
2.1635714285714287
2.2407142857142857
2.3278571428571433
2.505
2.7707142857142855
2.722857142857143
2.5614285714285714
2.4578571428571427
2.2842857142857143
2.35
2.4364285714285714
2.297857142857143
2.432857142857143
2.439285714285714
2.315
2.6078571428571427
2.531428571428571
2.0964285714285715
2.3214285714285716
2.527857142857143
2.555
2.5749999999999997
2.5549999999999997
2.4971428571428573
2.323571428571429
2.448571428571429
2.7457142857142856
2.4678571428571425
2.412857142857143
2.2564285714285712
2.4085714285714284
2.2935714285714286
2.488571428571429
2.4857142857142853
2.4814285714285718
2.3449999999999998
2.4899999999999998
2.39
2.4385714285714286
2.6685714285714286
2.4842857142857144
2.5335714285714284
2.380714285714286
2.516428571428571
2.57
2.650714285714286
2.537857142857143
2.5028571428571427
2.6835714285714287
2.5985714285714288
2.4526666666666666
2.488
2.418
2.4680000000000004
2.466
1.9946666666666666
2.2706666666666666
2.3040000000000003
2.538
2.356666666666667
2.3286666666666664
2.329333333333333
2.26
2.1559999999999997
2.296
2.292666666666667
2.1326666666666667
2.1386666666666665
2.258666666666667
1.8606666666666667
1.7446666666666668
1.712
1.9193333333333333
1.8753333333333333
1.6006666666666667
1.6046666666666667
1.7153333333333334
1.7046666666666668
1.8853333333333333
1.8533333333333333
1.6835714285714285
1.7614285714285713
1.8635714285714287
1.9592857142857143
2.130714285714286
1.9021428571428571
1.645
1.5635714285714286
1.2692857142857144
1.5535714285714286
1.8592857142857144
1.6164285714285713
1.3921428571428573
1.2585714285714287
1.2521428571428572
1.1914285714285715
1.185
1.3342857142857143
1.2964285714285713
1.5
1.5764285714285715
1.3792857142857142
1.2850000000000001
1.16
1.2207142857142856
1.2671428571428571
1.0142857142857142
1.0842857142857143
1.1321428571428571
1.1885714285714286
1.137857142857143
1.1435714285714287
0.9835714285714285
0.9971428571428572
0.8821428571428571
0.9828571428571429
1.072142857142857
1.025
1.0564285714285713
0.8607142857142858
0.9535714285714286
0.8864285714285715
0.9349999999999999
1.0514285714285714
0.9299999999999999
0.8807142857142857
0.7157142857142856
0.6514285714285714
0.6678571428571429
0.5407142857142857
0.6771428571428572
0.65
0.6
0.8042857142857143
0.775
0.6921428571428571
0.7542857142857143
0.5957142857142858
0.6321428571428571
0.6900000000000001
0.6971428571428572
0.6457142857142857
0.6178571428571429
0.7042857142857143
0.6392857142857142
0.6
0.5385714285714286
0.785
0.48142857142857143
0.37785714285714284
0.595
0.46214285714285713
0.45714285714285713
0.4421428571428571
0.38571428571428573
0.4842857142857143
0.42428571428571427
0.43857142857142856
0.32071428571428573
0.35571428571428576
0.34500000000000003
0.43714285714285717
0.3378571428571428
0.5907142857142856
0.5328571428571428
0.4321428571428571
0.5214285714285715
0.5700000000000001
0.48142857142857143
0.5407142857142857
0.6449999999999999
0.43285714285714283
0.5349999999999999
0.4471428571428571
0.4521428571428571
0.5321428571428571
0.4542857142857143
0.42714285714285716
0.3821428571428571
0.5728571428571428
0.6678571428571428
0.4135714285714286
0.38357142857142856
0.5
0.44571428571428573
0.38500000000000006
0.4757142857142857
0.3392857142857143
0.11642857142857144
0.115
0.21714285714285714
0.27071428571428574
0.3614285714285714
0.6435714285714286
0.5328571428571428
0.225
0.25142857142857145
0.1657142857142857
0.23857142857142857
0.2735714285714286
0.27714285714285714
0.27285714285714285
