temperature
5.03923076923077
4.643461538461539
4.29576923076923
4.184615384615385
4.409230769230769
4.335
4.765384615384615
4.592307692307692
4.4119230769230775
4.943461538461539
5.295
5.5649999999999995
5.133076923076923
4.981153846153846
5.285384615384615
4.9484615384615385
4.629615384615385
4.93076923076923
4.819230769230769
4.025384615384615
4.00076923076923
4.114615384615385
4.061923076923077
4.115384615384615
4.509615384615385
4.424230769230769
4.797692307692308
4.826538461538461
4.673461538461539
4.121153846153846
4.694615384615385
4.673076923076923
4.635769230769231
4.627307692307692
5.451923076923077
5.359615384615385
4.635384615384615
4.626538461538461
4.478846153846154
4.20423076923077
4.273076923076923
4.893076923076923
5.2057692307692305
4.5661538461538465
5.106538461538462
5.667307692307692
5.235384615384616
5.5976923076923075
5.289615384615384
5.738076923076923
5.9423076923076925
6.158076923076923
5.890384615384615
5.854615384615385
5.548846153846153
5.560769230769231
5.2930769230769235
5.124230769230769
4.654615384615385
4.73
4.999230769230769
4.917692307692308
4.815384615384615
4.9799999999999995
5.581538461538462
6.2907692307692304
6.772307692307693
6.976538461538461
6.96076923076923
6.723846153846154
6.519615384615384
6.053461538461538
7.1899999999999995
7.8307692307692305
7.260769230769231
7.156153846153846
6.511153846153846
6.757307692307692
6.698076923076924
7.222307692307693
6.9653846153846155
7.307307692307693
7.205384615384616
7.560769230769231
7.572307692307692
7.680384615384615
8.241153846153846
7.9799999999999995
8.284615384615385
8.207692307692309
8.275
8.30076923076923
8.319230769230769
8.015384615384615
8.246923076923077
8.15576923076923
7.453846153846154
8.00423076923077
8.434615384615386
8.096153846153847
7.892692307692308
8.143846153846154
8.568076923076923
8.685769230769232
8.75153846153846
8.635
8.961538461538462
8.641153846153845
8.754615384615384
9.551538461538462
10.57
10.501923076923077
10.638846153846155
10.873461538461537
10.165384615384616
9.55846153846154
9.71653846153846
9.694615384615386
9.201538461538462
9.86076923076923
10.243461538461538
10.474615384615383
10.595384615384615
10.523846153846154
10.787692307692309
10.825
11.680384615384614
11.781923076923077
11.72269230769231
12.255384615384616
11.817692307692308
11.586153846153847
11.485384615384616
11.431923076923077
12.171153846153846
11.977307692307694
11.97269230769231
12.024615384615384
12.348846153846154
12.37923076923077
12.54653846153846
12.556923076923077
12.681923076923077
12.634615384615385
12.994615384615384
13.362307692307693
13.194230769230769
13.102692307692308
13.27346153846154
13.596923076923076
13.717692307692307
14.978461538461538
14.507692307692308
14.263076923076921
13.855384615384615
13.921153846153846
13.790000000000001
13.766538461538461
14.159230769230769
14.759615384615385
14.643076923076924
14.518846153846154
14.074615384615385
14.663461538461538
14.760384615384615
14.706538461538461
15.553461538461537
15.603461538461538
15.59
15.367307692307692
15.084999999999999
15.053461538461537
14.930384615384614
15.45
15.405
15.85423076923077
16.102307692307694
15.633461538461539
15.885384615384615
16.176153846153845
16.053846153846152
16.168846153846154
15.953461538461537
16.18307692307692
15.88576923076923
16.08230769230769
16.258846153846154
16.380384615384614
16.57
16.824615384615385
16.56
16.35653846153846
16.307307692307692
16.10153846153846
16.69923076923077
16.70653846153846
17.181538461538462
17.138076923076923
17.75653846153846
17.93769230769231
17.022692307692306
16.98730769230769
16.988076923076925
17.252692307692307
17.15076923076923
17.825384615384614
17.415769230769232
17.153846153846153
17.058846153846154
16.838076923076922
16.67
16.890384615384615
17.228461538461538
17.137307692307694
17.168076923076924
16.911538461538463
17.068076923076923
16.90576923076923
16.834230769230768
17.482307692307693
16.978846153846153
16.971923076923076
17.355
17.040384615384617
17.20346153846154
16.856923076923074
16.568461538461538
16.50923076923077
16.512307692307694
16.361923076923077
16.384615384615383
16.31692307692308
16.523846153846154
16.866153846153846
16.48076923076923
15.909615384615384
16.66423076923077
15.973846153846154
15.65230769230769
15.400769230769232
15.284615384615384
15.265769230769232
14.951538461538462
14.910769230769231
15.751923076923077
15.629615384615384
15.792692307692308
15.711538461538462
15.39846153846154
15.093846153846155
15.305384615384614
14.926153846153845
15.73653846153846
15.071923076923078
14.637692307692307
14.342307692307692
13.971923076923076
14.338461538461539
13.831923076923077
13.789230769230768
14.085769230769232
14.203846153846154
14.220384615384615
14.155000000000001
13.981153846153846
13.593461538461538
13.243076923076924
13.187307692307693
13.311923076923078
13.416153846153845
13.363076923076923
13.558076923076923
13.812692307692307
12.873846153846156
12.272307692307692
12.172307692307694
11.70346153846154
12.20346153846154
11.538076923076924
11.632692307692308
12.327692307692306
11.995000000000001
12.413846153846153
11.538846153846153
11.507692307692308
11.46653846153846
11.103846153846153
11.275769230769232
11.131538461538462
10.372692307692308
10.58423076923077
10.343461538461538
10.378076923076922
10.540384615384616
10.20923076923077
10.646538461538462
10.496923076923078
10.646538461538462
10.499615384615385
10.154615384615385
10.207692307692307
9.90230769230769
10.041538461538462
9.92153846153846
9.320769230769232
9.115384615384615
8.779230769230768
8.441153846153846
8.653076923076922
8.394615384615385
8.210384615384616
8.013846153846155
8.202307692307691
8.73
8.380384615384616
7.8161538461538465
7.627692307692308
7.385384615384615
7.763846153846154
7.360769230769231
7.694615384615385
7.203076923076923
6.773076923076923
6.645769230769231
6.490384615384615
6.1619230769230775
5.82423076923077
6.4715384615384615
6.298461538461538
6.454615384615384
6.3015384615384615
6.255769230769231
6.01
5.702307692307692
5.2373076923076916
5.297692307692308
5.19923076923077
5.225384615384616
5.735384615384616
6.018076923076923
5.59
5.338461538461539
5.301923076923076
5.238846153846154
4.87423076923077
5.5273076923076925
5.234615384615385
5.376923076923077
5.278846153846154
5.013076923076923
4.738846153846153
4.749615384615384
4.183461538461538
4.561153846153847
5.548076923076923
5.797307692307692
6.389230769230769
6.058076923076923
5.236923076923077
5.183461538461539
4.731923076923077
4.091153846153846
4.983076923076923
5.321923076923077
5.087307692307693
