temperature
3.161538461538462
3.1665384615384613
3.0503846153846155
3.914615384615385
4.282307692307692
3.3653846153846154
3.536538461538462
3.957307692307692
3.933846153846154
3.6246153846153844
2.6515384615384616
2.0976923076923075
2.416923076923077
3.2638461538461536
3.4161538461538465
2.879230769230769
2.3515384615384614
2.7496153846153844
3.134230769230769
3.4842307692307695
3.7211538461538463
3.5957692307692306
3.5403846153846152
3.5515384615384615
3.2015384615384614
2.9242307692307694
2.773076923076923
3.0446153846153843
2.9326923076923075
2.261923076923077
2.587307692307692
2.8746153846153844
3.4342307692307696
3.730769230769231
3.5096153846153846
4.1292307692307695
3.8076923076923075
3.460384615384615
3.111923076923077
2.983076923076923
2.566923076923077
2.694230769230769
2.647692307692308
1.9126923076923075
1.531923076923077
1.6442307692307692
2.0596153846153844
2.683076923076923
2.2373076923076924
2.5034615384615386
2.4699999999999998
2.9323076923076923
3.3499999999999996
3.441923076923077
2.914615384615385
2.790769230769231
3.5565384615384614
3.726153846153846
3.8726923076923074
4.007692307692308
4.356538461538461
4.046153846153846
4.12576923076923
4.8561538461538465
5.0673076923076925
5.018461538461538
4.747692307692308
4.733461538461539
5.448076923076924
5.1376923076923084
5.101538461538462
4.976153846153846
4.726153846153846
4.799615384615385
4.671923076923077
4.801923076923076
5.124230769230769
4.6826923076923075
4.709615384615384
4.7519230769230765
4.8088461538461535
5.5600000000000005
5.525
5.515000000000001
5.365
5.14
5.086538461538462
5.6523076923076925
5.825769230769231
6.252307692307692
5.8611538461538455
5.094615384615385
4.872307692307692
5.218461538461539
5.478076923076923
5.915384615384616
5.875384615384615
5.291153846153846
5.912307692307692
6.666153846153846
7.054230769230769
6.910384615384615
6.358076923076923
6.769230769230769
7.719615384615385
7.567692307692307
7.070769230769231
7.768076923076923
7.276923076923077
7.391153846153846
7.9192307692307695
8.32576923076923
7.408461538461538
7.509615384615385
7.535384615384615
7.602692307692307
7.695769230769231
7.908461538461538
8.195384615384615
8.259615384615385
7.514230769230769
7.911538461538461
8.172307692307692
8.452692307692308
8.835
9.113846153846154
9.633461538461539
9.185384615384615
8.801538461538462
9.323076923076924
9.589230769230769
9.631538461538462
9.683076923076923
9.788461538461538
10.069230769230769
9.475384615384616
9.608461538461539
9.642307692307693
10.374615384615385
10.86576923076923
10.534230769230769
11.155384615384616
11.058846153846153
11.52
10.927307692307693
11.291153846153845
10.86576923076923
10.823846153846155
11.386923076923077
10.812692307692307
11.590384615384616
11.98923076923077
11.663076923076924
11.701923076923077
11.555
12.103076923076923
12.016153846153847
12.17923076923077
12.347307692307691
12.229615384615384
12.142692307692307
12.25076923076923
12.03
12.131923076923076
12.117307692307692
12.592307692307692
13.335384615384616
13.036923076923076
13.110000000000001
13.278076923076924
13.506923076923076
12.968846153846155
13.09
13.076923076923077
13.351923076923075
13.709615384615384
13.838461538461539
13.683846153846154
13.941923076923077
14.004999999999999
14.286538461538461
14.252692307692307
14.284615384615384
14.73
15.244615384615384
14.987692307692308
15.018076923076924
15.462307692307691
15.436538461538463
15.387307692307692
15.313461538461537
15.482692307692307
15.271153846153847
15.635
15.584999999999999
15.381538461538462
14.809615384615386
14.673846153846153
14.872692307692308
15.645
15.399999999999999
15.153846153846153
15.213076923076924
15.234230769230768
14.94076923076923
15.748461538461537
15.713846153846154
15.828846153846154
15.844615384615384
15.86923076923077
16.298461538461538
15.050384615384615
14.935384615384615
15.461538461538462
15.13076923076923
15.031923076923077
15.091153846153846
14.713076923076924
14.302307692307693
14.947692307692307
14.521923076923077
14.774230769230769
15.023076923076925
14.83423076923077
15.08
15.32076923076923
15.00923076923077
14.552307692307693
14.57346153846154
14.756153846153847
15.256153846153847
15.540384615384616
15.331538461538461
14.61153846153846
14.246923076923078
14.394615384615385
14.407307692307693
13.953076923076924
13.846538461538461
14.223846153846154
14.178846153846154
13.774999999999999
13.807692307692308
13.540384615384616
13.528076923076924
13.063076923076922
13.192692307692308
12.682307692307692
12.770384615384614
13.535384615384617
13.098461538461539
13.176923076923078
12.261153846153848
12.273076923076925
12.098461538461539
11.981923076923076
11.674230769230768
11.660769230769231
12.451923076923077
12.093076923076923
11.866153846153846
11.731923076923076
11.891923076923076
11.765384615384615
11.531923076923077
11.847307692307691
11.241538461538461
11.108846153846153
11.008461538461537
10.992307692307692
11.484615384615385
11.17
11.168076923076923
10.776538461538461
10.955769230769231
10.680769230769231
10.345
10.306923076923077
10.426923076923078
10.010384615384615
10.570384615384615
10.769615384615385
9.584615384615384
9.707692307692309
9.649230769230769
8.755384615384616
8.878461538461538
8.62346153846154
8.324615384615385
8.278846153846153
8.796153846153846
8.772692307692308
8.315384615384614
7.899230769230769
8.051538461538462
8.492307692307692
8.276153846153846
8.59423076923077
8.15076923076923
7.818461538461539
7.696923076923077
7.858461538461539
8.503846153846153
8.028461538461539
7.954615384615384
7.885384615384615
7.181538461538461
7.013461538461538
6.238076923076923
6.450384615384616
7.581153846153847
7.09
6.848461538461539
7.081153846153845
6.555384615384615
5.724230769230768
5.41423076923077
5.372692307692308
5.499230769230769
5.002692307692308
5.356153846153846
5.672692307692308
4.667692307692308
4.496153846153846
4.602692307692307
5.179230769230769
5.595
5.3319230769230765
5.358076923076923
4.554230769230769
4.217692307692308
3.790769230769231
3.626153846153846
4.098076923076923
4.711153846153846
5.502307692307692
5.245384615384615
5.165
4.485769230769231
4.031153846153846
3.955769230769231
3.332692307692308
3.236923076923077
3.6630769230769227
3.505769230769231
3.936153846153846
4.0588461538461535
4.309615384615385
4.607307692307692
4.285769230769231
3.89
3.851153846153846
4.198846153846154
4.38
4.022307692307693
3.6584615384615384
3.9423076923076925
4.134615384615385
4.140384615384615
4.2480769230769235
4.1269230769230765
4.311923076923077
3.483076923076923
3.1346153846153846
3.313076923076923
