pet
0.358
0.4028
0.316
0.41200000000000003
0.5856
0.376
0.4012
0.4792
0.47119999999999995
0.5408
0.45640000000000003
0.4188
0.4026923076923076
0.4538461538461539
0.48923076923076925
0.40076923076923077
0.31923076923076926
0.36230769230769233
0.3515384615384616
0.4165384615384615
0.5657692307692308
0.5007692307692307
0.5115384615384615
0.5096153846153846
0.43884615384615383
0.3961538461538462
0.38384615384615384
0.4465384615384615
0.5180769230769231
0.4857692307692308
0.49961538461538463
0.47269230769230763
0.4765384615384616
0.5434615384615384
0.5403846153846155
0.6699999999999999
0.6988461538461538
0.6242307692307693
0.5169230769230769
0.5334615384615385
0.4719230769230769
0.4776923076923077
0.4403846153846154
0.37423076923076926
0.36538461538461536
0.41807692307692307
0.4257692307692308
0.5146153846153847
0.4765384615384616
0.48115384615384615
0.48269230769230764
0.5757692307692308
0.6107692307692308
0.6796153846153847
0.6315384615384616
0.5734615384615385
0.6265384615384615
0.76
0.7053846153846154
0.7546153846153847
0.8634615384615384
0.8457692307692307
0.8638461538461539
1.0134615384615384
1.0084615384615385
1.0534615384615384
1.0457692307692308
0.9784615384615385
1.1907692307692308
1.0611538461538461
1.0657692307692308
1.0673076923076923
0.9646153846153847
0.9196153846153846
1.036923076923077
1.091923076923077
1.1146153846153846
1.0415384615384615
1.0519230769230767
1.0584615384615383
1.0907692307692307
1.2353846153846153
1.2115384615384615
1.1703846153846154
1.16
1.1946153846153846
1.143076923076923
1.2446153846153847
1.315
1.4703846153846152
1.466923076923077
1.2661538461538462
1.1834615384615383
1.2076923076923076
1.3365384615384615
1.355
1.3107692307692307
1.2073076923076924
1.441923076923077
1.6326923076923079
1.781923076923077
1.6642307692307694
1.493846153846154
1.6265384615384615
1.8738461538461537
1.8949999999999998
1.7015384615384617
1.9311538461538462
1.8653846153846154
1.8123076923076922
2.001923076923077
2.128846153846154
1.8299999999999998
1.8299999999999998
1.8880769230769232
1.9242307692307692
1.8376923076923077
1.893076923076923
1.9676923076923079
1.9984615384615385
1.9430769230769231
2.0634615384615382
2.16
2.27
2.253461538461538
2.4280769230769232
2.6015384615384614
2.4323076923076923
2.316153846153846
2.4619230769230773
2.4315384615384614
2.490769230769231
2.3865384615384615
2.419230769230769
2.5096153846153846
2.4196153846153843
2.5026923076923073
2.373076923076923
2.6623076923076923
2.8257692307692306
2.6365384615384615
2.833076923076923
2.7161538461538464
2.8126923076923074
2.786153846153846
2.8123076923076926
2.573846153846154
2.6588461538461536
2.621923076923077
2.601923076923077
2.7873076923076923
2.775384615384615
2.5153846153846158
2.538846153846154
2.5446153846153843
2.7069230769230765
2.6092307692307695
2.524230769230769
2.6965384615384616
2.4976923076923074
2.558076923076923
2.5615384615384613
2.5007692307692304
2.5969230769230767
2.523076923076923
2.5215384615384617
2.730384615384615
2.6538461538461537
2.6619230769230766
2.769615384615385
2.73
2.585
2.6265384615384617
2.5765384615384614
2.638076923076923
2.724615384615385
2.799615384615385
2.710769230769231
2.6884615384615387
2.6865384615384613
2.8834615384615385
2.7507692307692304
2.7119230769230773
2.8134615384615387
2.9915384615384615
2.926153846153846
2.980384615384615
3.0926923076923076
2.9946153846153845
2.9703846153846154
2.8703846153846153
3.023846153846154
2.831538461538462
3.053076923076923
2.973076923076923
2.8903846153846158
2.7653846153846158
2.6588461538461536
2.689230769230769
2.938076923076923
2.774230769230769
2.7119230769230773
2.7615384615384615
2.7603846153846154
2.6630769230769227
2.8042307692307693
2.8442307692307693
3.008076923076923
2.8607692307692307
2.9661538461538464
3.0788461538461536
2.7199999999999998
2.6703846153846156
2.819230769230769
2.7396153846153846
2.6315384615384616
2.647692307692308
2.556923076923077
2.3830769230769233
2.4680769230769233
2.3846153846153846
2.4265384615384615
2.579230769230769
2.4738461538461536
2.6061538461538465
2.6846153846153844
2.6030769230769235
2.4288461538461537
2.332692307692308
2.4434615384615386
2.5715384615384616
2.582692307692308
2.5523076923076924
2.2876923076923075
2.1784615384615384
2.2115384615384617
2.181153846153846
2.077692307692308
2.0719230769230768
2.171923076923077
2.1726923076923077
2.001923076923077
2.0115384615384615
1.9965384615384616
2.0615384615384618
1.9365384615384615
1.871923076923077
1.7392307692307691
1.7407692307692306
1.9223076923076925
1.8273076923076923
1.933846153846154
1.7226923076923077
1.598076923076923
1.580769230769231
1.506153846153846
1.5138461538461538
1.4661538461538464
1.7046153846153846
1.6165384615384615
1.481153846153846
1.4196153846153847
1.498076923076923
1.5499999999999998
1.3496153846153847
1.5007692307692306
1.2526923076923078
1.2176923076923076
1.2465384615384614
1.2
1.3115384615384615
1.2934615384615387
1.335
1.2223076923076923
1.3107692307692307
1.2173076923076922
1.083846153846154
1.1392307692307693
1.1519230769230768
1.0265384615384616
1.1811538461538462
1.1984615384615385
0.9615384615384616
1.011153846153846
1.028076923076923
0.8115384615384615
0.8026923076923077
0.8538461538461538
0.7146153846153845
0.6973076923076923
0.8207692307692308
0.8607692307692307
0.7346153846153847
0.716923076923077
0.7542307692307693
0.8407692307692307
0.8161538461538461
0.8049999999999999
0.7426923076923077
0.72
0.6784615384615384
0.6496153846153846
0.7892307692307692
0.7676923076923077
0.7461538461538461
0.795
0.7630769230769231
0.7280769230769231
0.573076923076923
0.5403846153846155
0.7426923076923077
0.5907692307692307
0.6057692307692307
0.658076923076923
0.5042307692307693
0.4792307692307692
0.47307692307692306
0.5034615384615384
0.47961538461538467
0.3873076923076923
0.4376923076923077
0.5146153846153846
0.4042307692307692
0.3246153846153846
0.4096153846153846
0.5992000000000001
0.5804
0.4472
0.5592
0.4132
0.3356
0.3124
0.294
0.3796
0.4832
0.5444
0.5392
0.506
0.36719999999999997
0.3104
0.2948
0.3356
0.298
0.3788
0.3896
0.392
0.374
0.3992
0.42480000000000007
0.3204
0.3804
0.3368
0.3864
0.4532
0.45840000000000003
0.43560000000000004
0.456
0.5028
0.4888
0.5212
0.5628
0.6216
0.5064
0.3768
0.426
