pet
0.4719230769230769
0.44730769230769235
0.4115384615384615
0.38769230769230767
0.43538461538461537
0.44384615384615383
0.5896153846153847
0.46846153846153843
0.45615384615384613
0.5484615384615384
0.6207692307692307
0.5869230769230769
0.5111538461538462
0.4896153846153846
0.5742307692307692
0.5315384615384615
0.44999999999999996
0.556923076923077
0.6192307692307693
0.475
0.3680769230769231
0.44346153846153846
0.46692307692307694
0.5226923076923077
0.5784615384615385
0.5738461538461539
0.6473076923076924
0.6907692307692308
0.5892307692307692
0.5773076923076923
0.698076923076923
0.7184615384615385
0.6950000000000001
0.67
0.7669230769230769
0.7446153846153846
0.5923076923076923
0.6499999999999999
0.7226923076923076
0.6161538461538462
0.5526923076923077
0.7153846153846154
0.753076923076923
0.5865384615384616
0.705
0.8453846153846154
0.7599999999999999
0.8457692307692308
0.7603846153846153
0.8650000000000001
0.926923076923077
1.0030769230769232
0.9476923076923077
0.9730769230769231
0.8350000000000001
0.9496153846153846
0.8346153846153845
0.8053846153846153
0.7661538461538461
0.7838461538461539
0.8565384615384615
0.7584615384615384
0.6711538461538461
0.7834615384615385
1.0092307692307692
1.1492307692307693
1.1707692307692308
1.3219230769230768
1.2665384615384616
1.258076923076923
1.143076923076923
1.1261538461538463
1.4107692307692308
1.5326923076923078
1.4953846153846155
1.4946153846153847
1.2788461538461537
1.334230769230769
1.2888461538461538
1.3476923076923077
1.3434615384615385
1.4026923076923077
1.478846153846154
1.5184615384615383
1.5607692307692307
1.4896153846153846
1.616923076923077
1.6907692307692308
1.775
1.8046153846153847
1.7188461538461537
1.7238461538461538
1.8134615384615385
1.7111538461538462
1.8376923076923077
1.7692307692307692
1.5003846153846152
1.7661538461538462
1.8323076923076924
1.709230769230769
1.7738461538461539
1.712307692307692
1.8915384615384616
1.978076923076923
1.9465384615384616
1.9249999999999998
2.011923076923077
1.886923076923077
1.845
2.1276923076923078
2.3923076923076922
2.477307692307692
2.417307692307692
2.513076923076923
2.3430769230769233
2.145769230769231
2.2146153846153847
2.163076923076923
2.1226923076923074
2.275384615384615
2.438076923076923
2.4765384615384614
2.5761538461538462
2.582307692307692
2.6153846153846154
2.511153846153846
2.8207692307692307
2.75
2.8442307692307693
2.9661538461538464
2.683846153846154
2.6884615384615387
2.688076923076923
2.5992307692307692
2.9203846153846156
2.8753846153846156
2.7953846153846156
2.858846153846154
2.9584615384615387
2.854230769230769
2.9384615384615387
2.875
2.9196153846153843
2.843461538461538
3.0096153846153846
3.036153846153846
3.100769230769231
3.0034615384615386
3.0165384615384614
3.0473076923076925
3.2007692307692306
3.3334615384615387
3.0492307692307694
2.803846153846154
2.6834615384615383
2.7684615384615388
2.674615384615385
2.773076923076923
2.7830769230769232
2.925
2.8850000000000002
2.8076923076923075
2.733076923076923
2.7992307692307694
2.8
2.825
3.1500000000000004
3.0876923076923077
3.1511538461538464
2.9719230769230767
2.8684615384615384
2.8023076923076924
2.8473076923076923
2.9915384615384615
2.9153846153846152
2.953076923076923
3.160769230769231
2.8853846153846154
2.9269230769230767
3.0446153846153843
2.9569230769230765
3.0961538461538463
3.148076923076923
3.0696153846153846
3.027307692307692
3.1811538461538467
3.0646153846153847
3.0461538461538464
3.0576923076923075
3.0865384615384617
3.0730769230769233
2.991153846153846
2.924615384615385
2.7119230769230773
2.921923076923077
3.052692307692308
3.1134615384615385
3.108461538461538
3.406538461538461
3.352307692307692
3.045
2.8196153846153846
3.066153846153846
3.1923076923076925
2.9919230769230767
3.2253846153846153
3.006153846153846
3.0157692307692305
2.9192307692307695
2.9030769230769233
2.7761538461538464
2.7965384615384616
2.9080769230769232
2.921923076923077
2.930769230769231
2.8084615384615383
2.7284615384615383
2.833076923076923
2.686923076923077
2.8426923076923076
2.803846153846154
2.593461538461538
2.8646153846153846
2.710769230769231
2.7157692307692307
2.7026923076923075
2.437692307692308
2.507307692307692
2.4553846153846157
2.457692307692308
2.462307692307692
2.4061538461538463
2.393076923076923
2.5111538461538463
2.3826923076923077
2.121153846153846
2.286153846153846
2.0715384615384616
2.086923076923077
1.9992307692307694
1.8661538461538463
1.9523076923076923
1.8484615384615386
1.9084615384615384
2.291153846153846
2.04
2.2226923076923075
2.207692307692308
2.073846153846154
2.0303846153846155
2.06
1.9746153846153847
2.1173076923076923
2.0065384615384616
1.866153846153846
1.7538461538461538
1.6623076923076923
1.7496153846153848
1.5638461538461539
1.5773076923076923
1.638076923076923
1.661923076923077
1.6126923076923076
1.6473076923076921
1.5799999999999998
1.5153846153846153
1.4576923076923076
1.5169230769230768
1.4461538461538461
1.4726923076923077
1.5973076923076923
1.4949999999999999
1.5915384615384616
1.396153846153846
1.3134615384615385
1.2373076923076924
1.221923076923077
1.294230769230769
1.116923076923077
1.2096153846153845
1.3761538461538463
1.1915384615384617
1.3126923076923078
1.1257692307692309
1.1646153846153846
1.1996153846153847
1.093846153846154
1.025
1.041923076923077
0.8519230769230769
0.9646153846153847
0.9426923076923076
0.9326923076923077
1.0084615384615385
0.9203846153846154
0.9838461538461538
1.0703846153846153
1.033076923076923
0.9434615384615385
1.0565384615384614
0.9834615384615385
0.9111538461538462
1.0188461538461537
0.9184615384615384
0.8592307692307692
0.8596153846153847
0.7461538461538463
0.7180769230769231
0.7480769230769231
0.6726923076923078
0.6188461538461538
0.6123076923076923
0.63
0.6965384615384616
0.6696153846153846
0.6630769230769231
0.6019230769230769
0.6080769230769231
0.7646153846153846
0.5792307692307692
0.6311538461538462
0.5703846153846154
0.5023076923076923
0.46576923076923077
0.47384615384615386
0.3765384615384615
0.4242307692307693
0.4276923076923077
0.42192307692307696
0.5576923076923077
0.5246153846153846
0.5226923076923077
0.5015384615384615
0.5323076923076923
0.4553846153846154
0.49038461538461536
0.37730769230769234
0.4096153846153846
0.5607692307692308
0.5611538461538461
0.48730769230769233
0.4765384615384616
0.4184615384615385
0.43076923076923074
0.3584615384615385
0.4653846153846154
0.39076923076923076
0.4326923076923077
0.43230769230769234
0.4592307692307692
0.34730769230769226
0.3565384615384615
0.37307692307692303
0.4288461538461539
0.5565384615384615
0.578076923076923
0.6711538461538461
0.6034615384615385
0.48846153846153845
0.4580769230769231
0.43615384615384617
0.36153846153846153
0.5165384615384615
0.5884615384615385
0.6103846153846154
