pet
0.34884615384615386
0.3096153846153846
0.2703846153846154
0.37153846153846154
0.495
0.4215384615384616
0.4565384615384615
0.49346153846153845
0.49653846153846154
0.5465384615384615
0.4888461538461538
0.4230769230769231
0.4603846153846154
0.4776923076923077
0.49192307692307696
0.38038461538461543
0.33807692307692305
0.37730769230769234
0.39115384615384613
0.4776923076923077
0.5873076923076923
0.46499999999999997
0.44692307692307687
0.43538461538461537
0.3565384615384615
0.38769230769230767
0.3426923076923077
0.38884615384615384
0.5123076923076924
0.44730769230769235
0.4634615384615384
0.4407692307692308
0.5846153846153845
0.6223076923076923
0.5857692307692308
0.7261538461538461
0.6826923076923077
0.5507692307692308
0.4673076923076923
0.5126923076923077
0.43615384615384617
0.44846153846153847
0.4119230769230769
0.3719230769230769
0.40499999999999997
0.385
0.41192307692307695
0.48307692307692307
0.475
0.49346153846153845
0.5234615384615384
0.5557692307692308
0.6365384615384616
0.6876923076923076
0.6146153846153847
0.5619230769230769
0.5807692307692307
0.7265384615384616
0.6611538461538462
0.7411538461538462
0.7938461538461539
0.7757692307692309
0.8769230769230769
1.0192307692307692
1.061923076923077
1.1203846153846153
0.9903846153846154
0.9930769230769231
1.0996153846153847
1.0192307692307692
1.0507692307692307
1.0342307692307693
0.8892307692307693
0.8523076923076923
0.9607692307692308
1.0457692307692308
0.9219230769230768
0.9438461538461538
0.8888461538461538
0.9830769230769231
1.0453846153846154
1.0592307692307692
1.0623076923076924
1.0896153846153847
1.0457692307692308
1.080769230769231
1.0634615384615385
1.2023076923076923
1.294230769230769
1.360769230769231
1.3715384615384614
1.1134615384615385
1.0542307692307693
1.1515384615384616
1.2538461538461538
1.3276923076923077
1.166153846153846
1.0884615384615386
1.3226923076923076
1.616153846153846
1.7061538461538461
1.595
1.456923076923077
1.6646153846153846
1.7411538461538463
1.698076923076923
1.655
1.8796153846153845
1.7376923076923076
1.7115384615384615
1.7826923076923078
1.8496153846153847
1.7692307692307692
1.76
1.7019230769230769
1.776923076923077
1.7584615384615385
1.7449999999999999
1.8234615384615382
1.866153846153846
1.8657692307692306
1.875
2.038846153846154
2.1376923076923076
1.9465384615384616
2.165769230769231
2.2742307692307695
2.18
2.1580769230769232
2.181153846153846
2.1834615384615383
2.2857692307692306
2.1546153846153846
2.1415384615384614
2.253076923076923
2.183076923076923
2.3715384615384614
2.2642307692307693
2.330769230769231
2.507307692307692
2.4253846153846155
2.5069230769230773
2.4796153846153848
2.558846153846154
2.6034615384615383
2.6500000000000004
2.4426923076923077
2.454230769230769
2.5311538461538463
2.505
2.6738461538461538
2.6742307692307694
2.473076923076923
2.3546153846153848
2.38
2.5234615384615386
2.4103846153846153
2.358846153846154
2.4076923076923076
2.346923076923077
2.3449999999999998
2.3434615384615385
2.2934615384615387
2.273846153846154
2.3153846153846156
2.3623076923076924
2.5373076923076923
2.453076923076923
2.5657692307692304
2.5907692307692307
2.3765384615384617
2.2826923076923076
2.3576923076923078
2.315769230769231
2.3907692307692305
2.5330769230769232
2.5115384615384615
2.3838461538461537
2.4765384615384614
2.4765384615384614
2.615769230769231
2.575
2.6511538461538464
2.670769230769231
2.6603846153846153
2.6653846153846152
2.813076923076923
2.814230769230769
2.696153846153846
2.5949999999999998
2.6792307692307693
2.8103846153846153
2.6469230769230774
2.7484615384615383
2.7038461538461536
2.6234615384615383
2.4353846153846153
2.346923076923077
2.4353846153846153
2.678846153846154
2.520769230769231
2.461153846153846
2.453076923076923
2.348846153846154
2.523076923076923
2.6061538461538465
2.6703846153846156
2.617692307692308
2.6511538461538464
2.5834615384615387
2.617692307692308
2.318076923076923
2.476923076923077
2.5673076923076925
2.4823076923076925
2.3242307692307693
2.4234615384615386
2.326923076923077
2.1453846153846152
2.2607692307692306
2.1734615384615386
2.1546153846153846
2.309230769230769
2.2953846153846156
2.323846153846154
2.375769230769231
2.352307692307692
2.1534615384615385
2.170769230769231
2.176923076923077
2.1965384615384616
2.271923076923077
2.273846153846154
2.1126923076923076
2.039230769230769
2.0534615384615384
1.9473076923076924
1.8880769230769232
1.8692307692307693
2.0703846153846155
1.9280769230769232
1.8111538461538463
1.8057692307692308
1.8815384615384616
1.8553846153846154
1.7696153846153846
1.7369230769230768
1.5446153846153847
1.587307692307692
1.7115384615384615
1.6023076923076922
1.6930769230769231
1.5969230769230771
1.4361538461538461
1.463076923076923
1.416153846153846
1.3676923076923078
1.3134615384615385
1.5815384615384613
1.585
1.3738461538461537
1.383076923076923
1.4507692307692308
1.3980769230769232
1.3665384615384615
1.3919230769230768
1.0992307692307692
1.0269230769230768
1.1373076923076924
1.208846153846154
1.2876923076923075
1.2426923076923078
1.3384615384615384
1.2323076923076923
1.301923076923077
1.1876923076923076
1.1757692307692307
1.0996153846153847
1.113846153846154
0.9957692307692307
1.1053846153846154
1.1242307692307691
0.9426923076923077
1.0476923076923077
0.9750000000000001
0.8992307692307692
0.8173076923076923
0.8111538461538461
0.7138461538461539
0.7457692307692307
0.7776923076923077
0.7534615384615384
0.6184615384615385
0.6284615384615384
0.7646153846153846
0.8538461538461538
0.8511538461538461
0.7838461538461539
0.6957692307692308
0.6680769230769231
0.676923076923077
0.6376923076923078
0.8111538461538461
0.708076923076923
0.6815384615384615
0.7657692307692308
0.7253846153846154
0.6265384615384615
0.5296153846153846
0.5411538461538462
0.7196153846153847
0.6334615384615384
0.6003846153846154
0.6715384615384615
0.5384615384615384
0.4403846153846154
0.45038461538461544
0.4942307692307692
0.42192307692307696
0.36153846153846153
0.3892307692307692
0.46384615384615385
0.33192307692307693
0.25076923076923074
0.4342307692307692
0.575
0.5773076923076923
0.485
0.5623076923076923
0.43346153846153845
0.38269230769230766
0.40807692307692306
0.3761538461538461
0.3734615384615385
0.4538461538461539
0.4969230769230769
0.4888461538461539
0.4438461538461539
0.41384615384615386
0.2619230769230769
0.2423076923076923
0.28500000000000003
0.3507692307692307
0.4473076923076923
0.4107692307692308
0.38884615384615384
0.37846153846153846
0.40884615384615386
0.4273076923076923
0.3373076923076923
0.35423076923076924
0.35807692307692307
0.31384615384615383
0.4176923076923077
0.40115384615384614
0.37000000000000005
0.38884615384615384
0.45615384615384613
0.46961538461538466
0.44999999999999996
0.4715384615384615
0.5342307692307693
0.4519230769230769
0.36
0.40230769230769226
