temperature
2.6834615384615383
2.375769230769231
2.0834615384615387
2.572307692307692
3.25
2.810769230769231
2.8776923076923073
3.4915384615384615
3.3923076923076922
3.165
2.6438461538461535
2.208846153846154
2.6769230769230767
3.068076923076923
2.963846153846154
2.4365384615384618
2.175
2.336153846153846
2.583076923076923
2.98
3.495769230769231
2.9707692307692306
2.7765384615384616
2.632307692307692
2.0319230769230767
2.2476923076923074
2.079230769230769
2.334230769230769
2.7353846153846155
2.193076923076923
2.043076923076923
2.5926923076923076
3.4899999999999998
3.598076923076923
3.3334615384615387
3.987692307692308
3.6284615384615386
3.046923076923077
2.6223076923076922
2.7096153846153848
2.1226923076923074
2.2384615384615385
2.2365384615384616
1.963846153846154
1.7023076923076923
1.6257692307692309
1.8826923076923079
2.3934615384615388
2.2800000000000002
2.333846153846154
2.4030769230769233
2.539230769230769
3.0700000000000003
3.443076923076923
3.1500000000000004
2.7642307692307693
2.893076923076923
3.5850000000000004
3.223076923076923
3.5773076923076923
3.683846153846154
3.5461538461538464
4.054615384615385
4.638846153846154
4.901923076923077
5.077692307692308
4.637307692307692
4.599230769230769
4.898846153846154
4.641923076923077
4.825
4.645769230769231
3.866153846153846
3.897692307692308
4.225
4.408846153846154
4.0819230769230765
4.258076923076922
3.9092307692307693
4.30076923076923
4.419615384615384
4.626538461538462
4.695769230769231
4.8015384615384615
4.661538461538462
4.603846153846154
4.501153846153846
5.179615384615384
5.507307692307692
5.717307692307693
5.638461538461538
4.728076923076923
4.498846153846154
4.913461538461538
5.233461538461539
5.556923076923076
4.9726923076923075
4.4557692307692305
5.359615384615385
6.496153846153846
6.792692307692308
6.451538461538462
5.853076923076923
6.751153846153846
7.14
6.978461538461539
6.7907692307692304
7.5200000000000005
7.088846153846154
7.015769230769231
7.255
7.481153846153846
7.072307692307692
7.020384615384615
6.772307692307693
7.149615384615384
7.058461538461539
6.9653846153846155
7.503076923076923
7.686153846153847
7.32423076923077
7.428846153846154
7.927692307692308
8.275
7.791538461538462
8.525769230769232
8.879615384615384
8.598076923076924
8.535
8.637692307692308
8.620384615384616
9.011153846153846
8.628076923076923
8.618846153846153
9.017692307692307
8.861538461538462
9.406923076923077
9.068076923076923
9.396538461538462
10.016153846153847
9.857307692307693
10.180769230769231
10.12423076923077
10.403846153846153
10.55923076923077
10.798461538461538
10.193076923076923
10.373461538461537
10.61923076923077
10.57076923076923
11.09
11.80076923076923
11.379999999999999
11.053461538461537
11.30076923076923
11.826923076923077
11.488846153846152
11.334999999999999
11.586153846153847
11.504999999999999
11.571923076923078
11.611923076923079
11.42576923076923
11.303076923076922
11.599615384615383
11.938076923076922
12.575384615384614
12.381153846153847
12.795769230769231
12.81576923076923
12.25076923076923
12.076153846153847
12.297692307692309
12.274230769230769
12.645384615384614
13.17653846153846
13.196923076923078
12.724230769230768
13.14423076923077
13.261538461538462
13.729615384615386
13.67923076923077
13.933461538461538
14.016538461538461
14.065
14.170769230769231
14.628461538461538
14.622692307692308
14.377692307692307
14.203846153846154
14.506153846153845
14.957692307692307
14.514999999999999
14.874615384615385
14.771538461538462
14.586153846153847
14.053076923076922
13.807307692307692
14.191538461538462
14.988076923076923
14.588846153846154
14.426538461538463
14.284230769230769
14.087307692307691
14.595
14.935
15.191538461538462
15.032307692307691
15.146538461538462
15.076923076923077
15.233076923076924
14.331923076923077
14.774999999999999
15.037692307692309
14.883846153846154
14.343076923076923
14.745384615384616
14.457307692307692
13.910769230769231
14.319230769230769
14.071538461538463
14.063461538461537
14.583076923076923
14.554615384615385
14.708076923076923
14.858846153846153
14.82346153846154
14.227692307692308
14.24076923076923
14.366153846153846
14.416538461538462
14.653846153846153
14.698076923076924
14.117692307692307
13.914230769230768
13.986153846153845
13.666923076923077
13.429615384615385
13.311153846153845
14.017307692307693
13.590769230769231
13.209999999999999
13.22923076923077
13.305384615384614
13.168076923076923
12.833846153846155
12.757692307692308
12.01
12.159230769230769
12.606153846153846
12.260769230769231
12.558461538461538
11.965769230769231
11.581538461538461
11.707692307692307
11.529230769230768
11.362692307692308
11.193846153846154
12.120000000000001
12.18576923076923
11.510384615384615
11.528461538461539
11.78
11.415000000000001
11.373846153846152
11.401538461538461
10.393076923076924
10.103076923076923
10.405384615384616
10.51076923076923
10.982307692307693
10.938846153846155
11.187307692307693
10.674615384615386
10.846923076923076
10.27076923076923
10.365
10.075384615384614
10.215384615384616
9.625384615384615
10.123076923076923
10.203846153846154
9.256538461538462
9.561923076923076
9.16576923076923
8.646923076923077
8.535384615384615
8.462307692307693
7.991153846153846
8.029230769230768
8.378076923076922
8.223461538461539
7.408076923076924
7.5734615384615385
8.153076923076922
8.543461538461539
8.59423076923077
8.275384615384615
7.785
7.560769230769231
7.32923076923077
7.169615384615384
7.87
7.444615384615385
7.231538461538462
7.493846153846154
7.065384615384615
6.685769230769231
6.065384615384615
6.164615384615384
6.911153846153846
6.777692307692307
6.133846153846154
6.568846153846153
5.9946153846153845
5.410769230769231
5.064230769230769
5.078846153846154
4.975769230769231
4.623461538461538
4.443076923076923
4.788076923076923
4.125384615384616
3.7188461538461537
4.441923076923077
4.967307692307693
4.991923076923077
4.707307692307692
5.1184615384615375
4.262307692307692
4.102307692307692
4.020769230769231
3.390384615384615
3.4403846153846156
4.008846153846154
4.718461538461538
4.6269230769230765
4.541153846153846
4.438076923076923
3.4861538461538464
2.8969230769230765
3.0300000000000002
3.5026923076923073
3.691923076923077
3.394230769230769
3.523076923076923
3.6561538461538463
3.953076923076923
4.103076923076923
3.683846153846154
3.323076923076923
3.460384615384615
3.23
3.4669230769230768
3.460769230769231
3.2353846153846155
3.585384615384615
3.7096153846153848
3.6884615384615387
3.3996153846153847
3.2930769230769235
3.572307692307692
3.016153846153846
2.6792307692307693
2.714230769230769
