pet
0.49538461538461537
0.5057692307692307
0.4630769230769231
0.48846153846153845
0.6526923076923077
0.47230769230769226
0.4761538461538462
0.5280769230769231
0.6384615384615385
0.6557692307692308
0.46384615384615385
0.43961538461538463
0.4973076923076923
0.6061538461538462
0.5642307692307692
0.5073076923076923
0.3596153846153846
0.39230769230769236
0.47807692307692307
0.5076923076923077
0.6776923076923077
0.6965384615384616
0.6569230769230768
0.5588461538461538
0.6073076923076923
0.5711538461538461
0.6226923076923078
0.6215384615384616
0.5980769230769231
0.5046153846153847
0.578076923076923
0.5603846153846154
0.5353846153846153
0.6607692307692308
0.6926923076923077
0.8150000000000001
0.8453846153846154
0.7215384615384616
0.6730769230769231
0.5996153846153847
0.5826923076923077
0.6053846153846154
0.5934615384615385
0.46846153846153843
0.4407692307692308
0.4834615384615385
0.4673076923076923
0.6134615384615384
0.5857692307692308
0.5776923076923077
0.6615384615384615
0.675
0.6734615384615386
0.8023076923076923
0.7157692307692307
0.6638461538461539
0.6965384615384616
0.7819230769230769
0.8815384615384616
0.9149999999999999
0.9926923076923077
0.8992307692307692
0.8661538461538462
0.9784615384615385
1.0984615384615384
1.0753846153846154
1.0488461538461538
1.0288461538461537
1.2465384615384614
1.16
1.2019230769230769
1.1342307692307694
1.1542307692307694
1.175
1.2538461538461538
1.2996153846153846
1.3996153846153847
1.215
1.205
1.2961538461538462
1.2634615384615384
1.4807692307692308
1.5161538461538462
1.448076923076923
1.448846153846154
1.3634615384615385
1.4742307692307692
1.4476923076923076
1.488846153846154
1.7415384615384615
1.6796153846153847
1.5734615384615382
1.4173076923076924
1.4053846153846155
1.4676923076923076
1.6296153846153845
1.7276923076923079
1.525
1.7076923076923076
1.9676923076923076
1.7999999999999998
1.9619230769230769
1.848076923076923
1.856153846153846
2.085769230769231
2.1330769230769233
1.9326923076923077
1.915
2.084230769230769
2.066153846153846
2.2334615384615386
2.479230769230769
2.146153846153846
2.1126923076923076
2.101153846153846
2.098076923076923
2.1607692307692306
2.1303846153846155
2.251923076923077
2.3449999999999998
2.2715384615384617
2.4676923076923076
2.3415384615384616
2.3907692307692305
2.5276923076923077
2.5084615384615385
2.671923076923077
2.596538461538462
2.6753846153846155
2.7353846153846155
2.7150000000000003
2.7180769230769233
2.683076923076923
2.653461538461538
2.897692307692308
2.8261538461538462
2.5742307692307693
2.7392307692307694
2.8934615384615388
2.9657692307692307
2.7284615384615383
2.9334615384615383
2.886923076923077
3.0788461538461536
3.0323076923076924
3.0534615384615384
2.8407692307692307
2.6957692307692307
2.957307692307692
2.8892307692307693
3.0515384615384615
2.9811538461538465
2.7507692307692304
2.7146153846153847
2.6573076923076924
2.751153846153846
2.7800000000000002
2.7757692307692308
2.831153846153846
2.8153846153846156
2.6757692307692307
2.605
2.531538461538461
2.7853846153846153
2.7703846153846152
2.7188461538461537
2.9465384615384616
2.6569230769230767
2.7057692307692305
2.833076923076923
2.825
2.791153846153846
2.7503846153846156
2.7315384615384612
2.852307692307692
2.755769230769231
3.0303846153846155
2.9665384615384616
2.9619230769230773
2.897307692307692
3.021153846153846
2.9315384615384614
2.8530769230769226
3.0053846153846155
3.269615384615385
3.133076923076923
3.1946153846153846
3.1846153846153844
3.328461538461539
3.1696153846153843
3.0880769230769234
3.1165384615384615
3.1407692307692305
3.2284615384615383
3.161538461538462
2.9396153846153847
2.891538461538462
2.8288461538461536
2.8765384615384617
3.007307692307692
3.0784615384615384
2.9930769230769227
3.0330769230769232
2.918846153846154
2.8073076923076923
3.079230769230769
3.012307692307693
3.053076923076923
3.0280769230769233
3.161538461538462
3.2284615384615383
3.0573076923076923
2.9384615384615387
3.052692307692308
3.1465384615384617
3.003846153846154
2.7776923076923077
2.8365384615384617
2.723846153846154
2.9984615384615387
2.914615384615385
2.748076923076923
2.7473076923076927
2.709230769230769
2.811153846153846
2.9438461538461533
2.898076923076923
2.7388461538461537
2.6107692307692307
2.646153846153846
2.837307692307692
2.8015384615384615
2.849615384615385
2.546923076923077
2.3503846153846153
2.3584615384615386
2.422307692307692
2.4211538461538464
2.248846153846154
2.313076923076923
2.333076923076923
2.204230769230769
2.103076923076923
2.1465384615384617
2.055
1.9553846153846155
1.958846153846154
1.9696153846153845
1.860769230769231
1.9461538461538461
2.0765384615384614
1.9865384615384616
1.7807692307692307
1.7592307692307694
1.6615384615384616
1.4965384615384614
1.583846153846154
1.656923076923077
1.6123076923076924
1.6646153846153846
1.6826923076923077
1.5388461538461538
1.514230769230769
1.5557692307692308
1.5326923076923078
1.554230769230769
1.4961538461538462
1.3857692307692309
1.5157692307692305
1.3511538461538461
1.4230769230769231
1.481153846153846
1.4126923076923075
1.4173076923076924
1.4776923076923079
1.456923076923077
1.415769230769231
1.2765384615384614
1.2665384615384616
1.1465384615384615
1.3546153846153846
1.4769230769230768
1.4126923076923075
1.2976923076923077
1.3915384615384616
1.1384615384615384
1.0607692307692307
1.0384615384615385
0.9180769230769231
1.0157692307692308
1.0484615384615386
1.0403846153846155
1.011923076923077
0.8415384615384615
0.8388461538461538
0.9038461538461539
0.9542307692307692
1.0303846153846155
0.9307692307692308
0.9346153846153846
0.7938461538461539
0.8857692307692309
0.9661538461538461
0.9307692307692308
0.9019230769230769
0.9403846153846154
0.7726923076923077
0.705
0.5973076923076923
0.6092307692307692
0.8484615384615384
0.8138461538461539
0.7519230769230769
0.8265384615384617
0.6584615384615385
0.5584615384615385
0.5484615384615384
0.5361538461538461
0.5588461538461539
0.4773076923076923
0.5946153846153847
0.6080769230769231
0.3961538461538462
0.42653846153846153
0.5184615384615385
0.5376923076923077
0.6126923076923076
0.53
0.5219230769230769
0.4853846153846154
0.45307692307692304
0.3496153846153846
0.3553846153846154
0.505
0.5546153846153846
0.6442307692307693
0.5853846153846154
0.5430769230769231
0.4592307692307692
0.42230769230769233
0.4815384615384615
0.4230769230769231
0.33807692307692305
0.40499999999999997
0.39115384615384613
0.4465384615384616
0.41807692307692307
0.455
0.4626923076923077
0.44307692307692303
0.49961538461538463
0.46269230769230774
0.48423076923076924
0.5557692307692308
0.5630769230769231
0.5549999999999999
0.5703846153846154
0.5565384615384615
0.5388461538461539
0.591923076923077
0.6080769230769231
0.6757692307692308
0.5203846153846153
0.4276923076923077
0.44692307692307687
