pet
0.47692307692307695
0.41115384615384615
0.3811538461538462
0.35038461538461535
0.38769230769230767
0.41115384615384615
0.5338461538461539
0.4857692307692308
0.45423076923076927
0.4376923076923077
0.5511538461538461
0.5369230769230768
0.5138461538461538
0.42
0.5334615384615384
0.47307692307692306
0.4073076923076923
0.5188461538461538
0.5884615384615385
0.45884615384615385
0.32192307692307687
0.4115384615384616
0.4257692307692308
0.415
0.5126923076923077
0.46807692307692306
0.536923076923077
0.5842307692307692
0.5607692307692308
0.48000000000000004
0.5996153846153847
0.6419230769230769
0.6284615384615384
0.5653846153846154
0.7161538461538461
0.7203846153846154
0.5426923076923077
0.556923076923077
0.6046153846153847
0.535
0.5280769230769231
0.6803846153846155
0.6642307692307692
0.4876923076923077
0.6080769230769231
0.7615384615384616
0.6826923076923077
0.7807692307692308
0.6753846153846155
0.8119230769230769
0.8673076923076923
0.9246153846153846
0.8653846153846154
0.8865384615384616
0.821923076923077
0.8415384615384615
0.7803846153846153
0.8034615384615384
0.708076923076923
0.7519230769230769
0.8057692307692308
0.7296153846153846
0.6942307692307692
0.7346153846153847
0.9573076923076923
1.1003846153846153
1.1803846153846154
1.2576923076923079
1.2407692307692306
1.2157692307692307
1.1576923076923078
0.9773076923076923
1.3334615384615385
1.5053846153846153
1.3807692307692307
1.3857692307692309
1.2811538461538463
1.2334615384615384
1.2215384615384617
1.3426923076923076
1.258076923076923
1.376923076923077
1.3857692307692309
1.415
1.4634615384615384
1.4661538461538461
1.68
1.6665384615384615
1.7823076923076924
1.6996153846153845
1.7684615384615383
1.8157692307692308
1.8234615384615382
1.6915384615384614
1.8192307692307692
1.725
1.5115384615384615
1.7073076923076924
1.8884615384615384
1.7573076923076922
1.6749999999999998
1.743846153846154
1.8665384615384615
1.9665384615384613
2.003076923076923
1.8996153846153847
2.0142307692307693
1.9476923076923076
1.9373076923076922
2.107307692307692
2.443076923076923
2.4884615384615385
2.479230769230769
2.5865384615384617
2.308846153846154
2.1303846153846155
2.1796153846153845
2.1684615384615387
1.9830769230769232
2.238076923076923
2.3776923076923078
2.4496153846153845
2.438076923076923
2.4315384615384614
2.522692307692308
2.605
2.8546153846153848
2.852692307692308
2.8015384615384615
2.990769230769231
2.7515384615384617
2.6603846153846153
2.6588461538461536
2.4842307692307695
2.745
2.805
2.761153846153846
2.751153846153846
2.8534615384615383
2.8073076923076923
2.8053846153846154
2.821153846153846
2.8607692307692307
2.8407692307692307
2.975769230769231
3.0488461538461538
3.060769230769231
2.9384615384615387
2.9515384615384614
2.9842307692307695
3.0003846153846156
3.1357692307692306
2.9703846153846154
2.8215384615384616
2.664615384615385
2.63
2.617692307692308
2.626923076923077
2.656538461538462
2.8592307692307695
2.7796153846153846
2.7757692307692308
2.618846153846154
2.8207692307692307
2.838461538461538
2.8665384615384615
3.0484615384615386
3.1453846153846152
3.039615384615385
2.977307692307692
2.862692307692308
2.8411538461538464
2.8307692307692305
2.9396153846153847
2.921538461538461
2.9842307692307695
3.151923076923077
2.958076923076923
2.9699999999999998
3.0880769230769234
3.042692307692308
3.198846153846154
3.034615384615385
3.007307692307692
3.0215384615384617
3.1538461538461537
3.159615384615385
3.116153846153846
3.1792307692307693
3.183846153846154
3.126923076923077
3.004230769230769
2.975769230769231
2.9453846153846155
3.1061538461538465
3.126923076923077
3.2526923076923073
3.2253846153846153
3.4446153846153846
3.5142307692307693
3.145
3.0696153846153846
3.12
3.196153846153846
3.1607692307692306
3.3565384615384612
3.212307692307692
3.098076923076923
3.088076923076923
2.943076923076923
2.8934615384615388
2.9515384615384614
3.0307692307692307
2.912692307692308
2.9650000000000003
2.8892307692307693
2.931923076923077
2.928076923076923
2.8576923076923078
3.0319230769230767
2.8461538461538463
2.753846153846154
3.0492307692307694
2.8246153846153845
2.83
2.748076923076923
2.564230769230769
2.5319230769230767
2.5676923076923077
2.5773076923076923
2.521153846153846
2.438846153846154
2.5034615384615386
2.6334615384615385
2.4896153846153846
2.312692307692308
2.605769230769231
2.298076923076923
2.147307692307692
2.07
2.055
1.9876923076923076
1.938076923076923
1.9384615384615385
2.2634615384615384
2.1530769230769233
2.261923076923077
2.236923076923077
2.1365384615384615
1.9949999999999999
2.0846153846153848
1.9661538461538461
2.2346153846153847
2.1126923076923076
1.895
1.8476923076923077
1.7684615384615383
1.7623076923076924
1.6738461538461538
1.6088461538461538
1.734230769230769
1.7269230769230768
1.7573076923076922
1.73
1.643846153846154
1.635
1.5123076923076924
1.475
1.503076923076923
1.5338461538461539
1.5526923076923076
1.5942307692307693
1.6203846153846155
1.4576923076923076
1.366153846153846
1.3126923076923078
1.1938461538461538
1.2576923076923079
1.1176923076923075
1.1242307692307691
1.3180769230769231
1.2449999999999999
1.411923076923077
1.093846153846154
1.135
1.166153846153846
1.0596153846153846
1.0603846153846155
1.085
0.9111538461538462
0.9792307692307692
0.9038461538461539
0.9146153846153846
1.0292307692307692
0.8776923076923077
1.0565384615384614
1.053076923076923
1.0615384615384615
0.9519230769230769
0.9880769230769231
1.0165384615384616
0.9461538461538462
0.9796153846153846
0.9223076923076923
0.8411538461538461
0.791923076923077
0.7076923076923076
0.6776923076923077
0.6984615384615385
0.6376923076923078
0.5634615384615385
0.581923076923077
0.6180769230769231
0.6784615384615384
0.6226923076923078
0.5711538461538461
0.5857692307692308
0.5538461538461539
0.6438461538461537
0.5119230769230769
0.5592307692307693
0.5319230769230769
0.4357692307692308
0.43
0.44346153846153846
0.38307692307692304
0.3453846153846154
0.4338461538461538
0.44884615384615384
0.4853846153846154
0.515
0.49807692307692303
0.4507692307692308
0.5073076923076922
0.4338461538461538
0.45961538461538465
0.31961538461538463
0.3738461538461539
0.49
0.5661538461538462
0.43115384615384617
0.4592307692307692
0.35500000000000004
0.3619230769230769
0.33615384615384614
0.48115384615384615
0.37692307692307697
0.42461538461538456
0.41423076923076924
0.3892307692307692
0.33999999999999997
0.3565384615384615
0.3319230769230769
0.4169230769230769
0.566923076923077
0.5969230769230769
0.7076923076923076
0.6238461538461538
0.4926923076923077
0.47538461538461535
0.4338461538461538
0.3130769230769231
0.5046153846153847
0.5976923076923077
0.5557692307692308
