pet
0.36541666666666667
0.3854166666666667
0.32875
0.47833333333333333
0.5575
0.3095833333333333
0.3520833333333333
0.48625
0.4320833333333333
0.4404166666666667
0.34166666666666673
0.33375
0.34791666666666665
0.36125
0.375
0.33208333333333334
0.2783333333333333
0.32416666666666666
0.35625
0.4245833333333333
0.4370833333333333
0.33541666666666664
0.3641666666666667
0.42124999999999996
0.3620833333333333
0.35958333333333337
0.3566666666666667
0.39625
0.38833333333333336
0.355
0.38999999999999996
0.33916666666666667
0.3858333333333333
0.5270833333333333
0.5816666666666667
0.6437499999999999
0.5841666666666666
0.4879166666666667
0.46291666666666664
0.48833333333333334
0.4025
0.44083333333333335
0.4008333333333333
0.37833333333333335
0.36833333333333335
0.3725
0.3433333333333333
0.43875
0.40041666666666664
0.4108333333333334
0.4291666666666667
0.40291666666666665
0.5283333333333333
0.5750000000000001
0.5116666666666666
0.51375
0.6270833333333333
0.6625
0.5975
0.6754166666666667
0.7554166666666666
0.6175
0.6820833333333334
0.8175
0.8775
0.8816666666666667
0.7458333333333332
0.7829166666666666
0.9791666666666666
0.8695833333333334
0.8970833333333333
0.9170833333333334
0.7775
0.7658333333333333
0.8245833333333333
0.82
0.7208695652173912
0.6526086956521739
0.6934782608695652
0.6682608695652175
0.773913043478261
0.8265217391304348
0.9604347826086956
0.8930434782608695
0.9569565217391305
0.976086956521739
0.9556521739130435
1.0191304347826087
1.0504347826086957
1.222608695652174
1.0952173913043477
0.97
0.8160869565217391
0.9308695652173913
0.9995652173913043
1.1060869565217393
1.147391304347826
1.1265217391304347
1.2895652173913044
1.4173913043478261
1.4260869565217391
1.3852173913043477
1.26
1.3930434782608696
1.6165217391304347
1.6356521739130434
1.4556521739130432
1.6030434782608693
1.5752173913043477
1.5308695652173914
1.713913043478261
1.8078260869565217
1.6491304347826088
1.7295652173913043
1.6769565217391305
1.715217391304348
1.8617391304347826
1.8830434782608696
1.943913043478261
1.9243478260869564
1.848695652173913
2.015217391304348
2.0230434782608695
2.0121739130434784
1.9921739130434784
2.1495652173913045
2.19
2.0678260869565217
2.0252173913043476
2.1247826086956523
2.2456521739130433
2.23
2.4356521739130437
2.430869565217391
2.4782608695652173
2.213913043478261
2.292173913043478
2.1847826086956523
2.3882608695652174
2.569130434782609
2.367391304347826
2.4443478260869567
2.6260869565217395
2.661304347826087
2.537391304347826
2.4347826086956523
2.3682608695652174
2.323478260869565
2.4104347826086956
2.4543478260869565
2.690434782608696
2.433478260869565
2.2478260869565214
2.251304347826087
2.2495652173913046
2.3117391304347827
2.052608695652174
2.0473913043478262
2.0617391304347827
2.16
2.0560869565217392
2.0043478260869567
1.9860869565217392
2.0052173913043476
2.0130434782608693
2.063913043478261
2.3917391304347824
2.398695652173913
2.225217391304348
2.4117391304347824
2.4243478260869566
2.0430434782608695
2.097391304347826
2.04
2.0756521739130434
2.1630434782608696
2.247391304347826
2.3282608695652174
2.4330434782608696
2.387391304347826
2.2952173913043477
2.1221739130434782
2.1365217391304347
2.4173913043478263
2.5591304347826087
2.506086956521739
2.4630434782608694
2.506521739130435
2.5630434782608695
2.508695652173913
2.4526086956521738
2.5717391304347825
2.484782608695652
2.4543478260869565
2.388695652173913
2.2669565217391305
2.2378260869565216
2.0852173913043477
2.1160869565217393
2.344782608695652
2.35
2.168695652173913
2.276086956521739
2.3682608695652174
2.2221739130434783
2.287391304347826
2.2656521739130433
2.4521739130434783
2.2730434782608695
2.2856521739130433
2.313913043478261
1.9847826086956522
2.0891304347826085
2.2817391304347825
2.0908695652173916
2.0056521739130435
2.097826086956522
1.8869565217391304
1.8291304347826087
2.07
2.002608695652174
2.120434782608696
2.1430434782608696
1.934782608695652
1.9017391304347826
1.9530434782608697
1.9082608695652175
1.916086956521739
1.9630434782608694
1.9908695652173913
2.2069565217391305
2.206086956521739
2.140434782608696
1.8978260869565218
1.7143478260869565
1.7204347826086956
1.7373913043478262
1.6291304347826085
1.6330434782608696
1.682173913043478
1.5756521739130436
1.6682608695652172
1.5778260869565217
1.5475
1.5062499999999999
1.3204166666666666
1.3433333333333335
1.3104166666666666
1.4525
1.5533333333333335
1.46
1.3975
1.18
1.21875
1.1025
1.0554166666666667
1.0179166666666666
1.16375
1.2025
1.3083333333333333
1.2608333333333335
1.1895833333333334
1.1854166666666666
1.2491666666666668
1.115
1.1429166666666666
1.0383333333333333
1.06
1.105
1.1925000000000001
1.2204166666666667
1.22125
1.1745833333333333
0.99125
1.0050000000000001
0.9604166666666667
0.9133333333333334
0.9216666666666667
0.84375
0.8725
0.9941666666666666
0.9562499999999999
0.8516666666666667
0.8725
0.9370833333333334
0.8208333333333333
0.7675000000000001
0.6904166666666667
0.6920833333333333
0.6420833333333333
0.6916666666666665
0.7695833333333333
0.725
0.6558333333333334
0.6483333333333333
0.68
0.5925
0.6775000000000001
0.5829166666666666
0.6479166666666667
0.5508333333333334
0.6654166666666667
0.70125
0.6116666666666667
0.665
0.6579166666666666
0.5541666666666667
0.51625
0.49
0.5216666666666666
0.6779166666666666
0.6283333333333333
0.6008333333333333
0.5725
0.5591666666666667
0.40875
0.41500000000000004
0.44708333333333333
0.4879166666666666
0.4725
0.5479166666666667
0.515
0.345
0.32625
0.3725
0.45291666666666663
0.48541666666666666
0.39166666666666666
0.4795833333333333
0.42041666666666666
0.36375
0.32208333333333333
0.33499999999999996
0.40625
0.43875
0.5270833333333332
0.45875
0.41875
0.2558333333333333
0.2558333333333333
0.3358333333333334
0.33208333333333334
0.3841666666666667
0.42083333333333334
0.40791666666666665
0.4270833333333333
0.40124999999999994
0.44458333333333333
0.32916666666666666
0.3554166666666667
0.33208333333333334
0.33125
0.33125
0.33958333333333335
0.33958333333333335
0.4375
0.4708333333333334
0.5416666666666666
0.49833333333333335
0.52625
0.48541666666666666
0.49416666666666664
0.4041666666666666
0.37875
0.3870833333333334
