temperature
4.812352941176471
4.700588235294117
4.1123529411764705
4.068823529411765
4.034705882352942
4.128235294117648
5.0058823529411764
5.068235294117647
4.744705882352941
5.504705882352941
5.7299999999999995
5.523529411764706
4.919411764705882
4.517647058823529
5.326470588235294
4.935294117647059
4.657058823529412
4.923529411764706
4.458823529411765
3.282352941176471
3.4394117647058824
4.0858823529411765
3.919411764705882
4.1905882352941175
5.08
4.87235294117647
5.131764705882353
5.464117647058823
4.511176470588235
3.5500000000000003
4.3623529411764705
4.62764705882353
3.992941176470588
3.984705882352941
4.837058823529412
4.71235294117647
3.7205882352941178
4.09
4.3100000000000005
3.6670588235294117
3.1858823529411766
3.4499999999999997
4.68235294117647
4.731764705882353
5.514117647058823
6.180588235294117
6.03764705882353
6.218235294117647
5.289999999999999
5.921176470588235
6.698235294117647
6.930588235294118
6.619999999999999
6.794705882352941
6.394705882352941
6.235882352941177
5.767647058823529
5.7041176470588235
5.082352941176471
4.912352941176471
5.489411764705882
4.851176470588236
4.665294117647059
5.132352941176471
5.218235294117647
5.749411764705882
6.652941176470588
7.674117647058824
6.884705882352941
7.347647058823529
6.776470588235294
6.560588235294118
7.504117647058823
7.955882352941177
7.038235294117648
6.7429411764705875
6.648235294117647
7.041764705882352
6.368823529411764
6.9288235294117655
6.464705882352941
6.733529411764706
7.429411764705883
7.8229411764705885
8.004705882352942
7.389411764705883
8.044117647058824
8.245882352941177
8.848823529411765
8.202941176470588
7.674705882352941
7.98235294117647
8.238235294117647
8.012941176470589
8.455882352941176
8.967647058823529
8.053529411764705
9.061176470588235
8.991176470588234
8.549411764705882
9.020588235294117
8.764705882352942
9.578235294117647
9.816470588235294
9.921176470588236
9.385882352941177
9.729411764705883
9.634705882352941
9.82529411764706
10.49470588235294
10.781764705882354
11.131764705882354
11.294117647058824
11.31529411764706
10.187058823529412
9.56235294117647
9.468235294117648
9.59235294117647
9.086470588235294
9.830588235294117
9.976470588235294
9.983529411764707
10.49705882352941
10.832941176470587
11.625882352941177
11.588888888888889
12.573333333333332
12.02
12.127222222222223
12.405
11.481111111111112
11.306111111111111
11.195
11.043333333333333
12.063333333333333
11.578333333333333
11.738888888888889
12.313333333333333
12.743888888888888
12.43388888888889
13.102777777777778
13.250555555555556
13.30111111111111
13.51
13.872777777777777
13.47888888888889
13.757222222222222
13.62
13.193888888888889
13.478333333333333
14.297222222222224
15.188888888888888
15.315000000000001
14.61111111111111
13.985555555555557
13.702222222222222
13.572222222222223
14.185555555555556
14.58111111111111
15.015555555555558
15.051666666666668
15.041111111111112
14.693888888888889
14.92888888888889
14.63888888888889
15.005555555555556
16.034444444444446
16.171666666666667
15.723333333333333
15.636111111111111
15.468333333333334
15.781666666666666
15.597222222222221
16.482222222222223
16.172777777777778
16.404999999999998
16.711111111111112
16.577222222222222
16.328333333333333
16.77722222222222
16.637222222222224
17.39
16.924999999999997
16.980555555555554
16.685
17.090555555555554
16.832222222222224
16.549444444444443
16.739444444444445
17.28388888888889
17.443333333333335
17.34722222222222
17.33277777777778
16.51888888888889
16.974444444444444
16.941111111111113
17.823888888888888
18.428888888888892
18.984444444444446
19.01
17.566666666666666
17.134444444444444
17.740555555555556
18.253888888888888
17.884444444444444
18.912222222222223
18.09222222222222
17.564444444444447
17.175555555555558
16.577777777777776
16.41722222222222
17.059444444444445
17.955555555555556
17.51833333333333
17.88388888888889
16.906666666666666
16.975
16.905
16.674999999999997
17.4
17.109444444444446
16.457222222222224
17.738333333333333
17.15222222222222
17.270555555555557
16.96777777777778
16.608333333333334
16.525555555555556
16.47722222222222
16.56222222222222
16.801111111111112
16.861666666666665
16.98111111111111
17.46333333333333
16.333333333333332
15.886111111111111
16.507777777777775
15.761111111111111
15.89777777777778
15.625
15.427777777777777
15.295
15.268888888888888
15.206666666666665
16.110555555555557
15.768888888888888
16.229444444444443
15.634444444444446
15.297222222222224
15.236666666666666
15.537222222222223
15.586666666666666
15.762777777777778
15.138333333333334
14.992777777777778
14.849444444444446
14.325555555555557
14.681666666666665
14.081666666666667
13.532777777777778
13.860555555555557
14.537777777777778
14.409444444444444
14.43
14.318333333333335
13.863333333333333
13.097222222222221
13.661111111111111
13.139999999999999
13.125
13.436666666666666
13.248888888888889
13.720555555555556
12.713529411764705
12.655294117647058
12.243529411764705
12.010588235294119
12.765882352941176
11.675882352941176
12.028235294117646
12.750588235294117
12.109411764705882
12.98235294117647
12.06529411764706
12.269411764705882
11.708235294117646
11.149411764705881
11.311764705882354
11.436470588235293
11.037647058823529
11.101176470588236
10.801176470588235
10.863529411764706
10.970588235294118
10.181764705882353
10.947058823529412
10.83705882352941
10.678823529411764
10.585882352941177
10.59529411764706
10.359411764705882
9.605294117647059
10.598823529411765
10.498235294117647
9.40764705882353
9.054117647058822
8.72764705882353
7.981764705882353
8.171176470588236
8.119411764705882
7.855882352941177
7.6135294117647065
8.054705882352941
9.108823529411765
8.540000000000001
8.193529411764706
8.474705882352941
8.219411764705882
8.960588235294118
7.408235294117647
7.570588235294117
7.037058823529412
6.662352941176471
6.62764705882353
6.398235294117647
6.132352941176471
5.430588235294118
6.073529411764706
5.508235294117647
6.18235294117647
5.748235294117647
5.397058823529412
5.116470588235295
5.022352941176471
4.897058823529412
5.185882352941176
5.148823529411764
5.45235294117647
5.949411764705882
5.604117647058823
5.312352941176471
5.240588235294118
5.294117647058823
5.238235294117647
4.247058823529412
4.694117647058824
4.623529411764705
5.568823529411765
6.023529411764706
5.162941176470588
4.847058823529412
4.745882352941177
4.561764705882353
4.964705882352941
5.983529411764706
6.064117647058824
6.0323529411764705
5.221176470588236
4.853529411764706
5.3
5.289411764705882
4.470588235294118
5.515882352941177
5.977647058823529
5.835294117647059
