temperature
4.712692307692308
4.837307692307692
4.933461538461539
5.761153846153846
5.615384615384615
5.004615384615385
5.247692307692308
5.66423076923077
5.510769230769231
4.991538461538462
4.186923076923077
3.701923076923077
4.162692307692308
4.694615384615385
4.701538461538462
4.521923076923077
3.828076923076923
4.281153846153846
4.848461538461539
5.149230769230769
5.384230769230769
5.359230769230769
5.291153846153846
5.117692307692308
4.6596153846153845
4.568846153846154
4.678461538461539
4.745384615384615
4.256923076923077
3.7365384615384616
4.135769230769231
4.47
4.9630769230769225
4.984230769230769
5.141538461538461
5.492692307692308
5.376923076923077
5.231923076923077
4.97423076923077
4.257307692307692
4.252692307692308
4.455384615384616
4.16
3.515
3.2507692307692304
3.3146153846153847
3.6573076923076924
4.103076923076923
4.012307692307693
4.223461538461539
3.9903846153846154
4.272692307692308
4.985769230769231
5.000769230769231
4.575384615384615
4.705
5.221923076923077
5.336923076923076
5.402692307692307
5.363076923076923
5.68576923076923
5.383076923076923
5.290384615384616
5.805384615384615
6.044615384615384
5.999615384615385
6.007692307692308
5.964230769230769
6.386538461538462
6.255
6.180384615384615
6.289615384615384
5.811153846153847
6.162307692307692
5.783846153846154
6.058076923076923
6.261923076923077
5.868461538461539
5.9726923076923075
6.048076923076923
6.195769230769231
6.8803846153846155
6.875769230769231
6.765769230769231
6.764230769230769
6.5430769230769235
6.117692307692308
6.604230769230769
6.748076923076923
7.426153846153847
6.8088461538461535
6.056153846153847
5.81076923076923
5.966153846153846
6.121923076923077
6.677692307692308
7.041923076923077
6.621153846153846
6.925000000000001
7.315769230769231
7.545
7.714230769230769
7.672692307692308
7.607307692307692
8.209615384615384
8.348076923076924
7.846153846153846
8.336538461538462
8.261153846153846
8.00423076923077
8.595769230769232
9.06076923076923
8.499230769230769
8.331538461538461
8.31653846153846
8.09423076923077
8.635384615384615
8.634615384615385
8.97653846153846
8.94
8.399230769230769
9.047307692307692
9.181153846153846
9.312307692307693
9.596538461538461
9.482692307692307
9.868461538461538
9.69923076923077
9.653076923076922
9.741153846153846
10.176923076923078
10.093076923076923
10.089615384615383
10.231153846153846
10.773076923076925
10.432307692307692
10.27730769230769
10.572692307692307
10.987307692307693
11.520384615384616
11.49
11.791153846153845
11.711538461538462
12.025384615384617
11.875384615384615
11.788846153846153
11.721923076923076
11.466923076923077
11.739615384615385
11.720384615384615
12.062307692307693
12.244615384615384
12.341923076923077
12.302692307692308
12.146538461538462
12.615
12.294230769230769
12.371923076923078
12.728461538461538
12.737307692307693
12.491538461538461
12.751923076923077
12.759615384615385
12.605
12.785769230769231
13.276923076923076
13.837692307692306
13.519615384615385
13.523076923076925
13.850769230769231
14.373461538461537
14.001538461538463
13.754999999999999
13.747307692307693
13.871153846153845
14.153846153846153
14.57
14.224230769230768
14.656538461538462
14.662307692307694
14.77730769230769
14.611153846153845
14.491923076923078
14.886923076923077
15.636538461538462
15.419615384615383
15.355
15.424230769230768
15.907692307692308
15.64576923076923
15.479615384615386
15.720769230769232
15.637307692307692
15.832692307692307
15.692692307692308
15.496923076923078
15.326538461538462
15.357692307692307
15.351153846153846
15.947692307692307
15.99923076923077
15.553076923076922
15.535
15.847692307692306
15.356923076923078
15.974615384615383
15.727692307692308
16.14923076923077
15.967307692307692
16.32423076923077
16.638461538461538
15.642692307692307
15.646153846153847
16.06153846153846
15.947307692307692
15.652692307692307
15.710384615384614
15.36076923076923
15.018076923076924
15.656923076923077
15.555384615384614
15.43576923076923
15.620384615384616
15.503076923076922
15.55423076923077
15.725769230769231
15.736923076923079
15.445384615384615
15.42653846153846
15.704615384615384
16.076923076923077
16.105
16.115000000000002
15.284615384615384
14.899615384615384
15.18846153846154
15.132692307692308
15.168461538461539
14.778846153846153
14.981153846153846
14.951538461538462
14.584615384615384
14.747692307692308
14.361153846153845
14.37923076923077
13.966153846153846
14.193846153846154
13.852307692307694
14.046153846153846
14.333461538461538
14.365
14.128461538461538
13.431153846153846
13.345384615384615
13.351153846153846
12.903076923076924
13.03076923076923
13.08
13.10923076923077
13.077692307692306
13.102307692307694
12.821153846153846
12.825384615384614
12.680769230769231
12.378076923076922
12.733076923076924
12.648846153846154
12.508846153846154
12.25423076923077
12.200384615384614
12.526538461538461
12.191153846153847
12.18
11.878461538461538
12.025769230769232
11.734615384615385
11.66
11.292307692307693
11.313076923076922
11.086538461538462
11.404615384615385
11.617692307692307
10.971923076923076
11.024615384615384
11.010384615384615
10.25
10.474230769230768
10.196538461538463
9.614230769230769
9.680384615384614
10.136153846153848
10.098076923076924
9.725
9.251923076923077
9.386538461538462
9.579230769230769
9.477307692307692
9.767692307692307
9.624230769230769
9.401538461538461
9.204615384615384
9.377307692307692
9.781538461538462
9.401923076923076
9.283076923076923
9.196538461538461
8.500384615384615
8.321538461538463
7.82923076923077
8.382692307692308
8.94076923076923
8.503846153846153
8.307692307692308
8.447307692307692
8.069615384615386
7.398461538461538
7.203846153846154
6.956538461538462
7.288846153846153
7.043846153846153
7.216153846153846
7.383461538461538
6.566923076923077
6.458076923076923
6.308076923076923
6.5430769230769235
7.068076923076924
6.882692307692308
6.551153846153847
6.271538461538461
5.958076923076923
5.646923076923077
5.9338461538461535
6.311153846153847
6.329615384615384
6.746153846153846
6.643461538461538
6.560384615384615
6.052307692307693
6.139615384615384
6.139230769230769
5.02576923076923
4.940769230769231
5.5200000000000005
5.608461538461539
5.993846153846154
5.901153846153846
5.90576923076923
6.085
6.03423076923077
5.554230769230769
5.515769230769231
5.931538461538461
6.288076923076924
5.912692307692307
5.475384615384616
5.861923076923077
5.732692307692308
5.7542307692307695
5.790384615384616
5.354230769230769
5.476538461538462
5.015000000000001
4.688846153846153
4.861538461538462
