pet
0.45
0.4472
0.42560000000000003
0.3648
0.45399999999999996
0.44799999999999995
0.5711999999999999
0.4484
0.43079999999999996
0.5367999999999999
0.5716
0.542
0.4628
0.42839999999999995
0.5408
0.4592
0.3444
0.48120000000000007
0.5432
0.4156
0.3204
0.41359999999999997
0.4468
0.5028
0.5712
0.5660000000000001
0.5876
0.6232
0.49
0.47
0.5892000000000001
0.6484000000000001
0.5948
0.6076
0.6944
0.6284000000000001
0.5244
0.5444
0.6364
0.49520000000000003
0.45439999999999997
0.5871999999999999
0.6236
0.5720000000000001
0.6756
0.82
0.6940000000000001
0.7372
0.7415999999999999
0.7984
0.8140000000000001
0.8772
0.7584000000000001
0.8852
0.7172
0.8464
0.7476
0.6868000000000001
0.6756
0.5956
0.7544
0.6579999999999999
0.5976
0.6607999999999999
0.8288
0.9996
1.03
1.188
1.1244
1.0976000000000001
0.9612
1.0484
1.222
1.3788
1.3972
1.3548
1.222
1.2816
1.2331999999999999
1.2356
1.2596
1.2564
1.3104
1.4568
1.4143999999999999
1.4168
1.466
1.5312000000000001
1.7052
1.6496000000000002
1.4975999999999998
1.5091999999999999
1.652
1.6816
1.7756
1.6324
1.3880000000000001
1.6228
1.7264000000000002
1.5903999999999998
1.5596
1.4975999999999998
1.6440000000000001
1.716
1.7671999999999999
1.8068
1.8276
1.734
1.7572
2.0056
2.3076
2.386
2.3216
2.3672
2.1332
1.976
2.0024
1.9664
1.8947999999999998
1.9143999999999999
2.0728
2.1672
2.2412
2.356
2.4556
2.4248
2.6763999999999997
2.602
2.7116000000000002
2.7676
2.5248000000000004
2.44
2.4372
2.3047999999999997
2.6252
2.6683999999999997
2.6384
2.6568
2.798
2.7327999999999997
2.8851999999999998
2.7763999999999998
2.8668
2.7708
2.8280000000000003
2.7239999999999998
2.8376923076923077
2.6500000000000004
2.8042307692307693
2.745769230769231
2.9642307692307694
2.9665384615384616
2.7196153846153845
2.5876923076923077
2.266153846153846
2.3315384615384613
2.3646153846153846
2.5157692307692305
2.5957692307692306
2.698846153846154
2.64
2.5176923076923075
2.3903846153846153
2.438076923076923
2.3896153846153845
2.4511538461538462
2.8396153846153847
2.849615384615385
2.8734615384615383
2.7142307692307694
2.5446153846153843
2.548076923076923
2.6623076923076923
2.6784615384615384
2.671923076923077
2.5207692307692304
2.6334615384615385
2.6438461538461535
2.575
2.700384615384615
2.5576923076923075
2.714230769230769
2.870769230769231
2.707307692307692
2.8376923076923077
2.886923076923077
2.819230769230769
2.7211538461538463
2.7
2.727692307692308
2.8076923076923075
2.6903846153846156
2.5384615384615383
2.5657692307692304
2.5676923076923077
2.7384615384615385
2.9073076923076924
2.903461538461538
3.0107692307692306
3.061153846153846
2.8176923076923077
2.623846153846154
2.759230769230769
2.8865384615384615
2.7765384615384616
2.865
2.7757692307692308
2.8134615384615387
2.6592307692307693
2.6603846153846153
2.5596153846153844
2.623076923076923
2.6992307692307693
2.600769230769231
2.733846153846154
2.5803846153846157
2.555769230769231
2.6242307692307696
2.4315384615384614
2.5688461538461542
2.4707692307692306
2.360384615384615
2.579230769230769
2.431153846153846
2.5303846153846155
2.4650000000000003
2.2842307692307693
2.27
2.269230769230769
2.33
2.313076923076923
2.181923076923077
2.1984615384615385
2.2373076923076924
2.206153846153846
2.0288461538461537
2.0415384615384613
1.8592307692307695
1.8646153846153848
1.8626923076923076
1.6946153846153846
1.7042307692307692
1.7300000000000002
1.7973076923076923
2.12
1.9303846153846154
1.9934615384615384
2.0384615384615383
1.9038461538461537
1.9084615384615384
1.896153846153846
1.8184615384615386
1.9034615384615385
1.8369230769230769
1.706923076923077
1.5530769230769232
1.5876923076923077
1.458076923076923
1.4284615384615384
1.348076923076923
1.4096153846153845
1.4957692307692307
1.411923076923077
1.4715384615384615
1.4807692307692308
1.331923076923077
1.2950000000000002
1.3384615384615384
1.2784615384615385
1.313076923076923
1.5023076923076923
1.2926923076923076
1.375
1.2744
1.1448
1.114
0.9992
1.0924
0.9703999999999999
1.0816
1.1576
1.0684
1.1108
1.0324
0.9936
1.094
0.88
0.8395999999999999
0.898
0.784
0.8195999999999999
0.7692
0.7487999999999999
0.8936
0.7928000000000001
0.8123999999999999
0.8612000000000001
0.8184
0.79
0.9536
0.7504000000000001
0.708
0.8460000000000001
0.8092
0.8140000000000001
0.7308
0.6184
0.6296
0.6076
0.5264
0.5868
0.5656
0.5768
0.6292
0.6376000000000001
0.6452
0.5596
0.6008
0.7152
0.5464
0.584
0.5512
0.4932
0.4424
0.4568
0.3456
0.4044
0.42560000000000003
0.36920000000000003
0.4556
0.4904
0.502
0.45480000000000004
0.5012
0.3696
0.4044
0.3016
0.3544
0.5219999999999999
0.4976
0.4164
0.4192
0.3556
0.4364
0.3292
0.4596
0.4192
0.3924
0.41240000000000004
0.35159999999999997
0.3392
0.3592
0.3892
0.36920000000000003
0.47519999999999996
0.5788
0.6928
0.6004
0.466
0.43920000000000003
0.40240000000000004
0.3
0.4372
0.5476
0.598
