temperature
4.42
3.9030769230769233
3.373846153846154
3.4984615384615383
3.8257692307692306
3.813846153846154
4.356538461538461
4.128461538461538
3.851153846153846
4.389615384615384
4.72
4.9653846153846155
4.622307692307692
4.303461538461539
4.436538461538461
4.186153846153847
3.9211538461538464
4.320384615384615
4.242307692307692
3.507307692307692
3.232307692307692
3.586153846153846
3.5596153846153844
3.664230769230769
4.118461538461538
3.959230769230769
4.303461538461539
4.399615384615385
4.121153846153846
3.584230769230769
4.117692307692308
4.235
4.078076923076923
4.094615384615385
5.110384615384616
4.77
3.968461538461539
4.0115384615384615
3.938076923076923
3.6107692307692307
3.683846153846154
4.303461538461539
4.6061538461538465
3.858076923076923
4.4096153846153845
5.141538461538461
4.726153846153846
5.026923076923077
4.491923076923078
5.080384615384616
5.438461538461539
5.630769230769231
5.347307692307693
5.4411538461538465
5.038846153846153
5.230769230769231
4.917307692307692
4.818461538461539
4.201153846153846
4.354230769230769
4.523461538461539
4.289230769230769
4.3403846153846155
4.476538461538461
5.147307692307692
5.84076923076923
6.126153846153846
6.828846153846154
6.468076923076923
6.38
6.083461538461538
5.606923076923077
6.946538461538462
7.510384615384615
7.035
6.931923076923078
6.331538461538462
6.309615384615385
6.245384615384615
6.695769230769231
6.42076923076923
6.788076923076924
6.898846153846154
6.981153846153846
7.0284615384615385
6.923461538461538
7.647692307692308
7.639615384615384
8.012307692307692
7.963461538461539
7.896538461538461
8.01
8.09923076923077
7.630384615384615
8.027307692307692
7.775384615384615
6.988846153846154
7.725384615384614
8.111923076923077
7.688076923076922
7.531153846153846
7.578461538461538
8.048846153846153
8.547692307692309
8.49423076923077
8.191153846153846
8.558846153846154
8.235384615384616
8.354615384615384
9.042692307692308
9.981538461538461
10.190384615384614
10.17576923076923
10.582692307692307
9.650384615384615
9.23
9.464230769230769
9.26923076923077
8.836923076923076
9.563461538461539
9.92576923076923
10.068846153846154
10.140384615384615
10.219615384615384
10.583461538461538
10.513846153846155
11.48923076923077
11.456153846153846
11.316538461538462
11.910384615384617
11.253076923076922
11.045769230769231
11.127692307692307
10.828076923076923
11.871538461538462
11.64576923076923
11.639999999999999
11.853076923076923
12.320384615384615
12.223076923076924
12.110000000000001
12.275769230769232
12.395
12.40846153846154
12.746923076923078
12.828076923076923
12.922692307692309
12.715
12.82846153846154
13.031538461538462
13.448076923076922
14.484615384615385
14.27076923076923
13.727692307692308
13.20923076923077
13.413461538461538
13.28076923076923
13.536923076923076
13.778076923076924
14.447692307692307
14.131538461538462
14.113461538461538
13.73
14.393461538461539
14.429615384615385
14.651538461538461
15.327692307692306
15.461923076923076
15.174230769230768
15.063846153846153
14.837692307692306
14.825384615384614
14.928461538461537
15.31076923076923
15.272692307692308
15.435
15.897692307692306
15.267692307692307
15.485384615384616
15.906153846153845
15.727692307692308
16.189230769230768
15.941923076923077
15.958846153846155
15.965
16.294615384615387
16.175
16.195384615384615
16.465384615384615
16.49346153846154
16.376923076923077
16.030384615384616
16.178461538461537
15.852692307692308
16.371153846153845
16.554230769230767
17.076538461538462
17.060384615384613
17.708076923076923
17.887307692307694
16.885384615384616
16.619615384615386
16.989615384615384
17.268076923076926
17.05653846153846
17.676923076923078
17.29769230769231
16.946923076923078
17.052307692307693
16.763076923076923
16.51615384615385
16.84
17.26269230769231
17.001538461538463
17.092307692307692
16.81846153846154
17.04423076923077
17.224615384615387
17.10153846153846
17.445769230769233
17.134999999999998
16.64
17.529615384615383
16.940384615384616
16.932307692307692
16.75846153846154
16.373076923076923
16.296153846153846
16.463076923076922
16.388846153846153
16.256153846153847
16.179230769230767
16.274615384615384
16.775384615384617
16.245
15.786538461538461
16.354230769230767
15.48576923076923
15.402692307692309
15.131538461538462
15.063846153846153
14.82076923076923
14.735384615384616
14.638076923076921
15.721538461538461
15.246153846153845
15.569230769230769
15.47923076923077
15.151923076923076
14.693076923076923
15.01346153846154
14.69846153846154
15.430769230769231
14.953076923076923
14.288076923076924
14.143076923076922
13.975769230769231
14.080769230769231
13.491923076923078
13.426923076923078
13.87576923076923
13.926923076923078
13.85576923076923
13.84423076923077
13.56423076923077
13.42576923076923
12.930384615384614
12.959615384615384
12.917692307692308
13.07423076923077
13.048461538461538
13.234615384615385
13.337692307692306
12.5
11.856538461538461
11.753461538461538
11.279615384615385
11.866153846153846
11.231923076923076
11.210384615384614
11.948846153846155
11.576923076923077
11.951923076923077
11.093076923076923
11.266538461538461
11.06076923076923
10.788846153846153
10.743461538461538
10.798846153846153
10.088846153846154
10.152692307692309
9.983461538461539
9.810384615384615
10.211923076923076
9.684615384615386
10.20923076923077
10.139999999999999
10.170384615384616
9.806153846153846
9.60423076923077
9.639999999999999
9.210384615384616
9.496153846153847
9.403076923076922
8.926153846153847
8.697692307692307
8.195769230769232
7.882307692307692
8.11923076923077
7.943846153846153
7.7192307692307685
7.303461538461538
7.3780769230769225
8.029230769230768
7.585
7.2869230769230775
7.186538461538461
6.863076923076923
7.450384615384616
6.800000000000001
6.861923076923077
6.528846153846154
6.080384615384616
5.695769230769231
5.529615384615385
5.4350000000000005
5.116923076923077
5.760384615384615
5.515
5.963461538461539
5.801153846153847
5.503846153846154
5.305384615384615
5.144230769230769
4.751538461538462
4.9180769230769235
4.795
4.753846153846154
5.226153846153846
5.383076923076923
4.861923076923077
4.752692307692308
4.6826923076923075
4.661923076923077
4.2153846153846155
4.716153846153846
4.435769230769231
4.685769230769231
4.695769230769231
4.427307692307692
4.096153846153846
3.9546153846153844
3.61
3.7165384615384616
4.701538461538461
5.02576923076923
5.730384615384616
5.448076923076924
4.602692307692307
4.527692307692307
4.113076923076923
3.4665384615384616
4.118461538461538
4.666538461538462
4.456153846153846
