pet
0.38576923076923075
0.36653846153846154
0.3396153846153846
0.2980769230769231
0.39115384615384613
0.38384615384615384
0.47807692307692307
0.3511538461538462
0.33999999999999997
0.44
0.4761538461538461
0.48653846153846153
0.4146153846153846
0.40499999999999997
0.4661538461538462
0.40192307692307694
0.3173076923076923
0.42923076923076925
0.4642307692307692
0.3553846153846154
0.29423076923076924
0.37538461538461537
0.3934615384615385
0.46499999999999997
0.4773076923076923
0.5073076923076922
0.5023076923076923
0.5284615384615384
0.42500000000000004
0.42192307692307696
0.5234615384615384
0.5665384615384615
0.5138461538461538
0.5157692307692308
0.6011538461538461
0.5503846153846154
0.4653846153846154
0.46115384615384614
0.5453846153846154
0.4626923076923077
0.44307692307692303
0.5584615384615385
0.5957692307692308
0.4988461538461539
0.6096153846153846
0.7307692307692307
0.6446153846153847
0.6546153846153846
0.6365384615384616
0.7369230769230769
0.7176923076923077
0.7876923076923077
0.7242307692307691
0.7803846153846153
0.6561538461538461
0.7892307692307692
0.6576923076923078
0.6376923076923077
0.6319230769230769
0.5592307692307692
0.6626923076923077
0.556923076923077
0.5434615384615384
0.6084615384615385
0.788076923076923
0.8911538461538461
0.9161538461538462
1.0453846153846154
0.9946153846153846
1.0292307692307694
0.9057692307692308
0.9134615384615384
1.1346153846153846
1.2565384615384616
1.2746153846153847
1.1992307692307693
1.1023076923076922
1.2096153846153845
1.0776923076923077
1.1234615384615385
1.1688461538461539
1.213076923076923
1.2576923076923079
1.356923076923077
1.3765384615384615
1.3584615384615384
1.3888461538461538
1.4207692307692308
1.5565384615384614
1.5342307692307693
1.4692307692307693
1.481153846153846
1.5538461538461539
1.5246153846153847
1.6088461538461538
1.5073076923076922
1.2873076923076923
1.5357692307692308
1.6165384615384615
1.5242307692307693
1.4738461538461538
1.4923076923076921
1.6423076923076925
1.6815384615384614
1.71
1.7365384615384616
1.7761538461538462
1.666153846153846
1.6930769230769231
1.9203846153846154
2.170769230769231
2.2476923076923074
2.2326923076923078
2.2419230769230767
2.0046153846153847
1.8900000000000001
1.9434615384615386
1.8903846153846153
1.8734615384615385
1.9611538461538462
2.103076923076923
2.1515384615384616
2.2803846153846155
2.2915384615384613
2.255
2.2607692307692306
2.5634615384615387
2.458846153846154
2.5330769230769232
2.6765384615384615
2.4815384615384612
2.397692307692308
2.4365384615384618
2.306153846153846
2.539615384615385
2.5369230769230766
2.5515384615384615
2.5188461538461535
2.64
2.565
2.651923076923077
2.537692307692308
2.575384615384615
2.5146153846153845
2.6726923076923077
2.641923076923077
2.668461538461538
2.578076923076923
2.743846153846154
2.731923076923077
2.911153846153846
2.933846153846154
2.601923076923077
2.4892307692307694
2.279230769230769
2.2873076923076923
2.3592307692307695
2.493846153846154
2.4973076923076927
2.5688461538461542
2.6173076923076923
2.400384615384615
2.3069230769230766
2.2665384615384614
2.273846153846154
2.353076923076923
2.7023076923076923
2.69
2.6811538461538458
2.541153846153846
2.38
2.3515384615384614
2.448076923076923
2.518076923076923
2.483846153846154
2.504230769230769
2.597692307692308
2.5173076923076922
2.451923076923077
2.5942307692307693
2.4650000000000003
2.602307692307692
2.7161538461538464
2.5684615384615386
2.6173076923076923
2.6357692307692306
2.6165384615384615
2.516923076923077
2.4865384615384616
2.57
2.5807692307692305
2.5065384615384616
2.3392307692307694
2.2915384615384613
2.3030769230769232
2.455
2.5603846153846153
2.583846153846154
2.766153846153846
2.808076923076923
2.543461538461538
2.385
2.558076923076923
2.6246153846153844
2.4861538461538464
2.6184615384615384
2.4738461538461536
2.4884615384615385
2.371153846153846
2.3853846153846154
2.309230769230769
2.356153846153846
2.4315384615384614
2.3876923076923076
2.417692307692308
2.367692307692308
2.2961538461538464
2.2826923076923076
2.1226923076923074
2.2642307692307693
2.289230769230769
2.1580769230769232
2.315769230769231
2.2373076923076924
2.292307692307692
2.2546153846153847
1.9884615384615385
2.0938461538461537
2.029230769230769
2.0492307692307694
2.0746153846153845
1.9665384615384616
1.9538461538461538
1.9911538461538463
1.9961538461538462
1.7784615384615385
1.8396153846153847
1.685
1.6930769230769231
1.6623076923076923
1.511923076923077
1.5765384615384617
1.5696153846153846
1.6153846153846154
1.863846153846154
1.7000000000000002
1.8573076923076923
1.8757692307692309
1.6892307692307693
1.7065384615384613
1.6953846153846153
1.6088461538461538
1.7238461538461538
1.6923076923076923
1.4973076923076922
1.4061538461538463
1.35
1.3523076923076922
1.2473076923076922
1.2715384615384617
1.301923076923077
1.3446153846153845
1.3288461538461538
1.376923076923077
1.3611538461538462
1.1957692307692307
1.2303846153846154
1.2476923076923077
1.1707692307692308
1.2157692307692307
1.3746153846153848
1.211153846153846
1.301923076923077
1.1684615384615384
1.0703846153846153
1.0438461538461539
0.9538461538461539
0.9892307692307691
0.9565384615384616
1.0365384615384614
1.0884615384615386
0.9830769230769231
1.0457692307692308
0.9096153846153846
0.9576923076923076
1.0588461538461538
0.9334615384615385
0.8726923076923078
0.9003846153846153
0.7742307692307692
0.8076923076923077
0.801923076923077
0.7696153846153847
0.865
0.7765384615384616
0.825
0.8992307692307692
0.7988461538461539
0.7934615384615384
0.9223076923076923
0.7400000000000001
0.7246153846153847
0.7803846153846153
0.773076923076923
0.745
0.7076923076923076
0.6115384615384616
0.6323076923076923
0.5965384615384616
0.5380769230769231
0.5484615384615384
0.4788461538461538
0.515
0.5488461538461539
0.546923076923077
0.5411538461538462
0.485
0.5111538461538461
0.6484615384615384
0.5276923076923077
0.5484615384615384
0.47423076923076923
0.4338461538461538
0.3976923076923077
0.3923076923076923
0.28846153846153844
0.34615384615384615
0.36153846153846153
0.3380769230769231
0.41923076923076924
0.4326923076923077
0.4423076923076923
0.42615384615384616
0.4473076923076923
0.365
0.38384615384615384
0.2523076923076923
0.3203846153846154
0.445
0.4211538461538461
0.39076923076923076
0.38
0.3511538461538462
0.39384615384615385
0.3123076923076923
0.4115384615384615
0.3676923076923077
0.32653846153846156
0.3634615384615385
0.34307692307692306
0.3046153846153846
0.3257692307692308
0.3630769230769231
0.3376923076923077
0.41500000000000004
0.4803846153846154
0.5792307692307692
0.49461538461538457
0.3930769230769231
0.36115384615384616
0.34769230769230774
0.29115384615384615
0.39269230769230773
0.4761538461538461
0.5103846153846153
