pet
0.38153846153846155
0.4211538461538461
0.28153846153846157
0.3523076923076923
0.558076923076923
0.37846153846153846
0.4103846153846154
0.5207692307692308
0.5661538461538462
0.5969230769230769
0.4815384615384615
0.4819230769230769
0.4507692307692308
0.5365384615384615
0.5615384615384615
0.49769230769230766
0.31
0.36615384615384616
0.39192307692307693
0.4146153846153846
0.6380769230769231
0.5592307692307693
0.54
0.5011538461538462
0.4880769230769231
0.39115384615384613
0.43076923076923074
0.46384615384615385
0.5365384615384615
0.5230769230769231
0.5107692307692308
0.4719230769230769
0.4538461538461539
0.5576923076923077
0.5603846153846154
0.6984615384615385
0.7903846153846155
0.6773076923076923
0.5373076923076924
0.5549999999999999
0.48307692307692307
0.5134615384615384
0.4453846153846154
0.3723076923076923
0.37038461538461537
0.4107692307692308
0.4276923076923077
0.5334615384615385
0.5096153846153846
0.5026923076923077
0.5399999999999999
0.5769230769230769
0.6265384615384615
0.7038461538461539
0.6453846153846154
0.5773076923076923
0.6426923076923077
0.7507692307692307
0.7176923076923077
0.7946153846153846
0.8892307692307693
0.8784615384615384
0.8726923076923078
0.9988461538461538
1.0084615384615385
1.1407692307692308
1.1142307692307691
1.0034615384615384
1.231923076923077
1.1334615384615385
1.093076923076923
1.088076923076923
1.021923076923077
0.9907692307692308
1.0842307692307693
1.1976923076923076
1.1923076923076923
1.0269230769230768
1.165
1.1365384615384615
1.116923076923077
1.2873076923076923
1.2592307692307694
1.24
1.213076923076923
1.1907692307692308
1.108076923076923
1.2026923076923077
1.2765384615384614
1.5780769230769232
1.5576923076923077
1.3453846153846152
1.1738461538461538
1.1284615384615384
1.3061538461538462
1.3546153846153846
1.2961538461538462
1.1615384615384614
1.4573076923076924
1.6553846153846155
1.8030769230769232
1.6857692307692307
1.5123076923076924
1.6103846153846153
1.7888461538461538
1.866153846153846
1.6773076923076924
1.834230769230769
2.078076923076923
1.8796153846153847
1.981923076923077
2.1192307692307693
1.818076923076923
1.7565384615384616
1.8092307692307692
1.728846153846154
1.7773076923076923
1.8030769230769232
1.8942307692307692
2.0115384615384615
1.978846153846154
2.1003846153846153
2.163076923076923
2.1819230769230766
2.1573076923076924
2.33
2.4742307692307692
2.511153846153846
2.3796153846153847
2.4103846153846153
2.327692307692308
2.5657692307692312
2.3873076923076924
2.3703846153846153
2.4346153846153844
2.4238461538461538
2.4565384615384613
2.435
2.5896153846153847
2.897692307692308
2.5869230769230773
2.8103846153846153
2.694230769230769
2.8288461538461536
2.722692307692308
2.8230769230769233
2.541923076923077
2.5984615384615384
2.759230769230769
2.6711538461538464
2.8423076923076924
2.7734615384615386
2.5246153846153847
2.4753846153846153
2.4661538461538464
2.7346153846153842
2.7169230769230768
2.5246153846153847
2.6884615384615387
2.5153846153846158
2.4853846153846155
2.5257692307692308
2.5034615384615386
2.5907692307692307
2.418846153846154
2.3842307692307694
2.6426923076923075
2.5546153846153845
2.5930769230769233
2.731923076923077
2.5742307692307693
2.4026923076923077
2.435769230769231
2.4203846153846156
2.568076923076923
2.787692307692308
2.7615384615384615
2.683076923076923
2.6234615384615383
2.5153846153846158
2.7776923076923077
2.8165384615384617
2.7765384615384616
2.6996153846153845
2.9646153846153847
2.7834615384615384
2.9015384615384616
3.0276923076923077
2.9707692307692306
2.8453846153846154
2.8319230769230765
2.996153846153846
2.7653846153846158
3.0715384615384616
3.0507692307692307
2.9030769230769233
2.6403846153846158
2.6530769230769233
2.5850000000000004
2.93
2.8092307692307688
2.69
2.772307692307692
2.733076923076923
2.578076923076923
2.733846153846154
2.8076923076923075
3.0107692307692306
2.988076923076923
3.0176923076923075
3.082692307692308
2.851923076923077
2.788846153846154
2.8996153846153847
2.763076923076923
2.77
2.7176923076923076
2.6742307692307694
2.461153846153846
2.5288461538461537
2.507307692307692
2.522692307692308
2.656538461538461
2.588846153846154
2.638076923076923
2.855384615384615
2.8157692307692304
2.515
2.3657692307692306
2.5076923076923077
2.6257692307692304
2.5573076923076923
2.6350000000000002
2.2557692307692307
2.1526923076923077
2.2715384615384617
2.2592307692307694
1.988076923076923
2.066153846153846
2.187307692307692
2.2811538461538463
2.079230769230769
2.0403846153846152
2.11
2.1834615384615383
2.0757692307692306
2.058846153846154
1.906923076923077
1.82
2.021153846153846
2.020769230769231
2.1123076923076924
1.9696153846153845
1.7584615384615385
1.7630769230769232
1.6711538461538462
1.6630769230769231
1.6180769230769232
1.8415384615384616
1.7484615384615385
1.68
1.565
1.6123076923076924
1.7261538461538461
1.5642307692307693
1.6888461538461537
1.4
1.3753846153846152
1.4465384615384616
1.3919230769230768
1.4430769230769231
1.5165384615384616
1.481923076923077
1.3465384615384615
1.3588461538461538
1.3311538461538461
1.2742307692307693
1.2269230769230768
1.243846153846154
1.1146153846153846
1.2673076923076925
1.2761538461538462
1.0984615384615384
1.1603846153846153
1.2073076923076924
0.9299999999999999
0.856153846153846
0.9176923076923077
0.7796153846153846
0.8234615384615385
0.8684615384615384
0.8861538461538461
0.7303846153846153
0.6815384615384615
0.755
0.8765384615384615
0.913076923076923
0.8026923076923077
0.7707692307692308
0.7796153846153846
0.7661538461538462
0.7326923076923078
0.9196153846153846
0.8730769230769231
0.8223076923076923
0.8884615384615385
0.7957692307692308
0.7373076923076923
0.6
0.5357692307692308
0.8076923076923077
0.7092307692307693
0.6888461538461539
0.7780769230769231
0.5734615384615385
0.4646153846153846
0.4761538461538462
0.5288461538461539
0.48000000000000004
0.3823076923076923
0.45038461538461544
0.5880769230769232
0.41500000000000004
0.2976923076923077
0.42
0.5696153846153846
0.6576923076923078
0.533076923076923
0.6011538461538461
0.48538461538461536
0.40076923076923077
0.3680769230769231
0.32076923076923075
0.4492307692307692
0.5223076923076924
0.6334615384615384
0.6042307692307692
0.5819230769230769
0.42192307692307696
0.2988461538461538
0.3323076923076923
0.38423076923076926
0.29692307692307696
0.36576923076923074
0.38961538461538464
0.3961538461538462
0.35
0.38653846153846155
0.4219230769230769
0.335
0.3942307692307692
0.3403846153846154
0.43884615384615383
0.5
0.5346153846153846
0.47807692307692307
0.47576923076923083
0.5142307692307693
0.4788461538461538
0.5142307692307693
0.5696153846153846
0.6465384615384615
0.4953846153846154
0.35807692307692307
0.4126923076923077
