temperature
3.0973076923076923
3.0969230769230767
2.678076923076923
3.0865384615384617
3.8784615384615386
3.1715384615384616
3.436923076923077
4.04576923076923
4.2311538461538465
4.042692307692308
3.226923076923077
3.023076923076923
3.11
3.6588461538461536
3.706153846153846
3.361923076923077
2.375384615384615
2.816153846153846
2.977692307692308
3.2396153846153846
4.115769230769231
3.678076923076923
3.69
3.2826923076923076
3.078076923076923
2.6242307692307696
2.634230769230769
2.865769230769231
3.281538461538461
2.7988461538461538
2.6765384615384615
2.7084615384615387
3.1073076923076925
3.537692307692308
3.5461538461538464
4.102692307692307
4.327307692307692
3.826923076923077
3.2315384615384612
3.1276923076923073
2.7838461538461536
2.9438461538461533
2.633846153846154
2.2065384615384613
1.958846153846154
2.101153846153846
2.348076923076923
2.927692307692308
2.720769230769231
2.613076923076923
2.6153846153846154
2.952307692307692
3.4007692307692308
3.605
3.6680769230769235
3.19
3.58
3.9630769230769234
3.8934615384615388
4.164230769230769
4.491153846153846
4.313076923076923
4.311923076923077
4.848461538461539
4.96
5.522307692307693
5.424230769230769
5.029230769230769
5.818846153846153
5.427307692307693
5.293846153846153
5.28
5.0126923076923084
4.915384615384616
5.135
5.306923076923076
5.566923076923077
5.058461538461539
5.458076923076923
5.42076923076923
5.241923076923077
5.939615384615385
5.871153846153846
5.799230769230769
5.69923076923077
5.3826923076923086
5.086923076923076
5.508461538461538
5.774615384615384
6.841153846153846
6.59
5.766538461538461
5.109230769230769
4.888846153846154
5.702692307692308
5.915384615384616
5.758076923076923
5.055000000000001
6.121538461538462
6.71076923076923
7.276153846153846
6.849615384615385
6.335
6.713846153846154
7.406923076923077
7.624615384615385
7.019230769230769
7.449999999999999
8.258076923076924
7.721923076923077
8.086153846153847
8.415
7.438461538461539
7.250384615384615
7.171153846153846
7.278846153846154
7.413846153846153
7.546923076923077
7.941923076923077
8.377692307692307
7.850384615384616
8.181538461538462
8.471923076923076
8.495384615384616
8.533846153846154
9.145384615384616
9.55923076923077
9.700384615384616
9.29
9.397692307692308
9.281923076923077
9.956923076923077
9.46923076923077
9.57576923076923
9.808076923076923
9.818076923076923
9.921923076923077
9.897307692307692
10.352692307692308
11.213076923076924
10.53076923076923
11.13076923076923
10.918461538461539
11.286153846153846
11.05423076923077
11.37923076923077
10.699615384615385
10.972307692307693
11.48653846153846
11.179615384615385
11.843846153846155
12.204230769230769
11.88846153846154
11.664230769230768
11.83423076923077
12.737307692307693
12.726923076923075
12.215384615384616
12.754615384615384
12.381153846153847
12.385
12.521923076923077
12.565
12.766923076923076
12.318846153846154
12.348846153846154
13.218076923076923
13.083076923076923
13.260384615384615
13.598076923076924
13.285384615384617
12.919230769230769
13.063461538461537
12.975384615384616
13.512692307692307
14.218461538461538
14.185384615384615
14.02730769230769
13.944615384615386
13.705
14.481923076923076
14.678461538461537
14.59769230769231
14.40576923076923
15.235000000000001
14.801153846153845
15.186923076923078
15.520384615384614
15.471923076923076
15.153461538461539
15.159615384615384
15.655000000000001
15.075384615384614
16.008846153846154
15.996538461538462
15.676153846153845
14.915384615384616
14.956538461538461
14.876923076923077
15.848846153846154
15.522307692307692
15.334999999999999
15.516923076923076
15.407307692307693
15.096923076923076
15.545384615384616
15.792307692307693
16.390384615384615
16.37423076923077
16.454615384615384
16.65576923076923
16.061153846153847
15.860384615384616
16.245
15.98076923076923
15.997692307692308
15.850000000000001
15.68423076923077
15.239615384615385
15.367692307692307
15.28076923076923
15.431923076923077
15.880384615384616
15.686923076923078
15.872692307692308
16.522692307692306
16.338846153846156
15.546538461538463
15.158846153846154
15.582307692307692
15.921153846153846
15.739230769230769
15.965769230769231
14.845384615384615
14.589230769230769
14.85153846153846
14.867692307692307
14.10576923076923
14.27346153846154
14.688076923076922
14.961538461538462
14.366153846153846
14.293076923076923
14.363461538461538
14.503461538461538
14.129999999999999
14.092692307692309
13.642692307692307
13.326153846153847
13.981153846153846
13.926923076923078
14.217307692307692
13.60153846153846
13.096538461538461
13.112307692307693
12.903846153846153
12.778461538461539
12.581923076923077
13.315384615384614
13.06423076923077
12.875384615384615
12.555769230769231
12.68923076923077
12.78346153846154
12.413846153846153
12.816538461538462
11.905384615384616
11.828076923076924
11.987692307692308
11.779230769230768
11.808846153846153
12.176153846153845
12.068846153846154
11.456923076923077
11.515769230769232
11.298461538461538
11.115384615384615
11.005384615384616
11.139615384615384
10.582307692307692
11.097307692307691
11.12076923076923
10.324615384615385
10.473846153846154
10.778846153846153
9.652307692307692
9.205769230769231
9.418846153846154
8.850384615384616
8.901153846153846
9.283076923076923
9.201923076923077
8.325384615384616
8.339615384615385
8.698461538461538
9.064230769230768
9.151538461538461
8.891153846153847
8.698076923076924
8.471153846153847
8.198461538461538
8.032692307692308
8.75423076923077
8.544615384615385
8.218076923076923
8.335384615384616
7.871538461538462
7.641538461538461
6.901153846153846
6.648846153846154
7.762692307692307
7.440769230769231
7.161153846153846
7.411153846153846
6.745
6.009615384615385
5.813461538461539
5.809230769230769
5.818461538461539
5.173461538461538
5.447692307692307
5.902692307692307
5.051923076923076
4.6134615384615385
5.081538461538462
5.401538461538461
5.635
5.463846153846154
5.778076923076923
4.957307692307692
4.516153846153847
4.024615384615385
3.498076923076923
4.381923076923077
4.861923076923077
5.491923076923077
5.582307692307693
5.59923076923077
4.898461538461539
4.116153846153846
4.054230769230769
3.995769230769231
3.6138461538461537
3.9676923076923076
3.852307692307692
3.9269230769230767
3.9930769230769227
3.9523076923076923
4.544615384615384
4.234615384615385
4.263461538461539
3.9423076923076925
4.369230769230769
4.443076923076923
4.555
4.150769230769231
3.9584615384615387
4.118076923076923
3.9438461538461542
4.203461538461538
4.108846153846153
4.353076923076923
3.733076923076923
3.1234615384615387
3.0380769230769236
