pet
0.62
0.5576923076923077
0.535
0.5196153846153846
0.6011538461538461
0.6326923076923077
0.6353846153846153
0.5592307692307692
0.5603846153846154
0.6396153846153846
0.7288461538461538
0.7542307692307693
0.6223076923076923
0.6911538461538461
0.7630769230769231
0.67
0.6096153846153846
0.6976923076923077
0.693076923076923
0.5696153846153846
0.6403846153846154
0.5946153846153845
0.63
0.6761538461538461
0.6453846153846154
0.6169230769230769
0.6723076923076923
0.7665384615384615
0.7623076923076924
0.76
0.7442307692307693
0.8015384615384615
0.7588461538461538
0.7261538461538461
0.7969230769230768
0.7965384615384615
0.7226923076923076
0.7596153846153846
0.7276923076923077
0.685
0.7461538461538461
0.8042307692307692
0.8234615384615385
0.7573076923076923
0.8769230769230769
0.9196153846153846
0.9038461538461539
0.9353846153846154
0.8938461538461537
1.036153846153846
1.036153846153846
1.0523076923076924
1.0853846153846154
1.0465384615384616
0.9446153846153845
0.9473076923076923
0.8876923076923077
0.89
0.8307692307692308
0.9257692307692308
0.9980769230769231
0.9511538461538461
0.7661538461538461
0.9011538461538462
1.1307692307692307
1.2326923076923075
1.3634615384615385
1.4057692307692307
1.3711538461538462
1.3692307692307693
1.1584615384615384
1.2015384615384614
1.4500000000000002
1.5788461538461538
1.4657692307692307
1.4719230769230771
1.308076923076923
1.3788461538461538
1.416923076923077
1.543076923076923
1.5426923076923076
1.5946153846153845
1.6088461538461538
1.76
1.7026923076923077
1.6757692307692307
1.7173076923076922
1.698846153846154
1.7492307692307691
1.81
1.8173076923076923
1.804230769230769
1.7603846153846154
1.691923076923077
1.8911538461538462
1.8761538461538463
1.668076923076923
1.8057692307692308
1.895
1.8246153846153845
1.8823076923076922
1.9842307692307695
1.978076923076923
2.0676923076923077
2.016153846153846
2.0523076923076924
2.062307692307692
1.9957692307692307
2.019230769230769
2.2984615384615386
2.6742307692307694
2.460769230769231
2.5446153846153843
2.5730769230769233
2.3688461538461536
2.1792307692307693
2.3273076923076923
2.2434615384615384
2.1203846153846153
2.1746153846153846
2.371153846153846
2.6500000000000004
2.5942307692307693
2.516153846153846
2.608076923076923
2.5592307692307696
2.7192307692307693
2.754230769230769
2.769230769230769
2.947307692307692
2.7446153846153845
2.6415384615384614
2.579230769230769
2.6223076923076922
2.8273076923076923
2.822307692307692
2.777307692307692
2.6630769230769227
2.7207692307692306
2.7234615384615384
2.8938461538461535
2.796923076923077
2.7546153846153847
2.769230769230769
2.873846153846154
2.921923076923077
2.826923076923077
2.925
3.028461538461538
3.1500000000000004
3.0900000000000003
3.1792307692307693
2.9538461538461536
2.818076923076923
2.7311538461538465
2.703461538461539
2.713461538461538
2.6392307692307693
2.7207692307692306
2.792307692307692
2.808846153846154
2.665
2.689230769230769
2.675
2.786538461538462
2.6826923076923075
2.933846153846154
3.0100000000000002
3.0246153846153847
2.9123076923076923
2.8369230769230773
2.7715384615384617
2.8319230769230765
2.8046153846153845
2.8469230769230767
2.9996153846153844
3.0138461538461536
2.9538461538461536
2.8703846153846153
2.9038461538461537
2.9784615384615383
2.926153846153846
2.891923076923077
2.963846153846154
2.8157692307692304
2.7973076923076925
2.821153846153846
2.858461538461538
2.9811538461538465
3.0446153846153843
3.001153846153846
2.8934615384615388
2.858076923076923
2.8019230769230767
2.95
2.946153846153846
2.9038461538461537
2.9553846153846157
3.150384615384615
3.146153846153846
2.9215384615384616
2.834230769230769
2.899230769230769
2.9046153846153846
2.916923076923077
3.0773076923076923
2.9673076923076924
2.7607692307692306
2.762307692307692
2.6423076923076922
2.5584615384615383
2.584230769230769
2.7173076923076924
2.7403846153846154
2.667692307692308
2.589230769230769
2.6357692307692306
2.623076923076923
2.488846153846154
2.7169230769230768
2.5138461538461536
2.5726923076923076
2.6557692307692307
2.576923076923077
2.649230769230769
2.4846153846153842
2.3003846153846155
2.3576923076923078
2.4061538461538463
2.292307692307692
2.363076923076923
2.328076923076923
2.3484615384615384
2.435
2.3696153846153845
2.206153846153846
2.313846153846154
2.1596153846153845
2.058846153846154
2.0138461538461536
1.9823076923076923
2.061923076923077
1.8946153846153846
1.8792307692307693
2.1326923076923077
2.0726923076923076
2.166153846153846
2.1926923076923077
2.128076923076923
2.066923076923077
2.0319230769230767
2.066538461538461
2.1165384615384615
1.9884615384615385
1.881153846153846
1.7538461538461538
1.7065384615384613
1.7223076923076923
1.6626923076923075
1.661153846153846
1.6026923076923079
1.7961538461538462
1.764230769230769
1.7742307692307693
1.656923076923077
1.5869230769230769
1.4134615384615385
1.4103846153846153
1.478076923076923
1.4826923076923075
1.4742307692307692
1.5507692307692307
1.6576923076923078
1.5311538461538463
1.4184615384615387
1.345
1.2896153846153846
1.4100000000000001
1.2746153846153847
1.338846153846154
1.433846153846154
1.3553846153846154
1.4057692307692307
1.1888461538461539
1.1738461538461538
1.2834615384615384
1.145
1.2384615384615385
1.1046153846153846
1.084230769230769
1.1453846153846154
0.9596153846153845
1.0792307692307692
1.0703846153846155
1.0488461538461538
1.175
1.135
1.1730769230769231
1.1792307692307693
1.1261538461538463
1.1507692307692308
1.1111538461538462
1.1607692307692308
1.0842307692307693
0.9261538461538462
0.9149999999999999
0.8353846153846155
0.8811538461538462
0.8638461538461539
0.8165384615384615
0.768846153846154
0.8092307692307692
0.8619230769230769
0.8311538461538461
0.8096153846153846
0.7315384615384615
0.6973076923076923
0.7715384615384615
0.8103846153846154
0.6626923076923077
0.7992307692307693
0.7246153846153847
0.663076923076923
0.6953846153846155
0.6326923076923077
0.5884615384615385
0.595
0.59
0.6542307692307693
0.6415384615384615
0.6515384615384616
0.6469230769230769
0.6892307692307693
0.615
0.5226923076923077
0.5565384615384615
0.5119230769230769
0.5092307692307693
0.615
0.7023076923076924
0.6126923076923076
0.6111538461538462
0.6565384615384615
0.6526923076923077
0.5815384615384616
0.66
0.5642307692307692
0.5784615384615385
0.5323076923076923
0.5638461538461539
0.5592307692307693
0.6084615384615385
0.5376923076923077
0.6188461538461538
0.7553846153846154
0.7657692307692308
0.8788461538461539
0.765
0.5873076923076923
0.6480769230769231
0.5969230769230769
0.5165384615384616
0.7465384615384616
0.7015384615384617
0.6984615384615385
