pet
0.4969230769230769
0.43961538461538463
0.4
0.6638461538461539
0.6707692307692308
0.4834615384615385
0.5226923076923077
0.6119230769230769
0.5773076923076923
0.6223076923076923
0.51
0.42461538461538456
0.4707692307692308
0.5665384615384615
0.5365384615384615
0.4692307692307693
0.46076923076923076
0.47961538461538467
0.5230769230769231
0.5615384615384615
0.6238461538461538
0.5661538461538462
0.5907692307692307
0.6357692307692309
0.5503846153846154
0.5623076923076924
0.5007692307692307
0.5334615384615384
0.5507692307692308
0.49653846153846154
0.5930769230769231
0.5696153846153846
0.6434615384615385
0.6576923076923078
0.6676923076923077
0.7765384615384616
0.7011538461538461
0.6588461538461539
0.5869230769230769
0.6192307692307693
0.47269230769230774
0.5373076923076924
0.4476923076923077
0.37307692307692303
0.4815384615384615
0.4776923076923077
0.4346153846153846
0.5269230769230769
0.4969230769230769
0.5265384615384616
0.5
0.5376923076923077
0.7126923076923077
0.6919230769230769
0.6830769230769231
0.6888461538461539
0.7588461538461538
0.7753846153846153
0.7484615384615385
0.7580769230769231
0.8200000000000001
0.7488461538461538
0.8184615384615385
0.9746153846153847
1.0611538461538461
1.018076923076923
0.9561538461538461
0.9876923076923076
1.0753846153846154
1.0469230769230768
1.05
1.0
0.7780769230769231
0.8161538461538461
0.875
0.9926923076923077
0.9176923076923077
0.84
0.8434615384615385
0.8453846153846154
0.9369230769230769
1.0296153846153846
1.0534615384615384
1.0569230769230769
1.0665384615384617
1.0353846153846153
1.0203846153846154
1.1542307692307692
1.1903846153846154
1.3465384615384615
1.316153846153846
1.0365384615384614
1.0603846153846155
1.176923076923077
1.22
1.2903846153846152
1.2576923076923079
1.1976923076923076
1.3653846153846154
1.5815384615384613
1.5911538461538461
1.56
1.4838461538461538
1.6892307692307693
1.8284615384615384
1.7926923076923076
1.7653846153846153
1.8807692307692307
1.635
1.6923076923076923
1.82
1.9426923076923077
1.8796153846153845
1.9223076923076923
1.831923076923077
1.9315384615384614
1.8996153846153847
1.9549999999999998
2.0203846153846152
1.8884615384615384
1.91
2.1376923076923076
2.2173076923076924
2.2876923076923075
2.316153846153846
2.4319230769230766
2.507307692307692
2.3453846153846154
2.108076923076923
2.3015384615384615
2.4749999999999996
2.5615384615384613
2.6015384615384614
2.5807692307692305
2.5615384615384613
2.4396153846153847
2.6696153846153843
2.588846153846154
2.7761538461538464
2.8469230769230767
2.7169230769230768
2.778461538461538
2.9076923076923076
2.9953846153846153
2.8042307692307693
2.8188461538461542
2.7615384615384615
2.6319230769230773
2.7515384615384613
2.6273076923076926
2.8188461538461542
2.661153846153846
2.4507692307692306
2.4884615384615385
2.334230769230769
2.431153846153846
2.261923076923077
2.2834615384615384
2.3673076923076923
2.3976923076923073
2.3034615384615384
2.3403846153846155
2.2096153846153848
2.129230769230769
2.1607692307692306
2.433461538461539
2.5046153846153847
2.427692307692308
2.4676923076923076
2.4826923076923078
2.4815384615384612
2.3476923076923075
2.373846153846154
2.3734615384615383
2.291153846153846
2.3196153846153846
2.3723076923076922
2.3073076923076923
2.485
2.581538461538462
2.492692307692308
2.400384615384615
2.5176923076923075
2.644615384615385
2.730384615384615
2.6453846153846152
2.664230769230769
2.853846153846154
2.707307692307692
2.647692307692308
2.638076923076923
2.6215384615384614
2.633076923076923
2.6103846153846155
2.4584615384615387
2.355769230769231
2.2584615384615385
2.188846153846154
2.264615384615385
2.511923076923077
2.495769230769231
2.3992307692307695
2.286923076923077
2.357307692307692
2.3857692307692306
2.5484615384615386
2.492692307692308
2.461153846153846
2.441153846153846
2.480769230769231
2.496923076923077
2.066538461538461
2.2826923076923076
2.4326923076923075
2.3003846153846155
2.1565384615384615
2.1746153846153846
2.0865384615384617
1.8984615384615384
2.145769230769231
1.9807692307692308
2.1065384615384617
2.167307692307692
2.0265384615384616
2.0576923076923075
2.138076923076923
2.0284615384615385
1.833846153846154
2.020769230769231
2.0930769230769233
2.1815384615384614
2.2476923076923074
2.2199999999999998
2.0865384615384617
1.956923076923077
2.0111538461538463
1.9023076923076923
1.8288461538461538
1.8057692307692308
1.958076923076923
1.8680769230769232
1.6434615384615383
1.823076923076923
1.7603846153846154
1.7703846153846154
1.661923076923077
1.6534615384615385
1.6480769230769232
1.6288461538461538
1.801153846153846
1.7323076923076923
1.6688461538461539
1.3676923076923078
1.3550000000000002
1.3415384615384616
1.2926923076923076
1.2592307692307694
1.3269230769230769
1.4992307692307694
1.4607692307692306
1.2734615384615384
1.4326923076923077
1.2973076923076923
1.3576923076923075
1.234230769230769
1.3684615384615384
1.1438461538461537
1.156923076923077
1.1373076923076924
1.316923076923077
1.3973076923076921
1.3723076923076922
1.3453846153846152
1.2730769230769232
1.360769230769231
1.2623076923076924
1.186923076923077
1.1473076923076921
1.166923076923077
1.168076923076923
1.3326923076923076
1.1573076923076924
1.0215384615384615
1.1715384615384616
1.1334615384615385
1.0569230769230769
1.044230769230769
0.916923076923077
0.8646153846153847
0.8273076923076922
0.9642307692307692
0.8884615384615385
0.8007692307692308
0.8223076923076923
0.8523076923076923
0.9784615384615384
0.8815384615384616
0.9373076923076924
0.8353846153846154
0.9157692307692307
0.8553846153846153
0.9365384615384615
1.1242307692307691
0.9326923076923077
0.9038461538461539
0.9769230769230769
0.8834615384615384
0.8038461538461538
0.6661538461538462
0.7938461538461539
1.0015384615384615
0.8453846153846154
0.8542307692307692
0.8634615384615384
0.7134615384615385
0.64
0.6661538461538462
0.6319230769230769
0.5880769230769232
0.5034615384615384
0.5996153846153847
0.6334615384615384
0.4653846153846154
0.4703846153846154
0.5969230769230769
0.7726923076923077
0.735
0.6688461538461539
0.676923076923077
0.5850000000000001
0.5365384615384615
0.5469230769230768
0.5296153846153846
0.6138461538461539
0.6596153846153846
0.768846153846154
0.6519230769230769
0.6492307692307692
0.47230769230769226
0.455
0.4123076923076923
0.4273076923076923
0.4569230769230769
0.5253846153846153
0.515
0.6042307692307692
0.565
0.568076923076923
0.5815384615384616
0.47384615384615386
0.4826923076923077
0.51
0.5476923076923077
0.6184615384615385
0.5157692307692308
0.49769230769230777
0.5476923076923077
0.6257692307692307
0.6503846153846153
0.7249999999999999
0.6861538461538461
0.7226923076923076
0.5488461538461539
0.5196153846153846
0.5234615384615384
